# environment=00159 local_bs=3 gain_scale=5.353554853981e-14
# ue subcarrier serving_bs phi0 phi1 phi2 phi3 phi4 gain0 gain1 gain2 gain3 gain4
2 0 3 1.03649685 1.17829482 1.27525407 11.37646033 0.84753252 6.464876837707e+00 1.001238201923e+00 2.454152243465e-02 4.306455339701e+04 6.833109935289e-01
2 1 3 1.03649685 1.17829482 1.27525407 11.37646033 0.84753252 6.185264191166e+00 9.871374208437e-01 1.513033538539e-02 4.221401292222e+04 7.066277582679e-01
2 2 3 1.03649685 1.17829482 1.27525407 11.37646033 0.84753252 5.930804417290e+00 9.470684775325e-01 2.946262673296e-02 4.175206948301e+04 7.380913401419e-01
2 3 3 1.03649685 1.17829482 1.27525407 11.37646033 0.84753252 5.752837751894e+00 9.283604225633e-01 6.257881726215e-02 4.139276775119e+04 7.897813346883e-01
2 4 3 1.03649685 1.17829482 1.27525407 11.37646033 0.84753252 5.474557498472e+00 8.734608513037e-01 8.399110195882e-02 4.049586047217e+04 8.422191171674e-01
2 5 3 1.03649685 1.17829482 1.27525407 11.37646033 0.84753252 5.218967079524e+00 8.339815215730e-01 8.558043511854e-02 4.024403037346e+04 9.170972467299e-01
2 6 3 1.03649685 1.17829482 1.27525407 11.37646033 0.84753252 5.044718074982e+00 8.098733134051e-01 6.416719013213e-02 3.952706642476e+04 9.784233237301e-01
2 7 3 1.03649685 1.17829482 1.27525407 11.37646033 0.84753252 4.964199801531e+00 7.761634162967e-01 3.733758993598e-02 3.885719742857e+04 1.041539414642e+00
2 8 3 1.03649685 1.17829482 1.27525407 11.37646033 0.84753252 4.725502737527e+00 7.698120338260e-01 2.583341281854e-02 3.856785268398e+04 1.055485672631e+00
2 9 3 1.03649685 1.17829482 1.27525407 11.37646033 0.84753252 4.511016743107e+00 7.451701159920e-01 4.135087729224e-02 3.769337770932e+04 1.066939752178e+00
2 10 3 1.03649685 1.17829482 1.27525407 11.37646033 0.84753252 4.407047539579e+00 7.188695853164e-01 7.612728974955e-02 3.728033649356e+04 1.077197725092e+00
2 11 3 1.03649685 1.17829482 1.27525407 11.37646033 0.84753252 4.181602179909e+00 6.945789328821e-01 9.584839704093e-02 3.671111274072e+04 1.115224115119e+00
2 12 3 1.03649685 1.17829482 1.27525407 11.37646033 0.84753252 4.031680005037e+00 6.647313420863e-01 9.238570853830e-02 3.588794397054e+04 1.144349268351e+00
2 13 3 1.03649685 1.17829482 1.27525407 11.37646033 0.84753252 3.888096847695e+00 6.508175736423e-01 6.492651414403e-02 3.555910343795e+04 1.181451903961e+00
2 14 3 1.03649685 1.17829482 1.27525407 11.37646033 0.84753252 3.716076885239e+00 6.272383446887e-01 4.176364330543e-02 3.478708985547e+04 1.219392388425e+00
2 15 3 1.03649685 1.17829482 1.27525407 11.37646033 0.84753252 3.568873855510e+00 6.061996856325e-01 3.827584479115e-02 3.424594175321e+04 1.238957533819e+00
2 16 3 1.03649685 1.17829482 1.27525407 11.37646033 0.84753252 3.496894017895e+00 5.804232064728e-01 5.578648750800e-02 3.387498284801e+04 1.244613639793e+00
2 17 3 1.03649685 1.17829482 1.27525407 11.37646033 0.84753252 3.388824775526e+00 5.553766814434e-01 8.393203369255e-02 3.313245114954e+04 1.235984283377e+00
2 18 3 1.03649685 1.17829482 1.27525407 11.37646033 0.84753252 3.216457486515e+00 5.464713506535e-01 9.968508516139e-02 3.284270834220e+04 1.239583690359e+00
2 19 3 1.03649685 1.17829482 1.27525407 11.37646033 0.84753252 3.183300027423e+00 5.341941127069e-01 9.161267011066e-02 3.231193286406e+04 1.228991073248e+00
2 20 3 1.03649685 1.17829482 1.27525407 11.37646033 0.84753252 3.172517975390e+00 5.298484958643e-01 6.202091535086e-02 3.174072857441e+04 1.246318533624e+00
2 21 3 1.03649685 1.17829482 1.27525407 11.37646033 0.84753252 3.047106719524e+00 5.198349184882e-01 4.166829793818e-02 3.151335387302e+04 1.248603715781e+00
2 22 3 1.03649685 1.17829482 1.27525407 11.37646033 0.84753252 2.975361834079e+00 4.922394489542e-01 4.230792000478e-02 3.093190420632e+04 1.253090036105e+00
2 23 3 1.03649685 1.17829482 1.27525407 11.37646033 0.84753252 2.991194277745e+00 4.692068600205e-01 6.786344532512e-02 3.068546352959e+04 1.233085408577e+00
2 24 3 1.03649685 1.17829482 1.27525407 11.37646033 0.84753252 2.885668423466e+00 4.468715261596e-01 9.224221756326e-02 3.048754230624e+04 1.242790497846e+00
2 25 3 1.03649685 1.17829482 1.27525407 11.37646033 0.84753252 2.819085756914e+00 4.344439599158e-01 9.571846042956e-02 3.009018183212e+04 1.246878846602e+00
2 26 3 1.03649685 1.17829482 1.27525407 11.37646033 0.84753252 2.823850417699e+00 4.449453119345e-01 8.328420130174e-02 3.009057178165e+04 1.254673423359e+00
2 27 3 1.03649685 1.17829482 1.27525407 11.37646033 0.84753252 2.768764331948e+00 4.452769946993e-01 5.647060922977e-02 2.980970376818e+04 1.244182417174e+00
2 28 3 1.03649685 1.17829482 1.27525407 11.37646033 0.84753252 2.722828206019e+00 4.412792904438e-01 4.202508593823e-02 2.957812721199e+04 1.228274110469e+00
2 29 3 1.03649685 1.17829482 1.27525407 11.37646033 0.84753252 2.764420381528e+00 4.315776519275e-01 4.837939680858e-02 2.957509838132e+04 1.197902423063e+00
2 30 3 1.03649685 1.17829482 1.27525407 11.37646033 0.84753252 2.747779545068e+00 4.012659944230e-01 7.290919616642e-02 2.928494941848e+04 1.146568223009e+00
2 31 3 1.03649685 1.17829482 1.27525407 11.37646033 0.84753252 2.651216351960e+00 3.898283092439e-01 9.744027522593e-02 2.940472021272e+04 1.086999370820e+00
2 32 3 1.03649685 1.17829482 1.27525407 11.37646033 0.84753252 2.784126136528e+00 3.827261422941e-01 9.740203931682e-02 2.954296081046e+04 1.024542968697e+00
2 33 3 1.03649685 1.17829482 1.27525407 11.37646033 0.84753252 2.858449020371e+00 3.822923617655e-01 7.291258528262e-02 2.956922046454e+04 1.006129331661e+00
2 34 3 1.03649685 1.17829482 1.27525407 11.37646033 0.84753252 2.806872534526e+00 4.026539477309e-01 4.847152753251e-02 2.997355149093e+04 9.967761969102e-01
2 35 3 1.03649685 1.17829482 1.27525407 11.37646033 0.84753252 2.885636674329e+00 4.043978923558e-01 4.241334306018e-02 3.002039917692e+04 9.958772519403e-01
2 36 3 1.03649685 1.17829482 1.27525407 11.37646033 0.84753252 2.964248841618e+00 4.014934559088e-01 5.739441632441e-02 3.020894266914e+04 9.706482108708e-01
2 37 3 1.03649685 1.17829482 1.27525407 11.37646033 0.84753252 2.983659954676e+00 3.923904313709e-01 8.482339392996e-02 3.056573310119e+04 9.644431494807e-01
2 38 3 1.03649685 1.17829482 1.27525407 11.37646033 0.84753252 3.050636577531e+00 3.715817452482e-01 9.763865357158e-02 3.061504061108e+04 9.334531061726e-01
2 39 3 1.03649685 1.17829482 1.27525407 11.37646033 0.84753252 3.176609609516e+00 3.720318020312e-01 9.406832514747e-02 3.114274337980e+04 8.949654343042e-01
2 40 3 1.03649685 1.17829482 1.27525407 11.37646033 0.84753252 3.182057961867e+00 3.817625665772e-01 6.895546706083e-02 3.150715206272e+04 8.422676064907e-01
2 41 3 1.03649685 1.17829482 1.27525407 11.37646033 0.84753252 3.253902273758e+00 3.928531367261e-01 4.274774910576e-02 3.184598126401e+04 8.095648437740e-01
2 42 3 1.03649685 1.17829482 1.27525407 11.37646033 0.84753252 3.417502003197e+00 4.107963961492e-01 4.241995478093e-02 3.256551344883e+04 7.732959613072e-01
2 43 3 1.03649685 1.17829482 1.27525407 11.37646033 0.84753252 3.458578791646e+00 4.122175962223e-01 6.381776618429e-02 3.283854872013e+04 7.357163013560e-01
2 44 3 1.03649685 1.17829482 1.27525407 11.37646033 0.84753252 3.533304980790e+00 4.082718954011e-01 9.453564802781e-02 3.345105160953e+04 6.958095925419e-01
2 45 3 1.03649685 1.17829482 1.27525407 11.37646033 0.84753252 3.758499563628e+00 4.117688580109e-01 1.025646919550e-01 3.406148890960e+04 6.505373000274e-01
2 46 3 1.03649685 1.17829482 1.27525407 11.37646033 0.84753252 3.909510416268e+00 4.101180084491e-01 8.602002482216e-02 3.437579116704e+04 6.154495654289e-01
2 47 3 1.03649685 1.17829482 1.27525407 11.37646033 0.84753252 3.989300062890e+00 4.239242106017e-01 5.674027016149e-02 3.522784085459e+04 5.855697703870e-01
2 48 3 1.03649685 1.17829482 1.27525407 11.37646033 0.84753252 4.192595413975e+00 4.386499379461e-01 3.855971917009e-02 3.568134741103e+04 5.729352891832e-01
2 49 3 1.03649685 1.17829482 1.27525407 11.37646033 0.84753252 4.384236952658e+00 4.483687385385e-01 4.238441029601e-02 3.627337251564e+04 5.460235762403e-01
2 50 3 1.03649685 1.17829482 1.27525407 11.37646033 0.84753252 4.543099993868e+00 4.621053463964e-01 6.654868185044e-02 3.713903799807e+04 5.273573777178e-01
2 51 3 1.03649685 1.17829482 1.27525407 11.37646033 0.84753252 4.703111385502e+00 4.672232480618e-01 9.514173362758e-02 3.746137018610e+04 4.925652355892e-01
2 52 3 1.03649685 1.17829482 1.27525407 11.37646033 0.84753252 4.926217936706e+00 4.858567190201e-01 9.833303800200e-02 3.830469224453e+04 4.635149309255e-01
2 53 3 1.03649685 1.17829482 1.27525407 11.37646033 0.84753252 5.065683201098e+00 5.010584585773e-01 7.727492459573e-02 3.889750494439e+04 4.226268466672e-01
2 54 3 1.03649685 1.17829482 1.27525407 11.37646033 0.84753252 5.241854839500e+00 5.167547630482e-01 4.113700048667e-02 3.929185916368e+04 3.981572490774e-01
2 55 3 1.03649685 1.17829482 1.27525407 11.37646033 0.84753252 5.524481153049e+00 5.310291062138e-01 2.525106102468e-02 4.023630645472e+04 3.787399725122e-01
2 56 3 1.03649685 1.17829482 1.27525407 11.37646033 0.84753252 5.608197432663e+00 5.305233205027e-01 3.726909143677e-02 4.056823939325e+04 3.790274848339e-01
2 57 3 1.03649685 1.17829482 1.27525407 11.37646033 0.84753252 5.825782747848e+00 5.520777807904e-01 6.478470264093e-02 4.128269119960e+04 3.796333603804e-01
2 58 3 1.03649685 1.17829482 1.27525407 11.37646033 0.84753252 6.155845839855e+00 5.666376199275e-01 8.653540591457e-02 4.206109575431e+04 3.667585952258e-01
2 59 3 1.03649685 1.17829482 1.27525407 11.37646033 0.84753252 6.424002212114e+00 5.950685746809e-01 8.474241226574e-02 4.230177204157e+04 3.423355897992e-01
2 60 3 1.03649685 1.17829482 1.27525407 11.37646033 0.84753252 6.641306137499e+00 6.356700389272e-01 6.254222627690e-02 4.321561250885e+04 3.147327437564e-01
2 61 3 1.03649685 1.17829482 1.27525407 11.37646033 0.84753252 6.904822547380e+00 6.466222520749e-01 2.832424633500e-02 4.360540145916e+04 2.944563384757e-01
2 62 3 1.03649685 1.17829482 1.27525407 11.37646033 0.84753252 7.223461294395e+00 6.754307746484e-01 1.368075996957e-02 4.404460997347e+04 2.633143594041e-01
2 63 3 1.03649685 1.17829482 1.27525407 11.37646033 0.84753252 7.476397254477e+00 6.811779015209e-01 2.322995780623e-02 4.488606550537e+04 2.496500309390e-01
11 0 3 0.74525571 0.63476295 0.78012878 1.25074192 1.28125710 1.418563038427e+00 4.065923043938e-06 5.408000221951e-06 1.291253586185e+01 8.447438248515e-02
11 1 3 0.74525571 0.63476295 0.78012878 1.25074192 1.28125710 1.569975475370e+00 1.093749040167e-05 1.374482256845e-05 1.238037947566e+01 7.538871191764e-02
11 2 3 0.74525571 0.63476295 0.78012878 1.25074192 1.28125710 1.452915212501e+00 6.569239364682e-06 1.401101014079e-06 1.180872971469e+01 6.048837329982e-02
11 3 3 0.74525571 0.63476295 0.78012878 1.25074192 1.28125710 1.300769279189e+00 1.114469593507e-07 1.362102993162e-05 1.125546226894e+01 4.984920663208e-02
11 4 3 0.74525571 0.63476295 0.78012878 1.25074192 1.28125710 1.435211605944e+00 3.839112036162e-06 7.103655082131e-06 1.081884209810e+01 4.152268958898e-02
11 5 3 0.74525571 0.63476295 0.78012878 1.25074192 1.28125710 1.205175331332e+00 8.548602365280e-06 5.419014738305e-06 1.041517017841e+01 3.489724346222e-02
11 6 3 0.74525571 0.63476295 0.78012878 1.25074192 1.28125710 1.209155946879e+00 4.284460229501e-06 1.117433993694e-05 1.001843236666e+01 2.994222620024e-02
11 7 3 0.74525571 0.63476295 0.78012878 1.25074192 1.28125710 1.279698912859e+00 3.901500931033e-08 2.661100668391e-06 9.679684159012e+00 2.194328702566e-02
11 8 3 0.74525571 0.63476295 0.78012878 1.25074192 1.28125710 1.040970553080e+00 3.433344237601e-06 1.019910126375e-05 9.320448641065e+00 1.221741125780e-02
11 9 3 0.74525571 0.63476295 0.78012878 1.25074192 1.28125710 1.148616467112e+00 5.944362715862e-06 2.389746263627e-06 8.941008549551e+00 5.743470068154e-03
11 10 3 0.74525571 0.63476295 0.78012878 1.25074192 1.28125710 1.078388070834e+00 2.270012111817e-06 7.551592438209e-06 8.643338334807e+00 2.858531641469e-03
11 11 3 0.74525571 0.63476295 0.78012878 1.25074192 1.28125710 9.411407843266e-01 3.231344941880e-07 5.567339554089e-06 8.377975562414e+00 2.227248457471e-03
11 12 3 0.74525571 0.63476295 0.78012878 1.25074192 1.28125710 1.073965286956e+00 3.220640631149e-06 1.633386594341e-06 8.106134870791e+00 3.020194421202e-03
11 13 3 0.74525571 0.63476295 0.78012878 1.25074192 1.28125710 8.927922218922e-01 3.780520013527e-06 7.212399997502e-06 7.881706162077e+00 4.226813226507e-03
11 14 3 0.74525571 0.63476295 0.78012878 1.25074192 1.28125710 8.901290754750e-01 9.092996281348e-07 4.896998239647e-07 7.640856780331e+00 6.386462727193e-03
11 15 3 0.74525571 0.63476295 0.78012878 1.25074192 1.28125710 9.487184145715e-01 1.005327603915e-06 2.990935406236e-06 7.349791334020e+00 9.287618329017e-03
11 16 3 0.74525571 0.63476295 0.78012878 1.25074192 1.28125710 7.843646238745e-01 3.348116058660e-06 1.884900387715e-06 7.106215521832e+00 1.082968846143e-02
11 17 3 0.74525571 0.63476295 0.78012878 1.25074192 1.28125710 8.701103333618e-01 2.336955903794e-06 3.790831380016e-07 6.904665003598e+00 1.170073767964e-02
11 18 3 0.74525571 0.63476295 0.78012878 1.25074192 1.28125710 8.181685044624e-01 2.681643334126e-07 2.350478446873e-06 6.709615901954e+00 1.345450766208e-02
11 19 3 0.74525571 0.63476295 0.78012878 1.25074192 1.28125710 7.307075292884e-01 1.946643485938e-06 2.506744500005e-07 6.571479094733e+00 1.519819013437e-02
11 20 3 0.74525571 0.63476295 0.78012878 1.25074192 1.28125710 8.431601096054e-01 3.725243977749e-06 2.016466260128e-06 6.443895343069e+00 1.604394076175e-02
11 21 3 0.74525571 0.63476295 0.78012878 1.25074192 1.28125710 7.219295485830e-01 1.548371545791e-06 3.370922858719e-06 6.259278741736e+00 1.796987506628e-02
11 22 3 0.74525571 0.63476295 0.78012878 1.25074192 1.28125710 7.191541532475e-01 1.666597913039e-07 1.365690586954e-07 6.078561100560e+00 2.224987711876e-02
11 23 3 0.74525571 0.63476295 0.78012878 1.25074192 1.28125710 7.825258277292e-01 2.914620027307e-06 5.445164213674e-06 5.917249027051e+00 2.619131687509e-02
11 24 3 0.74525571 0.63476295 0.78012878 1.25074192 1.28125710 6.507031423722e-01 4.141237010609e-06 2.008230393100e-06 5.749420787815e+00 2.757018447357e-02
11 25 3 0.74525571 0.63476295 0.78012878 1.25074192 1.28125710 7.309212051135e-01 1.171172324326e-06 3.650532518942e-06 5.629483982803e+00 2.744012575129e-02
11 26 3 0.74525571 0.63476295 0.78012878 1.25074192 1.28125710 6.947192078956e-01 3.417408599844e-07 5.238274297430e-06 5.550885733272e+00 2.890034105648e-02
11 27 3 0.74525571 0.63476295 0.78012878 1.25074192 1.28125710 6.137909750894e-01 3.699605435833e-06 2.777734628432e-06 5.452238151154e+00 3.329639280924e-02
11 28 3 0.74525571 0.63476295 0.78012878 1.25074192 1.28125710 7.164332924696e-01 4.390300123868e-06 7.997125169873e-06 5.369452488596e+00 3.867906209726e-02
11 29 3 0.74525571 0.63476295 0.78012878 1.25074192 1.28125710 6.245936105601e-01 9.518543177507e-07 2.071959259781e-06 5.331787271716e+00 4.069856752726e-02
11 30 3 0.74525571 0.63476295 0.78012878 1.25074192 1.28125710 6.447193562730e-01 5.837991251006e-07 9.409744841329e-06 5.321704070332e+00 3.707925490188e-02
11 31 3 0.74525571 0.63476295 0.78012878 1.25074192 1.28125710 7.006667536812e-01 4.176743377760e-06 4.842724000076e-06 5.384054336267e+00 2.938927709073e-02
11 32 3 0.74525571 0.63476295 0.78012878 1.25074192 1.28125710 6.248784647965e-01 4.332605634485e-06 5.124768804083e-06 5.530913879351e+00 2.343762443655e-02
11 33 3 0.74525571 0.63476295 0.78012878 1.25074192 1.28125710 7.293993280334e-01 7.251469308743e-07 9.125135248183e-06 5.693632715762e+00 2.324523457132e-02
11 34 3 0.74525571 0.63476295 0.78012878 1.25074192 1.28125710 7.252668204370e-01 8.022037619207e-07 2.142589613598e-06 5.858976305062e+00 2.454782726092e-02
11 35 3 0.74525571 0.63476295 0.78012878 1.25074192 1.28125710 6.874559194604e-01 4.310511298070e-06 7.982257370169e-06 6.028592682330e+00 2.158786190245e-02
11 36 3 0.74525571 0.63476295 0.78012878 1.25074192 1.28125710 8.049160747310e-01 3.903908246356e-06 2.519093919844e-06 6.165205833569e+00 1.557360380452e-02
11 37 3 0.74525571 0.63476295 0.78012878 1.25074192 1.28125710 7.481653105465e-01 4.517248037583e-07 5.495759407707e-06 6.295471361801e+00 9.926879429405e-03
11 38 3 0.74525571 0.63476295 0.78012878 1.25074192 1.28125710 7.747643094629e-01 1.042837332716e-06 3.379934538755e-06 6.456387894092e+00 5.035289610442e-03
11 39 3 0.74525571 0.63476295 0.78012878 1.25074192 1.28125710 8.497610644430e-01 4.148548827127e-06 2.133497644735e-06 6.619917240756e+00 2.157561965031e-03
11 40 3 0.74525571 0.63476295 0.78012878 1.25074192 1.28125710 7.650253436110e-01 3.123864714167e-06 5.403888062610e-06 6.781692413615e+00 1.184744631201e-03
11 41 3 0.74525571 0.63476295 0.78012878 1.25074192 1.28125710 8.693305674891e-01 2.314427467987e-07 9.072837320445e-08 6.949863131266e+00 6.524560777751e-04
11 42 3 0.74525571 0.63476295 0.78012878 1.25074192 1.28125710 8.829217534934e-01 1.485476936241e-06 3.367596404397e-06 7.100068186789e+00 9.483025232186e-04
11 43 3 0.74525571 0.63476295 0.78012878 1.25074192 1.28125710 8.438895889125e-01 3.830062168233e-06 1.958286393690e-06 7.248219849508e+00 2.350636559599e-03
11 44 3 0.74525571 0.63476295 0.78012878 1.25074192 1.28125710 9.648517347315e-01 2.118709162392e-06 2.567788040350e-07 7.434847194140e+00 3.664291667658e-03
11 45 3 0.74525571 0.63476295 0.78012878 1.25074192 1.28125710 9.266332747430e-01 2.925962984076e-07 2.448340916349e-06 7.667480677766e+00 5.882277380269e-03
11 46 3 0.74525571 0.63476295 0.78012878 1.25074192 1.28125710 9.815089775968e-01 2.405314300827e-06 3.797194944289e-07 7.947911650752e+00 8.517520948911e-03
11 47 3 0.74525571 0.63476295 0.78012878 1.25074192 1.28125710 1.072535673295e+00 3.576490652988e-06 2.240715114409e-06 8.264760391664e+00 9.178125133236e-03
11 48 3 0.74525571 0.63476295 0.78012878 1.25074192 1.28125710 1.017365943330e+00 1.117533461693e-06 3.322956913715e-06 8.585116514361e+00 9.121207922280e-03
11 49 3 0.74525571 0.63476295 0.78012878 1.25074192 1.28125710 1.130963017489e+00 9.190154260668e-07 6.443105723241e-07 8.896456406622e+00 9.729521434167e-03
11 50 3 0.74525571 0.63476295 0.78012878 1.25074192 1.28125710 1.189259456622e+00 4.057392083469e-06 8.089969967360e-06 9.205164594095e+00 1.027630753023e-02
11 51 3 0.74525571 0.63476295 0.78012878 1.25074192 1.28125710 1.159683751543e+00 3.611285693504e-06 1.690674595155e-06 9.541672141329e+00 1.222349144284e-02
11 52 3 0.74525571 0.63476295 0.78012878 1.25074192 1.28125710 1.299841433797e+00 3.745507230357e-07 6.385535478354e-06 9.942794937658e+00 1.670921182906e-02
11 53 3 0.74525571 0.63476295 0.78012878 1.25074192 1.28125710 1.290085098627e+00 2.296779230532e-06 7.882369788753e-06 1.039401929743e+01 1.861039812329e-02
11 54 3 0.74525571 0.63476295 0.78012878 1.25074192 1.28125710 1.325183836747e+00 6.485621451075e-06 2.960786688915e-06 1.087482384839e+01 1.595536818890e-02
11 55 3 0.74525571 0.63476295 0.78012878 1.25074192 1.28125710 1.476617588457e+00 4.010427516474e-06 1.094745688079e-05 1.137554143037e+01 1.664871349141e-02
11 56 3 0.74525571 0.63476295 0.78012878 1.25074192 1.28125710 1.418112162598e+00 3.522615363672e-08 2.789777526003e-06 1.185057331204e+01 2.396832960617e-02
11 57 3 0.74525571 0.63476295 0.78012878 1.25074192 1.28125710 1.529825118246e+00 4.342180126530e-06 1.253948284126e-05 1.232239868037e+01 3.079285494118e-02
11 58 3 0.74525571 0.63476295 0.78012878 1.25074192 1.28125710 1.626107730642e+00 9.348808672031e-06 5.427298861859e-06 1.286817056362e+01 3.384520881064e-02
11 59 3 0.74525571 0.63476295 0.78012878 1.25074192 1.28125710 1.613838658568e+00 4.577428346414e-06 8.081602645560e-06 1.345518095030e+01 3.532279029481e-02
11 60 3 0.74525571 0.63476295 0.78012878 1.25074192 1.28125710 1.770383096635e+00 4.797092383060e-08 1.431133073358e-05 1.405592864196e+01 3.420216708207e-02
11 61 3 0.74525571 0.63476295 0.78012878 1.25074192 1.28125710 1.778647890863e+00 6.642232658966e-06 1.554304506683e-06 1.468818255612e+01 3.431895174110e-02
11 62 3 0.74525571 0.63476295 0.78012878 1.25074192 1.28125710 1.812890874802e+00 1.191141558685e-05 1.465158129213e-05 1.525024838477e+01 4.070095023059e-02
11 63 3 0.74525571 0.63476295 0.78012878 1.25074192 1.28125710 1.984942949078e+00 4.876142946082e-06 5.307416307009e-06 1.573128611391e+01 4.520914871125e-02
21 0 3 2.05015478 0.85702042 0.76918980 2.12708923 1.13739755 9.195191043584e+01 3.635146246752e+00 1.455490619857e+00 1.055193176278e+02 7.722618454729e+00
21 1 3 2.05015478 0.85702042 0.76918980 2.12708923 1.13739755 9.682767807024e+01 3.706849672905e+00 1.360465043538e+00 1.023755386398e+02 7.417466567202e+00
21 2 3 2.05015478 0.85702042 0.76918980 2.12708923 1.13739755 9.194064800064e+01 3.704927172371e+00 1.186368464938e+00 9.748326489014e+01 7.634366230487e+00
21 3 3 2.05015478 0.85702042 0.76918980 2.12708923 1.13739755 7.814772737013e+01 3.606081857256e+00 1.096281273324e+00 9.366631156395e+01 7.701129141090e+00
21 4 3 2.05015478 0.85702042 0.76918980 2.12708923 1.13739755 8.390907700616e+01 3.478408241930e+00 1.113776893076e+00 9.024112860173e+01 7.424100176944e+00
21 5 3 2.05015478 0.85702042 0.76918980 2.12708923 1.13739755 7.750634459736e+01 3.352194254459e+00 1.162165729053e+00 8.548897705157e+01 7.258794097787e+00
21 6 3 2.05015478 0.85702042 0.76918980 2.12708923 1.13739755 7.386741639794e+01 3.124652938433e+00 1.176887305581e+00 8.266007806380e+01 7.221600717380e+00
21 7 3 2.05015478 0.85702042 0.76918980 2.12708923 1.13739755 8.035674594243e+01 2.946075274352e+00 1.094054950769e+00 7.952540273301e+01 6.941657160973e+00
21 8 3 2.05015478 0.85702042 0.76918980 2.12708923 1.13739755 6.866718121069e+01 2.733076301396e+00 9.593172599352e-01 7.650258095566e+01 6.543827434982e+00
21 9 3 2.05015478 0.85702042 0.76918980 2.12708923 1.13739755 6.664417275570e+01 2.521246651471e+00 8.881573295807e-01 7.421089544488e+01 6.160784076391e+00
21 10 3 2.05015478 0.85702042 0.76918980 2.12708923 1.13739755 6.868667203540e+01 2.306610343952e+00 8.851050909234e-01 7.124664896305e+01 5.845772296940e+00
21 11 3 2.05015478 0.85702042 0.76918980 2.12708923 1.13739755 5.986310852250e+01 2.051508842149e+00 9.364567093239e-01 6.791596877067e+01 5.506399601376e+00
21 12 3 2.05015478 0.85702042 0.76918980 2.12708923 1.13739755 6.585850003577e+01 1.841157216438e+00 9.545634060553e-01 6.663856776894e+01 5.020792466770e+00
21 13 3 2.05015478 0.85702042 0.76918980 2.12708923 1.13739755 6.301867620361e+01 1.663229310697e+00 8.916187127443e-01 6.440168283652e+01 4.842379684067e+00
21 14 3 2.05015478 0.85702042 0.76918980 2.12708923 1.13739755 5.472348759873e+01 1.536818483444e+00 8.039667409477e-01 6.211234396618e+01 4.728835138437e+00
21 15 3 2.05015478 0.85702042 0.76918980 2.12708923 1.13739755 5.883648752208e+01 1.455230795546e+00 7.286342612994e-01 6.083255190746e+01 4.446840453420e+00
21 16 3 2.05015478 0.85702042 0.76918980 2.12708923 1.13739755 5.143926140212e+01 1.354774841097e+00 7.282359218257e-01 5.874274270194e+01 4.318405679628e+00
21 17 3 2.05015478 0.85702042 0.76918980 2.12708923 1.13739755 5.097814403020e+01 1.271854717679e+00 7.769018153682e-01 5.695862143209e+01 4.396977286174e+00
21 18 3 2.05015478 0.85702042 0.76918980 2.12708923 1.13739755 5.524543825199e+01 1.205268983801e+00 7.930175673837e-01 5.569096055931e+01 4.490582799485e+00
21 19 3 2.05015478 0.85702042 0.76918980 2.12708923 1.13739755 4.837582769237e+01 1.217962336366e+00 7.677135630043e-01 5.389070197934e+01 4.332926609832e+00
21 20 3 2.05015478 0.85702042 0.76918980 2.12708923 1.13739755 5.041250611480e+01 1.262542610876e+00 6.930347183864e-01 5.258272543113e+01 4.274586201750e+00
21 21 3 2.05015478 0.85702042 0.76918980 2.12708923 1.13739755 4.891781304154e+01 1.282243187753e+00 6.287718899325e-01 5.207820702072e+01 4.389565581317e+00
21 22 3 2.05015478 0.85702042 0.76918980 2.12708923 1.13739755 4.252093734707e+01 1.300119550454e+00 6.383146718053e-01 5.035639174894e+01 4.342543107631e+00
21 23 3 2.05015478 0.85702042 0.76918980 2.12708923 1.13739755 4.726321838831e+01 1.339025489170e+00 6.722834085438e-01 4.917881543221e+01 4.166316651373e+00
21 24 3 2.05015478 0.85702042 0.76918980 2.12708923 1.13739755 4.558345825267e+01 1.398966024035e+00 7.133674519320e-01 4.871722420347e+01 4.023136887269e+00
21 25 3 2.05015478 0.85702042 0.76918980 2.12708923 1.13739755 4.354707945683e+01 1.456964120544e+00 6.971579735728e-01 4.743628986553e+01 4.001413442252e+00
21 26 3 2.05015478 0.85702042 0.76918980 2.12708923 1.13739755 4.798516741524e+01 1.493528305128e+00 6.409891742142e-01 4.712975442041e+01 3.833965334049e+00
21 27 3 2.05015478 0.85702042 0.76918980 2.12708923 1.13739755 4.204543478431e+01 1.571137725680e+00 5.970977175881e-01 4.687134345421e+01 3.595710788220e+00
21 28 3 2.05015478 0.85702042 0.76918980 2.12708923 1.13739755 4.149436841318e+01 1.650770785273e+00 5.978082854676e-01 4.640452205546e+01 3.597561541661e+00
21 29 3 2.05015478 0.85702042 0.76918980 2.12708923 1.13739755 4.420337367104e+01 1.687272466293e+00 6.421615193114e-01 4.631909330889e+01 3.675468841737e+00
21 30 3 2.05015478 0.85702042 0.76918980 2.12708923 1.13739755 3.925152028234e+01 1.681680597660e+00 6.961805195828e-01 4.641169171703e+01 3.525311979852e+00
21 31 3 2.05015478 0.85702042 0.76918980 2.12708923 1.13739755 4.388192061419e+01 1.670673725953e+00 6.900959234000e-01 4.578344057956e+01 3.425348266864e+00
21 32 3 2.05015478 0.85702042 0.76918980 2.12708923 1.13739755 4.463904985585e+01 1.744838009725e+00 6.647188747301e-01 4.697222042284e+01 3.703258954598e+00
21 33 3 2.05015478 0.85702042 0.76918980 2.12708923 1.13739755 4.069789942624e+01 1.778110672836e+00 6.151567886873e-01 4.752554893074e+01 3.858777700244e+00
21 34 3 2.05015478 0.85702042 0.76918980 2.12708923 1.13739755 4.575931135479e+01 1.765532196176e+00 6.229718255716e-01 4.781056171086e+01 3.830110122771e+00
21 35 3 2.05015478 0.85702042 0.76918980 2.12708923 1.13739755 4.240721203010e+01 1.699441287050e+00 6.800286091542e-01 4.872114926005e+01 3.894744757118e+00
21 36 3 2.05015478 0.85702042 0.76918980 2.12708923 1.13739755 4.302277819574e+01 1.644755564138e+00 7.429788663615e-01 4.954406677524e+01 4.063065832840e+00
21 37 3 2.05015478 0.85702042 0.76918980 2.12708923 1.13739755 4.880953049258e+01 1.615025190693e+00 7.692509575946e-01 5.012907713978e+01 4.232942654144e+00
21 38 3 2.05015478 0.85702042 0.76918980 2.12708923 1.13739755 4.441448053953e+01 1.574281438169e+00 7.463033758001e-01 5.185415086392e+01 4.146113879132e+00
21 39 3 2.05015478 0.85702042 0.76918980 2.12708923 1.13739755 4.703043508334e+01 1.490356603877e+00 7.048651051242e-01 5.296678489084e+01 4.141396055796e+00
21 40 3 2.05015478 0.85702042 0.76918980 2.12708923 1.13739755 4.860360456760e+01 1.442978955131e+00 7.191184557161e-01 5.407255796978e+01 4.293634057426e+00
21 41 3 2.05015478 0.85702042 0.76918980 2.12708923 1.13739755 4.427947876417e+01 1.380945513747e+00 7.839917621570e-01 5.609178622827e+01 4.245476528589e+00
21 42 3 2.05015478 0.85702042 0.76918980 2.12708923 1.13739755 5.159046971159e+01 1.328765754704e+00 8.728439742527e-01 5.717263341883e+01 4.120205570978e+00
21 43 3 2.05015478 0.85702042 0.76918980 2.12708923 1.13739755 5.285761088700e+01 1.256411256344e+00 9.252533684703e-01 5.833737279816e+01 4.239196404027e+00
21 44 3 2.05015478 0.85702042 0.76918980 2.12708923 1.13739755 5.108930372931e+01 1.225325296685e+00 9.063399016948e-01 6.094698420434e+01 4.498450918155e+00
21 45 3 2.05015478 0.85702042 0.76918980 2.12708923 1.13739755 5.880363639170e+01 1.268594287843e+00 8.807720967006e-01 6.253442732236e+01 4.520934297555e+00
21 46 3 2.05015478 0.85702042 0.76918980 2.12708923 1.13739755 5.356819375735e+01 1.328298263354e+00 8.802198121779e-01 6.462629105862e+01 4.622924010886e+00
21 47 3 2.05015478 0.85702042 0.76918980 2.12708923 1.13739755 5.477944543383e+01 1.397582286778e+00 9.677497165357e-01 6.716361393014e+01 5.000792300095e+00
21 48 3 2.05015478 0.85702042 0.76918980 2.12708923 1.13739755 6.295609946728e+01 1.467583984075e+00 1.084479592160e+00 6.914688948605e+01 5.426073686448e+00
21 49 3 2.05015478 0.85702042 0.76918980 2.12708923 1.13739755 5.898468054672e+01 1.587863951085e+00 1.166194054480e+00 7.153526028798e+01 5.713994160569e+00
21 50 3 2.05015478 0.85702042 0.76918980 2.12708923 1.13739755 6.797404481025e+01 1.794686290948e+00 1.162383118075e+00 7.494578452908e+01 5.941366809892e+00
21 51 3 2.05015478 0.85702042 0.76918980 2.12708923 1.13739755 6.961827888677e+01 2.019522898425e+00 1.135107679720e+00 7.681468243240e+01 6.385532912479e+00
21 52 3 2.05015478 0.85702042 0.76918980 2.12708923 1.13739755 6.314793263520e+01 2.268400020964e+00 1.120858653936e+00 8.083603609915e+01 6.727407812720e+00
21 53 3 2.05015478 0.85702042 0.76918980 2.12708923 1.13739755 7.259647201412e+01 2.497612603338e+00 1.235960747543e+00 8.468121050679e+01 6.857842770037e+00
21 54 3 2.05015478 0.85702042 0.76918980 2.12708923 1.13739755 7.059986749765e+01 2.713467020341e+00 1.378713721496e+00 8.742801920887e+01 6.988097494697e+00
21 55 3 2.05015478 0.85702042 0.76918980 2.12708923 1.13739755 7.385004193743e+01 2.947378619755e+00 1.500914921019e+00 9.088024841758e+01 7.222690570250e+00
21 56 3 2.05015478 0.85702042 0.76918980 2.12708923 1.13739755 8.543983863683e+01 3.193672470944e+00 1.518317003005e+00 9.514452139354e+01 7.261948189699e+00
21 57 3 2.05015478 0.85702042 0.76918980 2.12708923 1.13739755 7.949229501926e+01 3.417226570919e+00 1.471958096664e+00 9.841561239975e+01 7.093391702078e+00
21 58 3 2.05015478 0.85702042 0.76918980 2.12708923 1.13739755 8.439409833707e+01 3.614255272054e+00 1.464135902927e+00 1.035343626892e+02 7.338393157239e+00
21 59 3 2.05015478 0.85702042 0.76918980 2.12708923 1.13739755 9.122800001688e+01 3.751210423555e+00 1.576110513354e+00 1.079078833617e+02 7.558275398102e+00
21 60 3 2.05015478 0.85702042 0.76918980 2.12708923 1.13739755 8.457782854357e+01 3.877355725900e+00 1.759848295728e+00 1.111877211049e+02 7.583309123179e+00
21 61 3 2.05015478 0.85702042 0.76918980 2.12708923 1.13739755 9.909561702273e+01 3.906737180540e+00 1.936346354069e+00 1.160216696621e+02 7.805858842864e+00
21 62 3 2.05015478 0.85702042 0.76918980 2.12708923 1.13739755 1.030121163226e+02 3.898045023863e+00 1.967367477029e+00 1.203297516425e+02 8.330459417751e+00
21 63 3 2.05015478 0.85702042 0.76918980 2.12708923 1.13739755 9.713365357810e+01 3.874549847476e+00 1.915604595584e+00 1.235429699634e+02 9.029706313745e+00
28 0 3 1.16907403 1.29562598 1.20205668 13.40670475 0.81863200 1.250628887559e+01 1.247084651037e+01 1.287908887234e+01 6.447690983987e+04 1.654270400651e-03
28 1 3 1.16907403 1.29562598 1.20205668 13.40670475 0.81863200 9.521687209045e+00 1.039943411380e+01 1.126014665034e+01 6.245460903575e+04 1.519666291728e-03
28 2 3 1.16907403 1.29562598 1.20205668 13.40670475 0.81863200 8.563129696657e+00 9.247865697220e+00 8.068215901012e+00 6.064935924463e+04 3.225305984212e-03
28 3 3 1.16907403 1.29562598 1.20205668 13.40670475 0.81863200 1.034771878496e+01 8.938699645346e+00 6.040032223783e+00 5.886361977809e+04 6.501310491371e-03
28 4 3 1.16907403 1.29562598 1.20205668 13.40670475 0.81863200 9.431243145824e+00 9.067990961969e+00 6.674418015879e+00 5.716974364752e+04 1.136823763455e-02
28 5 3 1.16907403 1.29562598 1.20205668 13.40670475 0.81863200 7.235229545530e+00 9.815706342557e+00 8.939895441226e+00 5.554587582994e+04 1.327681459572e-02
28 6 3 1.16907403 1.29562598 1.20205668 13.40670475 0.81863200 7.826789412245e+00 1.066725713957e+01 1.023953607880e+01 5.382625767207e+04 1.321329868030e-02
28 7 3 1.16907403 1.29562598 1.20205668 13.40670475 0.81863200 9.377641734452e+00 1.187663131729e+01 9.140602500128e+00 5.225496478387e+04 1.056643814056e-02
28 8 3 1.16907403 1.29562598 1.20205668 13.40670475 0.81863200 7.619448901933e+00 1.298190401954e+01 6.629976705703e+00 5.066887664116e+04 7.101122736714e-03
28 9 3 1.16907403 1.29562598 1.20205668 13.40670475 0.81863200 6.417098026512e+00 1.392976745360e+01 4.790069264848e+00 4.930334296754e+04 3.871571917934e-03
28 10 3 1.16907403 1.29562598 1.20205668 13.40670475 0.81863200 8.240791457257e+00 1.449450740419e+01 5.172072655966e+00 4.793824879112e+04 2.602739260898e-03
28 11 3 1.16907403 1.29562598 1.20205668 13.40670475 0.81863200 7.636058160359e+00 1.490772668354e+01 6.951575446911e+00 4.668481315355e+04 2.793651227088e-03
28 12 3 1.16907403 1.29562598 1.20205668 13.40670475 0.81863200 5.659033557515e+00 1.484545119107e+01 8.207114125746e+00 4.541141426521e+04 2.205435002836e-03
28 13 3 1.16907403 1.29562598 1.20205668 13.40670475 0.81863200 6.525271430111e+00 1.437508538139e+01 7.493253326903e+00 4.415650798147e+04 1.872937897223e-03
28 14 3 1.16907403 1.29562598 1.20205668 13.40670475 0.81863200 7.449867061826e+00 1.341326728993e+01 5.428409702201e+00 4.301011706054e+04 1.382507116038e-03
28 15 3 1.16907403 1.29562598 1.20205668 13.40670475 0.81863200 6.165337137565e+00 1.186886010039e+01 3.873602505329e+00 4.186357099853e+04 1.171945401211e-03
28 16 3 1.16907403 1.29562598 1.20205668 13.40670475 0.81863200 5.449944949210e+00 1.049951538540e+01 4.074510783000e+00 4.088417187586e+04 2.787218899769e-03
28 17 3 1.16907403 1.29562598 1.20205668 13.40670475 0.81863200 6.496982232328e+00 9.023789417928e+00 5.670505123064e+00 3.992656283301e+04 4.283021265250e-03
28 18 3 1.16907403 1.29562598 1.20205668 13.40670475 0.81863200 6.363296886976e+00 7.864101998546e+00 6.757525694766e+00 3.906648893031e+04 5.606278388370e-03
28 19 3 1.16907403 1.29562598 1.20205668 13.40670475 0.81863200 4.807806602270e+00 6.746229520851e+00 6.298742435632e+00 3.823049339855e+04 5.752225996621e-03
28 20 3 1.16907403 1.29562598 1.20205668 13.40670475 0.81863200 5.326782224665e+00 5.782127037300e+00 4.603881354933e+00 3.741099205467e+04 5.403850614144e-03
28 21 3 1.16907403 1.29562598 1.20205668 13.40670475 0.81863200 6.394541932272e+00 5.142086239483e+00 3.304128829967e+00 3.668287793678e+04 4.304257392139e-03
28 22 3 1.16907403 1.29562598 1.20205668 13.40670475 0.81863200 4.951020647937e+00 4.877274592344e+00 3.502581654079e+00 3.595277031021e+04 3.166412690022e-03
28 23 3 1.16907403 1.29562598 1.20205668 13.40670475 0.81863200 4.324168735605e+00 4.975008110368e+00 4.864199112969e+00 3.540882359737e+04 2.421229091745e-03
28 24 3 1.16907403 1.29562598 1.20205668 13.40670475 0.81863200 5.472342647581e+00 5.370793422522e+00 5.940109376430e+00 3.488895640834e+04 1.632727791490e-03
28 25 3 1.16907403 1.29562598 1.20205668 13.40670475 0.81863200 5.169334083871e+00 5.997854179712e+00 5.598366640185e+00 3.450492733326e+04 1.500629628622e-03
28 26 3 1.16907403 1.29562598 1.20205668 13.40670475 0.81863200 4.093380227682e+00 6.795496100930e+00 4.217480735515e+00 3.417920242427e+04 2.153616069122e-03
28 27 3 1.16907403 1.29562598 1.20205668 13.40670475 0.81863200 4.512323734380e+00 7.793892826950e+00 3.112983583623e+00 3.388650700441e+04 3.312027524558e-03
28 28 3 1.16907403 1.29562598 1.20205668 13.40670475 0.81863200 5.329958680135e+00 8.577572716647e+00 3.309289994149e+00 3.366755920294e+04 3.861099865203e-03
28 29 3 1.16907403 1.29562598 1.20205668 13.40670475 0.81863200 4.383492326656e+00 9.242420358241e+00 4.574902354735e+00 3.341964018490e+04 3.166094835082e-03
28 30 3 1.16907403 1.29562598 1.20205668 13.40670475 0.81863200 3.725358843764e+00 9.625969322223e+00 5.625310842806e+00 3.333921465816e+04 2.297425333374e-03
28 31 3 1.16907403 1.29562598 1.20205668 13.40670475 0.81863200 4.833279925203e+00 9.877029190051e+00 5.496051172369e+00 3.327384214609e+04 1.275767416063e-03
28 32 3 1.16907403 1.29562598 1.20205668 13.40670475 0.81863200 5.056856915290e+00 1.004276013338e+01 4.340968303434e+00 3.344117060688e+04 1.302156611703e-03
28 33 3 1.16907403 1.29562598 1.20205668 13.40670475 0.81863200 3.959115919379e+00 9.950561353072e+00 3.318242804148e+00 3.362503246066e+04 2.352994139996e-03
28 34 3 1.16907403 1.29562598 1.20205668 13.40670475 0.81863200 4.800333304825e+00 9.468786116031e+00 3.484906179035e+00 3.388820471504e+04 3.230323460888e-03
28 35 3 1.16907403 1.29562598 1.20205668 13.40670475 0.81863200 5.695907532207e+00 8.733950670289e+00 4.718142462638e+00 3.417389827971e+04 3.975070429594e-03
28 36 3 1.16907403 1.29562598 1.20205668 13.40670475 0.81863200 4.708328277434e+00 7.789409685854e+00 5.954848035688e+00 3.445847537413e+04 3.435993313810e-03
28 37 3 1.16907403 1.29562598 1.20205668 13.40670475 0.81863200 4.404218335474e+00 6.903125701284e+00 5.979083392813e+00 3.486514349822e+04 2.224827311829e-03
28 38 3 1.16907403 1.29562598 1.20205668 13.40670475 0.81863200 5.570336651408e+00 6.162642670483e+00 4.977078663191e+00 3.528548235079e+04 1.536765571759e-03
28 39 3 1.16907403 1.29562598 1.20205668 13.40670475 0.81863200 5.862695419646e+00 5.496661715216e+00 3.917263817189e+00 3.589172574915e+04 1.647127411181e-03
28 40 3 1.16907403 1.29562598 1.20205668 13.40670475 0.81863200 4.680453715295e+00 5.152829576177e+00 4.025011626812e+00 3.650324325573e+04 2.455640241439e-03
28 41 3 1.16907403 1.29562598 1.20205668 13.40670475 0.81863200 5.290288560914e+00 5.053402285436e+00 5.360021853716e+00 3.724936948242e+04 3.206831937053e-03
28 42 3 1.16907403 1.29562598 1.20205668 13.40670475 0.81863200 6.662569236129e+00 5.409456800083e+00 6.811072540028e+00 3.802508102515e+04 4.345752788267e-03
28 43 3 1.16907403 1.29562598 1.20205668 13.40670475 0.81863200 5.459136671100e+00 6.043475756536e+00 7.159225796303e+00 3.881437692291e+04 5.474690268710e-03
28 44 3 1.16907403 1.29562598 1.20205668 13.40670475 0.81863200 4.930872150751e+00 6.999815978445e+00 6.139454960268e+00 3.967285836365e+04 5.861763696578e-03
28 45 3 1.16907403 1.29562598 1.20205668 13.40670475 0.81863200 6.742062054465e+00 8.172797098958e+00 4.980602279992e+00 4.053196284889e+04 5.728072860438e-03
28 46 3 1.16907403 1.29562598 1.20205668 13.40670475 0.81863200 6.760275950583e+00 9.799201121704e+00 4.969719802031e+00 4.152829109187e+04 4.460165994527e-03
28 47 3 1.16907403 1.29562598 1.20205668 13.40670475 0.81863200 5.541826965597e+00 1.149507787236e+01 6.467546078379e+00 4.255630848382e+04 2.945937991281e-03
28 48 3 1.16907403 1.29562598 1.20205668 13.40670475 0.81863200 6.183858668855e+00 1.322206441078e+01 8.255408997420e+00 4.372747869048e+04 1.266668851845e-03
28 49 3 1.16907403 1.29562598 1.20205668 13.40670475 0.81863200 7.471286521440e+00 1.457964150174e+01 8.847432300197e+00 4.492275616523e+04 1.457967976502e-03
28 50 3 1.16907403 1.29562598 1.20205668 13.40670475 0.81863200 6.784208581939e+00 1.530919258958e+01 7.924275796096e+00 4.617691821277e+04 1.923477195455e-03
28 51 3 1.16907403 1.29562598 1.20205668 13.40670475 0.81863200 5.965728102773e+00 1.590438005139e+01 6.555869368584e+00 4.749755219573e+04 2.272786070033e-03
28 52 3 1.16907403 1.29562598 1.20205668 13.40670475 0.81863200 8.323943723996e+00 1.586871179496e+01 6.368888431350e+00 4.878981686077e+04 2.909536714332e-03
28 53 3 1.16907403 1.29562598 1.20205668 13.40670475 0.81863200 8.804166813764e+00 1.569735561792e+01 7.934231874110e+00 5.022756954606e+04 2.690433903961e-03
28 54 3 1.16907403 1.29562598 1.20205668 13.40670475 0.81863200 6.689815223208e+00 1.491635375044e+01 1.010024619470e+01 5.171283116500e+04 4.008190242471e-03
28 55 3 1.16907403 1.29562598 1.20205668 13.40670475 0.81863200 8.146179323178e+00 1.379835826962e+01 1.118332614561e+01 5.335254079349e+04 7.426013688270e-03
28 56 3 1.16907403 1.29562598 1.20205668 13.40670475 0.81863200 9.871152973090e+00 1.245636508652e+01 1.029728894035e+01 5.502972193086e+04 1.108553188348e-02
28 57 3 1.16907403 1.29562598 1.20205668 13.40670475 0.81863200 8.449995970440e+00 1.116021337244e+01 8.751422933335e+00 5.672619824736e+04 1.380986668020e-02
28 58 3 1.16907403 1.29562598 1.20205668 13.40670475 0.81863200 8.309526801718e+00 1.006722740310e+01 8.177213025645e+00 5.847175895272e+04 1.391393203338e-02
28 59 3 1.16907403 1.29562598 1.20205668 13.40670475 0.81863200 1.088136435395e+01 9.324362950685e+00 9.729325319603e+00 6.018304806925e+04 1.189567786439e-02
28 60 3 1.16907403 1.29562598 1.20205668 13.40670475 0.81863200 1.175674584423e+01 9.268142822725e+00 1.236401126514e+01 6.211644656873e+04 6.782473626579e-03
28 61 3 1.16907403 1.29562598 1.20205668 13.40670475 0.81863200 9.482383507133e+00 9.944128732073e+00 1.400265279398e+01 6.402275586397e+04 3.323327941048e-03
28 62 3 1.16907403 1.29562598 1.20205668 13.40670475 0.81863200 1.048302379528e+01 1.168225013755e+01 1.348657351222e+01 6.611085972824e+04 1.581867280630e-03
28 63 3 1.16907403 1.29562598 1.20205668 13.40670475 0.81863200 1.396203538335e+01 1.383928768291e+01 1.141804023263e+01 6.815341396285e+04 1.698987293586e-03
