# environment=00028 local_bs=2 gain_scale=2.496866127157e-13
# ue subcarrier serving_bs phi0 phi1 phi2 phi3 phi4 gain0 gain1 gain2 gain3 gain4
0 0 2 1.50093332 1.11291765 2.62409692 0.57094021 0.69647236 3.348487244181e+00 1.860501048062e+00 5.405825544071e+01 1.321481143656e-01 2.931867367086e-01
0 1 2 1.50093332 1.11291765 2.62409692 0.57094021 0.69647236 3.507821255427e+00 1.790320814477e+00 4.901584171821e+01 1.258491411822e-01 2.775777490486e-01
0 2 2 1.50093332 1.11291765 2.62409692 0.57094021 0.69647236 3.845192035211e+00 1.720640080195e+00 5.106038580417e+01 1.223669841185e-01 2.680393974927e-01
0 3 2 1.50093332 1.11291765 2.62409692 0.57094021 0.69647236 4.304460983297e+00 1.670590469219e+00 4.610132105078e+01 1.197865469110e-01 2.611984983193e-01
0 4 2 1.50093332 1.11291765 2.62409692 0.57094021 0.69647236 4.848432579818e+00 1.602512965375e+00 4.605278279124e+01 1.141693276184e-01 2.537091516400e-01
0 5 2 1.50093332 1.11291765 2.62409692 0.57094021 0.69647236 5.434989303714e+00 1.541377658273e+00 4.484296084957e+01 1.085784620249e-01 2.396694900356e-01
0 6 2 1.50093332 1.11291765 2.62409692 0.57094021 0.69647236 5.997264605778e+00 1.493095207643e+00 4.116199473679e+01 1.049017324858e-01 2.320334654371e-01
0 7 2 1.50093332 1.11291765 2.62409692 0.57094021 0.69647236 6.449489402093e+00 1.438331346689e+00 4.276208058489e+01 1.022693616194e-01 2.236714623655e-01
0 8 2 1.50093332 1.11291765 2.62409692 0.57094021 0.69647236 6.716569660808e+00 1.381414721827e+00 3.830538607290e+01 9.822378319985e-02 2.167956833612e-01
0 9 2 1.50093332 1.11291765 2.62409692 0.57094021 0.69647236 6.764493553351e+00 1.335556082129e+00 3.900110394205e+01 9.587579866231e-02 2.090007896350e-01
0 10 2 1.50093332 1.11291765 2.62409692 0.57094021 0.69647236 6.607932235467e+00 1.294443145439e+00 3.720204839935e+01 9.038712762088e-02 2.026174343875e-01
0 11 2 1.50093332 1.11291765 2.62409692 0.57094021 0.69647236 6.290443241890e+00 1.239640249858e+00 3.484993253028e+01 8.686502356617e-02 1.917548601018e-01
0 12 2 1.50093332 1.11291765 2.62409692 0.57094021 0.69647236 5.854528337416e+00 1.202775714466e+00 3.591654868420e+01 8.574598655522e-02 1.865214282369e-01
0 13 2 1.50093332 1.11291765 2.62409692 0.57094021 0.69647236 5.325168833573e+00 1.163493569754e+00 3.222717139104e+01 8.244044614802e-02 1.823044539467e-01
0 14 2 1.50093332 1.11291765 2.62409692 0.57094021 0.69647236 4.717113737526e+00 1.125459108657e+00 3.325123259435e+01 7.986568565555e-02 1.767141731232e-01
0 15 2 1.50093332 1.11291765 2.62409692 0.57094021 0.69647236 4.055506444416e+00 1.082788637764e+00 3.129085744127e+01 7.654602329194e-02 1.679975051743e-01
0 16 2 1.50093332 1.11291765 2.62409692 0.57094021 0.69647236 3.389006762974e+00 1.060542582745e+00 2.996812722338e+01 7.377015077279e-02 1.639837048047e-01
0 17 2 1.50093332 1.11291765 2.62409692 0.57094021 0.69647236 2.782281191240e+00 1.021466386084e+00 3.066833680843e+01 7.187195477094e-02 1.587690008462e-01
0 18 2 1.50093332 1.11291765 2.62409692 0.57094021 0.69647236 2.292925139485e+00 9.942418873577e-01 2.767661050086e+01 7.124597184441e-02 1.550963897084e-01
0 19 2 1.50093332 1.11291765 2.62409692 0.57094021 0.69647236 1.950768935856e+00 9.660594940031e-01 2.899934136846e+01 6.840517636252e-02 1.511534482919e-01
0 20 2 1.50093332 1.11291765 2.62409692 0.57094021 0.69647236 1.754817141389e+00 9.483682959289e-01 2.700187391597e+01 6.577802144118e-02 1.473451593745e-01
0 21 2 1.50093332 1.11291765 2.62409692 0.57094021 0.69647236 1.688052645554e+00 9.150145205986e-01 2.658040954919e+01 6.484625705600e-02 1.411119386134e-01
0 22 2 1.50093332 1.11291765 2.62409692 0.57094021 0.69647236 1.736173000721e+00 9.033386090989e-01 2.694358249089e+01 6.282363134167e-02 1.396915941265e-01
0 23 2 1.50093332 1.11291765 2.62409692 0.57094021 0.69647236 1.894579266397e+00 8.825901026403e-01 2.472712354596e+01 6.285466307545e-02 1.382475101733e-01
0 24 2 1.50093332 1.11291765 2.62409692 0.57094021 0.69647236 2.159217353039e+00 8.683949640395e-01 2.622967126951e+01 6.154080048520e-02 1.353998235268e-01
0 25 2 1.50093332 1.11291765 2.62409692 0.57094021 0.69647236 2.511079509118e+00 8.491036633049e-01 2.433437544099e+01 5.949806264870e-02 1.313906459250e-01
0 26 2 1.50093332 1.11291765 2.62409692 0.57094021 0.69647236 2.909419042090e+00 8.477462747591e-01 2.465095804890e+01 5.867051041486e-02 1.307049613064e-01
0 27 2 1.50093332 1.11291765 2.62409692 0.57094021 0.69647236 3.301109765478e+00 8.306998463897e-01 2.482811917874e+01 5.871378333819e-02 1.288363226746e-01
0 28 2 1.50093332 1.11291765 2.62409692 0.57094021 0.69647236 3.639903325791e+00 8.265866341722e-01 2.332074793786e+01 5.846551891697e-02 1.286651507149e-01
0 29 2 1.50093332 1.11291765 2.62409692 0.57094021 0.69647236 3.901082238684e+00 8.215116586957e-01 2.497617635476e+01 5.797628181847e-02 1.283451039269e-01
0 30 2 1.50093332 1.11291765 2.62409692 0.57094021 0.69647236 4.080833738230e+00 8.232936119230e-01 2.323946528480e+01 5.783516872498e-02 1.273777122619e-01
0 31 2 1.50093332 1.11291765 2.62409692 0.57094021 0.69647236 4.182205723830e+00 8.150232300722e-01 2.424651104548e+01 5.651417102774e-02 1.253609896231e-01
0 32 2 1.50093332 1.11291765 2.62409692 0.57094021 0.69647236 4.200354474942e+00 8.241548796841e-01 2.429673234495e+01 5.788895645725e-02 1.277244428711e-01
0 33 2 1.50093332 1.11291765 2.62409692 0.57094021 0.69647236 4.120084861936e+00 8.269117170822e-01 2.342264587169e+01 5.875924494261e-02 1.293356643670e-01
0 34 2 1.50093332 1.11291765 2.62409692 0.57094021 0.69647236 3.928228376433e+00 8.322186351425e-01 2.528816759130e+01 5.853543895998e-02 1.295438720504e-01
0 35 2 1.50093332 1.11291765 2.62409692 0.57094021 0.69647236 3.630786604903e+00 8.393730682661e-01 2.368706178608e+01 5.923010463969e-02 1.296988504417e-01
0 36 2 1.50093332 1.11291765 2.62409692 0.57094021 0.69647236 3.260368272386e+00 8.565199498212e-01 2.542176618867e+01 5.936394187954e-02 1.323430998846e-01
0 37 2 1.50093332 1.11291765 2.62409692 0.57094021 0.69647236 2.866989497369e+00 8.643459597969e-01 2.525924339205e+01 6.065454042351e-02 1.338945574687e-01
0 38 2 1.50093332 1.11291765 2.62409692 0.57094021 0.69647236 2.498721793952e+00 8.797161441470e-01 2.511539852735e+01 6.251593136252e-02 1.375111585639e-01
0 39 2 1.50093332 1.11291765 2.62409692 0.57094021 0.69647236 2.186917063909e+00 9.014319062661e-01 2.712719298784e+01 6.411356385552e-02 1.407239649237e-01
0 40 2 1.50093332 1.11291765 2.62409692 0.57094021 0.69647236 1.946817747464e+00 9.198911957948e-01 2.570122989931e+01 6.401613821086e-02 1.424748998500e-01
0 41 2 1.50093332 1.11291765 2.62409692 0.57094021 0.69647236 1.791275863686e+00 9.386171997674e-01 2.811968700911e+01 6.593159083485e-02 1.444137551181e-01
0 42 2 1.50093332 1.11291765 2.62409692 0.57094021 0.69647236 1.743893773210e+00 9.665610170747e-01 2.777221680673e+01 6.811694490936e-02 1.508900627328e-01
0 43 2 1.50093332 1.11291765 2.62409692 0.57094021 0.69647236 1.838002943067e+00 9.956985598434e-01 2.837263162116e+01 6.991179219595e-02 1.556696794238e-01
0 44 2 1.50093332 1.11291765 2.62409692 0.57094021 0.69647236 2.099942974857e+00 1.017032622161e+00 3.052080174615e+01 7.323597062677e-02 1.588629402667e-01
0 45 2 1.50093332 1.11291765 2.62409692 0.57094021 0.69647236 2.529245084211e+00 1.053662787302e+00 2.919922159445e+01 7.382280635173e-02 1.629834407224e-01
0 46 2 1.50093332 1.11291765 2.62409692 0.57094021 0.69647236 3.092328695189e+00 1.087289411505e+00 3.246059468310e+01 7.575726938386e-02 1.688949697141e-01
0 47 2 1.50093332 1.11291765 2.62409692 0.57094021 0.69647236 3.736021232458e+00 1.121559206201e+00 3.172883336158e+01 7.919051848937e-02 1.739730165347e-01
0 48 2 1.50093332 1.11291765 2.62409692 0.57094021 0.69647236 4.410691517164e+00 1.154154484957e+00 3.328463487602e+01 8.259855449633e-02 1.817441887904e-01
0 49 2 1.50093332 1.11291765 2.62409692 0.57094021 0.69647236 5.084175825949e+00 1.205852017930e+00 3.533761994242e+01 8.513515384479e-02 1.883077241478e-01
0 50 2 1.50093332 1.11291765 2.62409692 0.57094021 0.69647236 5.735164367429e+00 1.237834760483e+00 3.431887229186e+01 8.788299444267e-02 1.922778123429e-01
0 51 2 1.50093332 1.11291765 2.62409692 0.57094021 0.69647236 6.332846608685e+00 1.285491852550e+00 3.835190454182e+01 9.035026684311e-02 1.984555866562e-01
0 52 2 1.50093332 1.11291765 2.62409692 0.57094021 0.69647236 6.823020050326e+00 1.331368873411e+00 3.715428394100e+01 9.318789589546e-02 2.093829128477e-01
0 53 2 1.50093332 1.11291765 2.62409692 0.57094021 0.69647236 7.137141279315e+00 1.387896701498e+00 3.981925103402e+01 9.953353979807e-02 2.171580117714e-01
0 54 2 1.50093332 1.11291765 2.62409692 0.57094021 0.69647236 7.221812193500e+00 1.423225900978e+00 4.162747954333e+01 1.018992302886e-01 2.231725463124e-01
0 55 2 1.50093332 1.11291765 2.62409692 0.57094021 0.69647236 7.067608377725e+00 1.491585359336e+00 4.103894260946e+01 1.049049098591e-01 2.313829516594e-01
0 56 2 1.50093332 1.11291765 2.62409692 0.57094021 0.69647236 6.714535732727e+00 1.540743329709e+00 4.576767198962e+01 1.089513445719e-01 2.401923168739e-01
0 57 2 1.50093332 1.11291765 2.62409692 0.57094021 0.69647236 6.229467941184e+00 1.600519763641e+00 4.402893279289e+01 1.124782559571e-01 2.492344287863e-01
0 58 2 1.50093332 1.11291765 2.62409692 0.57094021 0.69647236 5.674058097331e+00 1.651806293006e+00 4.805735093711e+01 1.185876579749e-01 2.614875944769e-01
0 59 2 1.50093332 1.11291765 2.62409692 0.57094021 0.69647236 5.089689877294e+00 1.732825936195e+00 4.929258618159e+01 1.235992660174e-01 2.708926685271e-01
0 60 2 1.50093332 1.11291765 2.62409692 0.57094021 0.69647236 4.511007934114e+00 1.778459922777e+00 4.938489515024e+01 1.267711311838e-01 2.765045551546e-01
0 61 2 1.50093332 1.11291765 2.62409692 0.57094021 0.69647236 3.993545481353e+00 1.853512757657e+00 5.468565590903e+01 1.296261140668e-01 2.878901107688e-01
0 62 2 1.50093332 1.11291765 2.62409692 0.57094021 0.69647236 3.626659990615e+00 1.921289783921e+00 5.239388431944e+01 1.370760326867e-01 3.031817231049e-01
0 63 2 1.50093332 1.11291765 2.62409692 0.57094021 0.69647236 3.514013420892e+00 1.999782355809e+00 5.799469879797e+01 1.419035428057e-01 3.136305593487e-01
3 0 2 1.94867237 0.55284568 0.72802907 0.40063813 0.42128922 1.585379982334e-01 1.041048731064e-01 3.325611450705e-01 6.803831370130e-03 3.542249996420e-02
3 1 2 1.94867237 0.55284568 0.72802907 0.40063813 0.42128922 1.530672031122e-01 1.010706437506e-01 3.207832126698e-01 6.619159538322e-03 3.454720306377e-02
3 2 2 1.94867237 0.55284568 0.72802907 0.40063813 0.42128922 1.475561201249e-01 9.681871879047e-02 3.084658829251e-01 6.492753292511e-03 3.327454023981e-02
3 3 2 1.94867237 0.55284568 0.72802907 0.40063813 0.42128922 1.417635889407e-01 9.394005366345e-02 2.961177298797e-01 6.153700603985e-03 3.170087491915e-02
3 4 2 1.94867237 0.55284568 0.72802907 0.40063813 0.42128922 1.366575786038e-01 9.002691341629e-02 2.852314149070e-01 6.132495584306e-03 3.045665055392e-02
3 5 2 1.94867237 0.55284568 0.72802907 0.40063813 0.42128922 1.318704128606e-01 8.730427484019e-02 2.751283436256e-01 5.793038928095e-03 2.967502199087e-02
3 6 2 1.94867237 0.55284568 0.72802907 0.40063813 0.42128922 1.267291498867e-01 8.372884263320e-02 2.645069446767e-01 5.705733880752e-03 2.881779150059e-02
3 7 2 1.94867237 0.55284568 0.72802907 0.40063813 0.42128922 1.219861371172e-01 8.116484104834e-02 2.541605449350e-01 5.509039609640e-03 2.757109865581e-02
3 8 2 1.94867237 0.55284568 0.72802907 0.40063813 0.42128922 1.178062362531e-01 7.792431578935e-02 2.451823603851e-01 5.275905431632e-03 2.632361560149e-02
3 9 2 1.94867237 0.55284568 0.72802907 0.40063813 0.42128922 1.133909653874e-01 7.552330499428e-02 2.366838984241e-01 5.221657108822e-03 2.550447301306e-02
3 10 2 1.94867237 0.55284568 0.72802907 0.40063813 0.42128922 1.090751354692e-01 7.261356969355e-02 2.277605076653e-01 4.917834740312e-03 2.490471894969e-02
3 11 2 1.94867237 0.55284568 0.72802907 0.40063813 0.42128922 1.053958578597e-01 7.038123272564e-02 2.193491740861e-01 4.880398667082e-03 2.405135230239e-02
3 12 2 1.94867237 0.55284568 0.72802907 0.40063813 0.42128922 1.017142176769e-01 6.779726436376e-02 2.121599197684e-01 4.646104142363e-03 2.297072756027e-02
3 13 2 1.94867237 0.55284568 0.72802907 0.40063813 0.42128922 9.792116989731e-02 6.574020521009e-02 2.052208479722e-01 4.508112920939e-03 2.211268272118e-02
3 14 2 1.94867237 0.55284568 0.72802907 0.40063813 0.42128922 9.467820000341e-02 6.347647115836e-02 1.979921007640e-01 4.408751566119e-03 2.161309245226e-02
3 15 2 1.94867237 0.55284568 0.72802907 0.40063813 0.42128922 9.168286948084e-02 6.160182660030e-02 1.914452173521e-01 4.170512347635e-03 2.110073514424e-02
3 16 2 1.94867237 0.55284568 0.72802907 0.40063813 0.42128922 8.850281244930e-02 5.965265388851e-02 1.859517092026e-01 4.144299097321e-03 2.031582655134e-02
3 17 2 1.94867237 0.55284568 0.72802907 0.40063813 0.42128922 8.568536638222e-02 5.796773850212e-02 1.805484039247e-01 3.909086968337e-03 1.951289881618e-02
3 18 2 1.94867237 0.55284568 0.72802907 0.40063813 0.42128922 8.330072586206e-02 5.632764369464e-02 1.750082703880e-01 3.840822433003e-03 1.902738670655e-02
3 19 2 1.94867237 0.55284568 0.72802907 0.40063813 0.42128922 8.079211677400e-02 5.483963939183e-02 1.702628952948e-01 3.704909496096e-03 1.874097677959e-02
3 20 2 1.94867237 0.55284568 0.72802907 0.40063813 0.42128922 7.843488252040e-02 5.350360862677e-02 1.664013103504e-01 3.541286770673e-03 1.829466456524e-02
3 21 2 1.94867237 0.55284568 0.72802907 0.40063813 0.42128922 7.658574693755e-02 5.221930818615e-02 1.625276676447e-01 3.503631905157e-03 1.767023254721e-02
3 22 2 1.94867237 0.55284568 0.72802907 0.40063813 0.42128922 7.476489034176e-02 5.118301899863e-02 1.586718440898e-01 3.296578985602e-03 1.720186727463e-02
3 23 2 1.94867237 0.55284568 0.72802907 0.40063813 0.42128922 7.292863006043e-02 5.010863085366e-02 1.556815802104e-01 3.270891779268e-03 1.702915463550e-02
3 24 2 1.94867237 0.55284568 0.72802907 0.40063813 0.42128922 7.156164080682e-02 4.936860968441e-02 1.534166058072e-01 3.116537739957e-03 1.688394358913e-02
3 25 2 1.94867237 0.55284568 0.72802907 0.40063813 0.42128922 7.040664279668e-02 4.850962887581e-02 1.510801449302e-01 3.022555808084e-03 1.653372543448e-02
3 26 2 1.94867237 0.55284568 0.72802907 0.40063813 0.42128922 6.915658686177e-02 4.806334059059e-02 1.489111423846e-01 2.965136724164e-03 1.615138803744e-02
3 27 2 1.94867237 0.55284568 0.72802907 0.40063813 0.42128922 6.825048314866e-02 4.742448831957e-02 1.476513112358e-01 2.804368614575e-03 1.602650390331e-02
3 28 2 1.94867237 0.55284568 0.72802907 0.40063813 0.42128922 6.771386059874e-02 4.727035656564e-02 1.469718878854e-01 2.799292595312e-03 1.609868111780e-02
3 29 2 1.94867237 0.55284568 0.72802907 0.40063813 0.42128922 6.710229808664e-02 4.685558827197e-02 1.461906386395e-01 2.645726335544e-03 1.606210972879e-02
3 30 2 1.94867237 0.55284568 0.72802907 0.40063813 0.42128922 6.666826615755e-02 4.699294800371e-02 1.457225449188e-01 2.610233876698e-03 1.586179672194e-02
3 31 2 1.94867237 0.55284568 0.72802907 0.40063813 0.42128922 6.669226545812e-02 4.680552741205e-02 1.461911507051e-01 2.533478782979e-03 1.577992103099e-02
3 32 2 1.94867237 0.55284568 0.72802907 0.40063813 0.42128922 6.674763722220e-02 4.723451335732e-02 1.471038746293e-01 2.428668264694e-03 1.597793666613e-02
3 33 2 1.94867237 0.55284568 0.72802907 0.40063813 0.42128922 6.682317711697e-02 4.727714755461e-02 1.479044049700e-01 2.427994385587e-03 1.623475424241e-02
3 34 2 1.94867237 0.55284568 0.72802907 0.40063813 0.42128922 6.735417128124e-02 4.799852469822e-02 1.491662888996e-01 2.292645827687e-03 1.630416372008e-02
3 35 2 1.94867237 0.55284568 0.72802907 0.40063813 0.42128922 6.807606729092e-02 4.827355309265e-02 1.513807420794e-01 2.302460917074e-03 1.631653966701e-02
3 36 2 1.94867237 0.55284568 0.72802907 0.40063813 0.42128922 6.871523662625e-02 4.928849735892e-02 1.539021697549e-01 2.211311443088e-03 1.657250359456e-02
3 37 2 1.94867237 0.55284568 0.72802907 0.40063813 0.42128922 6.971610886077e-02 4.979812538819e-02 1.563188312612e-01 2.167155493618e-03 1.705376080514e-02
3 38 2 1.94867237 0.55284568 0.72802907 0.40063813 0.42128922 7.107507239553e-02 5.110796455004e-02 1.593558466710e-01 2.158127199902e-03 1.744427984420e-02
3 39 2 1.94867237 0.55284568 0.72802907 0.40063813 0.42128922 7.233616393544e-02 5.185453131142e-02 1.633459134287e-01 2.057777633256e-03 1.764212655298e-02
3 40 2 1.94867237 0.55284568 0.72802907 0.40063813 0.42128922 7.379645749360e-02 5.346045768766e-02 1.674950692394e-01 2.097391921804e-03 1.793682269454e-02
3 41 2 1.94867237 0.55284568 0.72802907 0.40063813 0.42128922 7.573877672353e-02 5.444672530186e-02 1.715702356381e-01 2.001111050140e-03 1.854622698042e-02
3 42 2 1.94867237 0.55284568 0.72802907 0.40063813 0.42128922 7.766955620208e-02 5.634949298117e-02 1.764416789027e-01 2.017771744765e-03 1.925092292075e-02
3 43 2 1.94867237 0.55284568 0.72802907 0.40063813 0.42128922 7.961201866520e-02 5.757894451738e-02 1.822396092516e-01 1.990404856037e-03 1.973765788629e-02
3 44 2 1.94867237 0.55284568 0.72802907 0.40063813 0.42128922 8.207086373014e-02 5.977856463276e-02 1.880319132659e-01 1.942301016034e-03 2.011798185045e-02
3 45 2 1.94867237 0.55284568 0.72802907 0.40063813 0.42128922 8.469264430648e-02 6.125569684368e-02 1.938166837606e-01 1.992070845223e-03 2.076694406808e-02
3 46 2 1.94867237 0.55284568 0.72802907 0.40063813 0.42128922 8.717293948848e-02 6.375114478911e-02 2.005905759772e-01 1.906878536304e-03 2.171054086597e-02
3 47 2 1.94867237 0.55284568 0.72802907 0.40063813 0.42128922 9.008645045278e-02 6.548174175126e-02 2.082197953027e-01 1.976689715806e-03 2.255955391321e-02
3 48 2 1.94867237 0.55284568 0.72802907 0.40063813 0.42128922 9.338101427324e-02 6.827069016923e-02 2.156633805203e-01 1.927180116503e-03 2.313699106514e-02
3 49 2 1.94867237 0.55284568 0.72802907 0.40063813 0.42128922 9.647694519249e-02 7.026206420467e-02 2.232179590337e-01 1.946359197639e-03 2.379167509833e-02
3 50 2 1.94867237 0.55284568 0.72802907 0.40063813 0.42128922 9.981068648140e-02 7.334065507571e-02 2.319621660444e-01 1.983508957208e-03 2.484760974868e-02
3 51 2 1.94867237 0.55284568 0.72802907 0.40063813 0.42128922 1.037163850190e-01 7.560184204418e-02 2.414262306645e-01 1.933981459465e-03 2.605497994779e-02
3 52 2 1.94867237 0.55284568 0.72802907 0.40063813 0.42128922 1.075055040709e-01 7.896451028597e-02 2.505212073295e-01 2.037420807845e-03 2.696999299531e-02
3 53 2 1.94867237 0.55284568 0.72802907 0.40063813 0.42128922 1.112724278982e-01 8.150640746567e-02 2.599140121101e-01 1.974328442762e-03 2.769172072641e-02
3 54 2 1.94867237 0.55284568 0.72802907 0.40063813 0.42128922 1.156953455658e-01 8.514576712091e-02 2.706844607760e-01 2.066458102219e-03 2.873653160671e-02
3 55 2 1.94867237 0.55284568 0.72802907 0.40063813 0.42128922 1.202251050070e-01 8.798120341723e-02 2.819581063836e-01 2.071536090279e-03 3.019573488540e-02
3 56 2 1.94867237 0.55284568 0.72802907 0.40063813 0.42128922 1.244934768277e-01 9.188800580377e-02 2.926987883233e-01 2.086641569659e-03 3.154771291811e-02
3 57 2 1.94867237 0.55284568 0.72802907 0.40063813 0.42128922 1.293351120448e-01 9.503173590496e-02 3.040033583836e-01 2.192395634979e-03 3.249477683842e-02
3 58 2 1.94867237 0.55284568 0.72802907 0.40063813 0.42128922 1.345955030572e-01 9.919490706289e-02 3.168304992176e-01 2.141057292466e-03 3.348643093784e-02
3 59 2 1.94867237 0.55284568 0.72802907 0.40063813 0.42128922 1.394766986445e-01 1.026635233474e-01 3.298544896091e-01 2.294073963836e-03 3.501612526887e-02
3 60 2 1.94867237 0.55284568 0.72802907 0.40063813 0.42128922 1.446721762616e-01 1.070702857953e-01 3.422339961185e-01 2.261621456301e-03 3.678749974303e-02
3 61 2 1.94867237 0.55284568 0.72802907 0.40063813 0.42128922 1.505837802026e-01 1.108820442416e-01 3.555229896023e-01 2.364196364612e-03 3.815522523130e-02
3 62 2 1.94867237 0.55284568 0.72802907 0.40063813 0.42128922 1.561983281278e-01 1.155181255040e-01 3.703982032036e-01 2.436833500314e-03 3.919326515521e-02
3 63 2 1.94867237 0.55284568 0.72802907 0.40063813 0.42128922 1.617518290239e-01 1.196926844914e-01 3.850792837248e-01 2.436807809189e-03 4.062639428065e-02
12 0 2 0.97781546 2.83909847 3.72139746 0.81546940 1.10312808 1.415843633881e+00 7.130349263889e+01 1.983693581341e+02 5.461153089942e-01 1.789161585015e+00
12 1 2 0.97781546 2.83909847 3.72139746 0.81546940 1.10312808 1.475820289418e+00 6.884148219284e+01 1.916637372426e+02 5.201102734728e-01 1.724415618920e+00
12 2 2 0.97781546 2.83909847 3.72139746 0.81546940 1.10312808 1.503842868104e+00 6.639160676531e+01 1.849875309330e+02 5.074934587745e-01 1.665775592865e+00
12 3 2 0.97781546 2.83909847 3.72139746 0.81546940 1.10312808 1.500939859992e+00 6.414730837997e+01 1.786273067976e+02 4.855793988710e-01 1.618046966738e+00
12 4 2 0.97781546 2.83909847 3.72139746 0.81546940 1.10312808 1.481254651746e+00 6.179333389561e+01 1.724564477960e+02 4.671636816829e-01 1.545569831702e+00
12 5 2 0.97781546 2.83909847 3.72139746 0.81546940 1.10312808 1.445710162163e+00 5.972418618531e+01 1.664954089254e+02 4.527045672284e-01 1.487868380415e+00
12 6 2 0.97781546 2.83909847 3.72139746 0.81546940 1.10312808 1.385745662609e+00 5.753841953121e+01 1.607965766164e+02 4.358063780629e-01 1.435220138338e+00
12 7 2 0.97781546 2.83909847 3.72139746 0.81546940 1.10312808 1.302816123025e+00 5.564379054072e+01 1.553381128759e+02 4.176260409616e-01 1.393653266590e+00
12 8 2 0.97781546 2.83909847 3.72139746 0.81546940 1.10312808 1.201440810130e+00 5.365966875580e+01 1.499826268427e+02 4.059013326014e-01 1.342012489262e+00
12 9 2 0.97781546 2.83909847 3.72139746 0.81546940 1.10312808 1.085929973217e+00 5.186609781103e+01 1.450465799084e+02 3.887894246840e-01 1.284203654939e+00
12 10 2 0.97781546 2.83909847 3.72139746 0.81546940 1.10312808 9.676865894761e-01 5.007234211558e+01 1.401794720110e+02 3.771932770861e-01 1.241424718758e+00
12 11 2 0.97781546 2.83909847 3.72139746 0.81546940 1.10312808 8.531753978590e-01 4.843165759899e+01 1.355958419934e+02 3.626228415891e-01 1.204169700636e+00
12 12 2 0.97781546 2.83909847 3.72139746 0.81546940 1.10312808 7.383937996932e-01 4.683149382564e+01 1.312356538597e+02 3.499243208106e-01 1.165932751680e+00
12 13 2 0.97781546 2.83909847 3.72139746 0.81546940 1.10312808 6.256402615828e-01 4.536372106685e+01 1.271554464877e+02 3.398786415338e-01 1.121254033287e+00
12 14 2 0.97781546 2.83909847 3.72139746 0.81546940 1.10312808 5.257132257158e-01 4.389077191019e+01 1.231653103417e+02 3.271808802339e-01 1.079432428199e+00
12 15 2 0.97781546 2.83909847 3.72139746 0.81546940 1.10312808 4.451094446625e-01 4.260096707072e+01 1.195442934623e+02 3.172633613449e-01 1.052542612507e+00
12 16 2 0.97781546 2.83909847 3.72139746 0.81546940 1.10312808 3.854501630850e-01 4.129441027214e+01 1.161243267762e+02 3.064259473896e-01 1.021591799161e+00
12 17 2 0.97781546 2.83909847 3.72139746 0.81546940 1.10312808 3.470427097050e-01 4.018578103173e+01 1.128026890033e+02 2.999647799582e-01 9.897339758925e-01
12 18 2 0.97781546 2.83909847 3.72139746 0.81546940 1.10312808 3.276199394866e-01 3.905721373672e+01 1.099326280293e+02 2.878532791846e-01 9.568726585120e-01
12 19 2 0.97781546 2.83909847 3.72139746 0.81546940 1.10312808 3.247185779854e-01 3.806907506181e+01 1.070689579884e+02 2.826221311410e-01 9.323628081686e-01
12 20 2 0.97781546 2.83909847 3.72139746 0.81546940 1.10312808 3.394557527493e-01 3.713734255550e+01 1.046111608481e+02 2.742548098884e-01 9.149916918837e-01
12 21 2 0.97781546 2.83909847 3.72139746 0.81546940 1.10312808 3.722067243240e-01 3.629559452059e+01 1.022360999424e+02 2.677189058666e-01 8.889837784224e-01
12 22 2 0.97781546 2.83909847 3.72139746 0.81546940 1.10312808 4.164200368933e-01 3.556715879188e+01 1.002232390808e+02 2.629040884656e-01 8.687648778685e-01
12 23 2 0.97781546 2.83909847 3.72139746 0.81546940 1.10312808 4.636213335341e-01 3.487361140083e+01 9.832849482340e+01 2.554592711780e-01 8.494120701514e-01
12 24 2 0.97781546 2.83909847 3.72139746 0.81546940 1.10312808 5.120468077472e-01 3.429588621309e+01 9.673779552466e+01 2.527582615270e-01 8.399812944617e-01
12 25 2 0.97781546 2.83909847 3.72139746 0.81546940 1.10312808 5.623686586709e-01 3.377800267404e+01 9.532154343634e+01 2.489392553160e-01 8.260710468496e-01
12 26 2 0.97781546 2.83909847 3.72139746 0.81546940 1.10312808 6.120155996504e-01 3.336627392299e+01 9.420326058029e+01 2.436061078834e-01 8.112530855307e-01
12 27 2 0.97781546 2.83909847 3.72139746 0.81546940 1.10312808 6.588748020138e-01 3.303477767405e+01 9.322645281731e+01 2.428043309782e-01 8.027737124571e-01
12 28 2 0.97781546 2.83909847 3.72139746 0.81546940 1.10312808 7.001116915618e-01 3.278024885059e+01 9.254877578708e+01 2.409146675400e-01 7.995195157660e-01
12 29 2 0.97781546 2.83909847 3.72139746 0.81546940 1.10312808 7.297974172236e-01 3.259220207760e+01 9.208366885517e+01 2.375298481236e-01 7.962687520461e-01
12 30 2 0.97781546 2.83909847 3.72139746 0.81546940 1.10312808 7.478279316213e-01 3.252625486587e+01 9.183771421210e+01 2.401665769632e-01 7.912496066437e-01
12 31 2 0.97781546 2.83909847 3.72139746 0.81546940 1.10312808 7.599893432655e-01 3.249101279111e+01 9.178128562519e+01 2.361272090354e-01 7.868381311519e-01
12 32 2 0.97781546 2.83909847 3.72139746 0.81546940 1.10312808 7.654173048341e-01 3.262653355974e+01 9.210054751420e+01 2.403258394986e-01 7.958851811270e-01
12 33 2 0.97781546 2.83909847 3.72139746 0.81546940 1.10312808 7.587518072943e-01 3.272648611440e+01 9.242676880860e+01 2.403947052017e-01 7.992342439305e-01
12 34 2 0.97781546 2.83909847 3.72139746 0.81546940 1.10312808 7.392685388468e-01 3.302786373000e+01 9.318723233230e+01 2.403612322440e-01 8.065427395334e-01
12 35 2 0.97781546 2.83909847 3.72139746 0.81546940 1.10312808 7.072051621128e-01 3.329918024431e+01 9.406428397846e+01 2.465380714482e-01 8.073289134571e-01
12 36 2 0.97781546 2.83909847 3.72139746 0.81546940 1.10312808 6.636585917083e-01 3.376961517217e+01 9.519705587899e+01 2.470494596480e-01 8.229275284513e-01
12 37 2 0.97781546 2.83909847 3.72139746 0.81546940 1.10312808 6.151621601554e-01 3.422971393189e+01 9.656140483699e+01 2.518951061171e-01 8.391596367731e-01
12 38 2 0.97781546 2.83909847 3.72139746 0.81546940 1.10312808 5.654507496278e-01 3.483880666690e+01 9.816200818035e+01 2.566861082346e-01 8.539371570848e-01
12 39 2 0.97781546 2.83909847 3.72139746 0.81546940 1.10312808 5.116943257192e-01 3.546300236970e+01 9.999323416600e+01 2.610814771386e-01 8.651803695599e-01
12 40 2 0.97781546 2.83909847 3.72139746 0.81546940 1.10312808 4.555971187682e-01 3.624760666753e+01 1.020059714116e+02 2.679541753146e-01 8.843018257708e-01
12 41 2 0.97781546 2.83909847 3.72139746 0.81546940 1.10312808 4.053315484858e-01 3.703845928270e+01 1.043477542370e+02 2.744409379486e-01 9.102261339431e-01
12 42 2 0.97781546 2.83909847 3.72139746 0.81546940 1.10312808 3.670962118832e-01 3.801610041320e+01 1.067929725261e+02 2.793926610450e-01 9.385119639439e-01
12 43 2 0.97781546 2.83909847 3.72139746 0.81546940 1.10312808 3.442777598134e-01 3.893239118336e+01 1.095974901653e+02 2.911175799813e-01 9.550835009108e-01
12 44 2 0.97781546 2.83909847 3.72139746 0.81546940 1.10312808 3.391933374692e-01 4.008695443858e+01 1.124881271322e+02 2.963917712888e-01 9.843539395138e-01
12 45 2 0.97781546 2.83909847 3.72139746 0.81546940 1.10312808 3.515882458425e-01 4.116986354403e+01 1.157607015944e+02 3.065870113808e-01 1.012893975998e+00
12 46 2 0.97781546 2.83909847 3.72139746 0.81546940 1.10312808 3.809141410509e-01 4.250068493298e+01 1.191408144293e+02 3.167125596110e-01 1.055978328581e+00
12 47 2 0.97781546 2.83909847 3.72139746 0.81546940 1.10312808 4.308479917581e-01 4.377097328686e+01 1.227760111920e+02 3.265529333297e-01 1.081927916123e+00
12 48 2 0.97781546 2.83909847 3.72139746 0.81546940 1.10312808 5.048369183303e-01 4.521873012988e+01 1.267041796320e+02 3.387284274301e-01 1.116596468429e+00
12 49 2 0.97781546 2.83909847 3.72139746 0.81546940 1.10312808 5.973443851392e-01 4.667782187459e+01 1.307980807566e+02 3.485563137399e-01 1.154561534686e+00
12 50 2 0.97781546 2.83909847 3.72139746 0.81546940 1.10312808 6.990562995402e-01 4.828057346658e+01 1.350583710626e+02 3.629854718300e-01 1.202846988344e+00
12 51 2 0.97781546 2.83909847 3.72139746 0.81546940 1.10312808 8.086464602694e-01 4.993340133988e+01 1.397572749344e+02 3.744807095969e-01 1.244482535857e+00
12 52 2 0.97781546 2.83909847 3.72139746 0.81546940 1.10312808 9.273620392299e-01 5.170499937443e+01 1.444122260288e+02 3.904243840004e-01 1.284328603750e+00
12 53 2 0.97781546 2.83909847 3.72139746 0.81546940 1.10312808 1.051590256513e+00 5.348019026371e+01 1.495097648049e+02 4.009563756383e-01 1.328706556839e+00
12 54 2 0.97781546 2.83909847 3.72139746 0.81546940 1.10312808 1.178185992093e+00 5.543639425869e+01 1.546861407282e+02 4.197679651236e-01 1.388613022518e+00
12 55 2 0.97781546 2.83909847 3.72139746 0.81546940 1.10312808 1.300425176517e+00 5.737428674281e+01 1.602587490698e+02 4.344721380330e-01 1.435489181052e+00
12 56 2 0.97781546 2.83909847 3.72139746 0.81546940 1.10312808 1.404228288430e+00 5.952092545675e+01 1.657786367275e+02 4.488155870560e-01 1.490612792878e+00
12 57 2 0.97781546 2.83909847 3.72139746 0.81546940 1.10312808 1.486404638648e+00 6.163060021180e+01 1.718847362585e+02 4.681925172910e-01 1.535141565342e+00
12 58 2 0.97781546 2.83909847 3.72139746 0.81546940 1.10312808 1.555086865799e+00 6.387770902305e+01 1.778831069861e+02 4.848801975911e-01 1.608219578286e+00
12 59 2 0.97781546 2.83909847 3.72139746 0.81546940 1.10312808 1.605591592474e+00 6.620076824808e+01 1.843211352787e+02 5.027996472348e-01 1.665201792194e+00
12 60 2 0.97781546 2.83909847 3.72139746 0.81546940 1.10312808 1.625396392815e+00 6.858174520256e+01 1.908916191618e+02 5.234416343009e-01 1.725454944660e+00
12 61 2 0.97781546 2.83909847 3.72139746 0.81546940 1.10312808 1.611297407563e+00 7.113385180067e+01 1.976827910304e+02 5.397338499708e-01 1.781698001389e+00
12 62 2 0.97781546 2.83909847 3.72139746 0.81546940 1.10312808 1.561461531959e+00 7.364031509212e+01 2.047951964468e+02 5.627090828692e-01 1.855707751075e+00
12 63 2 0.97781546 2.83909847 3.72139746 0.81546940 1.10312808 1.478719486957e+00 7.632129310852e+01 2.119301265363e+02 5.860815210940e-01 1.932549546896e+00
14 0 2 1.40234748 1.08155070 2.60687968 0.55763909 0.68918579 2.494429288387e+00 1.654745774590e+00 4.964272975467e+01 1.207167748175e-01 2.761098446445e-01
14 1 2 1.40234748 1.08155070 2.60687968 0.55763909 0.68918579 2.563614620535e+00 1.606941182832e+00 5.152031870774e+01 1.143058426211e-01 2.669752201119e-01
14 2 2 1.40234748 1.08155070 2.60687968 0.55763909 0.68918579 2.792421762312e+00 1.538718932381e+00 4.639054830509e+01 1.118158486656e-01 2.615890977220e-01
14 3 2 1.40234748 1.08155070 2.60687968 0.55763909 0.68918579 3.136871871141e+00 1.484477501052e+00 4.713626155201e+01 1.069480721309e-01 2.495849503598e-01
14 4 2 1.40234748 1.08155070 2.60687968 0.55763909 0.68918579 3.563307269567e+00 1.434518635243e+00 4.442767771407e+01 1.044829748227e-01 2.411210758162e-01
14 5 2 1.40234748 1.08155070 2.60687968 0.55763909 0.68918579 4.033974559995e+00 1.382959186394e+00 4.245738044119e+01 1.008305306083e-01 2.305990307208e-01
14 6 2 1.40234748 1.08155070 2.60687968 0.55763909 0.68918579 4.494051593939e+00 1.324775746738e+00 4.267621901290e+01 9.505984108719e-02 2.216150202170e-01
14 7 2 1.40234748 1.08155070 2.60687968 0.55763909 0.68918579 4.875657667784e+00 1.287638331594e+00 3.862005213715e+01 9.182399139129e-02 2.150243374044e-01
14 8 2 1.40234748 1.08155070 2.60687968 0.55763909 0.68918579 5.118773625662e+00 1.237140040768e+00 4.011125127197e+01 8.983081447027e-02 2.104038626135e-01
14 9 2 1.40234748 1.08155070 2.60687968 0.55763909 0.68918579 5.193588015310e+00 1.190582225095e+00 3.623210791211e+01 8.719515889198e-02 1.992064717971e-01
14 10 2 1.40234748 1.08155070 2.60687968 0.55763909 0.68918579 5.106987770624e+00 1.152076577219e+00 3.671560725143e+01 8.256654813072e-02 1.916858472999e-01
14 11 2 1.40234748 1.08155070 2.60687968 0.55763909 0.68918579 4.888883030641e+00 1.114506525908e+00 3.485036458001e+01 8.014709075800e-02 1.855285206290e-01
14 12 2 1.40234748 1.08155070 2.60687968 0.55763909 0.68918579 4.570236626728e+00 1.069928897868e+00 3.318375352612e+01 7.675009491140e-02 1.800848238968e-01
14 13 2 1.40234748 1.08155070 2.60687968 0.55763909 0.68918579 4.170283735039e+00 1.038124149118e+00 3.362053198922e+01 7.460169450461e-02 1.740351296639e-01
14 14 2 1.40234748 1.08155070 2.60687968 0.55763909 0.68918579 3.701299766040e+00 1.007002277285e+00 3.044646438697e+01 7.363155768705e-02 1.695745875877e-01
14 15 2 1.40234748 1.08155070 2.60687968 0.55763909 0.68918579 3.183830428824e+00 9.685178293342e-01 3.176870216419e+01 6.974248323336e-02 1.609951287863e-01
14 16 2 1.40234748 1.08155070 2.60687968 0.55763909 0.68918579 2.656785634946e+00 9.424213279610e-01 2.887915769360e+01 6.703577091752e-02 1.562014151189e-01
14 17 2 1.40234748 1.08155070 2.60687968 0.55763909 0.68918579 2.171937023332e+00 9.155516085174e-01 2.934239234019e+01 6.546632126662e-02 1.533385640391e-01
14 18 2 1.40234748 1.08155070 2.60687968 0.55763909 0.68918579 1.776096992619e+00 8.879249939322e-01 2.814663437909e+01 6.442775467181e-02 1.496832690981e-01
14 19 2 1.40234748 1.08155070 2.60687968 0.55763909 0.68918579 1.494640940821e+00 8.608259407656e-01 2.688342283406e+01 6.224027737871e-02 1.438631386730e-01
14 20 2 1.40234748 1.08155070 2.60687968 0.55763909 0.68918579 1.328554119803e+00 8.469655275992e-01 2.752900036452e+01 6.062813786907e-02 1.407711548418e-01
14 21 2 1.40234748 1.08155070 2.60687968 0.55763909 0.68918579 1.265690995254e+00 8.189598289518e-01 2.515626588602e+01 5.874840253189e-02 1.360394632420e-01
14 22 2 1.40234748 1.08155070 2.60687968 0.55763909 0.68918579 1.295535377643e+00 8.046297179809e-01 2.645332976116e+01 5.685423909870e-02 1.338793112525e-01
14 23 2 1.40234748 1.08155070 2.60687968 0.55763909 0.68918579 1.414922130990e+00 7.879623347721e-01 2.441291159604e+01 5.741710378832e-02 1.326133970211e-01
14 24 2 1.40234748 1.08155070 2.60687968 0.55763909 0.68918579 1.620910221607e+00 7.766847454397e-01 2.494709932008e+01 5.594579975350e-02 1.300961883626e-01
14 25 2 1.40234748 1.08155070 2.60687968 0.55763909 0.68918579 1.898430032145e+00 7.572213170204e-01 2.440829782408e+01 5.426897089903e-02 1.256081647213e-01
14 26 2 1.40234748 1.08155070 2.60687968 0.55763909 0.68918579 2.214780171965e+00 7.565116089210e-01 2.347750739484e+01 5.353231842986e-02 1.250955286014e-01
14 27 2 1.40234748 1.08155070 2.60687968 0.55763909 0.68918579 2.527098598283e+00 7.422268497602e-01 2.449825253619e+01 5.328197519508e-02 1.239994766539e-01
14 28 2 1.40234748 1.08155070 2.60687968 0.55763909 0.68918579 2.797908242365e+00 7.380293877983e-01 2.268619577694e+01 5.312444079092e-02 1.234552483097e-01
14 29 2 1.40234748 1.08155070 2.60687968 0.55763909 0.68918579 3.007043827409e+00 7.328175006659e-01 2.422654035406e+01 5.289632427524e-02 1.229104456023e-01
14 30 2 1.40234748 1.08155070 2.60687968 0.55763909 0.68918579 3.151240667216e+00 7.354125851573e-01 2.280036935616e+01 5.267257329767e-02 1.221434232473e-01
14 31 2 1.40234748 1.08155070 2.60687968 0.55763909 0.68918579 3.232804506038e+00 7.275070355771e-01 2.356798649404e+01 5.140300765318e-02 1.202028461480e-01
14 32 2 1.40234748 1.08155070 2.60687968 0.55763909 0.68918579 3.247658928210e+00 7.359242098901e-01 2.361798493068e+01 5.270146736318e-02 1.224918051413e-01
14 33 2 1.40234748 1.08155070 2.60687968 0.55763909 0.68918579 3.183374975414e+00 7.381040341053e-01 2.298292312491e+01 5.356696725574e-02 1.239626626588e-01
14 34 2 1.40234748 1.08155070 2.60687968 0.55763909 0.68918579 3.029275110454e+00 7.425994733074e-01 2.452025416883e+01 5.322379790281e-02 1.242770375524e-01
14 35 2 1.40234748 1.08155070 2.60687968 0.55763909 0.68918579 2.790378253748e+00 7.502395395577e-01 2.305658149684e+01 5.376501726464e-02 1.246791185575e-01
14 36 2 1.40234748 1.08155070 2.60687968 0.55763909 0.68918579 2.493369688408e+00 7.642263431009e-01 2.507053074563e+01 5.415836253516e-02 1.267866783160e-01
14 37 2 1.40234748 1.08155070 2.60687968 0.55763909 0.68918579 2.179001303271e+00 7.712514315559e-01 2.406373218872e+01 5.538030118446e-02 1.278806434392e-01
14 38 2 1.40234748 1.08155070 2.60687968 0.55763909 0.68918579 1.886305597539e+00 7.858459754863e-01 2.519377284270e+01 5.678168054994e-02 1.322054322324e-01
14 39 2 1.40234748 1.08155070 2.60687968 0.55763909 0.68918579 1.640641474408e+00 8.059462483309e-01 2.578607896275e+01 5.838829175039e-02 1.351770948151e-01
14 40 2 1.40234748 1.08155070 2.60687968 0.55763909 0.68918579 1.454248282622e+00 8.188710982486e-01 2.540174463077e+01 5.819950493932e-02 1.364808899506e-01
14 41 2 1.40234748 1.08155070 2.60687968 0.55763909 0.68918579 1.337301749888e+00 8.397966607459e-01 2.757762011035e+01 5.969580727515e-02 1.387707278507e-01
14 42 2 1.40234748 1.08155070 2.60687968 0.55763909 0.68918579 1.308349591172e+00 8.635978556901e-01 2.630389962607e+01 6.265851993487e-02 1.445744163129e-01
14 43 2 1.40234748 1.08155070 2.60687968 0.55763909 0.68918579 1.393310339303e+00 8.877062073454e-01 2.892816214694e+01 6.378273609723e-02 1.481819316215e-01
14 44 2 1.40234748 1.08155070 2.60687968 0.55763909 0.68918579 1.612037771864e+00 9.073454408503e-01 2.826610587449e+01 6.596556983548e-02 1.532674743589e-01
14 45 2 1.40234748 1.08155070 2.60687968 0.55763909 0.68918579 1.962689283526e+00 9.445381670500e-01 2.974963596019e+01 6.729331271701e-02 1.574410660255e-01
14 46 2 1.40234748 1.08155070 2.60687968 0.55763909 0.68918579 2.417048869732e+00 9.678097826544e-01 3.098577929129e+01 6.913485728517e-02 1.609421943989e-01
14 47 2 1.40234748 1.08155070 2.60687968 0.55763909 0.68918579 2.931507138085e+00 1.000799865503e+00 3.065659214165e+01 7.211821882426e-02 1.660009382410e-01
14 48 2 1.40234748 1.08155070 2.60687968 0.55763909 0.68918579 3.465340005872e+00 1.034237136820e+00 3.372999241491e+01 7.571082700852e-02 1.752001502322e-01
14 49 2 1.40234748 1.08155070 2.60687968 0.55763909 0.68918579 3.991508585422e+00 1.075614292956e+00 3.237795330267e+01 7.734508050962e-02 1.800553682009e-01
14 50 2 1.40234748 1.08155070 2.60687968 0.55763909 0.68918579 4.491523903699e+00 1.102097555581e+00 3.582747361183e+01 7.864820433368e-02 1.851431308352e-01
14 51 2 1.40234748 1.08155070 2.60687968 0.55763909 0.68918579 4.940126303508e+00 1.152305183667e+00 3.537589990696e+01 8.318357268507e-02 1.915197821314e-01
14 52 2 1.40234748 1.08155070 2.60687968 0.55763909 0.68918579 5.295396200587e+00 1.190259112100e+00 3.724474082567e+01 8.581667508775e-02 1.988761581033e-01
14 53 2 1.40234748 1.08155070 2.60687968 0.55763909 0.68918579 5.506309270084e+00 1.232802077176e+00 3.920223965419e+01 8.975911029262e-02 2.063504236389e-01
14 54 2 1.40234748 1.08155070 2.60687968 0.55763909 0.68918579 5.535019444045e+00 1.276855078454e+00 3.874172125023e+01 9.301565313262e-02 2.172836312592e-01
14 55 2 1.40234748 1.08155070 2.60687968 0.55763909 0.68918579 5.377713973779e+00 1.333493532126e+00 4.295903121635e+01 9.476369948190e-02 2.226401595571e-01
14 56 2 1.40234748 1.08155070 2.60687968 0.55763909 0.68918579 5.067715908794e+00 1.371603349322e+00 4.128299882169e+01 9.878381933170e-02 2.286400116848e-01
14 57 2 1.40234748 1.08155070 2.60687968 0.55763909 0.68918579 4.658464899910e+00 1.428585168568e+00 4.575272574519e+01 1.041925863573e-01 2.388687034214e-01
14 58 2 1.40234748 1.08155070 2.60687968 0.55763909 0.68918579 4.200487138569e+00 1.485680578084e+00 4.538100696426e+01 1.086173941636e-01 2.505524665070e-01
14 59 2 1.40234748 1.08155070 2.60687968 0.55763909 0.68918579 3.731096734539e+00 1.536460476762e+00 4.767734164589e+01 1.101427680100e-01 2.583944796488e-01
14 60 2 1.40234748 1.08155070 2.60687968 0.55763909 0.68918579 3.283845323985e+00 1.591473922915e+00 5.040741287476e+01 1.153197103856e-01 2.694149246653e-01
14 61 2 1.40234748 1.08155070 2.60687968 0.55763909 0.68918579 2.906504973403e+00 1.660699726134e+00 4.968576404607e+01 1.193575076575e-01 2.766444247639e-01
14 62 2 1.40234748 1.08155070 2.60687968 0.55763909 0.68918579 2.667729987641e+00 1.715637773410e+00 5.518051518604e+01 1.243895156094e-01 2.857607640006e-01
14 63 2 1.40234748 1.08155070 2.60687968 0.55763909 0.68918579 2.641683850644e+00 1.775107317087e+00 5.309215863322e+01 1.311406172443e-01 2.999600276628e-01
15 0 2 0.91286512 1.74103783 8.90634519 0.66685005 0.96825080 5.260352510687e-01 1.076857561890e+01 4.205163493055e+03 2.486127665679e-01 1.072950055263e+00
15 1 2 0.91286512 1.74103783 8.90634519 0.66685005 0.96825080 5.986164013691e-01 1.038330931462e+01 4.072389556010e+03 2.347986411164e-01 1.038253432162e+00
15 2 2 0.91286512 1.74103783 8.90634519 0.66685005 0.96825080 6.875357615626e-01 1.000853459159e+01 3.942405909362e+03 2.254919795147e-01 1.001265191653e+00
15 3 2 0.91286512 1.74103783 8.90634519 0.66685005 0.96825080 7.806044727620e-01 9.667553115433e+00 3.817406054239e+03 2.202343006185e-01 9.549608721043e-01
15 4 2 0.91286512 1.74103783 8.90634519 0.66685005 0.96825080 8.711299932927e-01 9.297094726022e+00 3.696557980589e+03 2.107432265838e-01 9.212385482871e-01
15 5 2 0.91286512 1.74103783 8.90634519 0.66685005 0.96825080 9.465035880250e-01 8.980331060410e+00 3.579720873516e+03 2.035625294408e-01 8.872004191368e-01
15 6 2 0.91286512 1.74103783 8.90634519 0.66685005 0.96825080 1.001642175932e+00 8.662553856826e+00 3.466566283359e+03 1.947835245543e-01 8.653696512377e-01
15 7 2 0.91286512 1.74103783 8.90634519 0.66685005 0.96825080 1.038801443746e+00 8.343654451131e+00 3.358468795507e+03 1.890104125255e-01 8.331594743105e-01
15 8 2 0.91286512 1.74103783 8.90634519 0.66685005 0.96825080 1.048260752624e+00 8.063555127490e+00 3.254188667687e+03 1.827948567979e-01 7.967538317131e-01
15 9 2 0.91286512 1.74103783 8.90634519 0.66685005 0.96825080 1.024927913101e+00 7.760587914875e+00 3.153884462574e+03 1.750632780918e-01 7.661829815688e-01
15 10 2 0.91286512 1.74103783 8.90634519 0.66685005 0.96825080 9.729185124852e-01 7.524375799527e+00 3.058839733419e+03 1.677287961876e-01 7.388343264159e-01
15 11 2 0.91286512 1.74103783 8.90634519 0.66685005 0.96825080 8.923420593476e-01 7.233304152424e+00 2.967004941112e+03 1.650716377172e-01 7.212607803259e-01
15 12 2 0.91286512 1.74103783 8.90634519 0.66685005 0.96825080 7.941905880711e-01 7.015365488562e+00 2.880153503752e+03 1.577151391495e-01 6.964956432239e-01
15 13 2 0.91286512 1.74103783 8.90634519 0.66685005 0.96825080 6.938464957321e-01 6.768631261551e+00 2.798027876387e+03 1.505805717555e-01 6.701644719965e-01
15 14 2 0.91286512 1.74103783 8.90634519 0.66685005 0.96825080 5.946095411943e-01 6.565745687959e+00 2.719535781188e+03 1.486939498944e-01 6.444690999164e-01
15 15 2 0.91286512 1.74103783 8.90634519 0.66685005 0.96825080 5.003192302380e-01 6.346510204574e+00 2.645837488105e+03 1.423249096929e-01 6.243930323807e-01
15 16 2 0.91286512 1.74103783 8.90634519 0.66685005 0.96825080 4.152751880108e-01 6.161046491601e+00 2.576834624565e+03 1.382501366526e-01 6.069241439995e-01
15 17 2 0.91286512 1.74103783 8.90634519 0.66685005 0.96825080 3.390091277463e-01 5.982366796781e+00 2.512296163537e+03 1.332325941612e-01 5.938388144680e-01
15 18 2 0.91286512 1.74103783 8.90634519 0.66685005 0.96825080 2.766970054281e-01 5.815873419339e+00 2.451609078987e+03 1.304819950414e-01 5.729329293828e-01
15 19 2 0.91286512 1.74103783 8.90634519 0.66685005 0.96825080 2.355253217352e-01 5.656007456763e+00 2.396211273669e+03 1.274434673151e-01 5.583113186423e-01
15 20 2 0.91286512 1.74103783 8.90634519 0.66685005 0.96825080 2.161353146373e-01 5.521009669256e+00 2.345331876028e+03 1.220617892080e-01 5.384745428962e-01
15 21 2 0.91286512 1.74103783 8.90634519 0.66685005 0.96825080 2.170855203092e-01 5.391316977633e+00 2.298266516621e+03 1.205979608620e-01 5.290431263746e-01
15 22 2 0.91286512 1.74103783 8.90634519 0.66685005 0.96825080 2.372609049542e-01 5.275935613640e+00 2.256624121734e+03 1.181789670395e-01 5.199113200690e-01
15 23 2 0.91286512 1.74103783 8.90634519 0.66685005 0.96825080 2.726320320311e-01 5.168617582190e+00 2.219132131096e+03 1.153035387363e-01 5.111245676276e-01
15 24 2 0.91286512 1.74103783 8.90634519 0.66685005 0.96825080 3.188948517090e-01 5.084736557325e+00 2.186217513946e+03 1.124570033285e-01 4.999457279943e-01
15 25 2 0.91286512 1.74103783 8.90634519 0.66685005 0.96825080 3.747676030119e-01 5.005508519429e+00 2.158190539911e+03 1.118678163904e-01 4.882061232333e-01
15 26 2 0.91286512 1.74103783 8.90634519 0.66685005 0.96825080 4.345698503693e-01 4.940596746148e+00 2.134491822508e+03 1.103389402459e-01 4.815741286718e-01
15 27 2 0.91286512 1.74103783 8.90634519 0.66685005 0.96825080 4.894716982477e-01 4.884468738380e+00 2.115490551484e+03 1.084247275739e-01 4.810186022474e-01
15 28 2 0.91286512 1.74103783 8.90634519 0.66685005 0.96825080 5.367011247212e-01 4.856806520478e+00 2.101168226591e+03 1.074511082529e-01 4.783797875443e-01
15 29 2 0.91286512 1.74103783 8.90634519 0.66685005 0.96825080 5.731386218934e-01 4.818025097086e+00 2.091708572656e+03 1.075528556035e-01 4.746545743477e-01
15 30 2 0.91286512 1.74103783 8.90634519 0.66685005 0.96825080 5.964796778474e-01 4.816530690948e+00 2.086238853564e+03 1.078598477188e-01 4.697440006945e-01
15 31 2 0.91286512 1.74103783 8.90634519 0.66685005 0.96825080 6.110949630049e-01 4.800794523871e+00 2.085910468979e+03 1.053518436610e-01 4.678421595063e-01
15 32 2 0.91286512 1.74103783 8.90634519 0.66685005 0.96825080 6.156084805803e-01 4.833773186530e+00 2.090508970685e+03 1.079381357940e-01 4.741122035819e-01
15 33 2 0.91286512 1.74103783 8.90634519 0.66685005 0.96825080 6.048530259434e-01 4.839126549594e+00 2.098826024898e+03 1.084408455617e-01 4.762608019902e-01
15 34 2 0.91286512 1.74103783 8.90634519 0.66685005 0.96825080 5.796133676775e-01 4.888629578530e+00 2.112477829104e+03 1.077830274034e-01 4.825139421993e-01
15 35 2 0.91286512 1.74103783 8.90634519 0.66685005 0.96825080 5.387824605367e-01 4.934566633969e+00 2.130743340962e+03 1.101962785843e-01 4.827773439544e-01
15 36 2 0.91286512 1.74103783 8.90634519 0.66685005 0.96825080 4.842132605183e-01 5.000541914152e+00 2.153320419060e+03 1.110437085117e-01 4.886918481921e-01
15 37 2 0.91286512 1.74103783 8.90634519 0.66685005 0.96825080 4.257209429461e-01 5.077768566798e+00 2.180633463220e+03 1.137500498371e-01 4.964934066253e-01
15 38 2 0.91286512 1.74103783 8.90634519 0.66685005 0.96825080 3.685026028552e-01 5.157484857912e+00 2.212643221411e+03 1.147530898478e-01 5.085022755666e-01
15 39 2 0.91286512 1.74103783 8.90634519 0.66685005 0.96825080 3.154429507431e-01 5.274392882994e+00 2.249276590586e+03 1.168682641306e-01 5.199181829234e-01
15 40 2 0.91286512 1.74103783 8.90634519 0.66685005 0.96825080 2.722841131044e-01 5.377839872757e+00 2.290174705939e+03 1.209181958726e-01 5.315883221343e-01
15 41 2 0.91286512 1.74103783 8.90634519 0.66685005 0.96825080 2.416077563803e-01 5.507259469387e+00 2.336221801604e+03 1.235598780144e-01 5.384700093325e-01
15 42 2 0.91286512 1.74103783 8.90634519 0.66685005 0.96825080 2.259440116308e-01 5.650841345673e+00 2.386247993130e+03 1.248503370750e-01 5.540535838226e-01
15 43 2 0.91286512 1.74103783 8.90634519 0.66685005 0.96825080 2.309679453782e-01 5.797042727279e+00 2.440957803700e+03 1.303752901301e-01 5.698995711176e-01
15 44 2 0.91286512 1.74103783 8.90634519 0.66685005 0.96825080 2.585066146888e-01 5.978310765810e+00 2.500843246726e+03 1.350242772133e-01 5.924208713162e-01
15 45 2 0.91286512 1.74103783 8.90634519 0.66685005 0.96825080 3.051101832296e-01 6.128886788930e+00 2.564180114818e+03 1.359502056366e-01 6.096961979252e-01
15 46 2 0.91286512 1.74103783 8.90634519 0.66685005 0.96825080 3.694208113551e-01 6.352744504259e+00 2.632576435898e+03 1.430143742455e-01 6.227666256567e-01
15 47 2 0.91286512 1.74103783 8.90634519 0.66685005 0.96825080 4.510528188136e-01 6.530250238846e+00 2.705735880434e+03 1.469480041387e-01 6.426783607013e-01
15 48 2 0.91286512 1.74103783 8.90634519 0.66685005 0.96825080 5.461620471322e-01 6.766662355226e+00 2.782893676445e+03 1.521211541416e-01 6.650522465621e-01
15 49 2 0.91286512 1.74103783 8.90634519 0.66685005 0.96825080 6.542812505433e-01 6.978340905477e+00 2.864339401023e+03 1.572769902093e-01 6.953358885075e-01
15 50 2 0.91286512 1.74103783 8.90634519 0.66685005 0.96825080 7.719208190874e-01 7.234276282788e+00 2.950597918850e+03 1.615747317231e-01 7.192961334324e-01
15 51 2 0.91286512 1.74103783 8.90634519 0.66685005 0.96825080 8.834004026035e-01 7.488813899823e+00 3.041467257011e+03 1.706449301376e-01 7.407059469099e-01
15 52 2 0.91286512 1.74103783 8.90634519 0.66685005 0.96825080 9.778990860199e-01 7.744679163265e+00 3.135638186240e+03 1.744641523483e-01 7.637035903682e-01
15 53 2 0.91286512 1.74103783 8.90634519 0.66685005 0.96825080 1.049267249730e+00 8.037369255986e+00 3.235175114608e+03 1.801857494563e-01 7.942435370320e-01
15 54 2 0.91286512 1.74103783 8.90634519 0.66685005 0.96825080 1.088491092488e+00 8.326010515808e+00 3.338742975825e+03 1.889605237846e-01 8.256768365342e-01
15 55 2 0.91286512 1.74103783 8.90634519 0.66685005 0.96825080 1.100522751701e+00 8.635050888594e+00 3.445961431426e+03 1.965075089430e-01 8.639303532719e-01
15 56 2 0.91286512 1.74103783 8.90634519 0.66685005 0.96825080 1.091001797098e+00 8.948254868801e+00 3.558484248969e+03 2.010562203411e-01 8.883727271850e-01
15 57 2 0.91286512 1.74103783 8.90634519 0.66685005 0.96825080 1.053845785157e+00 9.279336053917e+00 3.674231368113e+03 2.100863980174e-01 9.229075929625e-01
15 58 2 0.91286512 1.74103783 8.90634519 0.66685005 0.96825080 9.923182065865e-01 9.638950419494e+00 3.794426425442e+03 2.197794576383e-01 9.498551445791e-01
15 59 2 0.91286512 1.74103783 8.90634519 0.66685005 0.96825080 9.113720019138e-01 9.973293317549e+00 3.919141868027e+03 2.259553140832e-01 9.918712110266e-01
15 60 2 0.91286512 1.74103783 8.90634519 0.66685005 0.96825080 8.125896773716e-01 1.035953583959e+01 4.047663978496e+03 2.348692534918e-01 1.035120918885e+00
15 61 2 0.91286512 1.74103783 8.90634519 0.66685005 0.96825080 7.115122106595e-01 1.072996239060e+01 4.179776358582e+03 2.427716121769e-01 1.074818602200e+00
15 62 2 0.91286512 1.74103783 8.90634519 0.66685005 0.96825080 6.220044077419e-01 1.114516331609e+01 4.316316547259e+03 2.558713622693e-01 1.109200377663e+00
15 63 2 0.91286512 1.74103783 8.90634519 0.66685005 0.96825080 5.478005051988e-01 1.152484450597e+01 4.457750458389e+03 2.610985351044e-01 1.142735296825e+00
25 0 2 0.74208658 1.92135318 2.80448047 0.70108250 1.17394693 2.463866519044e-01 1.578789888762e+01 6.806515648994e+01 2.984831506152e-01 2.278727717577e+00
25 1 2 0.74208658 1.92135318 2.80448047 0.70108250 1.17394693 2.844705884364e-01 1.526307657248e+01 6.569466999604e+01 2.867627917282e-01 2.200162285890e+00
25 2 2 0.74208658 1.92135318 2.80448047 0.70108250 1.17394693 3.280817662141e-01 1.469213776451e+01 6.336924769474e+01 2.800947072007e-01 2.134763673738e+00
25 3 2 0.74208658 1.92135318 2.80448047 0.70108250 1.17394693 3.765204797401e-01 1.419163095722e+01 6.113268923823e+01 2.655228785387e-01 2.070172894791e+00
25 4 2 0.74208658 1.92135318 2.80448047 0.70108250 1.17394693 4.162954933200e-01 1.368109756057e+01 5.902474630240e+01 2.565805418900e-01 1.987782122934e+00
25 5 2 0.74208658 1.92135318 2.80448047 0.70108250 1.17394693 4.490999064238e-01 1.318651083022e+01 5.694895980432e+01 2.468180606985e-01 1.905075123745e+00
25 6 2 0.74208658 1.92135318 2.80448047 0.70108250 1.17394693 4.660164712283e-01 1.272551188295e+01 5.493847588425e+01 2.410085553827e-01 1.832591452421e+00
25 7 2 0.74208658 1.92135318 2.80448047 0.70108250 1.17394693 4.745971611304e-01 1.226099692635e+01 5.302894087942e+01 2.311754846969e-01 1.763068863267e+00
25 8 2 0.74208658 1.92135318 2.80448047 0.70108250 1.17394693 4.678734037584e-01 1.184747961715e+01 5.124504145925e+01 2.207000530187e-01 1.707911727930e+00
25 9 2 0.74208658 1.92135318 2.80448047 0.70108250 1.17394693 4.528349628788e-01 1.143440012931e+01 4.944386082627e+01 2.130615231862e-01 1.660109848674e+00
25 10 2 0.74208658 1.92135318 2.80448047 0.70108250 1.17394693 4.225951763693e-01 1.103094046747e+01 4.778562937275e+01 2.065182180414e-01 1.599248901536e+00
25 11 2 0.74208658 1.92135318 2.80448047 0.70108250 1.17394693 3.860129314714e-01 1.066548678150e+01 4.620937654142e+01 2.015921847025e-01 1.535222320991e+00
25 12 2 0.74208658 1.92135318 2.80448047 0.70108250 1.17394693 3.406853711438e-01 1.030101748148e+01 4.466168296110e+01 1.910961353590e-01 1.477971562821e+00
25 13 2 0.74208658 1.92135318 2.80448047 0.70108250 1.17394693 2.969690154100e-01 9.954547997802e+00 4.327862984446e+01 1.852330728461e-01 1.428702020630e+00
25 14 2 0.74208658 1.92135318 2.80448047 0.70108250 1.17394693 2.523182587790e-01 9.658654941827e+00 4.186342111215e+01 1.782008421478e-01 1.390483582311e+00
25 15 2 0.74208658 1.92135318 2.80448047 0.70108250 1.17394693 2.127158974037e-01 9.345682558724e+00 4.063107515874e+01 1.765146522648e-01 1.351631748442e+00
25 16 2 0.74208658 1.92135318 2.80448047 0.70108250 1.17394693 1.741397053413e-01 9.057562038651e+00 3.940379620227e+01 1.681538808292e-01 1.307498456909e+00
25 17 2 0.74208658 1.92135318 2.80448047 0.70108250 1.17394693 1.416491518676e-01 8.815343140738e+00 3.832994370115e+01 1.633217790598e-01 1.265329538951e+00
25 18 2 0.74208658 1.92135318 2.80448047 0.70108250 1.17394693 1.145157201564e-01 8.540906229698e+00 3.723525410314e+01 1.568871019059e-01 1.222139618307e+00
25 19 2 0.74208658 1.92135318 2.80448047 0.70108250 1.17394693 9.793623472711e-02 8.333776732792e+00 3.630804175722e+01 1.561178037060e-01 1.186074251197e+00
25 20 2 0.74208658 1.92135318 2.80448047 0.70108250 1.17394693 9.107155320485e-02 8.135436994752e+00 3.543956101073e+01 1.512311188510e-01 1.165674992686e+00
25 21 2 0.74208658 1.92135318 2.80448047 0.70108250 1.17394693 9.450445615988e-02 7.925503355070e+00 3.461774661079e+01 1.469290454126e-01 1.145053418156e+00
25 22 2 0.74208658 1.92135318 2.80448047 0.70108250 1.17394693 1.054372134153e-01 7.780964705189e+00 3.389807124994e+01 1.421178039154e-01 1.118125925570e+00
25 23 2 0.74208658 1.92135318 2.80448047 0.70108250 1.17394693 1.222626837709e-01 7.610138595182e+00 3.327388954885e+01 1.408001776911e-01 1.092405465919e+00
25 24 2 0.74208658 1.92135318 2.80448047 0.70108250 1.17394693 1.438608309291e-01 7.482226579084e+00 3.269628284665e+01 1.395239780533e-01 1.067355084347e+00
25 25 2 0.74208658 1.92135318 2.80448047 0.70108250 1.17394693 1.682652804243e-01 7.379209997756e+00 3.223148872527e+01 1.360634625015e-01 1.048764675392e+00
25 26 2 0.74208658 1.92135318 2.80448047 0.70108250 1.17394693 1.945541554402e-01 7.272253396789e+00 3.181025806143e+01 1.334544484777e-01 1.039858603789e+00
25 27 2 0.74208658 1.92135318 2.80448047 0.70108250 1.17394693 2.185289473192e-01 7.214251874093e+00 3.150021895362e+01 1.315350231945e-01 1.032989720521e+00
25 28 2 0.74208658 1.92135318 2.80448047 0.70108250 1.17394693 2.395600550738e-01 7.139186031335e+00 3.125416472771e+01 1.329774852167e-01 1.026919707074e+00
25 29 2 0.74208658 1.92135318 2.80448047 0.70108250 1.17394693 2.543715272772e-01 7.107728679838e+00 3.110051879675e+01 1.311533859287e-01 1.018313657194e+00
25 30 2 0.74208658 1.92135318 2.80448047 0.70108250 1.17394693 2.655695911533e-01 7.092045316624e+00 3.100273009883e+01 1.306945328127e-01 1.007176550075e+00
25 31 2 0.74208658 1.92135318 2.80448047 0.70108250 1.17394693 2.711623643415e-01 7.077668381934e+00 3.099019824903e+01 1.289768268231e-01 1.007214439676e+00
25 32 2 0.74208658 1.92135318 2.80448047 0.70108250 1.17394693 2.737465573875e-01 7.118438465250e+00 3.111356498414e+01 1.316745229454e-01 1.016679788669e+00
25 33 2 0.74208658 1.92135318 2.80448047 0.70108250 1.17394693 2.690956502521e-01 7.139526205238e+00 3.121025165540e+01 1.320987405339e-01 1.024744725420e+00
25 34 2 0.74208658 1.92135318 2.80448047 0.70108250 1.17394693 2.589695758798e-01 7.191943711340e+00 3.148349393623e+01 1.333768654389e-01 1.034552488180e+00
25 35 2 0.74208658 1.92135318 2.80448047 0.70108250 1.17394693 2.401200197893e-01 7.278506657094e+00 3.177798010007e+01 1.329105566694e-01 1.043302546583e+00
25 36 2 0.74208658 1.92135318 2.80448047 0.70108250 1.17394693 2.175343635009e-01 7.355571250917e+00 3.219629473405e+01 1.356659343377e-01 1.048904598251e+00
25 37 2 0.74208658 1.92135318 2.80448047 0.70108250 1.17394693 1.908135937776e-01 7.476641253907e+00 3.264347229565e+01 1.384706276130e-01 1.062829421802e+00
25 38 2 0.74208658 1.92135318 2.80448047 0.70108250 1.17394693 1.658255397155e-01 7.615147397041e+00 3.321508305303e+01 1.412854844139e-01 1.086285708362e+00
25 39 2 0.74208658 1.92135318 2.80448047 0.70108250 1.17394693 1.411897482428e-01 7.748887935795e+00 3.383825710644e+01 1.430122271157e-01 1.114463476973e+00
25 40 2 0.74208658 1.92135318 2.80448047 0.70108250 1.17394693 1.213333907422e-01 7.921800632919e+00 3.455917481506e+01 1.455870399643e-01 1.143802327650e+00
25 41 2 0.74208658 1.92135318 2.80448047 0.70108250 1.17394693 1.049751467468e-01 8.113265201893e+00 3.535364866461e+01 1.502793419475e-01 1.165885281834e+00
25 42 2 0.74208658 1.92135318 2.80448047 0.70108250 1.17394693 9.729682937167e-02 8.304148538451e+00 3.621477441617e+01 1.547781558932e-01 1.188173816240e+00
25 43 2 0.74208658 1.92135318 2.80448047 0.70108250 1.17394693 9.759447200992e-02 8.546832966403e+00 3.715716003152e+01 1.591040225642e-01 1.221400611947e+00
25 44 2 0.74208658 1.92135318 2.80448047 0.70108250 1.17394693 1.090707834905e-01 8.785656161295e+00 3.823529844839e+01 1.622021903916e-01 1.258553221600e+00
25 45 2 0.74208658 1.92135318 2.80448047 0.70108250 1.17394693 1.283087920480e-01 9.035712552761e+00 3.929026097737e+01 1.676673687225e-01 1.301492976219e+00
25 46 2 0.74208658 1.92135318 2.80448047 0.70108250 1.17394693 1.559167557476e-01 9.330966778677e+00 4.050190639808e+01 1.739229323369e-01 1.350331753997e+00
25 47 2 0.74208658 1.92135318 2.80448047 0.70108250 1.17394693 1.890078435864e-01 9.610492175257e+00 4.177705423020e+01 1.805750227366e-01 1.389421197130e+00
25 48 2 0.74208658 1.92135318 2.80448047 0.70108250 1.17394693 2.295348478895e-01 9.945942380522e+00 4.312428223272e+01 1.853865338658e-01 1.425125659149e+00
25 49 2 0.74208658 1.92135318 2.80448047 0.70108250 1.17394693 2.758838665947e-01 1.027865173406e+01 4.454654608432e+01 1.906582371337e-01 1.472040653824e+00
25 50 2 0.74208658 1.92135318 2.80448047 0.70108250 1.17394693 3.273181678906e-01 1.062728813889e+01 4.603679293974e+01 1.983249083850e-01 1.527985746462e+00
25 51 2 0.74208658 1.92135318 2.80448047 0.70108250 1.17394693 3.785150561204e-01 1.101914303247e+01 4.766854806124e+01 2.069164629991e-01 1.592575055554e+00
25 52 2 0.74208658 1.92135318 2.80448047 0.70108250 1.17394693 4.248482784902e-01 1.137340645097e+01 4.927288165030e+01 2.145527043028e-01 1.656446812674e+00
25 53 2 0.74208658 1.92135318 2.80448047 0.70108250 1.17394693 4.618234158023e-01 1.181890398255e+01 5.108873348541e+01 2.199886310995e-01 1.710344918976e+00
25 54 2 0.74208658 1.92135318 2.80448047 0.70108250 1.17394693 4.876252919770e-01 1.223917891028e+01 5.283255784842e+01 2.281519242147e-01 1.766295772907e+00
25 55 2 0.74208658 1.92135318 2.80448047 0.70108250 1.17394693 5.019311154559e-01 1.266888485112e+01 5.478663113066e+01 2.386243818137e-01 1.825713756723e+00
25 56 2 0.74208658 1.92135318 2.80448047 0.70108250 1.17394693 5.034340269313e-01 1.318256432534e+01 5.676788417897e+01 2.492545484452e-01 1.891490333683e+00
25 57 2 0.74208658 1.92135318 2.80448047 0.70108250 1.17394693 4.917274013615e-01 1.361181659453e+01 5.881102010839e+01 2.566598578533e-01 1.977641765255e+00
25 58 2 0.74208658 1.92135318 2.80448047 0.70108250 1.17394693 4.650958308405e-01 1.413671455613e+01 6.092487940666e+01 2.639106220498e-01 2.063022676304e+00
25 59 2 0.74208658 1.92135318 2.80448047 0.70108250 1.17394693 4.275738303308e-01 1.467752678567e+01 6.319495022343e+01 2.761271507981e-01 2.130176207060e+00
25 60 2 0.74208658 1.92135318 2.80448047 0.70108250 1.17394693 3.824010167832e-01 1.518124603010e+01 6.546546575624e+01 2.886007800861e-01 2.199683953311e+00
25 61 2 0.74208658 1.92135318 2.80448047 0.70108250 1.17394693 3.383539571812e-01 1.578439535135e+01 6.783278132176e+01 3.000945345991e-01 2.276231067040e+00
25 62 2 0.74208658 1.92135318 2.80448047 0.70108250 1.17394693 2.967878302339e-01 1.634241307072e+01 7.026575466077e+01 3.057561105418e-01 2.361932542579e+00
25 63 2 0.74208658 1.92135318 2.80448047 0.70108250 1.17394693 2.632205254154e-01 1.692473612170e+01 7.286543836298e+01 3.190452247148e-01 2.464586786556e+00
28 0 2 1.76181184 0.92484044 1.00391054 0.66429930 0.62218806 7.301995702156e-01 8.856003272401e-01 1.219114416890e+00 2.422375708881e-01 1.869669980063e-01
28 1 2 1.76181184 0.92484044 1.00391054 0.66429930 0.62218806 7.057465869942e-01 8.567129685470e-01 1.184201056085e+00 2.358716487134e-01 1.784668986653e-01
28 2 2 1.76181184 0.92484044 1.00391054 0.66429930 0.62218806 6.817048631802e-01 8.203496140592e-01 1.147935001834e+00 2.248850197656e-01 1.707100572081e-01
28 3 2 1.76181184 0.92484044 1.00391054 0.66429930 0.62218806 6.580985247044e-01 7.971451021817e-01 1.109850570985e+00 2.174853569234e-01 1.648207620969e-01
28 4 2 1.76181184 0.92484044 1.00391054 0.66429930 0.62218806 6.350325339245e-01 7.695038586101e-01 1.060282379929e+00 2.077822969725e-01 1.581590048784e-01
28 5 2 1.76181184 0.92484044 1.00391054 0.66429930 0.62218806 6.126488488044e-01 7.495603536948e-01 1.008061685848e+00 1.983183172975e-01 1.513900924692e-01
28 6 2 1.76181184 0.92484044 1.00391054 0.66429930 0.62218806 5.910722259187e-01 7.267301416531e-01 9.634867062331e-01 1.929454400571e-01 1.475084234676e-01
28 7 2 1.76181184 0.92484044 1.00391054 0.66429930 0.62218806 5.703661896811e-01 7.025164991196e-01 9.341686424982e-01 1.838414389918e-01 1.450719975579e-01
28 8 2 1.76181184 0.92484044 1.00391054 0.66429930 0.62218806 5.505144178598e-01 6.782058893250e-01 9.179055794315e-01 1.793120899470e-01 1.408440207558e-01
28 9 2 1.76181184 0.92484044 1.00391054 0.66429930 0.62218806 5.314323776865e-01 6.474646457629e-01 8.941251668265e-01 1.726270930494e-01 1.357205458576e-01
28 10 2 1.76181184 0.92484044 1.00391054 0.66429930 0.62218806 5.130026987749e-01 6.222669611484e-01 8.678991836755e-01 1.663957936211e-01 1.313026162412e-01
28 11 2 1.76181184 0.92484044 1.00391054 0.66429930 0.62218806 4.951196910572e-01 5.917041966106e-01 8.423817379778e-01 1.608929948592e-01 1.258647763244e-01
28 12 2 1.76181184 0.92484044 1.00391054 0.66429930 0.62218806 4.777262673118e-01 5.711940002511e-01 8.122591774067e-01 1.554291098702e-01 1.188377939537e-01
28 13 2 1.76181184 0.92484044 1.00391054 0.66429930 0.62218806 4.608305921705e-01 5.480558313839e-01 7.886651429994e-01 1.494035171578e-01 1.131390734182e-01
28 14 2 1.76181184 0.92484044 1.00391054 0.66429930 0.62218806 4.444980646944e-01 5.337932799147e-01 7.613603522962e-01 1.462531893615e-01 1.098328852177e-01
28 15 2 1.76181184 0.92484044 1.00391054 0.66429930 0.62218806 4.288234153420e-01 5.181043588001e-01 7.299971531888e-01 1.405561346463e-01 1.067808242520e-01
28 16 2 1.76181184 0.92484044 1.00391054 0.66429930 0.62218806 4.138944041582e-01 5.055805274338e-01 7.100073983536e-01 1.370045425293e-01 1.036204274457e-01
28 17 2 1.76181184 0.92484044 1.00391054 0.66429930 0.62218806 3.997606725457e-01 4.929739696990e-01 6.923368475792e-01 1.330632042968e-01 1.017533169820e-01
28 18 2 1.76181184 0.92484044 1.00391054 0.66429930 0.62218806 3.864183996878e-01 4.785148625334e-01 6.739719210069e-01 1.274320397128e-01 1.001073667563e-01
28 19 2 1.76181184 0.92484044 1.00391054 0.66429930 0.62218806 3.738150045314e-01 4.672968478969e-01 6.533015000248e-01 1.246900055200e-01 9.682022036798e-02
28 20 2 1.76181184 0.92484044 1.00391054 0.66429930 0.62218806 3.618707693126e-01 4.526195021785e-01 6.260818950993e-01 1.196917809514e-01 9.316524342818e-02
28 21 2 1.76181184 0.92484044 1.00391054 0.66429930 0.62218806 3.505085889497e-01 4.444069505574e-01 6.038962965892e-01 1.172045936022e-01 9.097089493776e-02
28 22 2 1.76181184 0.92484044 1.00391054 0.66429930 0.62218806 3.396808859252e-01 4.328466334825e-01 5.903503735379e-01 1.151372031217e-01 8.929825466497e-02
28 23 2 1.76181184 0.92484044 1.00391054 0.66429930 0.62218806 3.293845125123e-01 4.276108330874e-01 5.826991932226e-01 1.134485843777e-01 8.730691884526e-02
28 24 2 1.76181184 0.92484044 1.00391054 0.66429930 0.62218806 3.196592478743e-01 4.191609571516e-01 5.759213902040e-01 1.123702697011e-01 8.628438903290e-02
28 25 2 1.76181184 0.92484044 1.00391054 0.66429930 0.62218806 3.105714185145e-01 4.137537302792e-01 5.664505043979e-01 1.118533143813e-01 8.627437827153e-02
28 26 2 1.76181184 0.92484044 1.00391054 0.66429930 0.62218806 3.021891495653e-01 4.064565558087e-01 5.594938789593e-01 1.092633677363e-01 8.524349513332e-02
28 27 2 1.76181184 0.92484044 1.00391054 0.66429930 0.62218806 2.945582081987e-01 3.991364647853e-01 5.511480856803e-01 1.085795626856e-01 8.297733279460e-02
28 28 2 1.76181184 0.92484044 1.00391054 0.66429930 0.62218806 2.876867039309e-01 3.936764695077e-01 5.417501352657e-01 1.058743600573e-01 8.126829232794e-02
28 29 2 1.76181184 0.92484044 1.00391054 0.66429930 0.62218806 2.815435055928e-01 3.872913045567e-01 5.336055825335e-01 1.041649217532e-01 8.024904566520e-02
28 30 2 1.76181184 0.92484044 1.00391054 0.66429930 0.62218806 2.760703955040e-01 3.870085863781e-01 5.234226165254e-01 1.040952707319e-01 7.901698858703e-02
28 31 2 1.76181184 0.92484044 1.00391054 0.66429930 0.62218806 2.712033510699e-01 3.856003348012e-01 5.241240917077e-01 1.030517065140e-01 7.865476248057e-02
28 32 2 1.76181184 0.92484044 1.00391054 0.66429930 0.62218806 2.668954052309e-01 3.915199005138e-01 5.366352512428e-01 1.052184543440e-01 8.034432258483e-02
28 33 2 1.76181184 0.92484044 1.00391054 0.66429930 0.62218806 2.631331740061e-01 3.951911694186e-01 5.491125382216e-01 1.063957247009e-01 8.258037144492e-02
28 34 2 1.76181184 0.92484044 1.00391054 0.66429930 0.62218806 2.599414018392e-01 4.035145591784e-01 5.626379133616e-01 1.082786832187e-01 8.383541482093e-02
28 35 2 1.76181184 0.92484044 1.00391054 0.66429930 0.62218806 2.573739932851e-01 4.089200593259e-01 5.701901587220e-01 1.101491259612e-01 8.499056142814e-02
28 36 2 1.76181184 0.92484044 1.00391054 0.66429930 0.62218806 2.554946277529e-01 4.151723066088e-01 5.732115100434e-01 1.112812581586e-01 8.647197000926e-02
28 37 2 1.76181184 0.92484044 1.00391054 0.66429930 0.62218806 2.543536797487e-01 4.207016620205e-01 5.817548673444e-01 1.115779068466e-01 8.694734802202e-02
28 38 2 1.76181184 0.92484044 1.00391054 0.66429930 0.62218806 2.539695710049e-01 4.249662538574e-01 5.899397279973e-01 1.136140465322e-01 8.672857423153e-02
28 39 2 1.76181184 0.92484044 1.00391054 0.66429930 0.62218806 2.543213281671e-01 4.329347464411e-01 5.986748064754e-01 1.136955798335e-01 8.797418006335e-02
28 40 2 1.76181184 0.92484044 1.00391054 0.66429930 0.62218806 2.553553643045e-01 4.388448496207e-01 6.114731131317e-01 1.169994872214e-01 9.067037567023e-02
28 41 2 1.76181184 0.92484044 1.00391054 0.66429930 0.62218806 2.570045266085e-01 4.514879766757e-01 6.295211587011e-01 1.200702682684e-01 9.306114066973e-02
28 42 2 1.76181184 0.92484044 1.00391054 0.66429930 0.62218806 2.592129310558e-01 4.608912948858e-01 6.542330169595e-01 1.233906960874e-01 9.548872589065e-02
28 43 2 1.76181184 0.92484044 1.00391054 0.66429930 0.62218806 2.619576708246e-01 4.764010615435e-01 6.769721003677e-01 1.291163948911e-01 9.900721656896e-02
28 44 2 1.76181184 0.92484044 1.00391054 0.66429930 0.62218806 2.652591544220e-01 4.880139141354e-01 6.952464781370e-01 1.322116769216e-01 1.021487078354e-01
28 45 2 1.76181184 0.92484044 1.00391054 0.66429930 0.62218806 2.691755787232e-01 5.031564707832e-01 7.079893719281e-01 1.371672754542e-01 1.037731348735e-01
28 46 2 1.76181184 0.92484044 1.00391054 0.66429930 0.62218806 2.737827175947e-01 5.170032636150e-01 7.215089581863e-01 1.410848552322e-01 1.059817729477e-01
28 47 2 1.76181184 0.92484044 1.00391054 0.66429930 0.62218806 2.791458388505e-01 5.324580047141e-01 7.477214745386e-01 1.447720810886e-01 1.101988588398e-01
28 48 2 1.76181184 0.92484044 1.00391054 0.66429930 0.62218806 2.852940226853e-01 5.521406803787e-01 7.741185576536e-01 1.492976084958e-01 1.147562012494e-01
28 49 2 1.76181184 0.92484044 1.00391054 0.66429930 0.62218806 2.922069485188e-01 5.715022518609e-01 7.985227232988e-01 1.548800202754e-01 1.191958851787e-01
28 50 2 1.76181184 0.92484044 1.00391054 0.66429930 0.62218806 2.998201197462e-01 5.990309743414e-01 8.250142014463e-01 1.589168894899e-01 1.252264780738e-01
28 51 2 1.76181184 0.92484044 1.00391054 0.66429930 0.62218806 3.080477663808e-01 6.222434972752e-01 8.450749273452e-01 1.669342226331e-01 1.318340354103e-01
28 52 2 1.76181184 0.92484044 1.00391054 0.66429930 0.62218806 3.168157022247e-01 6.526849583358e-01 8.722636897606e-01 1.714096763431e-01 1.360817127163e-01
28 53 2 1.76181184 0.92484044 1.00391054 0.66429930 0.62218806 3.260919226810e-01 6.748216398986e-01 9.030924116786e-01 1.784012656480e-01 1.388074537945e-01
28 54 2 1.76181184 0.92484044 1.00391054 0.66429930 0.62218806 3.359026874983e-01 7.006765526991e-01 9.260009986382e-01 1.855684164590e-01 1.427109139322e-01
28 55 2 1.76181184 0.92484044 1.00391054 0.66429930 0.62218806 3.463266310885e-01 7.196918079707e-01 9.587791781655e-01 1.907239977622e-01 1.469405001683e-01
28 56 2 1.76181184 0.92484044 1.00391054 0.66429930 0.62218806 3.574675842657e-01 7.405591723771e-01 1.002800173326e+00 2.001852758870e-01 1.503566528328e-01
28 57 2 1.76181184 0.92484044 1.00391054 0.66429930 0.62218806 3.694153138062e-01 7.625952607943e-01 1.055959366509e+00 2.071513484849e-01 1.557172441398e-01
28 58 2 1.76181184 0.92484044 1.00391054 0.66429930 0.62218806 3.822089192638e-01 7.856284367399e-01 1.114068187670e+00 2.161176495738e-01 1.642587940557e-01
28 59 2 1.76181184 0.92484044 1.00391054 0.66429930 0.62218806 3.958177086508e-01 8.181273190513e-01 1.158206445149e+00 2.254344697609e-01 1.724167212475e-01
28 60 2 1.76181184 0.92484044 1.00391054 0.66429930 0.62218806 4.101485260497e-01 8.477210826530e-01 1.191976794862e+00 2.334149861520e-01 1.787953034105e-01
28 61 2 1.76181184 0.92484044 1.00391054 0.66429930 0.62218806 4.250785922342e-01 8.891268430967e-01 1.224744476949e+00 2.403703057320e-01 1.862732354916e-01
28 62 2 1.76181184 0.92484044 1.00391054 0.66429930 0.62218806 4.405026043074e-01 9.216902472336e-01 1.267790609021e+00 2.498327779502e-01 1.945687901737e-01
28 63 2 1.76181184 0.92484044 1.00391054 0.66429930 0.62218806 4.563762453288e-01 9.635430214933e-01 1.320410041164e+00 2.541009174810e-01 2.005527200910e-01
29 0 2 0.73813017 1.55056226 2.64433708 0.64401478 1.03705528 2.039062117176e-01 6.852428909517e+00 5.555308723789e+01 2.143384141796e-01 1.415208252225e+00
29 1 2 0.73813017 1.55056226 2.64433708 0.64401478 1.03705528 2.329237338213e-01 6.590261184380e+00 5.149739930495e+01 2.028687463274e-01 1.362550376017e+00
29 2 2 0.73813017 1.55056226 2.64433708 0.64401478 1.03705528 2.723253283823e-01 6.373021387562e+00 5.127537874933e+01 1.971160592847e-01 1.307366329515e+00
29 3 2 0.73813017 1.55056226 2.64433708 0.64401478 1.03705528 3.119262924790e-01 6.125603551513e+00 4.843474008731e+01 1.912761235073e-01 1.250268865899e+00
29 4 2 0.73813017 1.55056226 2.64433708 0.64401478 1.03705528 3.537537636949e-01 5.917785366638e+00 4.718357156615e+01 1.853842594181e-01 1.206494198387e+00
29 5 2 0.73813017 1.55056226 2.64433708 0.64401478 1.03705528 3.894642019220e-01 5.712843658530e+00 4.564341269033e+01 1.767729343389e-01 1.169092417365e+00
29 6 2 0.73813017 1.55056226 2.64433708 0.64401478 1.03705528 4.235906915137e-01 5.487041453850e+00 4.341635049249e+01 1.683358308113e-01 1.128758226276e+00
29 7 2 0.73813017 1.55056226 2.64433708 0.64401478 1.03705528 4.460624175560e-01 5.308259686509e+00 4.297168085585e+01 1.640182012109e-01 1.094514514377e+00
29 8 2 0.73813017 1.55056226 2.64433708 0.64401478 1.03705528 4.589732365754e-01 5.113055275491e+00 4.005911362567e+01 1.597248786096e-01 1.053537825032e+00
29 9 2 0.73813017 1.55056226 2.64433708 0.64401478 1.03705528 4.530624693359e-01 4.935974874448e+00 4.035322493473e+01 1.535279250643e-01 1.006412287783e+00
29 10 2 0.73813017 1.55056226 2.64433708 0.64401478 1.03705528 4.335656294780e-01 4.767209927944e+00 3.719447976557e+01 1.474350024931e-01 9.693761994559e-01
29 11 2 0.73813017 1.55056226 2.64433708 0.64401478 1.03705528 3.992187708297e-01 4.599590594179e+00 3.777513822244e+01 1.405925165063e-01 9.368925764914e-01
29 12 2 0.73813017 1.55056226 2.64433708 0.64401478 1.03705528 3.588380128717e-01 4.438913274771e+00 3.473186226107e+01 1.375823960890e-01 9.087438208433e-01
29 13 2 0.73813017 1.55056226 2.64433708 0.64401478 1.03705528 3.143583199103e-01 4.305562435825e+00 3.530683124979e+01 1.323704637759e-01 8.838006790944e-01
29 14 2 0.73813017 1.55056226 2.64433708 0.64401478 1.03705528 2.702763039225e-01 4.159209337135e+00 3.272371690919e+01 1.301968249300e-01 8.549844256852e-01
29 15 2 0.73813017 1.55056226 2.64433708 0.64401478 1.03705528 2.271544766991e-01 4.024710466504e+00 3.288639405367e+01 1.231112267366e-01 8.257981862281e-01
29 16 2 0.73813017 1.55056226 2.64433708 0.64401478 1.03705528 1.860850886430e-01 3.912891488609e+00 3.108187967672e+01 1.195033852575e-01 7.943716544772e-01
29 17 2 0.73813017 1.55056226 2.64433708 0.64401478 1.03705528 1.499706193424e-01 3.782400208438e+00 3.069897792484e+01 1.157077284423e-01 7.668070864280e-01
29 18 2 0.73813017 1.55056226 2.64433708 0.64401478 1.03705528 1.199554942981e-01 3.692968870531e+00 2.970818421288e+01 1.145850450784e-01 7.500270563428e-01
29 19 2 0.73813017 1.55056226 2.64433708 0.64401478 1.03705528 1.001490218123e-01 3.589194339268e+00 2.873152269272e+01 1.108704044625e-01 7.327884559012e-01
29 20 2 0.73813017 1.55056226 2.64433708 0.64401478 1.03705528 8.911245231100e-02 3.492206040261e+00 2.858449519040e+01 1.067867165417e-01 7.161310941500e-01
29 21 2 0.73813017 1.55056226 2.64433708 0.64401478 1.03705528 8.882543095327e-02 3.419246796555e+00 2.710306592408e+01 1.041468662626e-01 7.017461304259e-01
29 22 2 0.73813017 1.55056226 2.64433708 0.64401478 1.03705528 9.583593762278e-02 3.341697155821e+00 2.758407021943e+01 1.022219402776e-01 6.813113171929e-01
29 23 2 0.73813017 1.55056226 2.64433708 0.64401478 1.03705528 1.114185154019e-01 3.276845183804e+00 2.586123409980e+01 1.010616999222e-01 6.628825548089e-01
29 24 2 0.73813017 1.55056226 2.64433708 0.64401478 1.03705528 1.324270847129e-01 3.222734455973e+00 2.670477983434e+01 9.921201612067e-02 6.510769541251e-01
29 25 2 0.73813017 1.55056226 2.64433708 0.64401478 1.03705528 1.586436357210e-01 3.168901487294e+00 2.501797927328e+01 9.668733176492e-02 6.428234432953e-01
29 26 2 0.73813017 1.55056226 2.64433708 0.64401478 1.03705528 1.861134374016e-01 3.124640904498e+00 2.594823718916e+01 9.504935010079e-02 6.389437350522e-01
29 27 2 0.73813017 1.55056226 2.64433708 0.64401478 1.03705528 2.121528431145e-01 3.105250050309e+00 2.453694876343e+01 9.379889672887e-02 6.337743785458e-01
29 28 2 0.73813017 1.55056226 2.64433708 0.64401478 1.03705528 2.341648461918e-01 3.066810948185e+00 2.533805579028e+01 9.526957779669e-02 6.276225677307e-01
29 29 2 0.73813017 1.55056226 2.64433708 0.64401478 1.03705528 2.504050119501e-01 3.056283307807e+00 2.443528049182e+01 9.342668265847e-02 6.219073136830e-01
29 30 2 0.73813017 1.55056226 2.64433708 0.64401478 1.03705528 2.622947625207e-01 3.049234445209e+00 2.488398199440e+01 9.314993465792e-02 6.145122472182e-01
29 31 2 0.73813017 1.55056226 2.64433708 0.64401478 1.03705528 2.684765762411e-01 3.039437745291e+00 2.462058662129e+01 9.169477416905e-02 6.149108718881e-01
29 32 2 0.73813017 1.55056226 2.64433708 0.64401478 1.03705528 2.709980476300e-01 3.062060671525e+00 2.468717310113e+01 9.390118272922e-02 6.216321085050e-01
29 33 2 0.73813017 1.55056226 2.64433708 0.64401478 1.03705528 2.657462480833e-01 3.068530695080e+00 2.508590178940e+01 9.426856070252e-02 6.263393540834e-01
29 34 2 0.73813017 1.55056226 2.64433708 0.64401478 1.03705528 2.546708332320e-01 3.090693004264e+00 2.470373335986e+01 9.521472989192e-02 6.336308764670e-01
29 35 2 0.73813017 1.55056226 2.64433708 0.64401478 1.03705528 2.342291355498e-01 3.128626756665e+00 2.579543393187e+01 9.536275223466e-02 6.394549344403e-01
29 36 2 0.73813017 1.55056226 2.64433708 0.64401478 1.03705528 2.099132743117e-01 3.167181741483e+00 2.506218695296e+01 9.603657686517e-02 6.419726990846e-01
29 37 2 0.73813017 1.55056226 2.64433708 0.64401478 1.03705528 1.812473005442e-01 3.213049101975e+00 2.664710723087e+01 9.826948329163e-02 6.496124912409e-01
29 38 2 0.73813017 1.55056226 2.64433708 0.64401478 1.03705528 1.550266115443e-01 3.277633917768e+00 2.577148173345e+01 1.008344804135e-01 6.621003426825e-01
29 39 2 0.73813017 1.55056226 2.64433708 0.64401478 1.03705528 1.304458596201e-01 3.331055160741e+00 2.765181223205e+01 1.031049169200e-01 6.800897729482e-01
29 40 2 0.73813017 1.55056226 2.64433708 0.64401478 1.03705528 1.118274544914e-01 3.407562984317e+00 2.687633305169e+01 1.039597649369e-01 6.998362476661e-01
29 41 2 0.73813017 1.55056226 2.64433708 0.64401478 1.03705528 9.815824713537e-02 3.500867452617e+00 2.874857123374e+01 1.057960461410e-01 7.156426548383e-01
29 42 2 0.73813017 1.55056226 2.64433708 0.64401478 1.03705528 9.259804912375e-02 3.570709871984e+00 2.838814927778e+01 1.105114454872e-01 7.328056245750e-01
29 43 2 0.73813017 1.55056226 2.64433708 0.64401478 1.03705528 9.595443475571e-02 3.683659637541e+00 2.995620930094e+01 1.135754744623e-01 7.478119028629e-01
29 44 2 0.73813017 1.55056226 2.64433708 0.64401478 1.03705528 1.092126320537e-01 3.781683978331e+00 3.029144372459e+01 1.175316461108e-01 7.639201288344e-01
29 45 2 0.73813017 1.55056226 2.64433708 0.64401478 1.03705528 1.329685743426e-01 3.892107389678e+00 3.132265904657e+01 1.186213470830e-01 7.925419492570e-01
29 46 2 0.73813017 1.55056226 2.64433708 0.64401478 1.03705528 1.641008916182e-01 4.028621915658e+00 3.247983185679e+01 1.238549688239e-01 8.234070390774e-01
29 47 2 0.73813017 1.55056226 2.64433708 0.64401478 1.03705528 2.037849963696e-01 4.146634045734e+00 3.293368928773e+01 1.271254987899e-01 8.526217111066e-01
29 48 2 0.73813017 1.55056226 2.64433708 0.64401478 1.03705528 2.473716320485e-01 4.282355234818e+00 3.495722742847e+01 1.337801321941e-01 8.834637346903e-01
29 49 2 0.73813017 1.55056226 2.64433708 0.64401478 1.03705528 2.979321607581e-01 4.439488741578e+00 3.478413503669e+01 1.374132134472e-01 9.081968780656e-01
29 50 2 0.73813017 1.55056226 2.64433708 0.64401478 1.03705528 3.481081431330e-01 4.588492751339e+00 3.760112386256e+01 1.411363328857e-01 9.333228371815e-01
29 51 2 0.73813017 1.55056226 2.64433708 0.64401478 1.03705528 3.987551415375e-01 4.747608421751e+00 3.706168388831e+01 1.453613481035e-01 9.648006887191e-01
29 52 2 0.73813017 1.55056226 2.64433708 0.64401478 1.03705528 4.383819637250e-01 4.934451170614e+00 4.033691347110e+01 1.521946969555e-01 1.003193213245e+00
29 53 2 0.73813017 1.55056226 2.64433708 0.64401478 1.03705528 4.677013639860e-01 5.085616813400e+00 3.971121054986e+01 1.599634280826e-01 1.050172008444e+00
29 54 2 0.73813017 1.55056226 2.64433708 0.64401478 1.03705528 4.789342217503e-01 5.294368300990e+00 4.316923637839e+01 1.641895392012e-01 1.091671536546e+00
29 55 2 0.73813017 1.55056226 2.64433708 0.64401478 1.03705528 4.783850603593e-01 5.493660421064e+00 4.286883802586e+01 1.689419126629e-01 1.128911853295e+00
29 56 2 0.73813017 1.55056226 2.64433708 0.64401478 1.03705528 4.642799993290e-01 5.672633426286e+00 4.596270597807e+01 1.755607212058e-01 1.168262265540e+00
29 57 2 0.73813017 1.55056226 2.64433708 0.64401478 1.03705528 4.425783048770e-01 5.910435687776e+00 4.652031597630e+01 1.831863991645e-01 1.200941494342e+00
29 58 2 0.73813017 1.55056226 2.64433708 0.64401478 1.03705528 4.112960213653e-01 6.110669124998e+00 4.881682873608e+01 1.921786673811e-01 1.244017288785e+00
29 59 2 0.73813017 1.55056226 2.64433708 0.64401478 1.03705528 3.721736577934e-01 6.342204123090e+00 5.059628348839e+01 1.971162877767e-01 1.302798276271e+00
29 60 2 0.73813017 1.55056226 2.64433708 0.64401478 1.03705528 3.268863394098e-01 6.593825138599e+00 5.180051797258e+01 2.049798088689e-01 1.358001070921e+00
29 61 2 0.73813017 1.55056226 2.64433708 0.64401478 1.03705528 2.793203813112e-01 6.820518581351e+00 5.495943859203e+01 2.089990957589e-01 1.412624084906e+00
29 62 2 0.73813017 1.55056226 2.64433708 0.64401478 1.03705528 2.386731044434e-01 7.064492277272e+00 5.505594748613e+01 2.217267975729e-01 1.461882572584e+00
29 63 2 0.73813017 1.55056226 2.64433708 0.64401478 1.03705528 2.083561434808e-01 7.352627393982e+00 5.952377600941e+01 2.298380929461e-01 1.503838792247e+00
