# environment=00124 local_bs=3 gain_scale=1.878586763818e-14
# ue subcarrier serving_bs phi0 phi1 phi2 phi3 phi4 gain0 gain1 gain2 gain3 gain4
5 0 3 0.52570298 0.45697345 0.69941662 1.37187793 0.92319034 5.903624361665e-04 9.614575148360e-01 2.343695734618e+00 6.349483470382e+01 9.776695876158e-03
5 1 3 0.52570298 0.45697345 0.69941662 1.37187793 0.92319034 7.020544179187e-04 9.434203463998e-01 2.187505189494e+00 6.136861693542e+01 9.834482195291e-03
5 2 3 0.52570298 0.45697345 0.69941662 1.37187793 0.92319034 6.246276930068e-04 9.430723009817e-01 2.062311136733e+00 5.887928010880e+01 9.719583068180e-03
5 3 3 0.52570298 0.45697345 0.69941662 1.37187793 0.92319034 4.619366664874e-04 9.799442142828e-01 1.978928464186e+00 5.952172739841e+01 8.125715340853e-03
5 4 3 0.52570298 0.45697345 0.69941662 1.37187793 0.92319034 3.726658995997e-04 1.027751710595e+00 1.958505196585e+00 5.704737882580e+01 5.770629989940e-03
5 5 3 0.52570298 0.45697345 0.69941662 1.37187793 0.92319034 3.069730822607e-04 1.056777256238e+00 1.959512992429e+00 5.082984464479e+01 4.998483995926e-03
5 6 3 0.52570298 0.45697345 0.69941662 1.37187793 0.92319034 1.969567732459e-04 1.080148352059e+00 2.004876882757e+00 4.791040039397e+01 4.372268071066e-03
5 7 3 0.52570298 0.45697345 0.69941662 1.37187793 0.92319034 1.032607333746e-04 1.103402943325e+00 2.013845070290e+00 4.701880808187e+01 3.623885768578e-03
5 8 3 0.52570298 0.45697345 0.69941662 1.37187793 0.92319034 7.538264122909e-05 1.111257766412e+00 2.013836833318e+00 4.358476719937e+01 3.341926091763e-03
5 9 3 0.52570298 0.45697345 0.69941662 1.37187793 0.92319034 1.143480113028e-04 1.098911605111e+00 1.938946408551e+00 4.099557702300e+01 3.323576361090e-03
5 10 3 0.52570298 0.45697345 0.69941662 1.37187793 0.92319034 2.104670158558e-04 1.077387670505e+00 1.852091158445e+00 4.118493615428e+01 2.708858529484e-03
5 11 3 0.52570298 0.45697345 0.69941662 1.37187793 0.92319034 2.913057756447e-04 1.070631259699e+00 1.734175011070e+00 3.925357304964e+01 2.409529865600e-03
5 12 3 0.52570298 0.45697345 0.69941662 1.37187793 0.92319034 2.998885221777e-04 1.082854632828e+00 1.648088361702e+00 3.559873451621e+01 2.242153620113e-03
5 13 3 0.52570298 0.45697345 0.69941662 1.37187793 0.92319034 3.056361538357e-04 1.097370871356e+00 1.585733953809e+00 3.515712831731e+01 1.794273590039e-03
5 14 3 0.52570298 0.45697345 0.69941662 1.37187793 0.92319034 3.502565221927e-04 1.123086786226e+00 1.566550194578e+00 3.535204822634e+01 2.199325976758e-03
5 15 3 0.52570298 0.45697345 0.69941662 1.37187793 0.92319034 3.397975749230e-04 1.170127572997e+00 1.581301776007e+00 3.257851579648e+01 2.436811473124e-03
5 16 3 0.52570298 0.45697345 0.69941662 1.37187793 0.92319034 2.395200553545e-04 1.213822664178e+00 1.606476036921e+00 3.061531040853e+01 2.207233801608e-03
5 17 3 0.52570298 0.45697345 0.69941662 1.37187793 0.92319034 1.476818787849e-04 1.236772555285e+00 1.639326316155e+00 3.023763321247e+01 2.083047564992e-03
5 18 3 0.52570298 0.45697345 0.69941662 1.37187793 0.92319034 1.087838666619e-04 1.244641437641e+00 1.637106208891e+00 2.837304489843e+01 2.077496450311e-03
5 19 3 0.52570298 0.45697345 0.69941662 1.37187793 0.92319034 7.958370736763e-05 1.246384498633e+00 1.623851222770e+00 2.631706372715e+01 1.983318557160e-03
5 20 3 0.52570298 0.45697345 0.69941662 1.37187793 0.92319034 5.230274456270e-05 1.248557710490e+00 1.569829246440e+00 2.685288407273e+01 2.382534056965e-03
5 21 3 0.52570298 0.45697345 0.69941662 1.37187793 0.92319034 4.435539292508e-05 1.246270947012e+00 1.522940395147e+00 2.718648866768e+01 3.082611120958e-03
5 22 3 0.52570298 0.45697345 0.69941662 1.37187793 0.92319034 5.686568616865e-05 1.245395065549e+00 1.463539563720e+00 2.503315918476e+01 3.376969484245e-03
5 23 3 0.52570298 0.45697345 0.69941662 1.37187793 0.92319034 1.057116203198e-04 1.265945741865e+00 1.433885264817e+00 2.421294525434e+01 4.292158744143e-03
5 24 3 0.52570298 0.45697345 0.69941662 1.37187793 0.92319034 1.784012326399e-04 1.299759075137e+00 1.417830160615e+00 2.434487835516e+01 4.878786409750e-03
5 25 3 0.52570298 0.45697345 0.69941662 1.37187793 0.92319034 2.092785375136e-04 1.330299015143e+00 1.435170647641e+00 2.297490668468e+01 4.443500647743e-03
5 26 3 0.52570298 0.45697345 0.69941662 1.37187793 0.92319034 1.952421849647e-04 1.365685940646e+00 1.470266731825e+00 2.231393361516e+01 3.833230106738e-03
5 27 3 0.52570298 0.45697345 0.69941662 1.37187793 0.92319034 2.034875478884e-04 1.406029444617e+00 1.510193030448e+00 2.309514225937e+01 3.093064714966e-03
5 28 3 0.52570298 0.45697345 0.69941662 1.37187793 0.92319034 2.229555153574e-04 1.436560368644e+00 1.547990306414e+00 2.269400860269e+01 2.162964617470e-03
5 29 3 0.52570298 0.45697345 0.69941662 1.37187793 0.92319034 1.857775106982e-04 1.448986441388e+00 1.558871872988e+00 2.136847234113e+01 1.353560907438e-03
5 30 3 0.52570298 0.45697345 0.69941662 1.37187793 0.92319034 1.129259177346e-04 1.449117353952e+00 1.567001458826e+00 2.139033955419e+01 9.935633670976e-04
5 31 3 0.52570298 0.45697345 0.69941662 1.37187793 0.92319034 6.977699772041e-05 1.460358231296e+00 1.548454146965e+00 2.209082039504e+01 5.664302788683e-04
5 32 3 0.52570298 0.45697345 0.69941662 1.37187793 0.92319034 5.597741302852e-05 1.485091045852e+00 1.543732391051e+00 2.263936872802e+01 5.922447093177e-04
5 33 3 0.52570298 0.45697345 0.69941662 1.37187793 0.92319034 5.125334849771e-05 1.497777345877e+00 1.521434933515e+00 2.359344980812e+01 1.032222618577e-03
5 34 3 0.52570298 0.45697345 0.69941662 1.37187793 0.92319034 5.924876457745e-05 1.504119530333e+00 1.526677999999e+00 2.529045142645e+01 1.385950246551e-03
5 35 3 0.52570298 0.45697345 0.69941662 1.37187793 0.92319034 7.541947884624e-05 1.529686791967e+00 1.532962358558e+00 2.598744219918e+01 2.185025069817e-03
5 36 3 0.52570298 0.45697345 0.69941662 1.37187793 0.92319034 1.123016372649e-04 1.573087098154e+00 1.580399872408e+00 2.544252034577e+01 3.113883365613e-03
5 37 3 0.52570298 0.45697345 0.69941662 1.37187793 0.92319034 1.944067612052e-04 1.620077316285e+00 1.639393381140e+00 2.640536549894e+01 3.882981025722e-03
5 38 3 0.52570298 0.45697345 0.69941662 1.37187793 0.92319034 2.719812418960e-04 1.659643628280e+00 1.718770402585e+00 2.827839798441e+01 4.552509858736e-03
5 39 3 0.52570298 0.45697345 0.69941662 1.37187793 0.92319034 2.772245767566e-04 1.693120387167e+00 1.788954320941e+00 2.853320897814e+01 5.057267395865e-03
5 40 3 0.52570298 0.45697345 0.69941662 1.37187793 0.92319034 2.543614955037e-04 1.728403991646e+00 1.840726105845e+00 2.904138832362e+01 4.478108087231e-03
5 41 3 0.52570298 0.45697345 0.69941662 1.37187793 0.92319034 2.650336365777e-04 1.749545262384e+00 1.874015370297e+00 3.118454190233e+01 3.590026877868e-03
5 42 3 0.52570298 0.45697345 0.69941662 1.37187793 0.92319034 2.566771762265e-04 1.750194665366e+00 1.876438505526e+00 3.120408108605e+01 3.284735989766e-03
5 43 3 0.52570298 0.45697345 0.69941662 1.37187793 0.92319034 1.820341154165e-04 1.756756382406e+00 1.879930659729e+00 3.070003948871e+01 2.494015490849e-03
5 44 3 0.52570298 0.45697345 0.69941662 1.37187793 0.92319034 1.011509249215e-04 1.774438513941e+00 1.869095767739e+00 3.334055518936e+01 2.049236756139e-03
5 45 3 0.52570298 0.45697345 0.69941662 1.37187793 0.92319034 6.956469107765e-05 1.793052471571e+00 1.898288024016e+00 3.578429871220e+01 2.137003837049e-03
5 46 3 0.52570298 0.45697345 0.69941662 1.37187793 0.92319034 8.512214839703e-05 1.822168066673e+00 1.943369402453e+00 3.607532757192e+01 2.182243729497e-03
5 47 3 0.52570298 0.45697345 0.69941662 1.37187793 0.92319034 1.405689593103e-04 1.871617733494e+00 2.047943905082e+00 3.734996594766e+01 2.363262805012e-03
5 48 3 0.52570298 0.45697345 0.69941662 1.37187793 0.92319034 2.044795089736e-04 1.939829719214e+00 2.162304101380e+00 3.989092882496e+01 2.631991861603e-03
5 49 3 0.52570298 0.45697345 0.69941662 1.37187793 0.92319034 2.505212883600e-04 2.005173902779e+00 2.298516715732e+00 3.978698607813e+01 2.350079951643e-03
5 50 3 0.52570298 0.45697345 0.69941662 1.37187793 0.92319034 3.335980383236e-04 2.041674075260e+00 2.406291513361e+00 3.971250420356e+01 1.911650330734e-03
5 51 3 0.52570298 0.45697345 0.69941662 1.37187793 0.92319034 4.656180110277e-04 2.065608848537e+00 2.483790923184e+00 4.326481463412e+01 2.377896094620e-03
5 52 3 0.52570298 0.45697345 0.69941662 1.37187793 0.92319034 5.173439175067e-04 2.090710386996e+00 2.518454345348e+00 4.542530171783e+01 2.527253266647e-03
5 53 3 0.52570298 0.45697345 0.69941662 1.37187793 0.92319034 4.371989587245e-04 2.093850096202e+00 2.509873370461e+00 4.475190686619e+01 2.890944567871e-03
5 54 3 0.52570298 0.45697345 0.69941662 1.37187793 0.92319034 3.533468789140e-04 2.084162938026e+00 2.505831820310e+00 4.672085915191e+01 3.571629333081e-03
5 55 3 0.52570298 0.45697345 0.69941662 1.37187793 0.92319034 3.214674978025e-04 2.096777344188e+00 2.506760344098e+00 5.039759686592e+01 3.620157664940e-03
5 56 3 0.52570298 0.45697345 0.69941662 1.37187793 0.92319034 2.586790672218e-04 2.138708238758e+00 2.591053171191e+00 5.114657035070e+01 3.914577517955e-03
5 57 3 0.52570298 0.45697345 0.69941662 1.37187793 0.92319034 1.597097736466e-04 2.196842856050e+00 2.707488309438e+00 5.242021128221e+01 4.645371272284e-03
5 58 3 0.52570298 0.45697345 0.69941662 1.37187793 0.92319034 1.016028778807e-04 2.254455321837e+00 2.904848449758e+00 5.661272120760e+01 5.227328417510e-03
5 59 3 0.52570298 0.45697345 0.69941662 1.37187793 0.92319034 1.191020041063e-04 2.319531206769e+00 3.078798511962e+00 5.745060016850e+01 6.078473620848e-03
5 60 3 0.52570298 0.45697345 0.69941662 1.37187793 0.92319034 2.316591379406e-04 2.407844756164e+00 3.269435897538e+00 5.454176825533e+01 8.708047978900e-03
5 61 3 0.52570298 0.45697345 0.69941662 1.37187793 0.92319034 4.032662426832e-04 2.476012944990e+00 3.384682014159e+00 5.527177833023e+01 1.043303481425e-02
5 62 3 0.52570298 0.45697345 0.69941662 1.37187793 0.92319034 5.034155799226e-04 2.487538418537e+00 3.469153840495e+00 5.758913185064e+01 1.063894259059e-02
5 63 3 0.52570298 0.45697345 0.69941662 1.37187793 0.92319034 5.269417830679e-04 2.480582857555e+00 3.475273921041e+00 5.718824769326e+01 1.056617265570e-02
6 0 3 0.46161283 0.35745488 0.47473938 1.64458410 0.46653742 6.620013643738e-03 4.593626189395e-04 5.598941917704e-03 1.007509444870e+02 8.247263882493e-02
6 1 3 0.46161283 0.35745488 0.47473938 1.64458410 0.46653742 5.059231915388e-03 4.113790876345e-04 6.178971460628e-03 1.227349952488e+02 7.803697572225e-02
6 2 3 0.46161283 0.35745488 0.47473938 1.64458410 0.46653742 3.385938716582e-03 3.792296596476e-04 6.056348792911e-03 1.219837674616e+02 7.586152341421e-02
6 3 3 0.46161283 0.35745488 0.47473938 1.64458410 0.46653742 1.867664073429e-03 3.613502315161e-04 5.451672568144e-03 1.042296776516e+02 7.410925457471e-02
6 4 3 0.46161283 0.35745488 0.47473938 1.64458410 0.46653742 8.684783854742e-04 3.560052609002e-04 5.276910717492e-03 8.910144236478e+01 7.024222459754e-02
6 5 3 0.46161283 0.35745488 0.47473938 1.64458410 0.46653742 7.804176876967e-04 3.613572756163e-04 5.597243187879e-03 9.367691700076e+01 6.739515243706e-02
6 6 3 0.46161283 0.35745488 0.47473938 1.64458410 0.46653742 1.425265058783e-03 3.755329772056e-04 5.123934778113e-03 1.159365612349e+02 6.615671761348e-02
6 7 3 0.46161283 0.35745488 0.47473938 1.64458410 0.46653742 2.385403895946e-03 3.966838081753e-04 4.924257667452e-03 1.330792669816e+02 6.328802030450e-02
6 8 3 0.46161283 0.35745488 0.47473938 1.64458410 0.46653742 3.535422794404e-03 4.230392678922e-04 4.936418370332e-03 1.291071811960e+02 6.006564046315e-02
6 9 3 0.46161283 0.35745488 0.47473938 1.64458410 0.46653742 4.222279475231e-03 4.529517163400e-04 5.222212278555e-03 1.061274556285e+02 5.877576405521e-02
6 10 3 0.46161283 0.35745488 0.47473938 1.64458410 0.46653742 4.281647304302e-03 4.849318735889e-04 4.383363125735e-03 8.303173876380e+01 5.694869327216e-02
6 11 3 0.46161283 0.35745488 0.47473938 1.64458410 0.46653742 3.886829754674e-03 5.176746828978e-04 4.844771001712e-03 7.688015102876e+01 5.385090121204e-02
6 12 3 0.46161283 0.35745488 0.47473938 1.64458410 0.46653742 2.835749737983e-03 5.500756358893e-04 4.785399848424e-03 8.532261644998e+01 5.218757787961e-02
6 13 3 0.46161283 0.35745488 0.47473938 1.64458410 0.46653742 1.809800884729e-03 5.812380413024e-04 4.501933783007e-03 9.346033682839e+01 5.112053247459e-02
6 14 3 0.46161283 0.35745488 0.47473938 1.64458410 0.46653742 9.154358755809e-04 6.104720402067e-04 4.356664420319e-03 8.633207255326e+01 4.860522197569e-02
6 15 3 0.46161283 0.35745488 0.47473938 1.64458410 0.46653742 4.177880463637e-04 6.372864202717e-04 4.710466927691e-03 6.631258309528e+01 4.657015726389e-02
6 16 3 0.46161283 0.35745488 0.47473938 1.64458410 0.46653742 4.964926827937e-04 6.613744542548e-04 4.413795398184e-03 4.843578848231e+01 4.583746439578e-02
6 17 3 0.46161283 0.35745488 0.47473938 1.64458410 0.46653742 1.014242459345e-03 6.825950822745e-04 4.204500030245e-03 4.305415576684e+01 4.414542177984e-02
6 18 3 0.46161283 0.35745488 0.47473938 1.64458410 0.46653742 1.682962460266e-03 7.009507769875e-04 4.361329791974e-03 4.949448091578e+01 4.199646488823e-02
6 19 3 0.46161283 0.35745488 0.47473938 1.64458410 0.46653742 2.436687738254e-03 7.165633825076e-04 4.614359837500e-03 5.710808281252e+01 4.122674985642e-02
6 20 3 0.46161283 0.35745488 0.47473938 1.64458410 0.46653742 2.815532927713e-03 7.296491121452e-04 3.857739626794e-03 5.607570391589e+01 4.033154641804e-02
6 21 3 0.46161283 0.35745488 0.47473938 1.64458410 0.46653742 2.801645052920e-03 7.404937393599e-04 4.349813725188e-03 4.588630397399e+01 3.842985853860e-02
6 22 3 0.46161283 0.35745488 0.47473938 1.64458410 0.46653742 2.466879372825e-03 7.494288349807e-04 4.426705611941e-03 3.680615008884e+01 3.743860797447e-02
6 23 3 0.46161283 0.35745488 0.47473938 1.64458410 0.46653742 1.731111204453e-03 7.568097064417e-04 3.948482134696e-03 3.863580087892e+01 3.711016972126e-02
6 24 3 0.46161283 0.35745488 0.47473938 1.64458410 0.46653742 1.059738857624e-03 7.629954960069e-04 4.050954059229e-03 5.024376635633e+01 3.576309724905e-02
6 25 3 0.46161283 0.35745488 0.47473938 1.64458410 0.46653742 5.010320501375e-04 7.683317079260e-04 4.419865339776e-03 6.145715050797e+01 3.458559062594e-02
6 26 3 0.46161283 0.35745488 0.47473938 1.64458410 0.46653742 2.574004696397e-04 7.731352705090e-04 4.013556674780e-03 6.255773748614e+01 3.451378065448e-02
6 27 3 0.46161283 0.35745488 0.47473938 1.64458410 0.46653742 4.294157963267e-04 7.776821069754e-04 3.906670756993e-03 5.537877168097e+01 3.387253360438e-02
6 28 3 0.46161283 0.35745488 0.47473938 1.64458410 0.46653742 9.088237517613e-04 7.821970944028e-04 4.316090252575e-03 4.930444636499e+01 3.271218878536e-02
6 29 3 0.46161283 0.35745488 0.47473938 1.64458410 0.46653742 1.476256162816e-03 7.868462356955e-04 4.241875877365e-03 5.222969825413e+01 3.263054949468e-02
6 30 3 0.46161283 0.35745488 0.47473938 1.64458410 0.46653742 2.094180906283e-03 7.917308545230e-04 3.734775618544e-03 6.260140903003e+01 3.266235684836e-02
6 31 3 0.46161283 0.35745488 0.47473938 1.64458410 0.46653742 2.368613093900e-03 7.968836438098e-04 4.366259080499e-03 7.225522934416e+01 3.179517558870e-02
6 32 3 0.46161283 0.35745488 0.47473938 1.64458410 0.46653742 2.343500274935e-03 8.022664480877e-04 4.365987269562e-03 7.514905014512e+01 3.156563840724e-02
6 33 3 0.46161283 0.35745488 0.47473938 1.64458410 0.46653742 2.025201110420e-03 8.077697301091e-04 3.798083644248e-03 6.709474731004e+01 3.208785542980e-02
6 34 3 0.46161283 0.35745488 0.47473938 1.64458410 0.46653742 1.388249642171e-03 8.132137523164e-04 4.348011712231e-03 5.486624911422e+01 3.176259528913e-02
6 35 3 0.46161283 0.35745488 0.47473938 1.64458410 0.46653742 8.285975862226e-04 8.183515830386e-04 4.454037865698e-03 5.132031635756e+01 3.140895403540e-02
6 36 3 0.46161283 0.35745488 0.47473938 1.64458410 0.46653742 3.877374699710e-04 8.228741046353e-04 4.068954046610e-03 5.847889278745e+01 3.216018966441e-02
6 37 3 0.46161283 0.35745488 0.47473938 1.64458410 0.46653742 2.677662161669e-04 8.264172460542e-04 4.225090244031e-03 6.729458412799e+01 3.251866982762e-02
6 38 3 0.46161283 0.35745488 0.47473938 1.64458410 0.46653742 5.648271318603e-04 8.285716768229e-04 4.663664827215e-03 6.605959213847e+01 3.221325953637e-02
6 39 3 0.46161283 0.35745488 0.47473938 1.64458410 0.46653742 1.161091900635e-03 8.288951770015e-04 4.311377577059e-03 5.391537244459e+01 3.294007190492e-02
6 40 3 0.46161283 0.35745488 0.47473938 1.64458410 0.46653742 1.836352855602e-03 8.269278344942e-04 4.222185625697e-03 4.095394784723e+01 3.396900744515e-02
6 41 3 0.46161283 0.35745488 0.47473938 1.64458410 0.46653742 2.549765880659e-03 8.222101168807e-04 4.753795210599e-03 3.779242373233e+01 3.398016592918e-02
6 42 3 0.46161283 0.35745488 0.47473938 1.64458410 0.46653742 2.831293169625e-03 8.143037223861e-04 4.666780308844e-03 4.606813944509e+01 3.452394491454e-02
6 43 3 0.46161283 0.35745488 0.47473938 1.64458410 0.46653742 2.786009376313e-03 8.028149398249e-04 4.173279774946e-03 5.602491955067e+01 3.604669839502e-02
6 44 3 0.46161283 0.35745488 0.47473938 1.64458410 0.46653742 2.358596783911e-03 7.874200493414e-04 4.964918309069e-03 5.783883913979e+01 3.665343356780e-02
6 45 3 0.46161283 0.35745488 0.47473938 1.64458410 0.46653742 1.583480571922e-03 7.678920861528e-04 4.694982652050e-03 5.032680347484e+01 3.702042386700e-02
6 46 3 0.46161283 0.35745488 0.47473938 1.64458410 0.46653742 9.305052118526e-04 7.441280817427e-04 4.532556769013e-03 4.372301524090e+01 3.873884826109e-02
6 47 3 0.46161283 0.35745488 0.47473938 1.64458410 0.46653742 4.671339053875e-04 7.161757058038e-04 4.726877991907e-03 5.043895077692e+01 4.012530625153e-02
6 48 3 0.46161283 0.35745488 0.47473938 1.64458410 0.46653742 4.567701546582e-04 6.842580725871e-04 5.031239359707e-03 7.172673640548e+01 4.051473540647e-02
6 49 3 0.46161283 0.35745488 0.47473938 1.64458410 0.46653742 1.025792323483e-03 6.487953616383e-04 4.646998497671e-03 9.346568812363e+01 4.210556142459e-02
6 50 3 0.46161283 0.35745488 0.47473938 1.64458410 0.46653742 1.965959809283e-03 6.104218478984e-04 4.757756783558e-03 9.938735297134e+01 4.426409179353e-02
6 51 3 0.46161283 0.35745488 0.47473938 1.64458410 0.46653742 2.988841828987e-03 5.699969503185e-04 5.043053772299e-03 9.117906384677e+01 4.502729368190e-02
6 52 3 0.46161283 0.35745488 0.47473938 1.64458410 0.46653742 4.002729583551e-03 5.286089985512e-04 5.082412512520e-03 8.376245192875e+01 4.627669183925e-02
6 53 3 0.46161283 0.35745488 0.47473938 1.64458410 0.46653742 4.316318227608e-03 4.875705873695e-04 4.561923075883e-03 9.282191505813e+01 4.896397586109e-02
6 54 3 0.46161283 0.35745488 0.47473938 1.64458410 0.46653742 4.170679860294e-03 4.484046372153e-04 5.415568856989e-03 1.181971657104e+02 5.048423639602e-02
6 55 3 0.46161283 0.35745488 0.47473938 1.64458410 0.46653742 3.420392280287e-03 4.128206012538e-04 5.095936526853e-03 1.407473092927e+02 5.141443336654e-02
6 56 3 0.46161283 0.35745488 0.47473938 1.64458410 0.46653742 2.246295097335e-03 3.826806445338e-04 5.067371915139e-03 1.429846409230e+02 5.420270492583e-02
6 57 3 0.46161283 0.35745488 0.47473938 1.64458410 0.46653742 1.321344515596e-03 3.599560550954e-04 5.237035959583e-03 1.227295939818e+02 5.672268802374e-02
6 58 3 0.46161283 0.35745488 0.47473938 1.64458410 0.46653742 7.672979361742e-04 3.466746122039e-04 5.748800167096e-03 1.003285805480e+02 5.764507238497e-02
6 59 3 0.46161283 0.35745488 0.47473938 1.64458410 0.46653742 9.595476422589e-04 3.448601123156e-04 5.388872779962e-03 9.684141312180e+01 6.007868591397e-02
6 60 3 0.46161283 0.35745488 0.47473938 1.64458410 0.46653742 2.064503623996e-03 3.564657159286e-04 5.568740108485e-03 1.130440087319e+02 6.354378357231e-02
6 61 3 0.46161283 0.35745488 0.47473938 1.64458410 0.46653742 3.640977767791e-03 3.833032040544e-04 6.233357171500e-03 1.321603221874e+02 6.498473286709e-02
6 62 3 0.46161283 0.35745488 0.47473938 1.64458410 0.46653742 5.294856710551e-03 4.269705979097e-04 6.349780992299e-03 1.297988595343e+02 6.679803597443e-02
6 63 3 0.46161283 0.35745488 0.47473938 1.64458410 0.46653742 6.786518399677e-03 4.887808772009e-04 5.764755085908e-03 1.040576885682e+02 7.080279564356e-02
9 0 3 0.58023661 0.43207377 0.61796990 8.08770178 0.58224606 2.019067808697e-01 1.404173637989e-04 1.523685664468e-03 4.089732032213e+04 7.660908803249e-03
9 1 3 0.58023661 0.43207377 0.61796990 8.08770178 0.58224606 1.464539423850e-01 1.305684698911e-04 1.704098105911e-03 3.901585833834e+04 6.472418452584e-03
9 2 3 0.58023661 0.43207377 0.61796990 8.08770178 0.58224606 8.391563772910e-02 2.426489874423e-04 1.942323135040e-03 3.857020602734e+04 4.157949091599e-03
9 3 3 0.58023661 0.43207377 0.61796990 8.08770178 0.58224606 2.877840275570e-02 2.808518922652e-04 2.403751235214e-03 3.771653879108e+04 3.826567145845e-03
9 4 3 0.58023661 0.43207377 0.61796990 8.08770178 0.58224606 4.612939262980e-03 2.896359563496e-04 2.195064865509e-03 3.607232608225e+04 3.369055916906e-03
9 5 3 0.58023661 0.43207377 0.61796990 8.08770178 0.58224606 1.163518283485e-02 2.304935712134e-04 1.447701880630e-03 3.419328774902e+04 1.640353730086e-03
9 6 3 0.58023661 0.43207377 0.61796990 8.08770178 0.58224606 4.728295487944e-02 3.557783936220e-04 9.722986573756e-04 3.369183216688e+04 1.117185265755e-03
9 7 3 0.58023661 0.43207377 0.61796990 8.08770178 0.58224606 9.538784117600e-02 5.024782322306e-04 9.426147776515e-04 3.327721698633e+04 1.316474559737e-03
9 8 3 0.58023661 0.43207377 0.61796990 8.08770178 0.58224606 1.376179161804e-01 6.553054872443e-04 2.145843173300e-03 3.168484619183e+04 8.919103366694e-04
9 9 3 0.58023661 0.43207377 0.61796990 8.08770178 0.58224606 1.635855170113e-01 6.367432148945e-04 3.148534982820e-03 3.026809803245e+04 1.340521765528e-03
9 10 3 0.58023661 0.43207377 0.61796990 8.08770178 0.58224606 1.604692775914e-01 5.672544991829e-04 2.728891261225e-03 2.955647648435e+04 2.139644771133e-03
9 11 3 0.58023661 0.43207377 0.61796990 8.08770178 0.58224606 1.290208740825e-01 7.044861636918e-04 2.501852227552e-03 2.925088613837e+04 2.443870284524e-03
9 12 3 0.58023661 0.43207377 0.61796990 8.08770178 0.58224606 8.721691197907e-02 9.496117549249e-04 2.433323608334e-03 2.808515821086e+04 3.126803395299e-03
9 13 3 0.58023661 0.43207377 0.61796990 8.08770178 0.58224606 4.112223990977e-02 9.358968633447e-04 2.560065791761e-03 2.663046888634e+04 3.865923369748e-03
9 14 3 0.58023661 0.43207377 0.61796990 8.08770178 0.58224606 9.010426042667e-03 7.400991391982e-04 2.631708152622e-03 2.630446212172e+04 3.625562126631e-03
9 15 3 0.58023661 0.43207377 0.61796990 8.08770178 0.58224606 3.232779124143e-04 7.024902608026e-04 2.625093462648e-03 2.602349500384e+04 4.180284166473e-03
9 16 3 0.58023661 0.43207377 0.61796990 8.08770178 0.58224606 1.494534929730e-02 7.038409036452e-04 3.231673484651e-03 2.516018396406e+04 4.061912457356e-03
9 17 3 0.58023661 0.43207377 0.61796990 8.08770178 0.58224606 4.669825540610e-02 6.428615915351e-04 3.565754630319e-03 2.404457742394e+04 3.262092383152e-03
9 18 3 0.58023661 0.43207377 0.61796990 8.08770178 0.58224606 8.165209908473e-02 6.233224363092e-04 3.416090872560e-03 2.353588643319e+04 2.644419141795e-03
9 19 3 0.58023661 0.43207377 0.61796990 8.08770178 0.58224606 1.093258807393e-01 5.076041982177e-04 2.933413351224e-03 2.357896112139e+04 2.811434409766e-03
9 20 3 0.58023661 0.43207377 0.61796990 8.08770178 0.58224606 1.203853380624e-01 2.608739555506e-04 1.468918698909e-03 2.282194357462e+04 1.631737244358e-03
9 21 3 0.58023661 0.43207377 0.61796990 8.08770178 0.58224606 1.076426882371e-01 2.340280630241e-04 8.417781172380e-04 2.195336121101e+04 9.605701401491e-04
9 22 3 0.58023661 0.43207377 0.61796990 8.08770178 0.58224606 8.019718974961e-02 2.844510352854e-04 1.091701251831e-03 2.165046029565e+04 9.803803913548e-04
9 23 3 0.58023661 0.43207377 0.61796990 8.08770178 0.58224606 4.719432041789e-02 1.923465656831e-04 1.203545661390e-03 2.163250082118e+04 6.979070233119e-04
9 24 3 0.58023661 0.43207377 0.61796990 8.08770178 0.58224606 1.634720124738e-02 6.589327061124e-05 8.713134998640e-04 2.138560187915e+04 4.155256321526e-04
9 25 3 0.58023661 0.43207377 0.61796990 8.08770178 0.58224606 1.300423577989e-03 1.052448886619e-04 9.142042248234e-04 2.063903347356e+04 1.061060998266e-03
9 26 3 0.58023661 0.43207377 0.61796990 8.08770178 0.58224606 3.988526260743e-03 9.727073873853e-05 7.924747997756e-04 2.044654097588e+04 1.157585229298e-03
9 27 3 0.58023661 0.43207377 0.61796990 8.08770178 0.58224606 2.327420046343e-02 1.257283999200e-04 5.362565414200e-04 2.069612408518e+04 1.403539260180e-03
9 28 3 0.58023661 0.43207377 0.61796990 8.08770178 0.58224606 4.962740203778e-02 1.476413857292e-04 5.743513951733e-04 2.051196478005e+04 2.117421774114e-03
9 29 3 0.58023661 0.43207377 0.61796990 8.08770178 0.58224606 7.390313531712e-02 1.184695630072e-04 7.021968979055e-04 2.010492794676e+04 2.639663714563e-03
9 30 3 0.58023661 0.43207377 0.61796990 8.08770178 0.58224606 8.857267325162e-02 1.251529777464e-04 8.672292146663e-04 1.985907325133e+04 2.594321960241e-03
9 31 3 0.58023661 0.43207377 0.61796990 8.08770178 0.58224606 8.672694217600e-02 2.876705979745e-04 1.934593161016e-03 2.018752302548e+04 3.045233442095e-03
9 32 3 0.58023661 0.43207377 0.61796990 8.08770178 0.58224606 6.863987142219e-02 2.725254654957e-04 1.860172953330e-03 2.044950791230e+04 3.037465007264e-03
9 33 3 0.58023661 0.43207377 0.61796990 8.08770178 0.58224606 4.483953963931e-02 1.453423305607e-04 8.425549533151e-04 2.018330133276e+04 2.630205373407e-03
9 34 3 0.58023661 0.43207377 0.61796990 8.08770178 0.58224606 1.989081348019e-02 1.948835904746e-04 7.758031958619e-04 2.025899836003e+04 2.680589802464e-03
9 35 3 0.58023661 0.43207377 0.61796990 8.08770178 0.58224606 3.715383472806e-03 2.530724978678e-04 6.984061388109e-04 2.071234644981e+04 2.156988991381e-03
9 36 3 0.58023661 0.43207377 0.61796990 8.08770178 0.58224606 1.987481357800e-03 2.358718535743e-04 7.502390661796e-04 2.110480677933e+04 1.435654578219e-03
9 37 3 0.58023661 0.43207377 0.61796990 8.08770178 0.58224606 1.441634279043e-02 2.245116764507e-04 1.104709403115e-03 2.097871476776e+04 1.211599853093e-03
9 38 3 0.58023661 0.43207377 0.61796990 8.08770178 0.58224606 3.569125166107e-02 2.399818068377e-04 1.223305372527e-03 2.105696543137e+04 1.088657350504e-03
9 39 3 0.58023661 0.43207377 0.61796990 8.08770178 0.58224606 5.648909602129e-02 1.697953032861e-04 1.167704278765e-03 2.188084974194e+04 4.273037717172e-04
9 40 3 0.58023661 0.43207377 0.61796990 8.08770178 0.58224606 7.130666971236e-02 3.220913904009e-04 1.547617105253e-03 2.241749841467e+04 7.300365899631e-04
9 41 3 0.58023661 0.43207377 0.61796990 8.08770178 0.58224606 7.400420323044e-02 4.425097155458e-04 1.415043115093e-03 2.253274289465e+04 1.008885113737e-03
9 42 3 0.58023661 0.43207377 0.61796990 8.08770178 0.58224606 6.172227269508e-02 3.640867595430e-04 1.118352113795e-03 2.279362534769e+04 9.841544971999e-04
9 43 3 0.58023661 0.43207377 0.61796990 8.08770178 0.58224606 4.151655117437e-02 3.316715934039e-04 1.787462946170e-03 2.372716410914e+04 1.730336139029e-03
9 44 3 0.58023661 0.43207377 0.61796990 8.08770178 0.58224606 2.091031514677e-02 5.635289857866e-04 3.403024144859e-03 2.467369509979e+04 2.939058094437e-03
9 45 3 0.58023661 0.43207377 0.61796990 8.08770178 0.58224606 4.688034664392e-03 6.830401391770e-04 3.931181668780e-03 2.472342857341e+04 2.759902901133e-03
9 46 3 0.58023661 0.43207377 0.61796990 8.08770178 0.58224606 1.062409033823e-03 6.823255083276e-04 4.082768762010e-03 2.519846730586e+04 3.461378669472e-03
9 47 3 0.58023661 0.43207377 0.61796990 8.08770178 0.58224606 9.794524427991e-03 7.178296553825e-04 3.661386326044e-03 2.633244668679e+04 4.311353342614e-03
9 48 3 0.58023661 0.43207377 0.61796990 8.08770178 0.58224606 2.910516554231e-02 6.792491839908e-04 2.933406620898e-03 2.734548652346e+04 4.426209880909e-03
9 49 3 0.58023661 0.43207377 0.61796990 8.08770178 0.58224606 4.878184627594e-02 6.662039493100e-04 2.900081862804e-03 2.778579054423e+04 3.850732998018e-03
9 50 3 0.58023661 0.43207377 0.61796990 8.08770178 0.58224606 6.367227663741e-02 8.307426785143e-04 2.817304388713e-03 2.810903870562e+04 4.141233421736e-03
9 51 3 0.58023661 0.43207377 0.61796990 8.08770178 0.58224606 6.907612617381e-02 8.506201123755e-04 2.643799843347e-03 2.965848786350e+04 3.315559408386e-03
9 52 3 0.58023661 0.43207377 0.61796990 8.08770178 0.58224606 6.027676061822e-02 6.006024512736e-04 2.627462067122e-03 3.098096294503e+04 2.631368961246e-03
9 53 3 0.58023661 0.43207377 0.61796990 8.08770178 0.58224606 4.143248093740e-02 4.245435625224e-04 2.765129054883e-03 3.144484879003e+04 2.278375852578e-03
9 54 3 0.58023661 0.43207377 0.61796990 8.08770178 0.58224606 2.159098553953e-02 4.491401633841e-04 3.159060995870e-03 3.209843642201e+04 1.427123274867e-03
9 55 3 0.58023661 0.43207377 0.61796990 8.08770178 0.58224606 5.221172828878e-03 4.559264236697e-04 2.121499168296e-03 3.342792235932e+04 9.519054440372e-04
9 56 3 0.58023661 0.43207377 0.61796990 8.08770178 0.58224606 1.934877753797e-04 3.220970918643e-04 8.345330300745e-04 3.524192076575e+04 1.408518186109e-03
9 57 3 0.58023661 0.43207377 0.61796990 8.08770178 0.58224606 8.090881318022e-03 1.928781937915e-04 7.761420506750e-04 3.580010905167e+04 1.153349930142e-03
9 58 3 0.58023661 0.43207377 0.61796990 8.08770178 0.58224606 2.806925910627e-02 8.874897093299e-05 1.205594902332e-03 3.631351399463e+04 1.777981987862e-03
9 59 3 0.58023661 0.43207377 0.61796990 8.08770178 0.58224606 5.284055660542e-02 1.316440377574e-04 1.911225656703e-03 3.823832160281e+04 3.581376695800e-03
9 60 3 0.58023661 0.43207377 0.61796990 8.08770178 0.58224606 7.123505858898e-02 1.311746512685e-04 2.086309796031e-03 4.002697210468e+04 4.043728336331e-03
9 61 3 0.58023661 0.43207377 0.61796990 8.08770178 0.58224606 8.292908184108e-02 1.118637539616e-04 1.585697398457e-03 4.101870443558e+04 4.428902213362e-03
9 62 3 0.58023661 0.43207377 0.61796990 8.08770178 0.58224606 7.889614391137e-02 5.420746847439e-05 1.331214645542e-03 4.141729634330e+04 6.986909135461e-03
9 63 3 0.58023661 0.43207377 0.61796990 8.08770178 0.58224606 6.072394935368e-02 1.186839211590e-04 1.144562626709e-03 4.329909593992e+04 8.109282561745e-03
17 0 3 0.46917728 0.36355875 0.48671994 1.80154471 0.48042105 6.619775556529e-01 7.994926891237e-04 1.070584882622e+00 1.587763283269e+02 1.240460009636e-01
17 1 3 0.46917728 0.36355875 0.48671994 1.80154471 0.48042105 6.776217709843e-01 7.741379398473e-04 1.048236671880e+00 1.869540766781e+02 1.177604173447e-01
17 2 3 0.46917728 0.36355875 0.48671994 1.80154471 0.48042105 6.891139488493e-01 7.600638650882e-04 1.012042855839e+00 1.872259739013e+02 1.138164978448e-01
17 3 3 0.46917728 0.36355875 0.48671994 1.80154471 0.48042105 6.801504959812e-01 7.240405898280e-04 9.734444548269e-01 1.587461712597e+02 1.113073968738e-01
17 4 3 0.46917728 0.36355875 0.48671994 1.80154471 0.48042105 6.512139390120e-01 7.279672927979e-04 9.371728292058e-01 1.250234795095e+02 1.061109422499e-01
17 5 3 0.46917728 0.36355875 0.48671994 1.80154471 0.48042105 6.069868672021e-01 7.336308476879e-04 8.961242272579e-01 1.135811488777e+02 1.014649619951e-01
17 6 3 0.46917728 0.36355875 0.48671994 1.80154471 0.48042105 5.524363477773e-01 7.178095690621e-04 8.675422397561e-01 1.287488801882e+02 9.931343185793e-02
17 7 3 0.46917728 0.36355875 0.48671994 1.80154471 0.48042105 5.043846335359e-01 7.368140861271e-04 8.276505711321e-01 1.476778491266e+02 9.552384892889e-02
17 8 3 0.46917728 0.36355875 0.48671994 1.80154471 0.48042105 4.693952669618e-01 7.496131969273e-04 7.835114920892e-01 1.476167509470e+02 9.069085792555e-02
17 9 3 0.46917728 0.36355875 0.48671994 1.80154471 0.48042105 4.512385406223e-01 7.404844046208e-04 7.479703232234e-01 1.235911200205e+02 8.830325166270e-02
17 10 3 0.46917728 0.36355875 0.48671994 1.80154471 0.48042105 4.523271529903e-01 7.618363896134e-04 7.129610534692e-01 9.620701302821e+01 8.578692230720e-02
17 11 3 0.46917728 0.36355875 0.48671994 1.80154471 0.48042105 4.619488303965e-01 7.717381128569e-04 6.780366203208e-01 8.825639114371e+01 8.139555220107e-02
17 12 3 0.46917728 0.36355875 0.48671994 1.80154471 0.48042105 4.725829022249e-01 7.598012523547e-04 6.398159984134e-01 1.006997146882e+02 7.853054852429e-02
17 13 3 0.46917728 0.36355875 0.48671994 1.80154471 0.48042105 4.772258182334e-01 7.753262077638e-04 6.039347544183e-01 1.161863964195e+02 7.684475509587e-02
17 14 3 0.46917728 0.36355875 0.48671994 1.80154471 0.48042105 4.665266727558e-01 7.770459706408e-04 5.701029176521e-01 1.150688148356e+02 7.337693753014e-02
17 15 3 0.46917728 0.36355875 0.48671994 1.80154471 0.48042105 4.439057605167e-01 7.582137390117e-04 5.432923520831e-01 9.781964747690e+01 7.016406579197e-02
17 16 3 0.46917728 0.36355875 0.48671994 1.80154471 0.48042105 4.120296394715e-01 7.651707820113e-04 5.126111853089e-01 7.976943433891e+01 6.878593774115e-02
17 17 3 0.46917728 0.36355875 0.48671994 1.80154471 0.48042105 3.766109099981e-01 7.582817599207e-04 4.792170484959e-01 7.543612502306e+01 6.642791529132e-02
17 18 3 0.46917728 0.36355875 0.48671994 1.80154471 0.48042105 3.487265090326e-01 7.332644429482e-04 4.565745371553e-01 8.757829264260e+01 6.324337334321e-02
17 19 3 0.46917728 0.36355875 0.48671994 1.80154471 0.48042105 3.309392632469e-01 7.333637185405e-04 4.325548528639e-01 1.023531966131e+02 6.177830931339e-02
17 20 3 0.46917728 0.36355875 0.48671994 1.80154471 0.48042105 3.260692867189e-01 7.209057374573e-04 4.124675986117e-01 1.035091001417e+02 6.041348790270e-02
17 21 3 0.46917728 0.36355875 0.48671994 1.80154471 0.48042105 3.335887370335e-01 6.933766518566e-04 3.928080906689e-01 8.810755922929e+01 5.769377283119e-02
17 22 3 0.46917728 0.36355875 0.48671994 1.80154471 0.48042105 3.450592525783e-01 6.908321060428e-04 3.726451746785e-01 7.128647903859e+01 5.599065223219e-02
17 23 3 0.46917728 0.36355875 0.48671994 1.80154471 0.48042105 3.563094920308e-01 6.773484515917e-04 3.615117906874e-01 6.828416972515e+01 5.530201873953e-02
17 24 3 0.46917728 0.36355875 0.48671994 1.80154471 0.48042105 3.613426813588e-01 6.518678683136e-04 3.518191300950e-01 7.855735137948e+01 5.337886609857e-02
17 25 3 0.46917728 0.36355875 0.48671994 1.80154471 0.48042105 3.550942692712e-01 6.514183954358e-04 3.420840487849e-01 8.908505446100e+01 5.153450506349e-02
17 26 3 0.46917728 0.36355875 0.48671994 1.80154471 0.48042105 3.412716812327e-01 6.412270552182e-04 3.338251716183e-01 8.701250114304e+01 5.115177641898e-02
17 27 3 0.46917728 0.36355875 0.48671994 1.80154471 0.48042105 3.212172467982e-01 6.216302896131e-04 3.317814476938e-01 7.377385207722e+01 5.016008137238e-02
17 28 3 0.46917728 0.36355875 0.48671994 1.80154471 0.48042105 3.008651655089e-01 6.271077113481e-04 3.321711295429e-01 6.084264162883e+01 4.844150510709e-02
17 29 3 0.46917728 0.36355875 0.48671994 1.80154471 0.48042105 2.877953439385e-01 6.231979463529e-04 3.345654080382e-01 5.943006977020e+01 4.807172588623e-02
17 30 3 0.46917728 0.36355875 0.48671994 1.80154471 0.48042105 2.831948561302e-01 6.116833614112e-04 3.386632837691e-01 6.942446630564e+01 4.793961343271e-02
17 31 3 0.46917728 0.36355875 0.48671994 1.80154471 0.48042105 2.898825801087e-01 6.252396754756e-04 3.421345966300e-01 8.044193058783e+01 4.667205917802e-02
17 32 3 0.46917728 0.36355875 0.48671994 1.80154471 0.48042105 3.058660921903e-01 6.287637638956e-04 3.554498614738e-01 8.383678710512e+01 4.617909767556e-02
17 33 3 0.46917728 0.36355875 0.48671994 1.80154471 0.48042105 3.241810970962e-01 6.255411488767e-04 3.680051455669e-01 7.517304867828e+01 4.667880221970e-02
17 34 3 0.46917728 0.36355875 0.48671994 1.80154471 0.48042105 3.419687533553e-01 6.473443271131e-04 3.792585231613e-01 6.378336344404e+01 4.614032253774e-02
17 35 3 0.46917728 0.36355875 0.48671994 1.80154471 0.48042105 3.527400557654e-01 6.574758281321e-04 3.952351197987e-01 6.469502787413e+01 4.556789062098e-02
17 36 3 0.46917728 0.36355875 0.48671994 1.80154471 0.48042105 3.534260184862e-01 6.607345516682e-04 4.117527110098e-01 7.910643347363e+01 4.639736154358e-02
17 37 3 0.46917728 0.36355875 0.48671994 1.80154471 0.48042105 3.474222925471e-01 6.889283372173e-04 4.339279669174e-01 9.483988809265e+01 4.674149588696e-02
17 38 3 0.46917728 0.36355875 0.48671994 1.80154471 0.48042105 3.354693331772e-01 7.029370609485e-04 4.549001321573e-01 9.654755377787e+01 4.629050274061e-02
17 39 3 0.46917728 0.36355875 0.48671994 1.80154471 0.48042105 3.249570456258e-01 7.090507029761e-04 4.742157397501e-01 8.357837616379e+01 4.716319007245e-02
17 40 3 0.46917728 0.36355875 0.48671994 1.80154471 0.48042105 3.224049201940e-01 7.399771177858e-04 4.955731295842e-01 7.051543158951e+01 4.837581535337e-02
17 41 3 0.46917728 0.36355875 0.48671994 1.80154471 0.48042105 3.291520334886e-01 7.535977251289e-04 5.223117501923e-01 7.191982168253e+01 4.834772030928e-02
17 42 3 0.46917728 0.36355875 0.48671994 1.80154471 0.48042105 3.489103128078e-01 7.577150902305e-04 5.485197433250e-01 8.777312647771e+01 4.907797626584e-02
17 43 3 0.46917728 0.36355875 0.48671994 1.80154471 0.48042105 3.777277278902e-01 7.866078621661e-04 5.689447284601e-01 1.020661993368e+02 5.097111125022e-02
17 44 3 0.46917728 0.36355875 0.48671994 1.80154471 0.48042105 4.084470448298e-01 7.949307421185e-04 5.940894421657e-01 1.021311482376e+02 5.168386907177e-02
17 45 3 0.46917728 0.36355875 0.48671994 1.80154471 0.48042105 4.376801571964e-01 7.921826546721e-04 6.169052167870e-01 8.923060066190e+01 5.225666356144e-02
17 46 3 0.46917728 0.36355875 0.48671994 1.80154471 0.48042105 4.563325198209e-01 8.145409452307e-04 6.441470795217e-01 7.769105386976e+01 5.450624165164e-02
17 47 3 0.46917728 0.36355875 0.48671994 1.80154471 0.48042105 4.628393868575e-01 8.135555029635e-04 6.700726628229e-01 8.214588210233e+01 5.619080072293e-02
17 48 3 0.46917728 0.36355875 0.48671994 1.80154471 0.48042105 4.606434710307e-01 8.009006435693e-04 6.858961214929e-01 1.033318770670e+02 5.679658864167e-02
17 49 3 0.46917728 0.36355875 0.48671994 1.80154471 0.48042105 4.512237845261e-01 8.144635708539e-04 7.094305479725e-01 1.250711076962e+02 5.903091399285e-02
17 50 3 0.46917728 0.36355875 0.48671994 1.80154471 0.48042105 4.460833786702e-01 8.030230029543e-04 7.333285050410e-01 1.270488304126e+02 6.172912608284e-02
17 51 3 0.46917728 0.36355875 0.48671994 1.80154471 0.48042105 4.519729716608e-01 7.813220500819e-04 7.555212479223e-01 1.112757371178e+02 6.273823698407e-02
17 52 3 0.46917728 0.36355875 0.48671994 1.80154471 0.48042105 4.714516086439e-01 7.881010056957e-04 7.731784852617e-01 9.862472960740e+01 6.466936149601e-02
17 53 3 0.46917728 0.36355875 0.48671994 1.80154471 0.48042105 5.090902742765e-01 7.696305533173e-04 7.888688123236e-01 1.080680794824e+02 6.817139190616e-02
17 54 3 0.46917728 0.36355875 0.48671994 1.80154471 0.48042105 5.564952262875e-01 7.451110790303e-04 8.083567999064e-01 1.370739839549e+02 7.003082639758e-02
17 55 3 0.46917728 0.36355875 0.48671994 1.80154471 0.48042105 6.049825551557e-01 7.525657620867e-04 8.285674162963e-01 1.605553956267e+02 7.159417205977e-02
17 56 3 0.46917728 0.36355875 0.48671994 1.80154471 0.48042105 6.483976664678e-01 7.355866596039e-04 8.488058555824e-01 1.599819711974e+02 7.545926288837e-02
17 57 3 0.46917728 0.36355875 0.48671994 1.80154471 0.48042105 6.734662063384e-01 7.197375420094e-04 8.562425446982e-01 1.380893397218e+02 7.852395595913e-02
17 58 3 0.46917728 0.36355875 0.48671994 1.80154471 0.48042105 6.818068341282e-01 7.401839433621e-04 8.729351122979e-01 1.209922222876e+02 7.996690071623e-02
17 59 3 0.46917728 0.36355875 0.48671994 1.80154471 0.48042105 6.773102457721e-01 7.369099523600e-04 8.943113388070e-01 1.330135059510e+02 8.365184269277e-02
17 60 3 0.46917728 0.36355875 0.48671994 1.80154471 0.48042105 6.650417320741e-01 7.442147863493e-04 9.073060963147e-01 1.675875790343e+02 8.800302509466e-02
17 61 3 0.46917728 0.36355875 0.48671994 1.80154471 0.48042105 6.633607249973e-01 7.920608369967e-04 9.242093590042e-01 1.960226242609e+02 8.986109369079e-02
17 62 3 0.46917728 0.36355875 0.48671994 1.80154471 0.48042105 6.789949818809e-01 8.149863196445e-04 9.318717451208e-01 1.908359391540e+02 9.293547911595e-02
17 63 3 0.46917728 0.36355875 0.48671994 1.80154471 0.48042105 7.167094753947e-01 8.587260391488e-04 9.493315471716e-01 1.600996947199e+02 9.826859611672e-02
20 0 3 0.67108578 0.51998023 0.84427528 2.53206343 0.82793486 1.351157170984e-03 1.016523952761e+00 5.312313586973e+00 6.965350674240e+02 3.012129588758e-02
20 1 3 0.67108578 0.51998023 0.84427528 2.53206343 0.82793486 1.327467623158e-03 9.542661427778e-01 5.034594137076e+00 6.920592665826e+02 2.900955818821e-02
20 2 3 0.67108578 0.51998023 0.84427528 2.53206343 0.82793486 1.459646964792e-03 9.070770126454e-01 4.736069704349e+00 6.197094169386e+02 2.793481418330e-02
20 3 3 0.67108578 0.51998023 0.84427528 2.53206343 0.82793486 1.853296967641e-03 8.508887042857e-01 4.501866933741e+00 5.204527712625e+02 2.689706497112e-02
20 4 3 0.67108578 0.51998023 0.84427528 2.53206343 0.82793486 2.011286241210e-03 8.023602449543e-01 4.258772543804e+00 4.511593373963e+02 2.589631161205e-02
20 5 3 0.67108578 0.51998023 0.84427528 2.53206343 0.82793486 2.035517280329e-03 7.682313866439e-01 4.173319642391e+00 4.437186469589e+02 2.493255512875e-02
20 6 3 0.67108578 0.51998023 0.84427528 2.53206343 0.82793486 1.886376514764e-03 7.275004410902e-01 4.074321453672e+00 4.750078258263e+02 2.400579650601e-02
20 7 3 0.67108578 0.51998023 0.84427528 2.53206343 0.82793486 1.982424903124e-03 6.762210148161e-01 3.924829085580e+00 5.103783251526e+02 2.311603669084e-02
20 8 3 0.67108578 0.51998023 0.84427528 2.53206343 0.82793486 1.685825607239e-03 6.346384692361e-01 3.778675565499e+00 5.252617610604e+02 2.226327659244e-02
20 9 3 0.67108578 0.51998023 0.84427528 2.53206343 0.82793486 1.057875566293e-03 5.934058246074e-01 3.669882495605e+00 5.067966104934e+02 2.144751708218e-02
20 10 3 0.67108578 0.51998023 0.84427528 2.53206343 0.82793486 3.921774568027e-04 5.452926088861e-01 3.454645151931e+00 4.539109618425e+02 2.066875899369e-02
20 11 3 0.67108578 0.51998023 0.84427528 2.53206343 0.82793486 1.744000306472e-04 5.024907297598e-01 3.284506528624e+00 4.010460765680e+02 1.992700312270e-02
20 12 3 0.67108578 0.51998023 0.84427528 2.53206343 0.82793486 2.460280089189e-04 4.742774111304e-01 3.110659047603e+00 3.681619213746e+02 1.922225022721e-02
20 13 3 0.67108578 0.51998023 0.84427528 2.53206343 0.82793486 5.262844757585e-04 4.411109398299e-01 2.929570262740e+00 3.610356812612e+02 1.855450102734e-02
20 14 3 0.67108578 0.51998023 0.84427528 2.53206343 0.82793486 1.187997765428e-03 4.130229315734e-01 2.778120819062e+00 3.703867872884e+02 1.792375620545e-02
20 15 3 0.67108578 0.51998023 0.84427528 2.53206343 0.82793486 1.680353933860e-03 3.932907319072e-01 2.639722372223e+00 3.910473668927e+02 1.733001640604e-02
20 16 3 0.67108578 0.51998023 0.84427528 2.53206343 0.82793486 1.795238912755e-03 3.793948679800e-01 2.515394525523e+00 4.059131545155e+02 1.677328223585e-02
20 17 3 0.67108578 0.51998023 0.84427528 2.53206343 0.82793486 1.718327066992e-03 3.559741487833e-01 2.368732552280e+00 3.979043113404e+02 1.625355426376e-02
20 18 3 0.67108578 0.51998023 0.84427528 2.53206343 0.82793486 2.117634382436e-03 3.427633242517e-01 2.224014459515e+00 3.604721875507e+02 1.577083302086e-02
20 19 3 0.67108578 0.51998023 0.84427528 2.53206343 0.82793486 2.362119507816e-03 3.272555260180e-01 2.116417341437e+00 3.141760354269e+02 1.532511900042e-02
20 20 3 0.67108578 0.51998023 0.84427528 2.53206343 0.82793486 1.969039515011e-03 3.104689672064e-01 1.989730764683e+00 2.725969835368e+02 1.491641265789e-02
20 21 3 0.67108578 0.51998023 0.84427528 2.53206343 0.82793486 1.045629712749e-03 2.884755694120e-01 1.826240157404e+00 2.603854974956e+02 1.454471441091e-02
20 22 3 0.67108578 0.51998023 0.84427528 2.53206343 0.82793486 3.766740479768e-04 2.803463818641e-01 1.722254141466e+00 2.829639652376e+02 1.421002463929e-02
20 23 3 0.67108578 0.51998023 0.84427528 2.53206343 0.82793486 9.405408774565e-05 2.664203922398e-01 1.609479420416e+00 3.215376722817e+02 1.391234368504e-02
20 24 3 0.67108578 0.51998023 0.84427528 2.53206343 0.82793486 1.204720777025e-04 2.592241046702e-01 1.517354757197e+00 3.424170556214e+02 1.365167185234e-02
20 25 3 0.67108578 0.51998023 0.84427528 2.53206343 0.82793486 3.521721620449e-04 2.547035183079e-01 1.431801730840e+00 3.258807661564e+02 1.342800940757e-02
20 26 3 0.67108578 0.51998023 0.84427528 2.53206343 0.82793486 5.059547698007e-04 2.600640756639e-01 1.390341875510e+00 2.774175818625e+02 1.324135657926e-02
20 27 3 0.67108578 0.51998023 0.84427528 2.53206343 0.82793486 6.582018591025e-04 2.548612512828e-01 1.344934093810e+00 2.292515376904e+02 1.309171355816e-02
20 28 3 0.67108578 0.51998023 0.84427528 2.53206343 0.82793486 9.719245016225e-04 2.594402426141e-01 1.333032639660e+00 2.092674282282e+02 1.297908049716e-02
20 29 3 0.67108578 0.51998023 0.84427528 2.53206343 0.82793486 1.383301308466e-03 2.619919296301e-01 1.345126568483e+00 2.318167851515e+02 1.290345751138e-02
20 30 3 0.67108578 0.51998023 0.84427528 2.53206343 0.82793486 1.304609731998e-03 2.679503476304e-01 1.371997184167e+00 2.795678961419e+02 1.286484467808e-02
20 31 3 0.67108578 0.51998023 0.84427528 2.53206343 0.82793486 9.381091244515e-04 2.675495563463e-01 1.367242251575e+00 3.175896425406e+02 1.286324203671e-02
20 32 3 0.67108578 0.51998023 0.84427528 2.53206343 0.82793486 9.421681202393e-04 2.816700087666e-01 1.453550510836e+00 3.231751674539e+02 1.289864958892e-02
20 33 3 0.67108578 0.51998023 0.84427528 2.53206343 0.82793486 1.290969283824e-03 2.894295282851e-01 1.512728089702e+00 2.917687183550e+02 1.297106729853e-02
20 34 3 0.67108578 0.51998023 0.84427528 2.53206343 0.82793486 1.343678385137e-03 3.009610950867e-01 1.570272424361e+00 2.494769201670e+02 1.308049509153e-02
20 35 3 0.67108578 0.51998023 0.84427528 2.53206343 0.82793486 9.211276198630e-04 3.120403356536e-01 1.653190029230e+00 2.315769439692e+02 1.322693285611e-02
20 36 3 0.67108578 0.51998023 0.84427528 2.53206343 0.82793486 6.265225925053e-04 3.343453714182e-01 1.771896717264e+00 2.538969291364e+02 1.341038044263e-02
20 37 3 0.67108578 0.51998023 0.84427528 2.53206343 0.82793486 4.820802544431e-04 3.466281191569e-01 1.858095442521e+00 3.058561249303e+02 1.363083766363e-02
20 38 3 0.67108578 0.51998023 0.84427528 2.53206343 0.82793486 3.302112887347e-04 3.687623622193e-01 1.982257544976e+00 3.567041720014e+02 1.388830429384e-02
20 39 3 0.67108578 0.51998023 0.84427528 2.53206343 0.82793486 1.146749630981e-04 3.932564123677e-01 2.085224603854e+00 3.726341122171e+02 1.418278007017e-02
20 40 3 0.67108578 0.51998023 0.84427528 2.53206343 0.82793486 1.222343909822e-04 4.207824038665e-01 2.204243895852e+00 3.529626861243e+02 1.451426469171e-02
20 41 3 0.67108578 0.51998023 0.84427528 2.53206343 0.82793486 4.588949763995e-04 4.382491551950e-01 2.282743140990e+00 3.143568858030e+02 1.488275781972e-02
20 42 3 0.67108578 0.51998023 0.84427528 2.53206343 0.82793486 1.178424153919e-03 4.673074346511e-01 2.404924003317e+00 2.911386988852e+02 1.528825907768e-02
20 43 3 0.67108578 0.51998023 0.84427528 2.53206343 0.82793486 2.131543430973e-03 4.914940605858e-01 2.487975060466e+00 2.980344391745e+02 1.573076805121e-02
20 44 3 0.67108578 0.51998023 0.84427528 2.53206343 0.82793486 2.487182529730e-03 5.132239984292e-01 2.540895035295e+00 3.356051760834e+02 1.621028428814e-02
20 45 3 0.67108578 0.51998023 0.84427528 2.53206343 0.82793486 2.207411671685e-03 5.360340642167e-01 2.618639845913e+00 3.862217210493e+02 1.672680729847e-02
20 46 3 0.67108578 0.51998023 0.84427528 2.53206343 0.82793486 1.797980276793e-03 5.740511844985e-01 2.732876667880e+00 4.264686043336e+02 1.728033655440e-02
20 47 3 0.67108578 0.51998023 0.84427528 2.53206343 0.82793486 1.890905914604e-03 6.046450729527e-01 2.793507186555e+00 4.306325417070e+02 1.787087149030e-02
20 48 3 0.67108578 0.51998023 0.84427528 2.53206343 0.82793486 1.745279653424e-03 6.407606009178e-01 2.896657405961e+00 4.133702617555e+02 1.849841150274e-02
20 49 3 0.67108578 0.51998023 0.84427528 2.53206343 0.82793486 1.206533402409e-03 6.858353096845e-01 2.997626377862e+00 3.832398969264e+02 1.916295595047e-02
20 50 3 0.67108578 0.51998023 0.84427528 2.53206343 0.82793486 5.120473643547e-04 7.364437792627e-01 3.140598080530e+00 3.643502839489e+02 1.986450415441e-02
20 51 3 0.67108578 0.51998023 0.84427528 2.53206343 0.82793486 2.291633460238e-04 7.735279383931e-01 3.254908071545e+00 3.711324183447e+02 2.060305539770e-02
20 52 3 0.67108578 0.51998023 0.84427528 2.53206343 0.82793486 1.876291783017e-04 8.247234912545e-01 3.369125052386e+00 4.169158086017e+02 2.137860892565e-02
20 53 3 0.67108578 0.51998023 0.84427528 2.53206343 0.82793486 4.654463038423e-04 8.764671520888e-01 3.500407308046e+00 4.785444268308e+02 2.219116394576e-02
20 54 3 0.67108578 0.51998023 0.84427528 2.53206343 0.82793486 1.223565560386e-03 9.227276565893e-01 3.606770887033e+00 5.294485070091e+02 2.304071962771e-02
20 55 3 0.67108578 0.51998023 0.84427528 2.53206343 0.82793486 1.892941738955e-03 9.591127245593e-01 3.692784920598e+00 5.462659006096e+02 2.392727510341e-02
20 56 3 0.67108578 0.51998023 0.84427528 2.53206343 0.82793486 2.198383412812e-03 1.019036034926e+00 3.903697697789e+00 5.344846401681e+02 2.485082946690e-02
20 57 3 0.67108578 0.51998023 0.84427528 2.53206343 0.82793486 2.087216152175e-03 1.064668660675e+00 4.062591132229e+00 4.919721125508e+02 2.581138177447e-02
20 58 3 0.67108578 0.51998023 0.84427528 2.53206343 0.82793486 2.258007277186e-03 1.116609835527e+00 4.296759223399e+00 4.593159722003e+02 2.680893104457e-02
20 59 3 0.67108578 0.51998023 0.84427528 2.53206343 0.82793486 2.220488088177e-03 1.175505344563e+00 4.652867757668e+00 4.774403449890e+02 2.784347625786e-02
20 60 3 0.67108578 0.51998023 0.84427528 2.53206343 0.82793486 1.998362804171e-03 1.263167612824e+00 5.068858842874e+00 5.595527230742e+02 2.891501635721e-02
20 61 3 0.67108578 0.51998023 0.84427528 2.53206343 0.82793486 1.517707951537e-03 1.321171130581e+00 5.420135943660e+00 6.641717701018e+02 3.002355024763e-02
20 62 3 0.67108578 0.51998023 0.84427528 2.53206343 0.82793486 1.339964445841e-03 1.405266111783e+00 5.818847393333e+00 7.458361896968e+02 3.116907679641e-02
20 63 3 0.67108578 0.51998023 0.84427528 2.53206343 0.82793486 1.388184754048e-03 1.484308834299e+00 6.214006130045e+00 7.559198835461e+02 3.235159483294e-02
23 0 3 0.59102299 0.43804536 0.62978810 10.15225523 0.58906247 9.290613724183e-02 6.719358099189e-03 4.498708020603e-01 8.489351709216e+04 6.418267125819e-03
23 1 3 0.59102299 0.43804536 0.62978810 10.15225523 0.58906247 7.981505287760e-02 7.238308060591e-03 4.018185160921e-01 8.051216534313e+04 5.572111303138e-03
23 2 3 0.59102299 0.43804536 0.62978810 10.15225523 0.58906247 5.479959798607e-02 6.663390422648e-03 3.690103146287e-01 7.761729014032e+04 4.932802512746e-03
23 3 3 0.59102299 0.43804536 0.62978810 10.15225523 0.58906247 3.863634230816e-02 6.004810728079e-03 3.449094281489e-01 7.666914331757e+04 4.466609457576e-03
23 4 3 0.59102299 0.43804536 0.62978810 10.15225523 0.58906247 3.528137370418e-02 4.804539536870e-03 3.406208898521e-01 7.454127710711e+04 3.410911065626e-03
23 5 3 0.59102299 0.43804536 0.62978810 10.15225523 0.58906247 3.279319240079e-02 3.428832765630e-03 3.318945591970e-01 7.118496547005e+04 2.106481852356e-03
23 6 3 0.59102299 0.43804536 0.62978810 10.15225523 0.58906247 4.125958377399e-02 1.790331694274e-03 3.327403674831e-01 6.841382003068e+04 1.386594756185e-03
23 7 3 0.59102299 0.43804536 0.62978810 10.15225523 0.58906247 5.590510391350e-02 1.131323007267e-03 3.484334717528e-01 6.772487150713e+04 1.078894467271e-03
23 8 3 0.59102299 0.43804536 0.62978810 10.15225523 0.58906247 6.037459068742e-02 7.651376020990e-04 3.434161050084e-01 6.593196265453e+04 7.442300483040e-04
23 9 3 0.59102299 0.43804536 0.62978810 10.15225523 0.58906247 6.388484120689e-02 3.522280108597e-04 3.385677593796e-01 6.268688041812e+04 7.368126823816e-04
23 10 3 0.59102299 0.43804536 0.62978810 10.15225523 0.58906247 6.572369166555e-02 2.816759117840e-04 3.362458428580e-01 6.062538356871e+04 1.287753178308e-03
23 11 3 0.59102299 0.43804536 0.62978810 10.15225523 0.58906247 5.324245657502e-02 7.914928380846e-04 3.423974209543e-01 5.971804329091e+04 1.846007616445e-03
23 12 3 0.59102299 0.43804536 0.62978810 10.15225523 0.58906247 4.020297498117e-02 1.092821019571e-03 3.343435373248e-01 5.850848255681e+04 2.177955289723e-03
23 13 3 0.59102299 0.43804536 0.62978810 10.15225523 0.58906247 3.168136163212e-02 2.111866583994e-03 3.309836745042e-01 5.572473671721e+04 2.729281043113e-03
23 14 3 0.59102299 0.43804536 0.62978810 10.15225523 0.58906247 2.145945392312e-02 3.142033972467e-03 3.302749232122e-01 5.397655133727e+04 3.433458297963e-03
23 15 3 0.59102299 0.43804536 0.62978810 10.15225523 0.58906247 1.751662157448e-02 4.046115561601e-03 3.238884230391e-01 5.362333250820e+04 3.622372679501e-03
23 16 3 0.59102299 0.43804536 0.62978810 10.15225523 0.58906247 2.130239656154e-02 4.409040286036e-03 3.113052651064e-01 5.233341233859e+04 3.298210038836e-03
23 17 3 0.59102299 0.43804536 0.62978810 10.15225523 0.58906247 2.489486304356e-02 4.251856230589e-03 2.938327512085e-01 5.024217710666e+04 3.071185721676e-03
23 18 3 0.59102299 0.43804536 0.62978810 10.15225523 0.58906247 3.094822612905e-02 4.223064543172e-03 2.818782925852e-01 4.870205546042e+04 2.920515499726e-03
23 19 3 0.59102299 0.43804536 0.62978810 10.15225523 0.58906247 3.784025959656e-02 4.163710328135e-03 2.700006535681e-01 4.863589604992e+04 2.365714576981e-03
23 20 3 0.59102299 0.43804536 0.62978810 10.15225523 0.58906247 3.838705855391e-02 3.184408568169e-03 2.451151873495e-01 4.776547460682e+04 1.576682546637e-03
23 21 3 0.59102299 0.43804536 0.62978810 10.15225523 0.58906247 3.489852952010e-02 2.232689889909e-03 2.251261646060e-01 4.592118460631e+04 1.085353715212e-03
23 22 3 0.59102299 0.43804536 0.62978810 10.15225523 0.58906247 3.118698342462e-02 2.148933146119e-03 2.151386038069e-01 4.503094667913e+04 8.316079077609e-04
23 23 3 0.59102299 0.43804536 0.62978810 10.15225523 0.58906247 2.447542599012e-02 1.348783404585e-03 1.947724123277e-01 4.492713446946e+04 5.310954121813e-04
23 24 3 0.59102299 0.43804536 0.62978810 10.15225523 0.58906247 1.659974713202e-02 9.788012387057e-04 1.819818656715e-01 4.460613792159e+04 3.976567171639e-04
23 25 3 0.59102299 0.43804536 0.62978810 10.15225523 0.58906247 1.342373508006e-02 1.037177573989e-03 1.778820951075e-01 4.321381802930e+04 6.453141755245e-04
23 26 3 0.59102299 0.43804536 0.62978810 10.15225523 0.58906247 1.221796516744e-02 1.250934347816e-03 1.750755886667e-01 4.261833292115e+04 9.768209288692e-04
23 27 3 0.59102299 0.43804536 0.62978810 10.15225523 0.58906247 1.242909034606e-02 1.462772628731e-03 1.714914461402e-01 4.309802982331e+04 1.217668729270e-03
23 28 3 0.59102299 0.43804536 0.62978810 10.15225523 0.58906247 1.659199944347e-02 1.437367456125e-03 1.664488865079e-01 4.281108693304e+04 1.648432394241e-03
23 29 3 0.59102299 0.43804536 0.62978810 10.15225523 0.58906247 2.009445653056e-02 1.260273684400e-03 1.561984818414e-01 4.201532028747e+04 2.255035672416e-03
23 30 3 0.59102299 0.43804536 0.62978810 10.15225523 0.58906247 2.093766599521e-02 1.264634079273e-03 1.543032006181e-01 4.158150657564e+04 2.563119628672e-03
23 31 3 0.59102299 0.43804536 0.62978810 10.15225523 0.58906247 2.241835692407e-02 7.285408615215e-04 1.403497384306e-01 4.221902060169e+04 2.512244758281e-03
23 32 3 0.59102299 0.43804536 0.62978810 10.15225523 0.58906247 2.106786316735e-02 3.771449594985e-04 1.302126082617e-01 4.258347788889e+04 2.527015792759e-03
23 33 3 0.59102299 0.43804536 0.62978810 10.15225523 0.58906247 1.655718153334e-02 5.454708031472e-04 1.358103491276e-01 4.210665398217e+04 2.593702534932e-03
23 34 3 0.59102299 0.43804536 0.62978810 10.15225523 0.58906247 1.316924453013e-02 4.191353031468e-04 1.296409363771e-01 4.236496029814e+04 2.283110089796e-03
23 35 3 0.59102299 0.43804536 0.62978810 10.15225523 0.58906247 1.034706497982e-02 5.283064436761e-04 1.292452721893e-01 4.327404107157e+04 1.677619791892e-03
23 36 3 0.59102299 0.43804536 0.62978810 10.15225523 0.58906247 7.646882206258e-03 7.172130525174e-04 1.282989848220e-01 4.384877360856e+04 1.255909221483e-03
23 37 3 0.59102299 0.43804536 0.62978810 10.15225523 0.58906247 7.627430978609e-03 8.791987456490e-04 1.251495638829e-01 4.355280869785e+04 1.011778444120e-03
23 38 3 0.59102299 0.43804536 0.62978810 10.15225523 0.58906247 9.378067335079e-03 1.139080829781e-03 1.213055231001e-01 4.415305759249e+04 6.637549364179e-04
23 39 3 0.59102299 0.43804536 0.62978810 10.15225523 0.58906247 1.077928919607e-02 1.504784903226e-03 1.162783793688e-01 4.569998495119e+04 4.106583422859e-04
23 40 3 0.59102299 0.43804536 0.62978810 10.15225523 0.58906247 1.319839909837e-02 2.250096812109e-03 1.158825201754e-01 4.640312528737e+04 5.530604065771e-04
23 41 3 0.59102299 0.43804536 0.62978810 10.15225523 0.58906247 1.568671962048e-02 3.327638379463e-03 1.260952344482e-01 4.669950477869e+04 8.588372018945e-04
23 42 3 0.59102299 0.43804536 0.62978810 10.15225523 0.58906247 1.521159461465e-02 3.246491452267e-03 1.304101333273e-01 4.759087255663e+04 1.123519254289e-03
23 43 3 0.59102299 0.43804536 0.62978810 10.15225523 0.58906247 1.389819998639e-02 3.799354223418e-03 1.381032880737e-01 4.958517799928e+04 1.654835976254e-03
23 44 3 0.59102299 0.43804536 0.62978810 10.15225523 0.58906247 1.345501007025e-02 4.456272620151e-03 1.555569404319e-01 5.066114390343e+04 2.492524603852e-03
23 45 3 0.59102299 0.43804536 0.62978810 10.15225523 0.58906247 1.027351117406e-02 4.030214660185e-03 1.648437878426e-01 5.092853616847e+04 3.070065488309e-03
23 46 3 0.59102299 0.43804536 0.62978810 10.15225523 0.58906247 7.479997732431e-03 3.462202470286e-03 1.710861583196e-01 5.259610721363e+04 3.238079735669e-03
23 47 3 0.59102299 0.43804536 0.62978810 10.15225523 0.58906247 7.447707063116e-03 3.113826283851e-03 1.815120346360e-01 5.475716073621e+04 3.507604371737e-03
23 48 3 0.59102299 0.43804536 0.62978810 10.15225523 0.58906247 6.339807181524e-03 2.571374363538e-03 1.906168624070e-01 5.621309324189e+04 3.862050047867e-03
23 49 3 0.59102299 0.43804536 0.62978810 10.15225523 0.58906247 7.063934668990e-03 1.739304139631e-03 1.943181277767e-01 5.680647792668e+04 3.648484879573e-03
23 50 3 0.59102299 0.43804536 0.62978810 10.15225523 0.58906247 1.077538383140e-02 9.954098796477e-04 1.925145685860e-01 5.864578051144e+04 2.902489981445e-03
23 51 3 0.59102299 0.43804536 0.62978810 10.15225523 0.58906247 1.194393314372e-02 4.818771432574e-04 1.891077566994e-01 6.155341987416e+04 2.335872222880e-03
23 52 3 0.59102299 0.43804536 0.62978810 10.15225523 0.58906247 1.414261739026e-02 6.435539912553e-04 1.927275007939e-01 6.299254367828e+04 1.981790251005e-03
23 53 3 0.59102299 0.43804536 0.62978810 10.15225523 0.58906247 1.817904433072e-02 5.389816079210e-04 1.853678310549e-01 6.418515890673e+04 1.369432769045e-03
23 54 3 0.59102299 0.43804536 0.62978810 10.15225523 0.58906247 1.684179928904e-02 9.809201780779e-04 1.815298601024e-01 6.632614584839e+04 7.825786285779e-04
23 55 3 0.59102299 0.43804536 0.62978810 10.15225523 0.58906247 1.514024691273e-02 1.497836309730e-03 1.813429314927e-01 6.957203669006e+04 7.981022925761e-04
23 56 3 0.59102299 0.43804536 0.62978810 10.15225523 0.58906247 1.547870143430e-02 1.596580910216e-03 1.843642672335e-01 7.145853613125e+04 1.142953428313e-03
23 57 3 0.59102299 0.43804536 0.62978810 10.15225523 0.58906247 1.192790795609e-02 1.546160270247e-03 1.717776289685e-01 7.237627737414e+04 1.464671869179e-03
23 58 3 0.59102299 0.43804536 0.62978810 10.15225523 0.58906247 9.619681278400e-03 2.300536076706e-03 1.628218845649e-01 7.537060883007e+04 2.253588420448e-03
23 59 3 0.59102299 0.43804536 0.62978810 10.15225523 0.58906247 1.211786703915e-02 2.943414548209e-03 1.647020329733e-01 7.866309738762e+04 3.653063782430e-03
23 60 3 0.59102299 0.43804536 0.62978810 10.15225523 0.58906247 1.298348462328e-02 3.476682226360e-03 1.609243959201e-01 8.099404998606e+04 4.756258494796e-03
23 61 3 0.59102299 0.43804536 0.62978810 10.15225523 0.58906247 1.718084649520e-02 3.740911684000e-03 1.706459279153e-01 8.232556059046e+04 5.254217125801e-03
23 62 3 0.59102299 0.43804536 0.62978810 10.15225523 0.58906247 2.622889628411e-02 4.200706295159e-03 1.869534715336e-01 8.544223349555e+04 5.973455071194e-03
23 63 3 0.59102299 0.43804536 0.62978810 10.15225523 0.58906247 2.953225106848e-02 4.026909862177e-03 2.183108251208e-01 8.963490846715e+04 6.881391593694e-03
27 0 3 1.25586665 0.74056361 1.37163201 1.14591972 0.76662769 3.047351425191e-02 8.010767307234e-04 4.421167575545e-01 1.695037087265e+00 2.302575014204e-04
27 1 3 1.25586665 0.74056361 1.37163201 1.14591972 0.76662769 1.177734396813e-01 5.333861254707e-04 4.413504204644e-01 1.673550855382e+00 3.814332661880e-04
27 2 3 1.25586665 0.74056361 1.37163201 1.14591972 0.76662769 2.193686755690e-01 1.917604104183e-04 4.234401178006e-01 1.714802267934e+00 4.827202226673e-04
27 3 3 1.25586665 0.74056361 1.37163201 1.14591972 0.76662769 8.061865139937e-02 2.769288901685e-04 4.019116319696e-01 1.773417033525e+00 3.800182287520e-04
27 4 3 1.25586665 0.74056361 1.37163201 1.14591972 0.76662769 1.499868909537e-01 6.233560213866e-04 3.534554932189e-01 1.811691684765e+00 2.125565240868e-04
27 5 3 1.25586665 0.74056361 1.37163201 1.14591972 0.76662769 1.745221594362e-01 6.407950803368e-04 3.268886081968e-01 1.808554280682e+00 1.994135277728e-04
27 6 3 1.25586665 0.74056361 1.37163201 1.14591972 0.76662769 3.190366076988e-02 7.979765043342e-04 3.187746996765e-01 1.766903729846e+00 3.314264195801e-04
27 7 3 1.25586665 0.74056361 1.37163201 1.14591972 0.76662769 1.180207279062e-01 9.064751238671e-04 3.193189201277e-01 1.728134052845e+00 4.004710768713e-04
27 8 3 1.25586665 0.74056361 1.37163201 1.14591972 0.76662769 1.488497304057e-01 8.433179651045e-04 3.512832429855e-01 1.739731180503e+00 3.010188826560e-04
27 9 3 1.25586665 0.74056361 1.37163201 1.14591972 0.76662769 2.030886878510e-02 9.239661115396e-04 4.046893982920e-01 1.804113865123e+00 1.682246804312e-04
27 10 3 1.25586665 0.74056361 1.37163201 1.14591972 0.76662769 4.912036301569e-02 7.344601126149e-04 4.524628758902e-01 1.885257262210e+00 1.741300055004e-04
27 11 3 1.25586665 0.74056361 1.37163201 1.14591972 0.76662769 1.199157420619e-01 6.310501994818e-04 4.968078149255e-01 1.947838168445e+00 2.877561055998e-04
27 12 3 1.25586665 0.74056361 1.37163201 1.14591972 0.76662769 4.440276122499e-02 8.942075363443e-04 5.222337369164e-01 1.970068820098e+00 3.322932494895e-04
27 13 3 1.25586665 0.74056361 1.37163201 1.14591972 0.76662769 8.922305708652e-02 8.966739495353e-04 5.243184926811e-01 1.948722497659e+00 2.392458638169e-04
27 14 3 1.25586665 0.74056361 1.37163201 1.14591972 0.76662769 1.584338987424e-01 6.806908665222e-04 5.375903907804e-01 1.909967221897e+00 1.353974226830e-04
27 15 3 1.25586665 0.74056361 1.37163201 1.14591972 0.76662769 4.817721493860e-02 6.638291508936e-04 5.322670448898e-01 1.892472387049e+00 1.545265133527e-04
27 16 3 1.25586665 0.74056361 1.37163201 1.14591972 0.76662769 8.332205841404e-02 6.513211697881e-04 5.309133154277e-01 1.914496999584e+00 2.522765686359e-04
27 17 3 1.25586665 0.74056361 1.37163201 1.14591972 0.76662769 1.187686886215e-01 5.760421159203e-04 5.727654081434e-01 1.967690977146e+00 2.790339293488e-04
27 18 3 1.25586665 0.74056361 1.37163201 1.14591972 0.76662769 2.598418922189e-02 8.390067595413e-04 6.143189722272e-01 2.028026841465e+00 1.933213076510e-04
27 19 3 1.25586665 0.74056361 1.37163201 1.14591972 0.76662769 5.208329917597e-02 1.030066210151e-03 6.280702229146e-01 2.065302699688e+00 1.125325969629e-04
27 20 3 1.25586665 0.74056361 1.37163201 1.14591972 0.76662769 1.021274295609e-01 7.167278056243e-04 6.560478834089e-01 2.064222181180e+00 1.411621257281e-04
27 21 3 1.25586665 0.74056361 1.37163201 1.14591972 0.76662769 2.853993904492e-02 5.310411322839e-04 6.901303556904e-01 2.040364894578e+00 2.267953914096e-04
27 22 3 1.25586665 0.74056361 1.37163201 1.14591972 0.76662769 3.038587140021e-02 6.139699283209e-04 6.907638229285e-01 2.021072068309e+00 2.410785095555e-04
27 23 3 1.25586665 0.74056361 1.37163201 1.14591972 0.76662769 1.148199431114e-01 8.483936725479e-04 6.905239563067e-01 2.021759276558e+00 1.616664790088e-04
27 24 3 1.25586665 0.74056361 1.37163201 1.14591972 0.76662769 5.598573748303e-02 1.088689041271e-03 6.897960897734e-01 2.050239875711e+00 9.843878681569e-05
27 25 3 1.25586665 0.74056361 1.37163201 1.14591972 0.76662769 6.010951760117e-02 1.193907296413e-03 6.921558692782e-01 2.107890774611e+00 1.349819671323e-04
27 26 3 1.25586665 0.74056361 1.37163201 1.14591972 0.76662769 1.015220648540e-01 1.583381144184e-03 7.009417678775e-01 2.174854350906e+00 2.129768722462e-04
27 27 3 1.25586665 0.74056361 1.37163201 1.14591972 0.76662769 3.029546376831e-02 1.710777012066e-03 6.991674876268e-01 2.219230893293e+00 2.183514105575e-04
27 28 3 1.25586665 0.74056361 1.37163201 1.14591972 0.76662769 5.552958860418e-02 1.324001687925e-03 6.967241781200e-01 2.226900829792e+00 1.425985180352e-04
27 29 3 1.25586665 0.74056361 1.37163201 1.14591972 0.76662769 1.042347772663e-01 1.125041673823e-03 6.981778490210e-01 2.207411972915e+00 9.232699186564e-05
27 30 3 1.25586665 0.74056361 1.37163201 1.14591972 0.76662769 3.466944527519e-02 7.997271920458e-04 6.804946879810e-01 2.183087383087e+00 1.372487947867e-04
27 31 3 1.25586665 0.74056361 1.37163201 1.14591972 0.76662769 2.101306766711e-02 2.304312707217e-04 6.685880850742e-01 2.185547917570e+00 2.122533606113e-04
27 32 3 1.25586665 0.74056361 1.37163201 1.14591972 0.76662769 9.044956713184e-02 1.967730978106e-04 7.223010032201e-01 2.236989357887e+00 2.103362082345e-04
27 33 3 1.25586665 0.74056361 1.37163201 1.14591972 0.76662769 4.316132956332e-02 7.264618495457e-04 7.728120291458e-01 2.319207265701e+00 1.344298210903e-04
27 34 3 1.25586665 0.74056361 1.37163201 1.14591972 0.76662769 3.265032784729e-02 1.046912331058e-03 7.768118271553e-01 2.384621256275e+00 9.384447678980e-05
27 35 3 1.25586665 0.74056361 1.37163201 1.14591972 0.76662769 1.140339527903e-01 1.261975643167e-03 7.817154545679e-01 2.403957399864e+00 1.494621787389e-04
27 36 3 1.25586665 0.74056361 1.37163201 1.14591972 0.76662769 5.504822314716e-02 1.667293940320e-03 7.901340203696e-01 2.384610414349e+00 2.257476007844e-04
27 37 3 1.25586665 0.74056361 1.37163201 1.14591972 0.76662769 4.240130115458e-02 1.573785922260e-03 7.859605940059e-01 2.354213994079e+00 2.161141824785e-04
27 38 3 1.25586665 0.74056361 1.37163201 1.14591972 0.76662769 9.139696984183e-02 1.214150236640e-03 7.831926802288e-01 2.347611738792e+00 1.355665219213e-04
27 39 3 1.25586665 0.74056361 1.37163201 1.14591972 0.76662769 3.199059824385e-02 1.128496849157e-03 7.872169937096e-01 2.388862365647e+00 1.030897246736e-04
27 40 3 1.25586665 0.74056361 1.37163201 1.14591972 0.76662769 4.396727304421e-02 8.913953520117e-04 7.770129626019e-01 2.464815703187e+00 1.732682235537e-04
27 41 3 1.25586665 0.74056361 1.37163201 1.14591972 0.76662769 1.278177925816e-01 6.474909815505e-04 7.630059704977e-01 2.535303432636e+00 2.542087728097e-04
27 42 3 1.25586665 0.74056361 1.37163201 1.14591972 0.76662769 7.159235183313e-02 5.344265879896e-04 7.279098014651e-01 2.575927629214e+00 2.344198273788e-04
27 43 3 1.25586665 0.74056361 1.37163201 1.14591972 0.76662769 2.198772715420e-02 6.959543000052e-04 6.949199141373e-01 2.590241905447e+00 1.446025805831e-04
27 44 3 1.25586665 0.74056361 1.37163201 1.14591972 0.76662769 1.248912942835e-01 1.002067068093e-03 6.892915148156e-01 2.590267095066e+00 1.206080263429e-04
27 45 3 1.25586665 0.74056361 1.37163201 1.14591972 0.76662769 7.757807883677e-02 8.021036560803e-04 6.639964170447e-01 2.592185765676e+00 2.103630644430e-04
27 46 3 1.25586665 0.74056361 1.37163201 1.14591972 0.76662769 4.191202741562e-02 5.373557383511e-04 6.371303894369e-01 2.616154151585e+00 2.979644825617e-04
27 47 3 1.25586665 0.74056361 1.37163201 1.14591972 0.76662769 1.353236300519e-01 6.274923861452e-04 6.498145984232e-01 2.667256487641e+00 2.637113330997e-04
27 48 3 1.25586665 0.74056361 1.37163201 1.14591972 0.76662769 6.558092003137e-02 6.457226255206e-04 6.605682329392e-01 2.729889001962e+00 1.604061305665e-04
27 49 3 1.25586665 0.74056361 1.37163201 1.14591972 0.76662769 4.104682000268e-02 6.739463766410e-04 6.266017617898e-01 2.785598363642e+00 1.473678474203e-04
27 50 3 1.25586665 0.74056361 1.37163201 1.14591972 0.76662769 1.251333432023e-01 8.997947994265e-04 5.959011430039e-01 2.819279353254e+00 2.623935658749e-04
27 51 3 1.25586665 0.74056361 1.37163201 1.14591972 0.76662769 7.472016331585e-02 8.779635632178e-04 5.555406591376e-01 2.819714952162e+00 3.568904507885e-04
27 52 3 1.25586665 0.74056361 1.37163201 1.14591972 0.76662769 4.768209522244e-02 5.999097027943e-04 4.949426095169e-01 2.794146882181e+00 3.022535761735e-04
27 53 3 1.25586665 0.74056361 1.37163201 1.14591972 0.76662769 2.017956456788e-01 6.990615147634e-04 4.550704901495e-01 2.764301555083e+00 1.821949742599e-04
27 54 3 1.25586665 0.74056361 1.37163201 1.14591972 0.76662769 1.396742919185e-01 8.808159662448e-04 4.293699891377e-01 2.739858645714e+00 1.847187211281e-04
27 55 3 1.25586665 0.74056361 1.37163201 1.14591972 0.76662769 3.621720272744e-02 8.233387450670e-04 4.290667394309e-01 2.720272241971e+00 3.308587470030e-04
27 56 3 1.25586665 0.74056361 1.37163201 1.14591972 0.76662769 2.044663149837e-01 9.166834949853e-04 4.565120892434e-01 2.711249934938e+00 4.303990979333e-04
27 57 3 1.25586665 0.74056361 1.37163201 1.14591972 0.76662769 1.482298766099e-01 8.216665434284e-04 4.814360949532e-01 2.705633522057e+00 3.482107520327e-04
27 58 3 1.25586665 0.74056361 1.37163201 1.14591972 0.76662769 4.243301621773e-02 6.795924292263e-04 4.952837438275e-01 2.671881328617e+00 2.095984468369e-04
27 59 3 1.25586665 0.74056361 1.37163201 1.14591972 0.76662769 1.472938722895e-01 6.635658609686e-04 5.188964655223e-01 2.593994507354e+00 2.343320008525e-04
27 60 3 1.25586665 0.74056361 1.37163201 1.14591972 0.76662769 8.983795844486e-02 2.836618499368e-04 5.090601528821e-01 2.492988416290e+00 4.170154529627e-04
27 61 3 1.25586665 0.74056361 1.37163201 1.14591972 0.76662769 4.518605513271e-02 1.960904584494e-04 4.835037905152e-01 2.394280843127e+00 5.174476322571e-04
27 62 3 1.25586665 0.74056361 1.37163201 1.14591972 0.76662769 2.171283814325e-01 5.486074005767e-04 4.755520673358e-01 2.313158288084e+00 3.997454622179e-04
27 63 3 1.25586665 0.74056361 1.37163201 1.14591972 0.76662769 1.850406328653e-01 8.385694966184e-04 4.664573975062e-01 2.266307067185e+00 2.427032801691e-04
29 0 3 0.56583818 0.42559136 0.60673783 6.70576211 0.58064427 4.510579742615e-02 4.927590526280e-04 2.243751057655e+00 2.226650082434e+04 6.754428986057e-03
29 1 3 0.56583818 0.42559136 0.60673783 6.70576211 0.58064427 3.325755256000e-02 5.741536611705e-04 2.217328845394e+00 2.071925377446e+04 6.107157993663e-03
29 2 3 0.56583818 0.42559136 0.60673783 6.70576211 0.58064427 2.461393608276e-02 4.061951618884e-04 2.187752245550e+00 2.025783186847e+04 5.302013151984e-03
29 3 3 0.56583818 0.42559136 0.60673783 6.70576211 0.58064427 1.712112027799e-02 5.294172692247e-04 2.105712709997e+00 2.032428030438e+04 2.640179621623e-03
29 4 3 0.56583818 0.42559136 0.60673783 6.70576211 0.58064427 1.252511987817e-02 6.678954407501e-04 2.023869361086e+00 1.934109297759e+04 2.573709756423e-03
29 5 3 0.56583818 0.42559136 0.60673783 6.70576211 0.58064427 1.435916586090e-02 8.258912964393e-04 1.957067967108e+00 1.824343916728e+04 2.263542149570e-03
29 6 3 0.56583818 0.42559136 0.60673783 6.70576211 0.58064427 1.713744746167e-02 8.955729618578e-04 1.928657830514e+00 1.778576848972e+04 1.453533978367e-03
29 7 3 0.56583818 0.42559136 0.60673783 6.70576211 0.58064427 2.159360916927e-02 8.706885017214e-04 1.901713043652e+00 1.771874293954e+04 2.064828160846e-03
29 8 3 0.56583818 0.42559136 0.60673783 6.70576211 0.58064427 2.649437831489e-02 6.737420490681e-04 1.845789685779e+00 1.711778643528e+04 3.074992060388e-03
29 9 3 0.56583818 0.42559136 0.60673783 6.70576211 0.58064427 2.612820748607e-02 7.208746031792e-04 1.759581406633e+00 1.596048136412e+04 2.743339841234e-03
29 10 3 0.56583818 0.42559136 0.60673783 6.70576211 0.58064427 2.487762458231e-02 9.310041932863e-04 1.682391469643e+00 1.560654320676e+04 4.205652320553e-03
29 11 3 0.56583818 0.42559136 0.60673783 6.70576211 0.58064427 2.134701154906e-02 8.515086837372e-04 1.597036057276e+00 1.558725845078e+04 4.953149931221e-03
29 12 3 0.56583818 0.42559136 0.60673783 6.70576211 0.58064427 1.496128597709e-02 7.305434636628e-04 1.502532552007e+00 1.488040723872e+04 5.131798078306e-03
29 13 3 0.56583818 0.42559136 0.60673783 6.70576211 0.58064427 1.068956741585e-02 6.180241158611e-04 1.436773446732e+00 1.413992588550e+04 5.526091705807e-03
29 14 3 0.56583818 0.42559136 0.60673783 6.70576211 0.58064427 7.378874161650e-03 4.987089711658e-04 1.371049875992e+00 1.381833399399e+04 5.757716149213e-03
29 15 3 0.56583818 0.42559136 0.60673783 6.70576211 0.58064427 5.810721846323e-03 5.077765462081e-04 1.315336559467e+00 1.382051080761e+04 5.087429593735e-03
29 16 3 0.56583818 0.42559136 0.60673783 6.70576211 0.58064427 7.390686332302e-03 5.990960090349e-04 1.251437170848e+00 1.343384646736e+04 5.057643772952e-03
29 17 3 0.56583818 0.42559136 0.60673783 6.70576211 0.58064427 9.072251842524e-03 4.645789814301e-04 1.161643615895e+00 1.265220687375e+04 4.392159853585e-03
29 18 3 0.56583818 0.42559136 0.60673783 6.70576211 0.58064427 1.151529315460e-02 3.032108394831e-04 1.113615138423e+00 1.242676152083e+04 2.981224766350e-03
29 19 3 0.56583818 0.42559136 0.60673783 6.70576211 0.58064427 1.384258752120e-02 2.726721096564e-04 1.090209197411e+00 1.241285421960e+04 2.947270103738e-03
29 20 3 0.56583818 0.42559136 0.60673783 6.70576211 0.58064427 1.351548432050e-02 2.916407507727e-04 1.071310590407e+00 1.205531243805e+04 2.165350153937e-03
29 21 3 0.56583818 0.42559136 0.60673783 6.70576211 0.58064427 1.266416529697e-02 2.917803468328e-04 1.050302601558e+00 1.160422189761e+04 1.213267180715e-03
29 22 3 0.56583818 0.42559136 0.60673783 6.70576211 0.58064427 1.082403941739e-02 3.149244056341e-04 1.011997315065e+00 1.133134280090e+04 1.193552121701e-03
29 23 3 0.56583818 0.42559136 0.60673783 6.70576211 0.58064427 7.865077916833e-03 2.228551975106e-04 9.771712920016e-01 1.141528918093e+04 1.269969810062e-03
29 24 3 0.56583818 0.42559136 0.60673783 6.70576211 0.58064427 5.813463710370e-03 1.699914418692e-04 9.621283295209e-01 1.130981160205e+04 8.178083345539e-04
29 25 3 0.56583818 0.42559136 0.60673783 6.70576211 0.58064427 4.565544627262e-03 2.791973691908e-04 9.401981677396e-01 1.086531148597e+04 1.661890233077e-03
29 26 3 0.56583818 0.42559136 0.60673783 6.70576211 0.58064427 4.072214300023e-03 3.116221281527e-04 9.267239972415e-01 1.075356127444e+04 2.009968797228e-03
29 27 3 0.56583818 0.42559136 0.60673783 6.70576211 0.58064427 5.122452231055e-03 3.056752063845e-04 9.272989370226e-01 1.085957692271e+04 2.190140759383e-03
29 28 3 0.56583818 0.42559136 0.60673783 6.70576211 0.58064427 6.237628007897e-03 2.662370406175e-04 9.222496679165e-01 1.082279058501e+04 2.947049348568e-03
29 29 3 0.56583818 0.42559136 0.60673783 6.70576211 0.58064427 7.497339383377e-03 2.652096844193e-04 9.085111085841e-01 1.059770999962e+04 3.699219450435e-03
29 30 3 0.56583818 0.42559136 0.60673783 6.70576211 0.58064427 8.755588421049e-03 2.705540017759e-04 9.014474612022e-01 1.039206923758e+04 3.566700516130e-03
29 31 3 0.56583818 0.42559136 0.60673783 6.70576211 0.58064427 8.715287043251e-03 4.098833100519e-04 8.898619723741e-01 1.059341105139e+04 4.079716113925e-03
29 32 3 0.56583818 0.42559136 0.60673783 6.70576211 0.58064427 8.033885164092e-03 4.080066970853e-04 9.256445603590e-01 1.079575664196e+04 4.073072544944e-03
29 33 3 0.56583818 0.42559136 0.60673783 6.70576211 0.58064427 7.275131162255e-03 2.856421172918e-04 9.568312496483e-01 1.061773483280e+04 3.615658144598e-03
29 34 3 0.56583818 0.42559136 0.60673783 6.70576211 0.58064427 5.676843652832e-03 2.947483580860e-04 9.719122273166e-01 1.063511956237e+04 3.756165164040e-03
29 35 3 0.56583818 0.42559136 0.60673783 6.70576211 0.58064427 4.563457440250e-03 3.070679605693e-04 9.883506530198e-01 1.091111523635e+04 3.001852846626e-03
29 36 3 0.56583818 0.42559136 0.60673783 6.70576211 0.58064427 4.261885544367e-03 3.604371643518e-04 9.978301511089e-01 1.113577552854e+04 2.251772698634e-03
29 37 3 0.56583818 0.42559136 0.60673783 6.70576211 0.58064427 4.122504079393e-03 3.754077441742e-04 1.026781204932e+00 1.106804270777e+04 2.089629549039e-03
29 38 3 0.56583818 0.42559136 0.60673783 6.70576211 0.58064427 5.258543849785e-03 3.448453298230e-04 1.066294319209e+00 1.103711270859e+04 1.707150073238e-03
29 39 3 0.56583818 0.42559136 0.60673783 6.70576211 0.58064427 6.669016937910e-03 2.213736116950e-04 1.096962809811e+00 1.154836134265e+04 8.469292413394e-04
29 40 3 0.56583818 0.42559136 0.60673783 6.70576211 0.58064427 7.879359712138e-03 2.820106009920e-04 1.135083018659e+00 1.189043890807e+04 1.323791185659e-03
29 41 3 0.56583818 0.42559136 0.60673783 6.70576211 0.58064427 9.685623747529e-03 3.808079447198e-04 1.181353007700e+00 1.178842681429e+04 1.214402248364e-03
29 42 3 0.56583818 0.42559136 0.60673783 6.70576211 0.58064427 1.025057775919e-02 3.542713008200e-04 1.206264389507e+00 1.201368531332e+04 1.254915908002e-03
29 43 3 0.56583818 0.42559136 0.60673783 6.70576211 0.58064427 9.861621741771e-03 3.472961883140e-04 1.235836400142e+00 1.258072910778e+04 2.259424677091e-03
29 44 3 0.56583818 0.42559136 0.60673783 6.70576211 0.58064427 9.821117968333e-03 3.117043666006e-04 1.282752683903e+00 1.307946559183e+04 3.056199911313e-03
29 45 3 0.56583818 0.42559136 0.60673783 6.70576211 0.58064427 8.030723250654e-03 3.222156202461e-04 1.346902853935e+00 1.308448955123e+04 3.105215065050e-03
29 46 3 0.56583818 0.42559136 0.60673783 6.70576211 0.58064427 6.628853615203e-03 4.755291015956e-04 1.435454707690e+00 1.323396379388e+04 4.648070411614e-03
29 47 3 0.56583818 0.42559136 0.60673783 6.70576211 0.58064427 6.240323670588e-03 6.121932855788e-04 1.494843730782e+00 1.409630012241e+04 5.302175172961e-03
29 48 3 0.56583818 0.42559136 0.60673783 6.70576211 0.58064427 5.590165771568e-03 5.091751845139e-04 1.517920220820e+00 1.456275738440e+04 5.390769540927e-03
29 49 3 0.56583818 0.42559136 0.60673783 6.70576211 0.58064427 7.216121920720e-03 4.786028841621e-04 1.568526785856e+00 1.450792210422e+04 6.095693591764e-03
29 50 3 0.56583818 0.42559136 0.60673783 6.70576211 0.58064427 9.656007826972e-03 5.775812619630e-04 1.614811220510e+00 1.492281551754e+04 5.871862765639e-03
29 51 3 0.56583818 0.42559136 0.60673783 6.70576211 0.58064427 1.197119187856e-02 6.755343945755e-04 1.677427369880e+00 1.583212095378e+04 5.457277479293e-03
29 52 3 0.56583818 0.42559136 0.60673783 6.70576211 0.58064427 1.609708957571e-02 7.917146063761e-04 1.731018032215e+00 1.658331277975e+04 5.295382493391e-03
29 53 3 0.56583818 0.42559136 0.60673783 6.70576211 0.58064427 1.787747364323e-02 8.675779856963e-04 1.756600890908e+00 1.660260869401e+04 4.454827608759e-03
29 54 3 0.56583818 0.42559136 0.60673783 6.70576211 0.58064427 1.815214515052e-02 6.475700849153e-04 1.790539675760e+00 1.694819486097e+04 2.934619788004e-03
29 55 3 0.56583818 0.42559136 0.60673783 6.70576211 0.58064427 1.867157759343e-02 5.937927546555e-04 1.811718830713e+00 1.815319881500e+04 3.295201096221e-03
29 56 3 0.56583818 0.42559136 0.60673783 6.70576211 0.58064427 1.545641410557e-02 7.750499401434e-04 1.817879384127e+00 1.877429160630e+04 2.160334559818e-03
29 57 3 0.56583818 0.42559136 0.60673783 6.70576211 0.58064427 1.301803622140e-02 7.996671845469e-04 1.850859082103e+00 1.884889756123e+04 1.546772848425e-03
29 58 3 0.56583818 0.42559136 0.60673783 6.70576211 0.58064427 1.206021101519e-02 7.319388003575e-04 1.924858061287e+00 1.940379507165e+04 2.401894668730e-03
29 59 3 0.56583818 0.42559136 0.60673783 6.70576211 0.58064427 1.110170899107e-02 5.820093068888e-04 2.014833389029e+00 2.055962416484e+04 2.682795805413e-03
29 60 3 0.56583818 0.42559136 0.60673783 6.70576211 0.58064427 1.486571756591e-02 4.470304889122e-04 2.083136543947e+00 2.155676321527e+04 2.795260414510e-03
29 61 3 0.56583818 0.42559136 0.60673783 6.70576211 0.58064427 2.012667311862e-02 3.424199772880e-04 2.130470555467e+00 2.157630524523e+04 5.660390087587e-03
29 62 3 0.56583818 0.42559136 0.60673783 6.70576211 0.58064427 2.547737562792e-02 5.246243282553e-04 2.170567000264e+00 2.211202110370e+04 6.404830057814e-03
29 63 3 0.56583818 0.42559136 0.60673783 6.70576211 0.58064427 3.361569168895e-02 4.285255531755e-04 2.295817955539e+00 2.370591017117e+04 7.194507608404e-03
