# environment=00051 local_bs=2 gain_scale=9.954451210150e-14
# ue subcarrier serving_bs phi0 phi1 phi2 phi3 phi4 gain0 gain1 gain2 gain3 gain4
16 0 2 1.07254112 0.86997051 1.90630717 0.91090040 1.66056710 4.011642622830e+00 7.306708927675e-01 4.209934746122e+01 2.379502160842e+00 2.335759654215e+01
16 1 2 1.07254112 0.86997051 1.90630717 0.91090040 1.66056710 3.920272108876e+00 6.776000286691e-01 4.492721798754e+01 2.363801716497e+00 2.126089739798e+01
16 2 2 1.07254112 0.86997051 1.90630717 0.91090040 1.66056710 3.781848989426e+00 6.229947338386e-01 4.590924081077e+01 1.564092787987e+00 2.145358282982e+01
16 3 2 1.07254112 0.86997051 1.90630717 0.91090040 1.66056710 3.680625508976e+00 5.861455507346e-01 4.501168344919e+01 1.522048619048e+00 2.036940972701e+01
16 4 2 1.07254112 0.86997051 1.90630717 0.91090040 1.66056710 3.486797747173e+00 5.413555517566e-01 4.232020158238e+01 2.108172628169e+00 1.900164190396e+01
16 5 2 1.07254112 0.86997051 1.90630717 0.91090040 1.66056710 3.356781494027e+00 5.023904413185e-01 3.840122123945e+01 1.945948917944e+00 1.930135896686e+01
16 6 2 1.07254112 0.86997051 1.90630717 0.91090040 1.66056710 3.229113042293e+00 4.628059307325e-01 3.367762154609e+01 1.292820949502e+00 1.760012303245e+01
16 7 2 1.07254112 0.86997051 1.90630717 0.91090040 1.66056710 3.082667693223e+00 4.374367798638e-01 2.888740834599e+01 1.378143434807e+00 1.719358123849e+01
16 8 2 1.07254112 0.86997051 1.90630717 0.91090040 1.66056710 2.967950970560e+00 4.074361700812e-01 2.480032607548e+01 1.853948326671e+00 1.700583139516e+01
16 9 2 1.07254112 0.86997051 1.90630717 0.91090040 1.66056710 2.835076601171e+00 3.716889545716e-01 2.182715316928e+01 1.600452551759e+00 1.544702334016e+01
16 10 2 1.07254112 0.86997051 1.90630717 0.91090040 1.66056710 2.721921872049e+00 3.278929455933e-01 2.042509863077e+01 1.087996082019e+00 1.565240958729e+01
16 11 2 1.07254112 0.86997051 1.90630717 0.91090040 1.66056710 2.673782448485e+00 2.917606237117e-01 2.027522446223e+01 1.253987541666e+00 1.492237703163e+01
16 12 2 1.07254112 0.86997051 1.90630717 0.91090040 1.66056710 2.618223835727e+00 2.676975166791e-01 2.130134796285e+01 1.624360831555e+00 1.424093560219e+01
16 13 2 1.07254112 0.86997051 1.90630717 0.91090040 1.66056710 2.533243893743e+00 2.565223811380e-01 2.310064077707e+01 1.332340284908e+00 1.456060430958e+01
16 14 2 1.07254112 0.86997051 1.90630717 0.91090040 1.66056710 2.403719648529e+00 2.551574723100e-01 2.541628049943e+01 9.265567961226e-01 1.334786111133e+01
16 15 2 1.07254112 0.86997051 1.90630717 0.91090040 1.66056710 2.350995249711e+00 2.592976198194e-01 2.719770613832e+01 1.159881760447e+00 1.335257452263e+01
16 16 2 1.07254112 0.86997051 1.90630717 0.91090040 1.66056710 2.278892061296e+00 2.643387886600e-01 2.801653137518e+01 1.431885690213e+00 1.326881450148e+01
16 17 2 1.07254112 0.86997051 1.90630717 0.91090040 1.66056710 2.219334472549e+00 2.619295583045e-01 2.772503823955e+01 1.118248047517e+00 1.231728857632e+01
16 18 2 1.07254112 0.86997051 1.90630717 0.91090040 1.66056710 2.198850680604e+00 2.552202566183e-01 2.635143670933e+01 8.132990791913e-01 1.257196323573e+01
16 19 2 1.07254112 0.86997051 1.90630717 0.91090040 1.66056710 2.154938127939e+00 2.421697720231e-01 2.419120433474e+01 1.090936171391e+00 1.175966433234e+01
16 20 2 1.07254112 0.86997051 1.90630717 0.91090040 1.66056710 2.092956788880e+00 2.306344018467e-01 2.162809802101e+01 1.286726655062e+00 1.121293331061e+01
16 21 2 1.07254112 0.86997051 1.90630717 0.91090040 1.66056710 1.994792768103e+00 2.160424674202e-01 1.898572501582e+01 9.437333968533e-01 1.153280961904e+01
16 22 2 1.07254112 0.86997051 1.90630717 0.91090040 1.66056710 1.950711057448e+00 2.082051844488e-01 1.643817195337e+01 7.533618525472e-01 1.076248372482e+01
16 23 2 1.07254112 0.86997051 1.90630717 0.91090040 1.66056710 1.925448144643e+00 2.011977188538e-01 1.452305626381e+01 1.052334787401e+00 1.093951600909e+01
16 24 2 1.07254112 0.86997051 1.90630717 0.91090040 1.66056710 1.889260428059e+00 1.983050594217e-01 1.348048723782e+01 1.160985372827e+00 1.085111620810e+01
16 25 2 1.07254112 0.86997051 1.90630717 0.91090040 1.66056710 1.843003724657e+00 1.876721634721e-01 1.343638692035e+01 8.375439883116e-01 1.015924501040e+01
16 26 2 1.07254112 0.86997051 1.90630717 0.91090040 1.66056710 1.792884357614e+00 1.775724595930e-01 1.434506248168e+01 7.272872160967e-01 1.055790577837e+01
16 27 2 1.07254112 0.86997051 1.90630717 0.91090040 1.66056710 1.784586257090e+00 1.647727553708e-01 1.588026934049e+01 1.040321901609e+00 1.006971379157e+01
16 28 2 1.07254112 0.86997051 1.90630717 0.91090040 1.66056710 1.802599351634e+00 1.559130341532e-01 1.777641218469e+01 1.090716388046e+00 9.903514597074e+00
16 29 2 1.07254112 0.86997051 1.90630717 0.91090040 1.66056710 1.779041214261e+00 1.429271596190e-01 1.947245126826e+01 7.683785026617e-01 1.019042331424e+01
16 30 2 1.07254112 0.86997051 1.90630717 0.91090040 1.66056710 1.742701251977e+00 1.367561142094e-01 2.063829276508e+01 7.467130151238e-01 9.485121606233e+00
16 31 2 1.07254112 0.86997051 1.90630717 0.91090040 1.66056710 1.682922009453e+00 1.418593381524e-01 2.130720213703e+01 1.055041500827e+00 9.798558744681e+00
16 32 2 1.07254112 0.86997051 1.90630717 0.91090040 1.66056710 1.768072490183e+00 1.654357264553e-01 2.183029842229e+01 1.067918949465e+00 1.002789355858e+01
16 33 2 1.07254112 0.86997051 1.90630717 0.91090040 1.66056710 1.830678316280e+00 1.906455334310e-01 2.151700517188e+01 7.472084032910e-01 9.889617141018e+00
16 34 2 1.07254112 0.86997051 1.90630717 0.91090040 1.66056710 1.833339903319e+00 2.102319880190e-01 2.017847124972e+01 7.898492664679e-01 1.063126723407e+01
16 35 2 1.07254112 0.86997051 1.90630717 0.91090040 1.66056710 1.822897434865e+00 2.182597891439e-01 1.823674481099e+01 1.137974625333e+00 1.025911984179e+01
16 36 2 1.07254112 0.86997051 1.90630717 0.91090040 1.66056710 1.834211173084e+00 2.253861798070e-01 1.626409083444e+01 1.073532525841e+00 1.044828803797e+01
16 37 2 1.07254112 0.86997051 1.90630717 0.91090040 1.66056710 1.896866940941e+00 2.306490713721e-01 1.474502375475e+01 7.573340594945e-01 1.096609590610e+01
16 38 2 1.07254112 0.86997051 1.90630717 0.91090040 1.66056710 1.946405819355e+00 2.340301968770e-01 1.396746834730e+01 8.939254403236e-01 1.054642602527e+01
16 39 2 1.07254112 0.86997051 1.90630717 0.91090040 1.66056710 1.972921357426e+00 2.352320667099e-01 1.419252504942e+01 1.248628849364e+00 1.124456316105e+01
16 40 2 1.07254112 0.86997051 1.90630717 0.91090040 1.66056710 2.004988939158e+00 2.397655482631e-01 1.542974822624e+01 1.120765735387e+00 1.125859415230e+01
16 41 2 1.07254112 0.86997051 1.90630717 0.91090040 1.66056710 2.046896176557e+00 2.504716733000e-01 1.761764552541e+01 8.063159103720e-01 1.115115709946e+01
16 42 2 1.07254112 0.86997051 1.90630717 0.91090040 1.66056710 2.131502617166e+00 2.614282827829e-01 2.033221799540e+01 1.049140740113e+00 1.207308423335e+01
16 43 2 1.07254112 0.86997051 1.90630717 0.91090040 1.66056710 2.188236143612e+00 2.716272492923e-01 2.345446007680e+01 1.412883746494e+00 1.190310894777e+01
16 44 2 1.07254112 0.86997051 1.90630717 0.91090040 1.66056710 2.200769449412e+00 2.765380988089e-01 2.652496083858e+01 1.181248988688e+00 1.258062038225e+01
16 45 2 1.07254112 0.86997051 1.90630717 0.91090040 1.66056710 2.244245048503e+00 2.825976090697e-01 2.886356060797e+01 9.128412749093e-01 1.322982994066e+01
16 46 2 1.07254112 0.86997051 1.90630717 0.91090040 1.66056710 2.293193923185e+00 2.846228662170e-01 3.017082100517e+01 1.253001212389e+00 1.278975415834e+01
16 47 2 1.07254112 0.86997051 1.90630717 0.91090040 1.66056710 2.414006104210e+00 2.948606193231e-01 3.003820865233e+01 1.608288003432e+00 1.377258650592e+01
16 48 2 1.07254112 0.86997051 1.90630717 0.91090040 1.66056710 2.468950873933e+00 3.119981312748e-01 2.867494681651e+01 1.290585745468e+00 1.386814110838e+01
16 49 2 1.07254112 0.86997051 1.90630717 0.91090040 1.66056710 2.601888862335e+00 3.485586154746e-01 2.644286661463e+01 1.052578519061e+00 1.407323790184e+01
16 50 2 1.07254112 0.86997051 1.90630717 0.91090040 1.66056710 2.693474192996e+00 3.913220561541e-01 2.419448201257e+01 1.525615847100e+00 1.538325454036e+01
16 51 2 1.07254112 0.86997051 1.90630717 0.91090040 1.66056710 2.750281667655e+00 4.474848472219e-01 2.227560184169e+01 1.846036347689e+00 1.497167020880e+01
16 52 2 1.07254112 0.86997051 1.90630717 0.91090040 1.66056710 2.826362482841e+00 4.989351581533e-01 2.115444629887e+01 1.422658761731e+00 1.599718308325e+01
16 53 2 1.07254112 0.86997051 1.90630717 0.91090040 1.66056710 2.970691951781e+00 5.511052505891e-01 2.117290741047e+01 1.244143762188e+00 1.696199890716e+01
16 54 2 1.07254112 0.86997051 1.90630717 0.91090040 1.66056710 3.132743983270e+00 5.812045599574e-01 2.287847200102e+01 1.864054313063e+00 1.692141687104e+01
16 55 2 1.07254112 0.86997051 1.90630717 0.91090040 1.66056710 3.260341511059e+00 6.094200856773e-01 2.630302813588e+01 2.128327255880e+00 1.861540533050e+01
16 56 2 1.07254112 0.86997051 1.90630717 0.91090040 1.66056710 3.386125852213e+00 6.357176237074e-01 3.081180036395e+01 1.564954355731e+00 1.869451019900e+01
16 57 2 1.07254112 0.86997051 1.90630717 0.91090040 1.66056710 3.529949161132e+00 6.836536991335e-01 3.605799563329e+01 1.502468750947e+00 1.931524530083e+01
16 58 2 1.07254112 0.86997051 1.90630717 0.91090040 1.66056710 3.632798585921e+00 7.309815028225e-01 4.110903953862e+01 2.283866141003e+00 2.094864017910e+01
16 59 2 1.07254112 0.86997051 1.90630717 0.91090040 1.66056710 3.801933566960e+00 7.810773145947e-01 4.525657035255e+01 2.414106079000e+00 2.048540455661e+01
16 60 2 1.07254112 0.86997051 1.90630717 0.91090040 1.66056710 3.907571285710e+00 8.250927341520e-01 4.776263204538e+01 1.733242725210e+00 2.200249140446e+01
16 61 2 1.07254112 0.86997051 1.90630717 0.91090040 1.66056710 4.004637994520e+00 8.815277337155e-01 4.831835904532e+01 1.846206573427e+00 2.288059219312e+01
16 62 2 1.07254112 0.86997051 1.90630717 0.91090040 1.66056710 4.152510422695e+00 9.398684133972e-01 4.657095609284e+01 2.763692884045e+00 2.261152410999e+01
16 63 2 1.07254112 0.86997051 1.90630717 0.91090040 1.66056710 4.304936164385e+00 9.933680426130e-01 4.344697342114e+01 2.694253412160e+00 2.463009571730e+01
20 0 2 0.89773818 1.04967073 2.36277813 0.87359746 1.26547318 1.553480330022e+00 2.890512914375e+00 9.079410222817e+01 1.351093761803e-02 5.079692605634e+00
20 1 2 0.89773818 1.04967073 2.36277813 0.87359746 1.26547318 1.841635337034e+00 2.697283620075e+00 9.586292554127e+01 2.301341892201e-02 5.161250965851e+00
20 2 2 0.89773818 1.04967073 2.36277813 0.87359746 1.26547318 2.041579106088e+00 2.499650390639e+00 9.937699308147e+01 1.411252843618e-02 5.639484056843e+00
20 3 2 0.89773818 1.04967073 2.36277813 0.87359746 1.26547318 2.004826128922e+00 2.340335398652e+00 1.010875371758e+02 2.192365903072e-03 6.864313280825e+00
20 4 2 0.89773818 1.04967073 2.36277813 0.87359746 1.26547318 1.758968932233e+00 2.254706789182e+00 1.018031224472e+02 9.560838275622e-03 7.218708965111e+00
20 5 2 0.89773818 1.04967073 2.36277813 0.87359746 1.26547318 1.404484815051e+00 2.239969285771e+00 1.014736645424e+02 2.842894356417e-02 7.582610599820e+00
20 6 2 0.89773818 1.04967073 2.36277813 0.87359746 1.26547318 1.207110894714e+00 2.307621761097e+00 9.983533594709e+01 2.488876825696e-02 8.723137852118e+00
20 7 2 0.89773818 1.04967073 2.36277813 0.87359746 1.26547318 1.363827098381e+00 2.360552851144e+00 9.655912505285e+01 9.184662295158e-03 8.876976524057e+00
20 8 2 0.89773818 1.04967073 2.36277813 0.87359746 1.26547318 1.694551586078e+00 2.362087132981e+00 9.128192782140e+01 2.399214371247e-02 8.528867882615e+00
20 9 2 0.89773818 1.04967073 2.36277813 0.87359746 1.26547318 1.774721174110e+00 2.328301877763e+00 8.435676279122e+01 4.345728411188e-02 8.931216837821e+00
20 10 2 0.89773818 1.04967073 2.36277813 0.87359746 1.26547318 1.398034187347e+00 2.211317181268e+00 7.765980284969e+01 2.735281308031e-02 8.653779303363e+00
20 11 2 0.89773818 1.04967073 2.36277813 0.87359746 1.26547318 9.254320624339e-01 2.063724695738e+00 7.126767020400e+01 1.431332522795e-02 7.557410403033e+00
20 12 2 0.89773818 1.04967073 2.36277813 0.87359746 1.26547318 9.074652078831e-01 1.918749672316e+00 6.383247270619e+01 3.494041891895e-02 7.137934954852e+00
20 13 2 0.89773818 1.04967073 2.36277813 0.87359746 1.26547318 1.327401575750e+00 1.767544071379e+00 5.622333950511e+01 4.051440519271e-02 6.537440198859e+00
20 14 2 0.89773818 1.04967073 2.36277813 0.87359746 1.26547318 1.583960871662e+00 1.632194466506e+00 4.936191076531e+01 1.648418530592e-02 5.266391284257e+00
20 15 2 0.89773818 1.04967073 2.36277813 0.87359746 1.26547318 1.329128191012e+00 1.544196873985e+00 4.344092953209e+01 1.241310446681e-02 4.609085271323e+00
20 16 2 0.89773818 1.04967073 2.36277813 0.87359746 1.26547318 8.897434203676e-01 1.518980494435e+00 3.867881625233e+01 2.636384826999e-02 4.191124129185e+00
20 17 2 0.89773818 1.04967073 2.36277813 0.87359746 1.26547318 7.556405568078e-01 1.508347869832e+00 3.485944105270e+01 2.031222930083e-02 3.288581198296e+00
20 18 2 0.89773818 1.04967073 2.36277813 0.87359746 1.26547318 9.569212421570e-01 1.508734811015e+00 3.228107580038e+01 4.396936080073e-03 2.805099078809e+00
20 19 2 0.89773818 1.04967073 2.36277813 0.87359746 1.26547318 1.165993659336e+00 1.538221247250e+00 3.096942060884e+01 5.367588783784e-03 2.665614868974e+00
20 20 2 0.89773818 1.04967073 2.36277813 0.87359746 1.26547318 1.162195649788e+00 1.559674065428e+00 3.098564242459e+01 1.151411073356e-02 2.221590257355e+00
20 21 2 0.89773818 1.04967073 2.36277813 0.87359746 1.26547318 9.977885356927e-01 1.579526831659e+00 3.198583923689e+01 9.385573355735e-03 2.176048983328e+00
20 22 2 0.89773818 1.04967073 2.36277813 0.87359746 1.26547318 8.228330987209e-01 1.586693959599e+00 3.380769072017e+01 2.682518817423e-03 2.522273445181e+00
20 23 2 0.89773818 1.04967073 2.36277813 0.87359746 1.26547318 7.375225623147e-01 1.549270685189e+00 3.640546186115e+01 2.529244460226e-03 2.537406064018e+00
20 24 2 0.89773818 1.04967073 2.36277813 0.87359746 1.26547318 7.884735825021e-01 1.486701260288e+00 3.914879701465e+01 1.250321786160e-02 2.840980820985e+00
20 25 2 0.89773818 1.04967073 2.36277813 0.87359746 1.26547318 9.616898589654e-01 1.407226460877e+00 4.244999182440e+01 1.593949522781e-02 3.471826189385e+00
20 26 2 0.89773818 1.04967073 2.36277813 0.87359746 1.26547318 1.094809603177e+00 1.339551345575e+00 4.588398667181e+01 7.040306547260e-03 3.677181006089e+00
20 27 2 0.89773818 1.04967073 2.36277813 0.87359746 1.26547318 9.879924288986e-01 1.287596556630e+00 4.913292023547e+01 8.666483747770e-03 3.995351124630e+00
20 28 2 0.89773818 1.04967073 2.36277813 0.87359746 1.26547318 7.174758554970e-01 1.238473676357e+00 5.174284784850e+01 2.358945019549e-02 4.629232734297e+00
20 29 2 0.89773818 1.04967073 2.36277813 0.87359746 1.26547318 6.062384556180e-01 1.217605834101e+00 5.342815378366e+01 2.189693467688e-02 4.761761714833e+00
20 30 2 0.89773818 1.04967073 2.36277813 0.87359746 1.26547318 8.056022133412e-01 1.209046934051e+00 5.405372655748e+01 9.259643784962e-03 4.728919177289e+00
20 31 2 0.89773818 1.04967073 2.36277813 0.87359746 1.26547318 1.089137026490e+00 1.238879511817e+00 5.415527397822e+01 1.598477657550e-02 5.143437462679e+00
20 32 2 0.89773818 1.04967073 2.36277813 0.87359746 1.26547318 1.116143797536e+00 1.336803570928e+00 5.560976155763e+01 2.840590598051e-02 5.264161094103e+00
20 33 2 0.89773818 1.04967073 2.36277813 0.87359746 1.26547318 8.424077487046e-01 1.422459180464e+00 5.625737786191e+01 1.885040062310e-02 4.928287343769e+00
20 34 2 0.89773818 1.04967073 2.36277813 0.87359746 1.26547318 6.178202517273e-01 1.465048787138e+00 5.491508646202e+01 8.523091845566e-03 5.033414941534e+00
20 35 2 0.89773818 1.04967073 2.36277813 0.87359746 1.26547318 7.332502901016e-01 1.478283180682e+00 5.244371485393e+01 1.798762554604e-02 4.880680668894e+00
20 36 2 0.89773818 1.04967073 2.36277813 0.87359746 1.26547318 1.026528845410e+00 1.473920352894e+00 4.937399277736e+01 2.082893480626e-02 4.146294014284e+00
20 37 2 0.89773818 1.04967073 2.36277813 0.87359746 1.26547318 1.146549728860e+00 1.474391299428e+00 4.608825103268e+01 8.084906316940e-03 3.839064198531e+00
20 38 2 0.89773818 1.04967073 2.36277813 0.87359746 1.26547318 1.023236679081e+00 1.481259840916e+00 4.288724949328e+01 3.510055658903e-03 3.613352394878e+00
20 39 2 0.89773818 1.04967073 2.36277813 0.87359746 1.26547318 8.483380707925e-01 1.500786849463e+00 3.989876336006e+01 1.029892342056e-02 2.927015758687e+00
20 40 2 0.89773818 1.04967073 2.36277813 0.87359746 1.26547318 7.962898939187e-01 1.514155577201e+00 3.699985497794e+01 1.127337192780e-02 2.617299521503e+00
20 41 2 0.89773818 1.04967073 2.36277813 0.87359746 1.26547318 8.992073366368e-01 1.527516259579e+00 3.447504461902e+01 4.796415135468e-03 2.597582624112e+00
20 42 2 0.89773818 1.04967073 2.36277813 0.87359746 1.26547318 1.102391753095e+00 1.562999414872e+00 3.285721646001e+01 1.528434239582e-03 2.251320281002e+00
20 43 2 0.89773818 1.04967073 2.36277813 0.87359746 1.26547318 1.287494366961e+00 1.601915282147e+00 3.210194453618e+01 1.014355978620e-02 2.358106100819e+00
20 44 2 0.89773818 1.04967073 2.36277813 0.87359746 1.26547318 1.284395047991e+00 1.642357489897e+00 3.256851420554e+01 2.016120566713e-02 2.843910256733e+00
20 45 2 0.89773818 1.04967073 2.36277813 0.87359746 1.26547318 1.042600435603e+00 1.683546823673e+00 3.439763699590e+01 1.316279072147e-02 2.941407074318e+00
20 46 2 0.89773818 1.04967073 2.36277813 0.87359746 1.26547318 8.394771593673e-01 1.733190079634e+00 3.730937618642e+01 8.455367353771e-03 3.492372474480e+00
20 47 2 0.89773818 1.04967073 2.36277813 0.87359746 1.26547318 1.039292731241e+00 1.803717492182e+00 4.155877053079e+01 2.629867791283e-02 4.513254224780e+00
20 48 2 0.89773818 1.04967073 2.36277813 0.87359746 1.26547318 1.547016520635e+00 1.921462659799e+00 4.688237229934e+01 3.655415522580e-02 5.008243593292e+00
20 49 2 0.89773818 1.04967073 2.36277813 0.87359746 1.26547318 1.793690329773e+00 2.097878338970e+00 5.361289950802e+01 2.031741090518e-02 5.870718390798e+00
20 50 2 0.89773818 1.04967073 2.36277813 0.87359746 1.26547318 1.474006407666e+00 2.257955494006e+00 6.096706641019e+01 2.067240059638e-02 7.289453917970e+00
20 51 2 0.89773818 1.04967073 2.36277813 0.87359746 1.26547318 1.023891276062e+00 2.389424396169e+00 6.875199949854e+01 4.318521945964e-02 7.828605636783e+00
20 52 2 0.89773818 1.04967073 2.36277813 0.87359746 1.26547318 1.070325864217e+00 2.509558160519e+00 7.606475030404e+01 3.847964539661e-02 8.183500463262e+00
20 53 2 0.89773818 1.04967073 2.36277813 0.87359746 1.26547318 1.623062795976e+00 2.552714883358e+00 8.390734155135e+01 1.666856771277e-02 9.245975815120e+00
20 54 2 0.89773818 1.04967073 2.36277813 0.87359746 1.26547318 2.085228651455e+00 2.519523193873e+00 9.249085914966e+01 2.555968687143e-02 9.386187803107e+00
20 55 2 0.89773818 1.04967073 2.36277813 0.87359746 1.26547318 1.993129432046e+00 2.452859227057e+00 9.917952393999e+01 4.081703256837e-02 8.866101809937e+00
20 56 2 0.89773818 1.04967073 2.36277813 0.87359746 1.26547318 1.557383535930e+00 2.395941296614e+00 1.039691744228e+02 2.315169265447e-02 9.215464204868e+00
20 57 2 0.89773818 1.04967073 2.36277813 0.87359746 1.26547318 1.368669195228e+00 2.404019300164e+00 1.071763085563e+02 6.480360191813e-03 8.962749076878e+00
20 58 2 0.89773818 1.04967073 2.36277813 0.87359746 1.26547318 1.626693305785e+00 2.531743440803e+00 1.095138860155e+02 1.601033065919e-02 7.703938548591e+00
20 59 2 0.89773818 1.04967073 2.36277813 0.87359746 1.26547318 2.042956211429e+00 2.782909953448e+00 1.101147602432e+02 2.416089952658e-02 7.426223763271e+00
20 60 2 0.89773818 1.04967073 2.36277813 0.87359746 1.26547318 2.347584125194e+00 3.079690705160e+00 1.092948376544e+02 1.387387556476e-02 7.000618760879e+00
20 61 2 0.89773818 1.04967073 2.36277813 0.87359746 1.26547318 2.413213158896e+00 3.375725316326e+00 1.058820798474e+02 2.824775991513e-03 5.656593737942e+00
20 62 2 0.89773818 1.04967073 2.36277813 0.87359746 1.26547318 2.142912070289e+00 3.644197303719e+00 1.005588822214e+02 1.181893914720e-02 5.233653790889e+00
20 63 2 0.89773818 1.04967073 2.36277813 0.87359746 1.26547318 1.770708150278e+00 3.812404220143e+00 9.467841973186e+01 3.374102935471e-02 5.155401582022e+00
21 0 2 0.61945850 2.21701087 2.45001032 0.65910354 0.83566887 3.174678850061e-01 5.347374481708e+01 6.041711773211e+01 1.229706264103e-04 1.573596943449e+00
21 1 2 0.61945850 2.21701087 2.45001032 0.65910354 0.83566887 2.990858479618e-01 5.111099333228e+01 6.073782199224e+01 2.905909771671e-04 1.507842091544e+00
21 2 2 0.61945850 2.21701087 2.45001032 0.65910354 0.83566887 2.958801127284e-01 5.455175195743e+01 6.143811799212e+01 4.635632856402e-04 1.451112484356e+00
21 3 2 0.61945850 2.21701087 2.45001032 0.65910354 0.83566887 2.992203960199e-01 6.075262417036e+01 6.187528083052e+01 3.237566258480e-04 1.401121290476e+00
21 4 2 0.61945850 2.21701087 2.45001032 0.65910354 0.83566887 2.983284189090e-01 6.570639047812e+01 6.231374084554e+01 2.951947137091e-04 1.334388854579e+00
21 5 2 0.61945850 2.21701087 2.45001032 0.65910354 0.83566887 2.882698708320e-01 6.642910503344e+01 6.365800675235e+01 1.228126066967e-04 1.262918236440e+00
21 6 2 0.61945850 2.21701087 2.45001032 0.65910354 0.83566887 2.744329526336e-01 6.213625406051e+01 6.554811499760e+01 1.788251466756e-04 1.199558805440e+00
21 7 2 0.61945850 2.21701087 2.45001032 0.65910354 0.83566887 2.643378298852e-01 5.430720843715e+01 6.702639277858e+01 3.101586112502e-04 1.133703404541e+00
21 8 2 0.61945850 2.21701087 2.45001032 0.65910354 0.83566887 2.516810479810e-01 4.594715195100e+01 6.875886224506e+01 3.927048185198e-04 1.083585778354e+00
21 9 2 0.61945850 2.21701087 2.45001032 0.65910354 0.83566887 2.321715992079e-01 4.033665070293e+01 7.041960095547e+01 2.210637671955e-04 1.051485691170e+00
21 10 2 0.61945850 2.21701087 2.45001032 0.65910354 0.83566887 2.174354631892e-01 3.951432137510e+01 7.139702664522e+01 1.280533641340e-04 1.006671845930e+00
21 11 2 0.61945850 2.21701087 2.45001032 0.65910354 0.83566887 2.134714562017e-01 4.312626162643e+01 7.196106188691e+01 1.240909007938e-04 9.617546216673e-01
21 12 2 0.61945850 2.21701087 2.45001032 0.65910354 0.83566887 2.167720444538e-01 4.849106651692e+01 7.240693275427e+01 2.080591642485e-04 9.346896190248e-01
21 13 2 0.61945850 2.21701087 2.45001032 0.65910354 0.83566887 2.229183689483e-01 5.209594196242e+01 7.238756177335e+01 3.706399908648e-04 9.113571524342e-01
21 14 2 0.61945850 2.21701087 2.45001032 0.65910354 0.83566887 2.188120186692e-01 5.164720836743e+01 7.196133005752e+01 2.118552399792e-04 8.763936209646e-01
21 15 2 0.61945850 2.21701087 2.45001032 0.65910354 0.83566887 2.021997390996e-01 4.727777189142e+01 7.231296850713e+01 1.213648819231e-04 8.344188403401e-01
21 16 2 0.61945850 2.21701087 2.45001032 0.65910354 0.83566887 1.935127797998e-01 4.113554319143e+01 7.277034298512e+01 8.503235517430e-05 7.978118510962e-01
21 17 2 0.61945850 2.21701087 2.45001032 0.65910354 0.83566887 1.944739906026e-01 3.587357040641e+01 7.294121219327e+01 1.797279133412e-04 7.572878021959e-01
21 18 2 0.61945850 2.21701087 2.45001032 0.65910354 0.83566887 1.867173167069e-01 3.328722038922e+01 7.336941334291e+01 2.159808406495e-04 7.279576496962e-01
21 19 2 0.61945850 2.21701087 2.45001032 0.65910354 0.83566887 1.738197655400e-01 3.379154940719e+01 7.381014743104e+01 2.904019845577e-04 7.159497932781e-01
21 20 2 0.61945850 2.21701087 2.45001032 0.65910354 0.83566887 1.667973945522e-01 3.652482857007e+01 7.388029836933e+01 1.133779858579e-04 6.834644179893e-01
21 21 2 0.61945850 2.21701087 2.45001032 0.65910354 0.83566887 1.625826864678e-01 3.979205557525e+01 7.359259603931e+01 6.995522743142e-05 6.516895379317e-01
21 22 2 0.61945850 2.21701087 2.45001032 0.65910354 0.83566887 1.631509546316e-01 4.183330144269e+01 7.376681554536e+01 1.468498624196e-04 6.509124049775e-01
21 23 2 0.61945850 2.21701087 2.45001032 0.65910354 0.83566887 1.684007225278e-01 4.159313244488e+01 7.398432910107e+01 1.670182612720e-04 6.497107416654e-01
21 24 2 0.61945850 2.21701087 2.45001032 0.65910354 0.83566887 1.682940195434e-01 3.898829108846e+01 7.377896884747e+01 2.591831752801e-04 6.335493057410e-01
21 25 2 0.61945850 2.21701087 2.45001032 0.65910354 0.83566887 1.662795731420e-01 3.480319704073e+01 7.366990758104e+01 1.468397310658e-04 6.164538948982e-01
21 26 2 0.61945850 2.21701087 2.45001032 0.65910354 0.83566887 1.690174570159e-01 3.058117632891e+01 7.303413028458e+01 5.253699079555e-05 6.060725436747e-01
21 27 2 0.61945850 2.21701087 2.45001032 0.65910354 0.83566887 1.690636575382e-01 2.817015502546e+01 7.218549507076e+01 1.009727508558e-04 5.958063640615e-01
21 28 2 0.61945850 2.21701087 2.45001032 0.65910354 0.83566887 1.638562964311e-01 2.864040048244e+01 7.166267701413e+01 2.005372758575e-04 5.909745677360e-01
21 29 2 0.61945850 2.21701087 2.45001032 0.65910354 0.83566887 1.534222366818e-01 3.149610264407e+01 7.127095549375e+01 1.697832725873e-04 5.966533075950e-01
21 30 2 0.61945850 2.21701087 2.45001032 0.65910354 0.83566887 1.365138766882e-01 3.511604444675e+01 7.081449510762e+01 2.001503012539e-04 5.868155354388e-01
21 31 2 0.61945850 2.21701087 2.45001032 0.65910354 0.83566887 1.331481798987e-01 3.778834276384e+01 7.073917736358e+01 7.531202872725e-05 5.792194541283e-01
21 32 2 0.61945850 2.21701087 2.45001032 0.65910354 0.83566887 1.566225414225e-01 3.829468233976e+01 7.227604302843e+01 7.614577036268e-05 6.074381072139e-01
21 33 2 0.61945850 2.21701087 2.45001032 0.65910354 0.83566887 1.794181939516e-01 3.623708721150e+01 7.389528609770e+01 2.008794817734e-04 6.340287217830e-01
21 34 2 0.61945850 2.21701087 2.45001032 0.65910354 0.83566887 1.809158616808e-01 3.247659140606e+01 7.476859618253e+01 1.722520449405e-04 6.384892879450e-01
21 35 2 0.61945850 2.21701087 2.45001032 0.65910354 0.83566887 1.743579936169e-01 2.896456510300e+01 7.555805440464e+01 2.045626278662e-04 6.500865750107e-01
21 36 2 0.61945850 2.21701087 2.45001032 0.65910354 0.83566887 1.685997535872e-01 2.757256299362e+01 7.616476679630e+01 1.033406216305e-04 6.730566861271e-01
21 37 2 0.61945850 2.21701087 2.45001032 0.65910354 0.83566887 1.648951724665e-01 2.901660238440e+01 7.655304408610e+01 5.400121145894e-05 6.917970140505e-01
21 38 2 0.61945850 2.21701087 2.45001032 0.65910354 0.83566887 1.678788231915e-01 3.278516008388e+01 7.633511095275e+01 1.519619476555e-04 7.099665112711e-01
21 39 2 0.61945850 2.21701087 2.45001032 0.65910354 0.83566887 1.709507301110e-01 3.751721631378e+01 7.616734986618e+01 2.676606665818e-04 7.310840217318e-01
21 40 2 0.61945850 2.21701087 2.45001032 0.65910354 0.83566887 1.711443902699e-01 4.128669647271e+01 7.601951238794e+01 1.752676058109e-04 7.405675379175e-01
21 41 2 0.61945850 2.21701087 2.45001032 0.65910354 0.83566887 1.789467697865e-01 4.226270044430e+01 7.582029182553e+01 1.529662488984e-04 7.546652415408e-01
21 42 2 0.61945850 2.21701087 2.45001032 0.65910354 0.83566887 1.920950737000e-01 3.984589111459e+01 7.612099525891e+01 7.353814752565e-05 7.995792837415e-01
21 43 2 0.61945850 2.21701087 2.45001032 0.65910354 0.83566887 2.031439922229e-01 3.529992490213e+01 7.607409093664e+01 1.194411054815e-04 8.437067384798e-01
21 44 2 0.61945850 2.21701087 2.45001032 0.65910354 0.83566887 2.141069001685e-01 3.121038700373e+01 7.564596794828e+01 3.062919352577e-04 8.629159860590e-01
21 45 2 0.61945850 2.21701087 2.45001032 0.65910354 0.83566887 2.186955076655e-01 3.019713378456e+01 7.541164794326e+01 2.286080827253e-04 8.927708239301e-01
21 46 2 0.61945850 2.21701087 2.45001032 0.65910354 0.83566887 2.167634334034e-01 3.355625395186e+01 7.534703019417e+01 1.918025177819e-04 9.422310422542e-01
21 47 2 0.61945850 2.21701087 2.45001032 0.65910354 0.83566887 2.256041812242e-01 4.034935530446e+01 7.520096987090e+01 8.955615542784e-05 9.787241989574e-01
21 48 2 0.61945850 2.21701087 2.45001032 0.65910354 0.83566887 2.399529131303e-01 4.760432422530e+01 7.491856628302e+01 1.303848513620e-04 1.009506498522e+00
21 49 2 0.61945850 2.21701087 2.45001032 0.65910354 0.83566887 2.396966445733e-01 5.190629678195e+01 7.502014501962e+01 2.250292177003e-04 1.043061956348e+00
21 50 2 0.61945850 2.21701087 2.45001032 0.65910354 0.83566887 2.351345152136e-01 5.146360149809e+01 7.458944298814e+01 3.966168731071e-04 1.063762849026e+00
21 51 2 0.61945850 2.21701087 2.45001032 0.65910354 0.83566887 2.444389974688e-01 4.715348594538e+01 7.336887405005e+01 2.232464898915e-04 1.095026591498e+00
21 52 2 0.61945850 2.21701087 2.45001032 0.65910354 0.83566887 2.645180010771e-01 4.190703488134e+01 7.201047219101e+01 1.324735828645e-04 1.148098149714e+00
21 53 2 0.61945850 2.21701087 2.45001032 0.65910354 0.83566887 2.887185551944e-01 3.906519566158e+01 7.041420000564e+01 1.374600657218e-04 1.199333617598e+00
21 54 2 0.61945850 2.21701087 2.45001032 0.65910354 0.83566887 3.089158619064e-01 4.080341431666e+01 6.868293593571e+01 2.371345152831e-04 1.241427075165e+00
21 55 2 0.61945850 2.21701087 2.45001032 0.65910354 0.83566887 3.168985748751e-01 4.729144684390e+01 6.703400985364e+01 4.197520381712e-04 1.291643279135e+00
21 56 2 0.61945850 2.21701087 2.45001032 0.65910354 0.83566887 3.215127448457e-01 5.663515192730e+01 6.599621400002e+01 3.349795993656e-04 1.362755107952e+00
21 57 2 0.61945850 2.21701087 2.45001032 0.65910354 0.83566887 3.313872681059e-01 6.547646366336e+01 6.506966217730e+01 1.912606098894e-04 1.422673722547e+00
21 58 2 0.61945850 2.21701087 2.45001032 0.65910354 0.83566887 3.387869421234e-01 7.028718992480e+01 6.447907161999e+01 1.320161523394e-04 1.471461538708e+00
21 59 2 0.61945850 2.21701087 2.45001032 0.65910354 0.83566887 3.417031888724e-01 6.916033756458e+01 6.469419081586e+01 3.177330003038e-04 1.525418863510e+00
21 60 2 0.61945850 2.21701087 2.45001032 0.65910354 0.83566887 3.504492652402e-01 6.318004777622e+01 6.472443278903e+01 3.463717262602e-04 1.555791509100e+00
21 61 2 0.61945850 2.21701087 2.45001032 0.65910354 0.83566887 3.725545917601e-01 5.624208667544e+01 6.433723538704e+01 4.982042099758e-04 1.594131884413e+00
21 62 2 0.61945850 2.21701087 2.45001032 0.65910354 0.83566887 4.055324368004e-01 5.314764047383e+01 6.414850604459e+01 3.135014825612e-04 1.652815707048e+00
21 63 2 0.61945850 2.21701087 2.45001032 0.65910354 0.83566887 4.345809031387e-01 5.703837345368e+01 6.464830704020e+01 1.310395735312e-04 1.697008142365e+00
22 0 2 0.62003188 2.13696519 3.12662894 0.63684447 0.87779920 4.119440306879e-01 5.689262616812e+01 3.179584988930e+02 2.797481047689e-04 1.792588911111e+00
22 1 2 0.62003188 2.13696519 3.12662894 0.63684447 0.87779920 3.864218574865e-01 4.941249353446e+01 3.171151784816e+02 2.792065333913e-04 1.704035387501e+00
22 2 2 0.62003188 2.13696519 3.12662894 0.63684447 0.87779920 3.549138446978e-01 4.499689147194e+01 3.052869538299e+02 2.111453716918e-04 1.596246020606e+00
22 3 2 0.62003188 2.13696519 3.12662894 0.63684447 0.87779920 3.228723569918e-01 4.430127703212e+01 2.820694563952e+02 5.998020399730e-04 1.513303614028e+00
22 4 2 0.62003188 2.13696519 3.12662894 0.63684447 0.87779920 2.892699264478e-01 4.682633768250e+01 2.516038537161e+02 5.283077444636e-04 1.451996817281e+00
22 5 2 0.62003188 2.13696519 3.12662894 0.63684447 0.87779920 2.577322470617e-01 5.106251252005e+01 2.205197961676e+02 3.317637602714e-04 1.397076699620e+00
22 6 2 0.62003188 2.13696519 3.12662894 0.63684447 0.87779920 2.380144150586e-01 5.506537469280e+01 1.922164943574e+02 2.928845908735e-04 1.335900141483e+00
22 7 2 0.62003188 2.13696519 3.12662894 0.63684447 0.87779920 2.260377227297e-01 5.718071357654e+01 1.688110563337e+02 1.467871595379e-04 1.272849317304e+00
22 8 2 0.62003188 2.13696519 3.12662894 0.63684447 0.87779920 2.182275900882e-01 5.650171774639e+01 1.534477953766e+02 2.061838884800e-04 1.240421240352e+00
22 9 2 0.62003188 2.13696519 3.12662894 0.63684447 0.87779920 2.100386686036e-01 5.297443722064e+01 1.457339283862e+02 4.067487883262e-04 1.201178995575e+00
22 10 2 0.62003188 2.13696519 3.12662894 0.63684447 0.87779920 1.986233095080e-01 4.733518281356e+01 1.459808096447e+02 4.787747403554e-04 1.140233702797e+00
22 11 2 0.62003188 2.13696519 3.12662894 0.63684447 0.87779920 1.847868421409e-01 4.085101569279e+01 1.531737561031e+02 2.592738713745e-04 1.100500336834e+00
22 12 2 0.62003188 2.13696519 3.12662894 0.63684447 0.87779920 1.685721832408e-01 3.488477792828e+01 1.640873391767e+02 2.786003731126e-04 1.054003297581e+00
22 13 2 0.62003188 2.13696519 3.12662894 0.63684447 0.87779920 1.494817990113e-01 3.060868349592e+01 1.756663302031e+02 9.752656926613e-05 1.005566150439e+00
22 14 2 0.62003188 2.13696519 3.12662894 0.63684447 0.87779920 1.279149801161e-01 2.884245341491e+01 1.852236529889e+02 1.808438509629e-04 9.881861841129e-01
22 15 2 0.62003188 2.13696519 3.12662894 0.63684447 0.87779920 1.130706665130e-01 2.965800546710e+01 1.907617953832e+02 3.184538289648e-04 9.612820256604e-01
22 16 2 0.62003188 2.13696519 3.12662894 0.63684447 0.87779920 1.096750493103e-01 3.210869747967e+01 1.901742124113e+02 3.367196525705e-04 9.173347825910e-01
22 17 2 0.62003188 2.13696519 3.12662894 0.63684447 0.87779920 1.055021019748e-01 3.477750931182e+01 1.837851849575e+02 3.070396630987e-04 8.879106747167e-01
22 18 2 0.62003188 2.13696519 3.12662894 0.63684447 0.87779920 9.449720803725e-02 3.667362678124e+01 1.723507913980e+02 1.783852666103e-04 8.699503288894e-01
22 19 2 0.62003188 2.13696519 3.12662894 0.63684447 0.87779920 8.714846635033e-02 3.743191347995e+01 1.566492985944e+02 1.152146735525e-04 8.407788833035e-01
22 20 2 0.62003188 2.13696519 3.12662894 0.63684447 0.87779920 8.439384762410e-02 3.693167530906e+01 1.393079500389e+02 9.620284623846e-05 8.003889420506e-01
22 21 2 0.62003188 2.13696519 3.12662894 0.63684447 0.87779920 8.126737332050e-02 3.512672231820e+01 1.221330522212e+02 2.857264168526e-04 7.773651969749e-01
22 22 2 0.62003188 2.13696519 3.12662894 0.63684447 0.87779920 8.150820981346e-02 3.217265925578e+01 1.082147794331e+02 2.984791149782e-04 7.715983029709e-01
22 23 2 0.62003188 2.13696519 3.12662894 0.63684447 0.87779920 8.181373715640e-02 2.854476175162e+01 9.935612886249e+01 2.399429338829e-04 7.680721993474e-01
22 24 2 0.62003188 2.13696519 3.12662894 0.63684447 0.87779920 7.872560672309e-02 2.504368265496e+01 9.550434297993e+01 2.122192332875e-04 7.625315514822e-01
22 25 2 0.62003188 2.13696519 3.12662894 0.63684447 0.87779920 7.448305164257e-02 2.257840029001e+01 9.693307287178e+01 7.756422295707e-05 7.487111837066e-01
22 26 2 0.62003188 2.13696519 3.12662894 0.63684447 0.87779920 7.016766769719e-02 2.177109142794e+01 1.029380853242e+02 9.867484040703e-05 7.393182302913e-01
22 27 2 0.62003188 2.13696519 3.12662894 0.63684447 0.87779920 6.730025704828e-02 2.270820139896e+01 1.122663257031e+02 2.111249004486e-04 7.318581776816e-01
22 28 2 0.62003188 2.13696519 3.12662894 0.63684447 0.87779920 6.366444128471e-02 2.493985832020e+01 1.230592672496e+02 2.961879376625e-04 7.221024379936e-01
22 29 2 0.62003188 2.13696519 3.12662894 0.63684447 0.87779920 5.779834844282e-02 2.766362107807e+01 1.332505164294e+02 2.122896072138e-04 7.223505230799e-01
22 30 2 0.62003188 2.13696519 3.12662894 0.63684447 0.87779920 4.892669671064e-02 3.011605086768e+01 1.408539683343e+02 2.281031044648e-04 7.089837918392e-01
22 31 2 0.62003188 2.13696519 3.12662894 0.63684447 0.87779920 4.586386409491e-02 3.184436676736e+01 1.451529744536e+02 8.935225503130e-05 6.987501467977e-01
22 32 2 0.62003188 2.13696519 3.12662894 0.63684447 0.87779920 5.936942645382e-02 3.251180108480e+01 1.474984952785e+02 9.023711746223e-05 7.319487684400e-01
22 33 2 0.62003188 2.13696519 3.12662894 0.63684447 0.87779920 7.384030595719e-02 3.175485957740e+01 1.452621007158e+02 2.289608993575e-04 7.629707801965e-01
22 34 2 0.62003188 2.13696519 3.12662894 0.63684447 0.87779920 7.745021271251e-02 2.958867617435e+01 1.377879172640e+02 2.154154136099e-04 7.685746320871e-01
22 35 2 0.62003188 2.13696519 3.12662894 0.63684447 0.87779920 7.729202049589e-02 2.672538861174e+01 1.276200114978e+02 3.018788610740e-04 7.808736382152e-01
22 36 2 0.62003188 2.13696519 3.12662894 0.63684447 0.87779920 7.714470436372e-02 2.422571415524e+01 1.165151124323e+02 2.160244720000e-04 7.970227708698e-01
22 37 2 0.62003188 2.13696519 3.12662894 0.63684447 0.87779920 7.893635045538e-02 2.296935141983e+01 1.068820950632e+02 1.013150544610e-04 8.115058247702e-01
22 38 2 0.62003188 2.13696519 3.12662894 0.63684447 0.87779920 8.085280269583e-02 2.341814205987e+01 1.006028295366e+02 8.043090049981e-05 8.293816423517e-01
22 39 2 0.62003188 2.13696519 3.12662894 0.63684447 0.87779920 8.158562247173e-02 2.556462567185e+01 9.921881852241e+01 2.190280692891e-04 8.457973985434e-01
22 40 2 0.62003188 2.13696519 3.12662894 0.63684447 0.87779920 8.161609698166e-02 2.901884873085e+01 1.034944259905e+02 2.514145486573e-04 8.620062456007e-01
22 41 2 0.62003188 2.13696519 3.12662894 0.63684447 0.87779920 8.336862952584e-02 3.318961569277e+01 1.139770731848e+02 3.110405607647e-04 8.884075165118e-01
22 42 2 0.62003188 2.13696519 3.12662894 0.63684447 0.87779920 9.088782653779e-02 3.733872079245e+01 1.299537308806e+02 2.998480719593e-04 9.332154235849e-01
22 43 2 0.62003188 2.13696519 3.12662894 0.63684447 0.87779920 9.937692867629e-02 4.057703361011e+01 1.481320461612e+02 1.017151331369e-04 9.843537359487e-01
22 44 2 0.62003188 2.13696519 3.12662894 0.63684447 0.87779920 1.098142849472e-01 4.202480350067e+01 1.667433192342e+02 1.213290087565e-04 1.021354861763e+00
22 45 2 0.62003188 2.13696519 3.12662894 0.63684447 0.87779920 1.234652984708e-01 4.111642784433e+01 1.837209342029e+02 1.889234967119e-04 1.044570983724e+00
22 46 2 0.62003188 2.13696519 3.12662894 0.63684447 0.87779920 1.310172851660e-01 3.802980480244e+01 1.964117039618e+02 3.264699481710e-04 1.080021604225e+00
22 47 2 0.62003188 2.13696519 3.12662894 0.63684447 0.87779920 1.381928105384e-01 3.401297351946e+01 2.034743112050e+02 3.566741640416e-04 1.135074783650e+00
22 48 2 0.62003188 2.13696519 3.12662894 0.63684447 0.87779920 1.575333510361e-01 3.096504819979e+01 2.034359463403e+02 3.406634613262e-04 1.172662980324e+00
22 49 2 0.62003188 2.13696519 3.12662894 0.63684447 0.87779920 1.810748149677e-01 3.036142400702e+01 1.971361280940e+02 1.930218113891e-04 1.201600100566e+00
22 50 2 0.62003188 2.13696519 3.12662894 0.63684447 0.87779920 1.957743798797e-01 3.266185054812e+01 1.859138021667e+02 1.043962091383e-04 1.264820700453e+00
22 51 2 0.62003188 2.13696519 3.12662894 0.63684447 0.87779920 2.041433171482e-01 3.758018212915e+01 1.723404817463e+02 2.985254258759e-04 1.330492958947e+00
22 52 2 0.62003188 2.13696519 3.12662894 0.63684447 0.87779920 2.118292921840e-01 4.434783648435e+01 1.598546587602e+02 2.768009673567e-04 1.379240215638e+00
22 53 2 0.62003188 2.13696519 3.12662894 0.63684447 0.87779920 2.203154835569e-01 5.164619464333e+01 1.519674938529e+02 5.136282988122e-04 1.442979174995e+00
22 54 2 0.62003188 2.13696519 3.12662894 0.63684447 0.87779920 2.304644667978e-01 5.780397652796e+01 1.513791746377e+02 4.369196471648e-04 1.499499647585e+00
22 55 2 0.62003188 2.13696519 3.12662894 0.63684447 0.87779920 2.450997781108e-01 6.137170938049e+01 1.592292074958e+02 2.203219790358e-04 1.542749702084e+00
22 56 2 0.62003188 2.13696519 3.12662894 0.63684447 0.87779920 2.690079881754e-01 6.160146753350e+01 1.773001450676e+02 1.584073898401e-04 1.619393259373e+00
22 57 2 0.62003188 2.13696519 3.12662894 0.63684447 0.87779920 3.007252866636e-01 5.869454792250e+01 2.041454981864e+02 3.131643404496e-04 1.707327880170e+00
22 58 2 0.62003188 2.13696519 3.12662894 0.63684447 0.87779920 3.391289934019e-01 5.385731540266e+01 2.367077446309e+02 3.560726606125e-04 1.772337610355e+00
22 59 2 0.62003188 2.13696519 3.12662894 0.63684447 0.87779920 3.755085615328e-01 4.898214496631e+01 2.723434492285e+02 5.681596028881e-04 1.848144809328e+00
22 60 2 0.62003188 2.13696519 3.12662894 0.63684447 0.87779920 4.029652726552e-01 4.599818652410e+01 3.031137715791e+02 6.416118255127e-04 1.944869107552e+00
22 61 2 0.62003188 2.13696519 3.12662894 0.63684447 0.87779920 4.293616229551e-01 4.628952215659e+01 3.243787979629e+02 2.273255022195e-04 2.042560336002e+00
22 62 2 0.62003188 2.13696519 3.12662894 0.63684447 0.87779920 4.525907058852e-01 5.040264395527e+01 3.359802277358e+02 2.992772409363e-04 2.121297273385e+00
22 63 2 0.62003188 2.13696519 3.12662894 0.63684447 0.87779920 4.807453271056e-01 5.801255596314e+01 3.377030368766e+02 2.991870221285e-04 2.160906563774e+00
23 0 2 0.68519618 1.33309535 35.43521020 0.62847770 1.17272170 5.967971725069e-01 9.345751857851e+00 2.149911893988e+05 4.749649010629e-03 9.201051704525e-01
23 1 2 0.68519618 1.33309535 35.43521020 0.62847770 1.17272170 6.452023689721e-01 8.840020935446e+00 2.085744834085e+05 5.487401350437e-03 9.705355105304e-01
23 2 2 0.68519618 1.33309535 35.43521020 0.62847770 1.17272170 6.733727057451e-01 8.449902852035e+00 2.030282425277e+05 5.254632130289e-03 7.951859888915e-01
23 3 2 0.68519618 1.33309535 35.43521020 0.62847770 1.17272170 6.163527912357e-01 8.163859450935e+00 1.994232595898e+05 3.921855341605e-03 7.327589307782e-01
23 4 2 0.68519618 1.33309535 35.43521020 0.62847770 1.17272170 5.505457694180e-01 7.872612734862e+00 1.953476547946e+05 3.818951317769e-03 1.022304528897e+00
23 5 2 0.68519618 1.33309535 35.43521020 0.62847770 1.17272170 5.663979892232e-01 7.535969641554e+00 1.899875319082e+05 3.547590629941e-03 1.489105596543e+00
23 6 2 0.68519618 1.33309535 35.43521020 0.62847770 1.17272170 5.939419173864e-01 7.292921790676e+00 1.843172153521e+05 2.749608599773e-03 1.727868454835e+00
23 7 2 0.68519618 1.33309535 35.43521020 0.62847770 1.17272170 5.309438175442e-01 7.111226683696e+00 1.799919724320e+05 2.729385441959e-03 1.471839992985e+00
23 8 2 0.68519618 1.33309535 35.43521020 0.62847770 1.17272170 4.684385949744e-01 6.883824996639e+00 1.767590324013e+05 2.707372580387e-03 8.146162155035e-01
23 9 2 0.68519618 1.33309535 35.43521020 0.62847770 1.17272170 4.786356058851e-01 6.628537563078e+00 1.724515295744e+05 2.742082049682e-03 2.076676260440e-01
23 10 2 0.68519618 1.33309535 35.43521020 0.62847770 1.17272170 5.198040689478e-01 6.355289358803e+00 1.673895141473e+05 2.183679289777e-03 3.165144879609e-02
23 11 2 0.68519618 1.33309535 35.43521020 0.62847770 1.17272170 5.046636842951e-01 6.030314467118e+00 1.628465480805e+05 2.528380631785e-03 2.717736393778e-01
23 12 2 0.68519618 1.33309535 35.43521020 0.62847770 1.17272170 4.412353936540e-01 5.795377738230e+00 1.596431105367e+05 3.522224918154e-03 5.872778080560e-01
23 13 2 0.68519618 1.33309535 35.43521020 0.62847770 1.17272170 4.246770157367e-01 5.583215318040e+00 1.567633816579e+05 3.039951579059e-03 7.128547658826e-01
23 14 2 0.68519618 1.33309535 35.43521020 0.62847770 1.17272170 4.586554489028e-01 5.297283854554e+00 1.527749561831e+05 3.236689074422e-03 6.316928128195e-01
23 15 2 0.68519618 1.33309535 35.43521020 0.62847770 1.17272170 4.557405231602e-01 5.042436121034e+00 1.487224906026e+05 3.580860161884e-03 5.309301799729e-01
23 16 2 0.68519618 1.33309535 35.43521020 0.62847770 1.17272170 3.913063985967e-01 4.842109378485e+00 1.455832728515e+05 2.752440905060e-03 6.184298029375e-01
23 17 2 0.68519618 1.33309535 35.43521020 0.62847770 1.17272170 3.525189468583e-01 4.688654733759e+00 1.434900005027e+05 2.004887469699e-03 8.941607994620e-01
23 18 2 0.68519618 1.33309535 35.43521020 0.62847770 1.17272170 3.664590387743e-01 4.590936006188e+00 1.411114078259e+05 1.588626980402e-03 1.130658869866e+00
23 19 2 0.68519618 1.33309535 35.43521020 0.62847770 1.17272170 3.666536077585e-01 4.473445820602e+00 1.378333608117e+05 1.667919907382e-03 1.051186875555e+00
23 20 2 0.68519618 1.33309535 35.43521020 0.62847770 1.17272170 3.312668175328e-01 4.336081621733e+00 1.350827829286e+05 1.640498132418e-03 6.681368459140e-01
23 21 2 0.68519618 1.33309535 35.43521020 0.62847770 1.17272170 3.027885398235e-01 4.223936018188e+00 1.333396223193e+05 1.536451344255e-03 2.270363856670e-01
23 22 2 0.68519618 1.33309535 35.43521020 0.62847770 1.17272170 3.193581734828e-01 4.123902486535e+00 1.320737964477e+05 2.164415402858e-03 2.757250688494e-02
23 23 2 0.68519618 1.33309535 35.43521020 0.62847770 1.17272170 3.377087600670e-01 4.033269247911e+00 1.300793343674e+05 2.250553805739e-03 1.479566782345e-01
23 24 2 0.68519618 1.33309535 35.43521020 0.62847770 1.17272170 3.046358068268e-01 3.911312170629e+00 1.276364772616e+05 1.895547870696e-03 4.267749063647e-01
23 25 2 0.68519618 1.33309535 35.43521020 0.62847770 1.17272170 2.643421916427e-01 3.781269267397e+00 1.262153191894e+05 2.282125922264e-03 6.201498472537e-01
23 26 2 0.68519618 1.33309535 35.43521020 0.62847770 1.17272170 2.672169519372e-01 3.665653602727e+00 1.256316303845e+05 2.469097245471e-03 6.138101187435e-01
23 27 2 0.68519618 1.33309535 35.43521020 0.62847770 1.17272170 2.930246537988e-01 3.595947141298e+00 1.250961376904e+05 2.403219842917e-03 5.189024300702e-01
23 28 2 0.68519618 1.33309535 35.43521020 0.62847770 1.17272170 2.753286000091e-01 3.542510086034e+00 1.238468045197e+05 2.057480964269e-03 5.108653808138e-01
23 29 2 0.68519618 1.33309535 35.43521020 0.62847770 1.17272170 2.361869921110e-01 3.494226919357e+00 1.226971006955e+05 1.705849520241e-03 6.468569103624e-01
23 30 2 0.68519618 1.33309535 35.43521020 0.62847770 1.17272170 2.348557052023e-01 3.439476830583e+00 1.226972147261e+05 1.752318736038e-03 8.233685632086e-01
23 31 2 0.68519618 1.33309535 35.43521020 0.62847770 1.17272170 2.640800812368e-01 3.461255659982e+00 1.231735941825e+05 1.061560828973e-03 8.617292903060e-01
23 32 2 0.68519618 1.33309535 35.43521020 0.62847770 1.17272170 2.868317173159e-01 3.688266940361e+00 1.235308197446e+05 1.066640637409e-03 6.993675931473e-01
23 33 2 0.68519618 1.33309535 35.43521020 0.62847770 1.17272170 2.780339648575e-01 3.927375326070e+00 1.233574451265e+05 1.767763879222e-03 3.610026841266e-01
23 34 2 0.68519618 1.33309535 35.43521020 0.62847770 1.17272170 2.880937333171e-01 4.072522119010e+00 1.236839571978e+05 1.729141158347e-03 8.351109025184e-02
23 35 2 0.68519618 1.33309535 35.43521020 0.62847770 1.17272170 3.324895683671e-01 4.203894057453e+00 1.251628662800e+05 2.093462549253e-03 9.699869405827e-02
23 36 2 0.68519618 1.33309535 35.43521020 0.62847770 1.17272170 3.492236876366e-01 4.339066067478e+00 1.266207994419e+05 2.448753915572e-03 3.982354308178e-01
23 37 2 0.68519618 1.33309535 35.43521020 0.62847770 1.17272170 3.255300354159e-01 4.479119463576e+00 1.275523339870e+05 2.511102015330e-03 7.366910128432e-01
23 38 2 0.68519618 1.33309535 35.43521020 0.62847770 1.17272170 3.197281661901e-01 4.632226439348e+00 1.283017568017e+05 2.320586930236e-03 8.478051872623e-01
23 39 2 0.68519618 1.33309535 35.43521020 0.62847770 1.17272170 3.593797374266e-01 4.755046424160e+00 1.300982395521e+05 1.923932270888e-03 7.211913145416e-01
23 40 2 0.68519618 1.33309535 35.43521020 0.62847770 1.17272170 3.897003110933e-01 4.840990510763e+00 1.327787992205e+05 2.285636434961e-03 5.655496695785e-01
23 41 2 0.68519618 1.33309535 35.43521020 0.62847770 1.17272170 3.662834144139e-01 4.940674334462e+00 1.348553044944e+05 2.216752872010e-03 6.205462028630e-01
23 42 2 0.68519618 1.33309535 35.43521020 0.62847770 1.17272170 3.427346836728e-01 5.094457340037e+00 1.364148728430e+05 1.582612737790e-03 9.043940221096e-01
23 43 2 0.68519618 1.33309535 35.43521020 0.62847770 1.17272170 3.748402759442e-01 5.262461624731e+00 1.382783543668e+05 1.705808029009e-03 1.159460770394e+00
23 44 2 0.68519618 1.33309535 35.43521020 0.62847770 1.17272170 4.315902643212e-01 5.414436157762e+00 1.414718774294e+05 1.741150181761e-03 1.100141345918e+00
23 45 2 0.68519618 1.33309535 35.43521020 0.62847770 1.17272170 4.352087950759e-01 5.572338449419e+00 1.450803954681e+05 1.652689281810e-03 7.057859405730e-01
23 46 2 0.68519618 1.33309535 35.43521020 0.62847770 1.17272170 4.040666735684e-01 5.807695802947e+00 1.477853387454e+05 2.086935964569e-03 2.711382216429e-01
23 47 2 0.68519618 1.33309535 35.43521020 0.62847770 1.17272170 4.275412009849e-01 6.096086561497e+00 1.502909684251e+05 2.848608781213e-03 1.552104873375e-01
23 48 2 0.68519618 1.33309535 35.43521020 0.62847770 1.17272170 4.764384892413e-01 6.364784120063e+00 1.535915544675e+05 3.716214565770e-03 4.677038235733e-01
23 49 2 0.68519618 1.33309535 35.43521020 0.62847770 1.17272170 4.744257110060e-01 6.667143292865e+00 1.581531589635e+05 3.357577830507e-03 9.867616557274e-01
23 50 2 0.68519618 1.33309535 35.43521020 0.62847770 1.17272170 4.336721494248e-01 6.885938088741e+00 1.623935120936e+05 3.149323719476e-03 1.329956169572e+00
23 51 2 0.68519618 1.33309535 35.43521020 0.62847770 1.17272170 4.405854248605e-01 7.084830165048e+00 1.654846389965e+05 3.662122311159e-03 1.265378622211e+00
23 52 2 0.68519618 1.33309535 35.43521020 0.62847770 1.17272170 5.007336887159e-01 7.382419838056e+00 1.688970204933e+05 2.617108283757e-03 9.702853302454e-01
23 53 2 0.68519618 1.33309535 35.43521020 0.62847770 1.17272170 5.261607498804e-01 7.659718288321e+00 1.735116426677e+05 2.283665645860e-03 9.312506572959e-01
23 54 2 0.68519618 1.33309535 35.43521020 0.62847770 1.17272170 4.885588528669e-01 7.860564857020e+00 1.789522564489e+05 2.876220066188e-03 1.301323483683e+00
23 55 2 0.68519618 1.33309535 35.43521020 0.62847770 1.17272170 4.859162522879e-01 8.075485495201e+00 1.831756076805e+05 2.838706968479e-03 1.837950162511e+00
23 56 2 0.68519618 1.33309535 35.43521020 0.62847770 1.17272170 5.781582152591e-01 8.311725942533e+00 1.864829715378e+05 2.882136139626e-03 2.030866932965e+00
23 57 2 0.68519618 1.33309535 35.43521020 0.62847770 1.17272170 6.400789304751e-01 8.638298287192e+00 1.909289736652e+05 2.884649178387e-03 1.657157765513e+00
23 58 2 0.68519618 1.33309535 35.43521020 0.62847770 1.17272170 5.952779966326e-01 9.060283649901e+00 1.966310942404e+05 3.691523574639e-03 9.416371365340e-01
23 59 2 0.68519618 1.33309535 35.43521020 0.62847770 1.17272170 5.669618266326e-01 9.426053089357e+00 2.023447221958e+05 3.973454385972e-03 4.389563817571e-01
23 60 2 0.68519618 1.33309535 35.43521020 0.62847770 1.17272170 6.288833732741e-01 9.811389924453e+00 2.063248629167e+05 4.069182325337e-03 6.170519598710e-01
23 61 2 0.68519618 1.33309535 35.43521020 0.62847770 1.17272170 7.054311862125e-01 1.029004916532e+01 2.102714902918e+05 5.452194419914e-03 1.372717084933e+00
23 62 2 0.68519618 1.33309535 35.43521020 0.62847770 1.17272170 6.901435145419e-01 1.082631482138e+01 2.161094828653e+05 5.713008505603e-03 2.153092954540e+00
23 63 2 0.68519618 1.33309535 35.43521020 0.62847770 1.17272170 6.448011875295e-01 1.133427763182e+01 2.227199339421e+05 4.950991939695e-03 2.382362829340e+00
27 0 2 0.86985751 1.08885275 2.57815930 0.84688851 1.24783109 2.338282839830e+00 3.506315099954e+00 8.503886218293e+01 2.420966896786e-02 4.910099474139e+00
27 1 2 0.86985751 1.08885275 2.57815930 0.84688851 1.24783109 2.048450311988e+00 3.327554406570e+00 8.265516442419e+01 1.479611618457e-02 4.110547032493e+00
27 2 2 0.86985751 1.08885275 2.57815930 0.84688851 1.24783109 1.462973404301e+00 3.112538310920e+00 8.403435826940e+01 2.831295039395e-02 4.270877275058e+00
27 3 2 0.86985751 1.08885275 2.57815930 0.84688851 1.24783109 1.125221172600e+00 2.948567831105e+00 8.780312057484e+01 2.523332645680e-02 3.915140869351e+00
27 4 2 0.86985751 1.08885275 2.57815930 0.84688851 1.24783109 1.241911371838e+00 2.820727353541e+00 9.388668978699e+01 8.509845491904e-03 4.015344251065e+00
27 5 2 0.86985751 1.08885275 2.57815930 0.84688851 1.24783109 1.489778382239e+00 2.763929730812e+00 1.008980435165e+02 1.577793100478e-03 5.035391169675e+00
27 6 2 0.86985751 1.08885275 2.57815930 0.84688851 1.24783109 1.597572230553e+00 2.771967226719e+00 1.077982771572e+02 8.003305370414e-03 5.527595626821e+00
27 7 2 0.86985751 1.08885275 2.57815930 0.84688851 1.24783109 1.542742567850e+00 2.798347976304e+00 1.137614836667e+02 1.802969356791e-02 5.890262038768e+00
27 8 2 0.86985751 1.08885275 2.57815930 0.84688851 1.24783109 1.367871923636e+00 2.812585249678e+00 1.174929057919e+02 1.791149000392e-02 6.931645505665e+00
27 9 2 0.86985751 1.08885275 2.57815930 0.84688851 1.24783109 1.086245525715e+00 2.770285320433e+00 1.190140784652e+02 7.719255818807e-03 7.437774790825e+00
27 10 2 0.86985751 1.08885275 2.57815930 0.84688851 1.24783109 8.545713371027e-01 2.677310662663e+00 1.181526425908e+02 1.249922904532e-02 7.137105350358e+00
27 11 2 0.86985751 1.08885275 2.57815930 0.84688851 1.24783109 9.397194069001e-01 2.523274775318e+00 1.156397254258e+02 3.141138761475e-02 7.392619513005e+00
27 12 2 0.86985751 1.08885275 2.57815930 0.84688851 1.24783109 1.293084456851e+00 2.324173076797e+00 1.097186720214e+02 3.209944515622e-02 7.568961629227e+00
27 13 2 0.86985751 1.08885275 2.57815930 0.84688851 1.24783109 1.474001761809e+00 2.160438919508e+00 1.014003274563e+02 1.608380454071e-02 6.753372499111e+00
27 14 2 0.86985751 1.08885275 2.57815930 0.84688851 1.24783109 1.224194172765e+00 2.001557348983e+00 9.184143356977e+01 1.963329093159e-02 6.097877963145e+00
27 15 2 0.86985751 1.08885275 2.57815930 0.84688851 1.24783109 7.820185212821e-01 1.867175973616e+00 8.194642772663e+01 3.549245929948e-02 5.870602438921e+00
27 16 2 0.86985751 1.08885275 2.57815930 0.84688851 1.24783109 6.204339509498e-01 1.825928362708e+00 7.254743892413e+01 2.826084703046e-02 4.956901617783e+00
27 17 2 0.86985751 1.08885275 2.57815930 0.84688851 1.24783109 8.468196616685e-01 1.815948118712e+00 6.343673898857e+01 1.075587773161e-02 3.964205336419e+00
27 18 2 0.86985751 1.08885275 2.57815930 0.84688851 1.24783109 1.119791836716e+00 1.824611137615e+00 5.557330636495e+01 1.201333351474e-02 3.551663541062e+00
27 19 2 0.86985751 1.08885275 2.57815930 0.84688851 1.24783109 1.150696396208e+00 1.860747191414e+00 4.907941727701e+01 1.986708227155e-02 2.957944436943e+00
27 20 2 0.86985751 1.08885275 2.57815930 0.84688851 1.24783109 9.113895730499e-01 1.891368954057e+00 4.511734326756e+01 1.298006517283e-02 2.245941126831e+00
27 21 2 0.86985751 1.08885275 2.57815930 0.84688851 1.24783109 7.136688647096e-01 1.923159618470e+00 4.322743374442e+01 2.815887011463e-03 2.170451635029e+00
27 22 2 0.86985751 1.08885275 2.57815930 0.84688851 1.24783109 6.515400146790e-01 1.929097091529e+00 4.332543946084e+01 1.655522640841e-03 2.229549944442e+00
27 23 2 0.86985751 1.08885275 2.57815930 0.84688851 1.24783109 7.032219079906e-01 1.887863738140e+00 4.527225038273e+01 6.985145569738e-03 2.097775884014e+00
27 24 2 0.86985751 1.08885275 2.57815930 0.84688851 1.24783109 8.066035017844e-01 1.807088678695e+00 4.830821438372e+01 1.173497626341e-02 2.456944922450e+00
27 25 2 0.86985751 1.08885275 2.57815930 0.84688851 1.24783109 9.123309626500e-01 1.701114354887e+00 5.276087216365e+01 8.595320312814e-03 2.949717187765e+00
27 26 2 0.86985751 1.08885275 2.57815930 0.84688851 1.24783109 9.313831424485e-01 1.614827970140e+00 5.805530309532e+01 3.846386986889e-03 3.094646379197e+00
27 27 2 0.86985751 1.08885275 2.57815930 0.84688851 1.24783109 7.980936146811e-01 1.549233293810e+00 6.357690080266e+01 1.143685802819e-02 3.538713555348e+00
27 28 2 0.86985751 1.08885275 2.57815930 0.84688851 1.24783109 5.929425717150e-01 1.495632954655e+00 6.837458788811e+01 2.300498369962e-02 4.170423946408e+00
27 29 2 0.86985751 1.08885275 2.57815930 0.84688851 1.24783109 5.404396771531e-01 1.477985861628e+00 7.186095410464e+01 1.815680163070e-02 4.290783810782e+00
27 30 2 0.86985751 1.08885275 2.57815930 0.84688851 1.24783109 7.424384550670e-01 1.474825297144e+00 7.361747123877e+01 9.048552353665e-03 4.343494104041e+00
27 31 2 0.86985751 1.08885275 2.57815930 0.84688851 1.24783109 9.567189245613e-01 1.511546794655e+00 7.425719539442e+01 1.679657637935e-02 4.769278802887e+00
27 32 2 0.86985751 1.08885275 2.57815930 0.84688851 1.24783109 1.005198357668e+00 1.622828411248e+00 7.605728539620e+01 2.726193040389e-02 4.881604538795e+00
27 33 2 0.86985751 1.08885275 2.57815930 0.84688851 1.24783109 7.757301679950e-01 1.717965601271e+00 7.630429243787e+01 1.903663334975e-02 4.525131410977e+00
27 34 2 0.86985751 1.08885275 2.57815930 0.84688851 1.24783109 5.560439273894e-01 1.761562698609e+00 7.357012326172e+01 8.139657697083e-03 4.540532779958e+00
27 35 2 0.86985751 1.08885275 2.57815930 0.84688851 1.24783109 6.006630395198e-01 1.777184036850e+00 6.909393436437e+01 1.344059536274e-02 4.409748302810e+00
27 36 2 0.86985751 1.08885275 2.57815930 0.84688851 1.24783109 8.183119627515e-01 1.773415592553e+00 6.378988063328e+01 1.803670154300e-02 3.678842394668e+00
27 37 2 0.86985751 1.08885275 2.57815930 0.84688851 1.24783109 9.854691689510e-01 1.784000063178e+00 5.845048947127e+01 9.927860024088e-03 3.237287800742e+00
27 38 2 0.86985751 1.08885275 2.57815930 0.84688851 1.24783109 9.781997675912e-01 1.807699894096e+00 5.359889742419e+01 2.021251737214e-03 3.083681370454e+00
27 39 2 0.86985751 1.08885275 2.57815930 0.84688851 1.24783109 8.721140022848e-01 1.839727880888e+00 4.961830094681e+01 3.560496084146e-03 2.535796524375e+00
27 40 2 0.86985751 1.08885275 2.57815930 0.84688851 1.24783109 7.592938933875e-01 1.868083480466e+00 4.639880592455e+01 9.470037171098e-03 2.173422286277e+00
27 41 2 0.86985751 1.08885275 2.57815930 0.84688851 1.24783109 7.040070974387e-01 1.884008681281e+00 4.469998882168e+01 1.256718006230e-02 2.351527971174e+00
27 42 2 0.86985751 1.08885275 2.57815930 0.84688851 1.24783109 7.810804117996e-01 1.919528382609e+00 4.508049698819e+01 7.842148790910e-03 2.338794325991e+00
27 43 2 0.86985751 1.08885275 2.57815930 0.84688851 1.24783109 1.036395800870e+00 1.954864235216e+00 4.763727834818e+01 6.129987470267e-03 2.500114522963e+00
27 44 2 0.86985751 1.08885275 2.57815930 0.84688851 1.24783109 1.280427395296e+00 1.975034025169e+00 5.270083617132e+01 2.026510809498e-02 3.305438750576e+00
27 45 2 0.86985751 1.08885275 2.57815930 0.84688851 1.24783109 1.228515172229e+00 2.013547817661e+00 5.965589133608e+01 3.055982881532e-02 3.865090133524e+00
27 46 2 0.86985751 1.08885275 2.57815930 0.84688851 1.24783109 9.217804379054e-01 2.060811535081e+00 6.801786325529e+01 2.039394502406e-02 4.237777894004e+00
27 47 2 0.86985751 1.08885275 2.57815930 0.84688851 1.24783109 7.038922904946e-01 2.156321360635e+00 7.765968168047e+01 1.523448368235e-02 5.311409613269e+00
27 48 2 0.86985751 1.08885275 2.57815930 0.84688851 1.24783109 9.362728042579e-01 2.350243298120e+00 8.817926905553e+01 3.355132064591e-02 6.220442437563e+00
27 49 2 0.86985751 1.08885275 2.57815930 0.84688851 1.24783109 1.426777882200e+00 2.564891359077e+00 9.901503740653e+01 4.085525422047e-02 6.471626635080e+00
27 50 2 0.86985751 1.08885275 2.57815930 0.84688851 1.24783109 1.650934944817e+00 2.775740266989e+00 1.088244780561e+02 2.175521364278e-02 7.193250293757e+00
27 51 2 0.86985751 1.08885275 2.57815930 0.84688851 1.24783109 1.419950977397e+00 2.977661807753e+00 1.166729068961e+02 1.337908079344e-02 8.030081905566e+00
27 52 2 0.86985751 1.08885275 2.57815930 0.84688851 1.24783109 1.071584370594e+00 3.098718596445e+00 1.217989518551e+02 2.740705933562e-02 7.781646796353e+00
27 53 2 0.86985751 1.08885275 2.57815930 0.84688851 1.24783109 1.023050704542e+00 3.118122602271e+00 1.251641679529e+02 2.950510606680e-02 7.510545139169e+00
27 54 2 0.86985751 1.08885275 2.57815930 0.84688851 1.24783109 1.261419015920e+00 3.050565034842e+00 1.265815573773e+02 1.185580224308e-02 7.778758716346e+00
27 55 2 0.86985751 1.08885275 2.57815930 0.84688851 1.24783109 1.575242622645e+00 2.966699809184e+00 1.248268846679e+02 3.099534519814e-03 7.093482187199e+00
27 56 2 0.86985751 1.08885275 2.57815930 0.84688851 1.24783109 1.794709816614e+00 2.913175968713e+00 1.203293440028e+02 9.950967915852e-03 5.905804156440e+00
27 57 2 0.86985751 1.08885275 2.57815930 0.84688851 1.24783109 1.874719850526e+00 2.944613418296e+00 1.140785209179e+02 1.986035736157e-02 5.650283790179e+00
27 58 2 0.86985751 1.08885275 2.57815930 0.84688851 1.24783109 1.704375783428e+00 3.137976637402e+00 1.069083760716e+02 1.979569661779e-02 5.155227853650e+00
27 59 2 0.86985751 1.08885275 2.57815930 0.84688851 1.24783109 1.411381000771e+00 3.435753571821e+00 9.985902692654e+01 9.492555051592e-03 4.184108772784e+00
27 60 2 0.86985751 1.08885275 2.57815930 0.84688851 1.24783109 1.295408875692e+00 3.789038172110e+00 9.383681995149e+01 1.505113280577e-02 4.296519832634e+00
27 61 2 0.86985751 1.08885275 2.57815930 0.84688851 1.24783109 1.704340724467e+00 4.170281355671e+00 8.987707770089e+01 4.693276951132e-02 4.596124913405e+00
27 62 2 0.86985751 1.08885275 2.57815930 0.84688851 1.24783109 2.420308465101e+00 4.439947358488e+00 8.860570224863e+01 5.885444997144e-02 4.446271040472e+00
27 63 2 0.86985751 1.08885275 2.57815930 0.84688851 1.24783109 2.760179971418e+00 4.582426911791e+00 9.157889637270e+01 3.445681814021e-02 5.389632166770e+00
29 0 2 0.99915735 0.93936348 1.91339090 0.95275200 1.34312810 2.712200113291e+00 1.743026548697e+00 5.233064250823e+01 6.604726590754e-02 1.068180632005e+01
29 1 2 0.99915735 0.93936348 1.91339090 0.95275200 1.34312810 2.374266264995e+00 1.620141827644e+00 4.821441744153e+01 7.932871990926e-03 1.157335939233e+01
29 2 2 0.99915735 0.93936348 1.91339090 0.95275200 1.34312810 2.834266609176e+00 1.545349259552e+00 4.400377375316e+01 3.351974157952e-02 1.145162548983e+01
29 3 2 0.99915735 0.93936348 1.91339090 0.95275200 1.34312810 3.338782806007e+00 1.531118992116e+00 4.004577867036e+01 8.156756077030e-02 1.281527226387e+01
29 4 2 0.99915735 0.93936348 1.91339090 0.95275200 1.34312810 2.877163095347e+00 1.524973116956e+00 3.634329005634e+01 2.161286673778e-02 1.262252882017e+01
29 5 2 0.99915735 0.93936348 1.91339090 0.95275200 1.34312810 1.919265946329e+00 1.544925567302e+00 3.280977237719e+01 2.679140348832e-02 1.199098847665e+01
29 6 2 0.99915735 0.93936348 1.91339090 0.95275200 1.34312810 1.905296762368e+00 1.564776154193e+00 2.971041386099e+01 8.525080652780e-02 1.259429390644e+01
29 7 2 0.99915735 0.93936348 1.91339090 0.95275200 1.34312810 2.758879486305e+00 1.553424832008e+00 2.688991619238e+01 3.007926315769e-02 1.150389658049e+01
29 8 2 0.99915735 0.93936348 1.91339090 0.95275200 1.34312810 2.907247485080e+00 1.521724209587e+00 2.422417569464e+01 1.672089805520e-02 1.086554207416e+01
29 9 2 0.99915735 0.93936348 1.91339090 0.95275200 1.34312810 2.023985536414e+00 1.467151748688e+00 2.177838304358e+01 7.111786910461e-02 1.077403277491e+01
29 10 2 0.99915735 0.93936348 1.91339090 0.95275200 1.34312810 1.442418455874e+00 1.401943062397e+00 1.986209225947e+01 3.172882409396e-02 9.145746372025e+00
29 11 2 0.99915735 0.93936348 1.91339090 0.95275200 1.34312810 1.934101070582e+00 1.289850140918e+00 1.837155281612e+01 6.104719627453e-03 8.306787152300e+00
29 12 2 0.99915735 0.93936348 1.91339090 0.95275200 1.34312810 2.445175964710e+00 1.185361341797e+00 1.726461609904e+01 4.968092409361e-02 7.548415837277e+00
29 13 2 0.99915735 0.93936348 1.91339090 0.95275200 1.34312810 2.103929764089e+00 1.108518622231e+00 1.640189263319e+01 3.059184911127e-02 6.027098741364e+00
29 14 2 0.99915735 0.93936348 1.91339090 0.95275200 1.34312810 1.490253987188e+00 1.060179824185e+00 1.588646477325e+01 6.025206417278e-04 5.326354946727e+00
29 15 2 0.99915735 0.93936348 1.91339090 0.95275200 1.34312810 1.423041161018e+00 1.013536320198e+00 1.558032160299e+01 2.773456131383e-02 4.577274784226e+00
29 16 2 0.99915735 0.93936348 1.91339090 0.95275200 1.34312810 1.794698665105e+00 9.889026568130e-01 1.557884681207e+01 2.644427381675e-02 3.669145079617e+00
29 17 2 0.99915735 0.93936348 1.91339090 0.95275200 1.34312810 1.916002711332e+00 9.765369771573e-01 1.566864445154e+01 1.567134283390e-03 3.351323398793e+00
29 18 2 0.99915735 0.93936348 1.91339090 0.95275200 1.34312810 1.632252766167e+00 9.716132098811e-01 1.597509972177e+01 1.018817264203e-02 2.973111022159e+00
29 19 2 0.99915735 0.93936348 1.91339090 0.95275200 1.34312810 1.339661303976e+00 9.799083072585e-01 1.655041262552e+01 2.520860194307e-02 2.681115613166e+00
29 20 2 0.99915735 0.93936348 1.91339090 0.95275200 1.34312810 1.310612905355e+00 9.911122597866e-01 1.739821740229e+01 9.009005867775e-03 2.946021142214e+00
29 21 2 0.99915735 0.93936348 1.91339090 0.95275200 1.34312810 1.501339289687e+00 1.010462774235e+00 1.833390250092e+01 1.989976427325e-03 3.089781813840e+00
29 22 2 0.99915735 0.93936348 1.91339090 0.95275200 1.34312810 1.673522669661e+00 1.006207231330e+00 1.945178191274e+01 2.372060659420e-02 3.298647149453e+00
29 23 2 0.99915735 0.93936348 1.91339090 0.95275200 1.34312810 1.533350447881e+00 9.829274550949e-01 2.038971448445e+01 1.989033911140e-02 3.944220049635e+00
29 24 2 0.99915735 0.93936348 1.91339090 0.95275200 1.34312810 1.171666426005e+00 9.417288462415e-01 2.124167025305e+01 2.292720610964e-04 4.141268848481e+00
29 25 2 0.99915735 0.93936348 1.91339090 0.95275200 1.34312810 1.096410171317e+00 9.064761377222e-01 2.198542760338e+01 2.250556471088e-02 4.635771158532e+00
29 26 2 0.99915735 0.93936348 1.91339090 0.95275200 1.34312810 1.451554382115e+00 8.639644471062e-01 2.274791029397e+01 3.224116148018e-02 5.425732827073e+00
29 27 2 0.99915735 0.93936348 1.91339090 0.95275200 1.34312810 1.695660712968e+00 8.264259900126e-01 2.330399710423e+01 3.227184264286e-03 5.493464006196e+00
29 28 2 0.99915735 0.93936348 1.91339090 0.95275200 1.34312810 1.384819004578e+00 7.899334321978e-01 2.373569780617e+01 2.096079965676e-02 6.089996515825e+00
29 29 2 0.99915735 0.93936348 1.91339090 0.95275200 1.34312810 9.784356318511e-01 7.630946283055e-01 2.396327029974e+01 4.034249828690e-02 6.563244556839e+00
29 30 2 0.99915735 0.93936348 1.91339090 0.95275200 1.34312810 1.143550805479e+00 7.502996537095e-01 2.384188382305e+01 7.669954882622e-03 6.245364294934e+00
29 31 2 0.99915735 0.93936348 1.91339090 0.95275200 1.34312810 1.601606548754e+00 7.676668833229e-01 2.370724453094e+01 1.641579247926e-02 6.735429424254e+00
29 32 2 0.99915735 0.93936348 1.91339090 0.95275200 1.34312810 1.640852594334e+00 8.359020897215e-01 2.444016786189e+01 4.343719772276e-02 6.887382550635e+00
29 33 2 0.99915735 0.93936348 1.91339090 0.95275200 1.34312810 1.174965314818e+00 8.997914883546e-01 2.504634758174e+01 1.293339101542e-02 6.500748389998e+00
29 34 2 0.99915735 0.93936348 1.91339090 0.95275200 1.34312810 9.979723489275e-01 9.389301449909e-01 2.488701019140e+01 1.150855274030e-02 6.857076579213e+00
29 35 2 0.99915735 0.93936348 1.91339090 0.95275200 1.34312810 1.426905593221e+00 9.487860334383e-01 2.442875455769e+01 4.067268878774e-02 6.290736642029e+00
29 36 2 0.99915735 0.93936348 1.91339090 0.95275200 1.34312810 1.742443016356e+00 9.512951577965e-01 2.385759941380e+01 1.564974880475e-02 5.653972946498e+00
29 37 2 0.99915735 0.93936348 1.91339090 0.95275200 1.34312810 1.498081429827e+00 9.411406954602e-01 2.310034837667e+01 4.878411325632e-03 5.596675172778e+00
29 38 2 0.99915735 0.93936348 1.91339090 0.95275200 1.34312810 1.152932988148e+00 9.363298735350e-01 2.230692786439e+01 3.117060756265e-02 4.769208048389e+00
29 39 2 0.99915735 0.93936348 1.91339090 0.95275200 1.34312810 1.272762328830e+00 9.336105044554e-01 2.143600732118e+01 1.808851161400e-02 4.279605506618e+00
29 40 2 0.99915735 0.93936348 1.91339090 0.95275200 1.34312810 1.647713417910e+00 9.365135635565e-01 2.044435008016e+01 3.585077974806e-04 4.030453171833e+00
29 41 2 0.99915735 0.93936348 1.91339090 0.95275200 1.34312810 1.786587428866e+00 9.370174712410e-01 1.937810558575e+01 2.014586580098e-02 3.321690395223e+00
29 42 2 0.99915735 0.93936348 1.91339090 0.95275200 1.34312810 1.625098510417e+00 9.445288143091e-01 1.845725617642e+01 2.149937907337e-02 3.065485198698e+00
29 43 2 0.99915735 0.93936348 1.91339090 0.95275200 1.34312810 1.416961168956e+00 9.787258942065e-01 1.775127526709e+01 1.695656654973e-03 2.970390722065e+00
29 44 2 0.99915735 0.93936348 1.91339090 0.95275200 1.34312810 1.449769026361e+00 1.018295288944e+00 1.715070988765e+01 9.146056130533e-03 2.795311906445e+00
29 45 2 0.99915735 0.93936348 1.91339090 0.95275200 1.34312810 1.810535123918e+00 1.067516890692e+00 1.677678564467e+01 2.728175553890e-02 3.176332740491e+00
29 46 2 0.99915735 0.93936348 1.91339090 0.95275200 1.34312810 2.150945950782e+00 1.105306590988e+00 1.645119184330e+01 1.271120012847e-02 3.589183531214e+00
29 47 2 0.99915735 0.93936348 1.91339090 0.95275200 1.34312810 2.000843655155e+00 1.154187075522e+00 1.620875586989e+01 2.937382643617e-03 3.911739833415e+00
29 48 2 0.99915735 0.93936348 1.91339090 0.95275200 1.34312810 1.566569665222e+00 1.205220384784e+00 1.618474589267e+01 3.890454640953e-02 4.923401980640e+00
29 49 2 0.99915735 0.93936348 1.91339090 0.95275200 1.34312810 1.645327788872e+00 1.268025245921e+00 1.649666612103e+01 3.163710716051e-02 5.775303246442e+00
29 50 2 0.99915735 0.93936348 1.91339090 0.95275200 1.34312810 2.388267506441e+00 1.338054255327e+00 1.709772191048e+01 2.744949944623e-03 6.545012837843e+00
29 51 2 0.99915735 0.93936348 1.91339090 0.95275200 1.34312810 2.762962226457e+00 1.431055387105e+00 1.813733246520e+01 4.880343488828e-02 8.189596858329e+00
29 52 2 0.99915735 0.93936348 1.91339090 0.95275200 1.34312810 2.118613327591e+00 1.502385377170e+00 1.953609187375e+01 5.534433999575e-02 8.967805743049e+00
29 53 2 0.99915735 0.93936348 1.91339090 0.95275200 1.34312810 1.650049162212e+00 1.523032752054e+00 2.150146003402e+01 6.892153780618e-03 9.874610879693e+00
29 54 2 0.99915735 0.93936348 1.91339090 0.95275200 1.34312810 2.358498253209e+00 1.536671051804e+00 2.390388402763e+01 5.550975154590e-02 1.165450786074e+01
29 55 2 0.99915735 0.93936348 1.91339090 0.95275200 1.34312810 3.283649092115e+00 1.540435962483e+00 2.669396839392e+01 7.709612624055e-02 1.173873315867e+01
29 56 2 0.99915735 0.93936348 1.91339090 0.95275200 1.34312810 3.015621876464e+00 1.542357833466e+00 2.960158587276e+01 1.158022116695e-02 1.271676108481e+01
29 57 2 0.99915735 0.93936348 1.91339090 0.95275200 1.34312810 2.118053014365e+00 1.529306209131e+00 3.301894655377e+01 5.047075447395e-02 1.411286790078e+01
29 58 2 0.99915735 0.93936348 1.91339090 0.95275200 1.34312810 2.246823401042e+00 1.559314523365e+00 3.688230894959e+01 8.531143184809e-02 1.335987417291e+01
29 59 2 0.99915735 0.93936348 1.91339090 0.95275200 1.34312810 3.288613832218e+00 1.627405471364e+00 4.108411010717e+01 1.466821789435e-02 1.403683029216e+01
29 60 2 0.99915735 0.93936348 1.91339090 0.95275200 1.34312810 3.769841344740e+00 1.739874144395e+00 4.528623268968e+01 3.306377168822e-02 1.391496976213e+01
29 61 2 0.99915735 0.93936348 1.91339090 0.95275200 1.34312810 3.198539167735e+00 1.889007626781e+00 4.973243504937e+01 8.174911688391e-02 1.225718174703e+01
29 62 2 0.99915735 0.93936348 1.91339090 0.95275200 1.34312810 2.662771990053e+00 2.081660516989e+00 5.381400034100e+01 2.088024500525e-02 1.230316828522e+01
29 63 2 0.99915735 0.93936348 1.91339090 0.95275200 1.34312810 3.044791693796e+00 2.246566883544e+00 5.746447860464e+01 1.430186474203e-02 1.107641379967e+01
