# environment=00185 local_bs=0 gain_scale=2.072553651895e-14
# ue subcarrier serving_bs phi0 phi1 phi2 phi3 phi4 gain0 gain1 gain2 gain3 gain4
0 0 0 2.77451126 0.99081317 1.22139436 1.68941939 1.29372186 7.515070623673e+02 1.797568124874e+01 6.991480803382e-03 7.781091577692e+01 8.637750988866e-01
0 1 0 2.77451126 0.99081317 1.22139436 1.68941939 1.29372186 7.210566296603e+02 1.703100200528e+01 6.479573887857e-03 8.055318778054e+01 7.936126452894e-01
0 2 0 2.77451126 0.99081317 1.22139436 1.68941939 1.29372186 6.942168056574e+02 1.618512636155e+01 5.705093820825e-03 9.758409198241e+01 9.607877312815e-01
0 3 0 2.77451126 0.99081317 1.22139436 1.68941939 1.29372186 6.697010619429e+02 1.534332449842e+01 4.939311848704e-03 1.053799661243e+02 1.305160781118e+00
0 4 0 2.77451126 0.99081317 1.22139436 1.68941939 1.29372186 6.447856241706e+02 1.445738318111e+01 5.110218162692e-03 9.243650115412e+01 1.497314836235e+00
0 5 0 2.77451126 0.99081317 1.22139436 1.68941939 1.29372186 6.194946093095e+02 1.358363571544e+01 5.513039978619e-03 7.005755573825e+01 1.325369995424e+00
0 6 0 2.77451126 0.99081317 1.22139436 1.68941939 1.29372186 5.963802619596e+02 1.281577552192e+01 7.872244005822e-03 5.815850403588e+01 8.663371232556e-01
0 7 0 2.77451126 0.99081317 1.22139436 1.68941939 1.29372186 5.759114279177e+02 1.214628365879e+01 1.193688229418e-02 6.348946005580e+01 4.722959482232e-01
0 8 0 2.77451126 0.99081317 1.22139436 1.68941939 1.29372186 5.554645544020e+02 1.151226184836e+01 1.661986785191e-02 7.405476170313e+01 4.061203763901e-01
0 9 0 2.77451126 0.99081317 1.22139436 1.68941939 1.29372186 5.333975792596e+02 1.079724089775e+01 1.666454199652e-02 7.386410265871e+01 7.094424419615e-01
0 10 0 2.77451126 0.99081317 1.22139436 1.68941939 1.29372186 5.114065292695e+02 1.003192416087e+01 1.231993518646e-02 6.016042813673e+01 1.095381199916e+00
0 11 0 2.77451126 0.99081317 1.22139436 1.68941939 1.29372186 4.923515912247e+02 9.343062912459e+00 7.600104795567e-03 4.477497798812e+01 1.216302930190e+00
0 12 0 2.77451126 0.99081317 1.22139436 1.68941939 1.29372186 4.773012266321e+02 8.801765092777e+00 6.464750606917e-03 4.016726951792e+01 9.371799977496e-01
0 13 0 2.77451126 0.99081317 1.22139436 1.68941939 1.29372186 4.647742375684e+02 8.350680887079e+00 7.035217831129e-03 4.650932430467e+01 5.102864262460e-01
0 14 0 2.77451126 0.99081317 1.22139436 1.68941939 1.29372186 4.524365079122e+02 7.860369247058e+00 6.628440256065e-03 5.292135151756e+01 2.873351540425e-01
0 15 0 2.77451126 0.99081317 1.22139436 1.68941939 1.29372186 4.399516676034e+02 7.273741980952e+00 4.522373194686e-03 4.985464369035e+01 3.920454663177e-01
0 16 0 2.77451126 0.99081317 1.22139436 1.68941939 1.29372186 4.294074330141e+02 6.707885760031e+00 3.171400301734e-03 3.876555435277e+01 6.261978685091e-01
0 17 0 2.77451126 0.99081317 1.22139436 1.68941939 1.29372186 4.216675317298e+02 6.310203013610e+00 2.905920725044e-03 2.957864788238e+01 7.850425460372e-01
0 18 0 2.77451126 0.99081317 1.22139436 1.68941939 1.29372186 4.138438688531e+02 6.046942188791e+00 3.381621845165e-03 2.969139266287e+01 7.893429650381e-01
0 19 0 2.77451126 0.99081317 1.22139436 1.68941939 1.29372186 4.027459950341e+02 5.816010687628e+00 4.743829943476e-03 3.646173041224e+01 6.800684535087e-01
0 20 0 2.77451126 0.99081317 1.22139436 1.68941939 1.29372186 3.895317303622e+02 5.547614385068e+00 5.883827386607e-03 4.066368033837e+01 5.132993240128e-01
0 21 0 2.77451126 0.99081317 1.22139436 1.68941939 1.29372186 3.782230100493e+02 5.235731993110e+00 6.255190411502e-03 3.663035420401e+01 3.798412918465e-01
0 22 0 2.77451126 0.99081317 1.22139436 1.68941939 1.29372186 3.704149244855e+02 4.908393817113e+00 5.014676587071e-03 2.807606189777e+01 3.525044288913e-01
0 23 0 2.77451126 0.99081317 1.22139436 1.68941939 1.29372186 3.639331775429e+02 4.631188150443e+00 4.924408413254e-03 2.366573458041e+01 4.438170932191e-01
0 24 0 2.77451126 0.99081317 1.22139436 1.68941939 1.29372186 3.564263344690e+02 4.414354786449e+00 7.033714031072e-03 2.751183234705e+01 5.818222854974e-01
0 25 0 2.77451126 0.99081317 1.22139436 1.68941939 1.29372186 3.483642894980e+02 4.265299831064e+00 9.663247129380e-03 3.491313739297e+01 6.934638016426e-01
0 26 0 2.77451126 0.99081317 1.22139436 1.68941939 1.29372186 3.421449311818e+02 4.173248260319e+00 9.545488423976e-03 3.761964095329e+01 7.166780296516e-01
0 27 0 2.77451126 0.99081317 1.22139436 1.68941939 1.29372186 3.389781496840e+02 4.125878212359e+00 7.009355588573e-03 3.267244043974e+01 6.219307671800e-01
0 28 0 2.77451126 0.99081317 1.22139436 1.68941939 1.29372186 3.372328419534e+02 4.096310407595e+00 4.176597625954e-03 2.540092190985e+01 4.346732311913e-01
0 29 0 2.77451126 0.99081317 1.22139436 1.68941939 1.29372186 3.346111073528e+02 4.078128562533e+00 3.104806139134e-03 2.362794317871e+01 2.988310558920e-01
0 30 0 2.77451126 0.99081317 1.22139436 1.68941939 1.29372186 3.318806045263e+02 4.062563669740e+00 2.661495879005e-03 2.933236583237e+01 3.575994505766e-01
0 31 0 2.77451126 0.99081317 1.22139436 1.68941939 1.29372186 3.326037672784e+02 4.099079619408e+00 2.502754980914e-03 3.652127778215e+01 5.779849146453e-01
0 32 0 2.77451126 0.99081317 1.22139436 1.68941939 1.29372186 3.382721205134e+02 4.211635327514e+00 2.525842216270e-03 3.758489446317e+01 7.661599878007e-01
0 33 0 2.77451126 0.99081317 1.22139436 1.68941939 1.29372186 3.458221379605e+02 4.356738571344e+00 2.690240358218e-03 3.154787015000e+01 7.612778052244e-01
0 34 0 2.77451126 0.99081317 1.22139436 1.68941939 1.29372186 3.516066001218e+02 4.487726465257e+00 3.192964795681e-03 2.538351708216e+01 5.783410879175e-01
0 35 0 2.77451126 0.99081317 1.22139436 1.68941939 1.29372186 3.559687740885e+02 4.633750343706e+00 4.361835864977e-03 2.660032472759e+01 3.761378616444e-01
0 36 0 2.77451126 0.99081317 1.22139436 1.68941939 1.29372186 3.619086870592e+02 4.821801132808e+00 7.298481572450e-03 3.479802389924e+01 3.060621862040e-01
0 37 0 2.77451126 0.99081317 1.22139436 1.68941939 1.29372186 3.705531421688e+02 5.066762442103e+00 9.838189180163e-03 4.162036257701e+01 4.090842145311e-01
0 38 0 2.77451126 0.99081317 1.22139436 1.68941939 1.29372186 3.799560607434e+02 5.371546930884e+00 9.820982136046e-03 3.978304000202e+01 6.050554586845e-01
0 39 0 2.77451126 0.99081317 1.22139436 1.68941939 1.29372186 3.879946232641e+02 5.716338277483e+00 7.076473025605e-03 3.155050264562e+01 7.311550997731e-01
0 40 0 2.77451126 0.99081317 1.22139436 1.68941939 1.29372186 3.951675642060e+02 6.079551337865e+00 5.040997058293e-03 2.689345690661e+01 6.939894936547e-01
0 41 0 2.77451126 0.99081317 1.22139436 1.68941939 1.29372186 4.040791292141e+02 6.438126259138e+00 5.294771599714e-03 3.265085315211e+01 5.467575616929e-01
0 42 0 2.77451126 0.99081317 1.22139436 1.68941939 1.29372186 4.160093503549e+02 6.763733084962e+00 6.650267491445e-03 4.444379056766e+01 4.181700184197e-01
0 43 0 2.77451126 0.99081317 1.22139436 1.68941939 1.29372186 4.285923871547e+02 7.060635258846e+00 6.218249402279e-03 5.081336186351e+01 3.604448130412e-01
0 44 0 2.77451126 0.99081317 1.22139436 1.68941939 1.29372186 4.385196001017e+02 7.399588378924e+00 4.989558069126e-03 4.581501838380e+01 3.852821450971e-01
0 45 0 2.77451126 0.99081317 1.22139436 1.68941939 1.29372186 4.464787380711e+02 7.839040159701e+00 3.592123053321e-03 3.637665440155e+01 5.125715782455e-01
0 46 0 2.77451126 0.99081317 1.22139436 1.68941939 1.29372186 4.568921987591e+02 8.437716985692e+00 3.094347267129e-03 3.553167730214e+01 7.400495184126e-01
0 47 0 2.77451126 0.99081317 1.22139436 1.68941939 1.29372186 4.721986578997e+02 9.141212537928e+00 3.436158358560e-03 4.792337423462e+01 9.129860799036e-01
0 48 0 2.77451126 0.99081317 1.22139436 1.68941939 1.29372186 4.902627370229e+02 9.794027584860e+00 4.867811878111e-03 6.348954563620e+01 8.304936081759e-01
0 49 0 2.77451126 0.99081317 1.22139436 1.68941939 1.29372186 5.084574432822e+02 1.030560164441e+01 7.052899172027e-03 6.758541331430e+01 5.030202441436e-01
0 50 0 2.77451126 0.99081317 1.22139436 1.68941939 1.29372186 5.274488799247e+02 1.082894777997e+01 7.385322597980e-03 5.766941476911e+01 2.585599022951e-01
0 51 0 2.77451126 0.99081317 1.22139436 1.68941939 1.29372186 5.494610406511e+02 1.149472656783e+01 6.810994738959e-03 4.771802467887e+01 3.692233195513e-01
0 52 0 2.77451126 0.99081317 1.22139436 1.68941939 1.29372186 5.747752349127e+02 1.230704125368e+01 8.241965006232e-03 5.362141096832e+01 8.039493538333e-01
0 53 0 2.77451126 0.99081317 1.22139436 1.68941939 1.29372186 6.011359030540e+02 1.312589609179e+01 1.345671809942e-02 7.458824938082e+01 1.222398794560e+00
0 54 0 2.77451126 0.99081317 1.22139436 1.68941939 1.29372186 6.258603386709e+02 1.384775004434e+01 1.796158264896e-02 9.221501445078e+01 1.289488058120e+00
0 55 0 2.77451126 0.99081317 1.22139436 1.68941939 1.29372186 6.485903123873e+02 1.448698846260e+01 1.767931494492e-02 9.028051650564e+01 9.517167798859e-01
0 56 0 2.77451126 0.99081317 1.22139436 1.68941939 1.29372186 6.720574306310e+02 1.520702666548e+01 1.252278107752e-02 7.391727992402e+01 5.289189604865e-01
0 57 0 2.77451126 0.99081317 1.22139436 1.68941939 1.29372186 6.988435483902e+02 1.605227075509e+01 8.316842175207e-03 6.545202423737e+01 4.027653954840e-01
0 58 0 2.77451126 0.99081317 1.22139436 1.68941939 1.29372186 7.277895138018e+02 1.695925903359e+01 5.957250882209e-03 7.977794038450e+01 7.277530172317e-01
0 59 0 2.77451126 0.99081317 1.22139436 1.68941939 1.29372186 7.560560209868e+02 1.781622618297e+01 5.590747190653e-03 1.064178182565e+02 1.203162697182e+00
0 60 0 2.77451126 0.99081317 1.22139436 1.68941939 1.29372186 7.839840549878e+02 1.856429890657e+01 5.451514379435e-03 1.196893506911e+02 1.461192322435e+00
0 61 0 2.77451126 0.99081317 1.22139436 1.68941939 1.29372186 8.144249081813e+02 1.927054977373e+01 6.172619927686e-03 1.073249143531e+02 1.412058182740e+00
0 62 0 2.77451126 0.99081317 1.22139436 1.68941939 1.29372186 8.478206882953e+02 2.001351950659e+01 6.931518029798e-03 8.587199239317e+01 1.255505864157e+00
0 63 0 2.77451126 0.99081317 1.22139436 1.68941939 1.29372186 8.815114430065e+02 2.065277257952e+01 7.439923568656e-03 8.403470736427e+01 1.078544211707e+00
2 0 0 5.35257131 1.39432824 1.08453446 1.07717381 0.83832783 8.186704515548e+03 4.459876703286e+01 8.270628964328e-05 7.024100991164e-01 1.267152044630e+01
2 1 0 5.35257131 1.39432824 1.08453446 1.07717381 0.83832783 8.049706851993e+03 4.702349800388e+01 5.394268054666e-05 6.359762263118e-01 1.281390259015e+01
2 2 0 5.35257131 1.39432824 1.08453446 1.07717381 0.83832783 8.281081611168e+03 4.813040501872e+01 3.148336604641e-05 5.754396541458e-01 1.299330203369e+01
2 3 0 5.35257131 1.39432824 1.08453446 1.07717381 0.83832783 8.536665744255e+03 4.631755119271e+01 1.652413762805e-05 5.216566721635e-01 1.314589155262e+01
2 4 0 5.35257131 1.39432824 1.08453446 1.07717381 0.83832783 8.481499335825e+03 4.197340618053e+01 8.019017098906e-06 4.755135245610e-01 1.338437676261e+01
2 5 0 5.35257131 1.39432824 1.08453446 1.07717381 0.83832783 8.033064937729e+03 3.790213825074e+01 4.056978361872e-06 4.378348061520e-01 1.351777701142e+01
2 6 0 5.35257131 1.39432824 1.08453446 1.07717381 0.83832783 7.420540940391e+03 3.523671153028e+01 3.224339071814e-06 4.092841156592e-01 1.370837666189e+01
2 7 0 5.35257131 1.39432824 1.08453446 1.07717381 0.83832783 6.975079274979e+03 3.491123217813e+01 5.271985357808e-06 3.902839252340e-01 1.401686331701e+01
2 8 0 5.35257131 1.39432824 1.08453446 1.07717381 0.83832783 6.887439508594e+03 3.579786722189e+01 1.084413377644e-05 3.809727893301e-01 1.424577973244e+01
2 9 0 5.35257131 1.39432824 1.08453446 1.07717381 0.83832783 7.071174296847e+03 3.584096350918e+01 2.053883314817e-05 3.812055359273e-01 1.446602678694e+01
2 10 0 5.35257131 1.39432824 1.08453446 1.07717381 0.83832783 7.233812033958e+03 3.479526372137e+01 3.390011994831e-05 3.905896845213e-01 1.484916626241e+01
2 11 0 5.35257131 1.39432824 1.08453446 1.07717381 0.83832783 7.139133491701e+03 3.254509782106e+01 4.894031908731e-05 4.085423176759e-01 1.522478858850e+01
2 12 0 5.35257131 1.39432824 1.08453446 1.07717381 0.83832783 6.748409369064e+03 3.052634066998e+01 6.248569844817e-05 4.343480586918e-01 1.546670726014e+01
2 13 0 5.35257131 1.39432824 1.08453446 1.07717381 0.83832783 6.251218950722e+03 2.925674650719e+01 7.120335244699e-05 4.672010929329e-01 1.591838073052e+01
2 14 0 5.35257131 1.39432824 1.08453446 1.07717381 0.83832783 5.904102119960e+03 2.875127039355e+01 7.282536047643e-05 5.062211408550e-01 1.632023949899e+01
2 15 0 5.35257131 1.39432824 1.08453446 1.07717381 0.83832783 5.852306010239e+03 2.936985880980e+01 6.699872872700e-05 5.504426452182e-01 1.667064744172e+01
2 16 0 5.35257131 1.39432824 1.08453446 1.07717381 0.83832783 6.017140957177e+03 2.978059392810e+01 5.538197004601e-05 5.987854497229e-01 1.702526462375e+01
2 17 0 5.35257131 1.39432824 1.08453446 1.07717381 0.83832783 6.149985357885e+03 2.944402066207e+01 4.097069115874e-05 6.500215184940e-01 1.747816971152e+01
2 18 0 5.35257131 1.39432824 1.08453446 1.07717381 0.83832783 6.059087649839e+03 2.779521180680e+01 2.698241834180e-05 7.027542780778e-01 1.778017456519e+01
2 19 0 5.35257131 1.39432824 1.08453446 1.07717381 0.83832783 5.728308601307e+03 2.526006847701e+01 1.580297726299e-05 7.554246583206e-01 1.816021065530e+01
2 20 0 5.35257131 1.39432824 1.08453446 1.07717381 0.83832783 5.333923658240e+03 2.374157858576e+01 8.426299720886e-06 8.063517287011e-01 1.848139023820e+01
2 21 0 5.35257131 1.39432824 1.08453446 1.07717381 0.83832783 5.087104886027e+03 2.369131737991e+01 4.558261618902e-06 8.538076717453e-01 1.881316787278e+01
2 22 0 5.35257131 1.39432824 1.08453446 1.07717381 0.83832783 5.092541262832e+03 2.495308086011e+01 3.238912646827e-06 8.961187465100e-01 1.915384172225e+01
2 23 0 5.35257131 1.39432824 1.08453446 1.07717381 0.83832783 5.262034452224e+03 2.638311429736e+01 3.616146445976e-06 9.317777365259e-01 1.945734058392e+01
2 24 0 5.35257131 1.39432824 1.08453446 1.07717381 0.83832783 5.389469866894e+03 2.673706315645e+01 5.471430796011e-06 9.595504197986e-01 1.972008560944e+01
2 25 0 5.35257131 1.39432824 1.08453446 1.07717381 0.83832783 5.340822434255e+03 2.564029672162e+01 9.254668435295e-06 9.785593006636e-01 2.010217452633e+01
2 26 0 5.35257131 1.39432824 1.08453446 1.07717381 0.83832783 5.105982966286e+03 2.367121644828e+01 1.564458236284e-05 9.883318409016e-01 2.043246549039e+01
2 27 0 5.35257131 1.39432824 1.08453446 1.07717381 0.83832783 4.830584568017e+03 2.215177818004e+01 2.488689710898e-05 9.888067135382e-01 2.063017680411e+01
2 28 0 5.35257131 1.39432824 1.08453446 1.07717381 0.83832783 4.687359302379e+03 2.123866217542e+01 3.626789795522e-05 9.802988151260e-01 2.104984800519e+01
2 29 0 5.35257131 1.39432824 1.08453446 1.07717381 0.83832783 4.760822957007e+03 2.133257646638e+01 4.801381418848e-05 9.634305082396e-01 2.141190472759e+01
2 30 0 5.35257131 1.39432824 1.08453446 1.07717381 0.83832783 4.988920478950e+03 2.208995950392e+01 5.770433036993e-05 9.390416488147e-01 2.163859226255e+01
2 31 0 5.35257131 1.39432824 1.08453446 1.07717381 0.83832783 5.199141159893e+03 2.276792665987e+01 6.304713907226e-05 9.080936078382e-01 2.194813160653e+01
2 32 0 5.35257131 1.39432824 1.08453446 1.07717381 0.83832783 5.260730331680e+03 2.373089864909e+01 6.268945253280e-05 8.715824233167e-01 2.242841033293e+01
2 33 0 5.35257131 1.39432824 1.08453446 1.07717381 0.83832783 5.125249447748e+03 2.369533970402e+01 5.671747389499e-05 8.304735766342e-01 2.260846654162e+01
2 34 0 5.35257131 1.39432824 1.08453446 1.07717381 0.83832783 4.917273916831e+03 2.269289393999e+01 4.662618970571e-05 7.856662260237e-01 2.289503323086e+01
2 35 0 5.35257131 1.39432824 1.08453446 1.07717381 0.83832783 4.842387678521e+03 2.220909333996e+01 3.477100740807e-05 7.379888826546e-01 2.330898899063e+01
2 36 0 5.35257131 1.39432824 1.08453446 1.07717381 0.83832783 5.010307065655e+03 2.256114496290e+01 2.353818569173e-05 6.882224821167e-01 2.359353000017e+01
2 37 0 5.35257131 1.39432824 1.08453446 1.07717381 0.83832783 5.363634120359e+03 2.416377516871e+01 1.459181050566e-05 6.371416236596e-01 2.378783261104e+01
2 38 0 5.35257131 1.39432824 1.08453446 1.07717381 0.83832783 5.687150865333e+03 2.582943559048e+01 8.515117815414e-06 5.855613550471e-01 2.419117252043e+01
2 39 0 5.35257131 1.39432824 1.08453446 1.07717381 0.83832783 5.795963430040e+03 2.617882264672e+01 4.978002268550e-06 5.343759504830e-01 2.451800773367e+01
2 40 0 5.35257131 1.39432824 1.08453446 1.07717381 0.83832783 5.657582575601e+03 2.519611515430e+01 3.312496035163e-06 4.845779404156e-01 2.477308355689e+01
2 41 0 5.35257131 1.39432824 1.08453446 1.07717381 0.83832783 5.451002686724e+03 2.366126637357e+01 3.179111380914e-06 4.372499745576e-01 2.516309958957e+01
2 42 0 5.35257131 1.39432824 1.08453446 1.07717381 0.83832783 5.430210663105e+03 2.305215056637e+01 4.956555582012e-06 3.935281644909e-01 2.554921708874e+01
2 43 0 5.35257131 1.39432824 1.08453446 1.07717381 0.83832783 5.698717880924e+03 2.402101887593e+01 9.617924662271e-06 3.545421360220e-01 2.594575063208e+01
2 44 0 5.35257131 1.39432824 1.08453446 1.07717381 0.83832783 6.153618123093e+03 2.665271691384e+01 1.811523891134e-05 3.213426546464e-01 2.638937985856e+01
2 45 0 5.35257131 1.39432824 1.08453446 1.07717381 0.83832783 6.536653441829e+03 2.946644151743e+01 3.056147078786e-05 2.948309685773e-01 2.685960061133e+01
2 46 0 5.35257131 1.39432824 1.08453446 1.07717381 0.83832783 6.638226268411e+03 3.115095810653e+01 4.564132412545e-05 2.757039656873e-01 2.734340536771e+01
2 47 0 5.35257131 1.39432824 1.08453446 1.07717381 0.83832783 6.464518213488e+03 3.169387279854e+01 6.061607099719e-05 2.644256198040e-01 2.796078101063e+01
2 48 0 5.35257131 1.39432824 1.08453446 1.07717381 0.83832783 6.250037640605e+03 3.073878304307e+01 7.202792575409e-05 2.612286628729e-01 2.842626372341e+01
2 49 0 5.35257131 1.39432824 1.08453446 1.07717381 0.83832783 6.273748916630e+03 2.972148860884e+01 7.686921442273e-05 2.661424622754e-01 2.899025277785e+01
2 50 0 5.35257131 1.39432824 1.08453446 1.07717381 0.83832783 6.639645104087e+03 2.981062257898e+01 7.372587803652e-05 2.790357569839e-01 2.966003838480e+01
2 51 0 5.35257131 1.39432824 1.08453446 1.07717381 0.83832783 7.205083412689e+03 3.175524693679e+01 6.337086242596e-05 2.996583208680e-01 3.020260160879e+01
2 52 0 5.35257131 1.39432824 1.08453446 1.07717381 0.83832783 7.657405806822e+03 3.579415222014e+01 4.850727984800e-05 3.276653654558e-01 3.066123436298e+01
2 53 0 5.35257131 1.39432824 1.08453446 1.07717381 0.83832783 7.753009007769e+03 3.944180883699e+01 3.275142481878e-05 3.626131256538e-01 3.136463608350e+01
2 54 0 5.35257131 1.39432824 1.08453446 1.07717381 0.83832783 7.514963401204e+03 4.134752930300e+01 1.931603731162e-05 4.039228278176e-01 3.191345986508e+01
2 55 0 5.35257131 1.39432824 1.08453446 1.07717381 0.83832783 7.254077520912e+03 4.108137400838e+01 1.001347967965e-05 4.508210845988e-01 3.232114488603e+01
2 56 0 5.35257131 1.39432824 1.08453446 1.07717381 0.83832783 7.323723600293e+03 4.012408990535e+01 5.049405364179e-06 5.022748014527e-01 3.292292155648e+01
2 57 0 5.35257131 1.39432824 1.08453446 1.07717381 0.83832783 7.827601292235e+03 4.101710299680e+01 3.675946286317e-06 5.569448751167e-01 3.352247290565e+01
2 58 0 5.35257131 1.39432824 1.08453446 1.07717381 0.83832783 8.539297169187e+03 4.380071292927e+01 5.312749105818e-06 6.131829695240e-01 3.392630923617e+01
2 59 0 5.35257131 1.39432824 1.08453446 1.07717381 0.83832783 9.045277085447e+03 4.828112292913e+01 1.046510040128e-05 6.690885685168e-01 3.446141828150e+01
2 60 0 5.35257131 1.39432824 1.08453446 1.07717381 0.83832783 9.077396577063e+03 5.205317356212e+01 2.083556938754e-05 7.226303029698e-01 3.505003759365e+01
2 61 0 5.35257131 1.39432824 1.08453446 1.07717381 0.83832783 8.743437377995e+03 5.324959099615e+01 3.843315555175e-05 7.718190413478e-01 3.554404954687e+01
2 62 0 5.35257131 1.39432824 1.08453446 1.07717381 0.83832783 8.456946284130e+03 5.272747381042e+01 6.404298572858e-05 8.149044983793e-01 3.605637730913e+01
2 63 0 5.35257131 1.39432824 1.08453446 1.07717381 0.83832783 8.628721315777e+03 5.170844913245e+01 9.584233087394e-05 8.505565313467e-01 3.657386237105e+01
4 0 0 5.26491210 1.97779484 1.63851934 1.32445862 0.79275645 9.307065311776e+03 2.113660749482e+02 9.568820212291e-05 6.101204277705e-03 2.826387948654e-01
4 1 0 5.26491210 1.97779484 1.63851934 1.32445862 0.79275645 9.457951582116e+03 2.053486306087e+02 9.281385959633e-05 5.287295657776e-03 2.544076884691e-01
4 2 0 5.26491210 1.97779484 1.63851934 1.32445862 0.79275645 9.393548722699e+03 1.934315312389e+02 8.212196592386e-05 6.845168400057e-03 2.252276504905e-01
4 3 0 5.26491210 1.97779484 1.63851934 1.32445862 0.79275645 9.050689769272e+03 1.849520428099e+02 6.815262865775e-05 7.120820166408e-03 2.004394630538e-01
4 4 0 5.26491210 1.97779484 1.63851934 1.32445862 0.79275645 8.448986290553e+03 1.820347227786e+02 5.403904841794e-05 5.053837109184e-03 1.523107749160e-01
4 5 0 5.26491210 1.97779484 1.63851934 1.32445862 0.79275645 7.627194900426e+03 1.785197614001e+02 4.067844743396e-05 4.671956355550e-03 9.118198647153e-02
4 6 0 5.26491210 1.97779484 1.63851934 1.32445862 0.79275645 6.703342409057e+03 1.698821853141e+02 2.765591487199e-05 7.390532057304e-03 4.984163702580e-02
4 7 0 5.26491210 1.97779484 1.63851934 1.32445862 0.79275645 5.919428557385e+03 1.603794204465e+02 1.503508935155e-05 1.140468246590e-02 2.936464843683e-02
4 8 0 5.26491210 1.97779484 1.63851934 1.32445862 0.79275645 5.478444314184e+03 1.553456685359e+02 4.678125616010e-06 1.527034385983e-02 2.047741097249e-02
4 9 0 5.26491210 1.97779484 1.63851934 1.32445862 0.79275645 5.340977511583e+03 1.557948295773e+02 1.340189001032e-07 1.611212968286e-02 2.513675609089e-02
4 10 0 5.26491210 1.97779484 1.63851934 1.32445862 0.79275645 5.318204586989e+03 1.539646555859e+02 5.062239492143e-06 1.212564031865e-02 4.346778447944e-02
4 11 0 5.26491210 1.97779484 1.63851934 1.32445862 0.79275645 5.293210728457e+03 1.465190442934e+02 2.106991946504e-05 7.766143870499e-03 7.381268620392e-02
4 12 0 5.26491210 1.97779484 1.63851934 1.32445862 0.79275645 5.318834658886e+03 1.396379834623e+02 4.621588393950e-05 7.373587103454e-03 1.081467699744e-01
4 13 0 5.26491210 1.97779484 1.63851934 1.32445862 0.79275645 5.444495171034e+03 1.365959170546e+02 7.508769153715e-05 7.862563203571e-03 1.394753356960e-01
4 14 0 5.26491210 1.97779484 1.63851934 1.32445862 0.79275645 5.611754142906e+03 1.350416276447e+02 1.005149341284e-04 5.465950032681e-03 1.663423240465e-01
4 15 0 5.26491210 1.97779484 1.63851934 1.32445862 0.79275645 5.760933903123e+03 1.312609117503e+02 1.161277490525e-04 2.154989158428e-03 1.868134473079e-01
4 16 0 5.26491210 1.97779484 1.63851934 1.32445862 0.79275645 5.853790851924e+03 1.251639726890e+02 1.185631265581e-04 7.013355293843e-04 1.834828228526e-01
4 17 0 5.26491210 1.97779484 1.63851934 1.32445862 0.79275645 5.833432814943e+03 1.191912548403e+02 1.083508182565e-04 1.380700111205e-03 1.553333184716e-01
4 18 0 5.26491210 1.97779484 1.63851934 1.32445862 0.79275645 5.600592576136e+03 1.160430662082e+02 8.921203375864e-05 4.069478174462e-03 1.236657418364e-01
4 19 0 5.26491210 1.97779484 1.63851934 1.32445862 0.79275645 5.130409599839e+03 1.152922835448e+02 6.627873410828e-05 7.395155876702e-03 9.577465628579e-02
4 20 0 5.26491210 1.97779484 1.63851934 1.32445862 0.79275645 4.577641934061e+03 1.118438093173e+02 4.418576468659e-05 8.977524553329e-03 6.835988258559e-02
4 21 0 5.26491210 1.97779484 1.63851934 1.32445862 0.79275645 4.122602962131e+03 1.056902094423e+02 2.590691130431e-05 9.388338205674e-03 4.865807326103e-02
4 22 0 5.26491210 1.97779484 1.63851934 1.32445862 0.79275645 3.834725855160e+03 1.027539112807e+02 1.269514594858e-05 1.064264197525e-02 3.593448422206e-02
4 23 0 5.26491210 1.97779484 1.63851934 1.32445862 0.79275645 3.678992817841e+03 1.030935152203e+02 4.856936411070e-06 1.196993023157e-02 3.152467567826e-02
4 24 0 5.26491210 1.97779484 1.63851934 1.32445862 0.79275645 3.604185371168e+03 1.020601767546e+02 2.683204818897e-06 1.260966164818e-02 3.877216423016e-02
4 25 0 5.26491210 1.97779484 1.63851934 1.32445862 0.79275645 3.605514682699e+03 9.840235343008e+01 6.869319442393e-06 1.399322588145e-02 5.979005374085e-02
4 26 0 5.26491210 1.97779484 1.63851934 1.32445862 0.79275645 3.674581361969e+03 9.452191846401e+01 1.814113177311e-05 1.500720154705e-02 8.991405886072e-02
4 27 0 5.26491210 1.97779484 1.63851934 1.32445862 0.79275645 3.806533989046e+03 9.386082121594e+01 3.632684778900e-05 1.226552252601e-02 1.150658897475e-01
4 28 0 5.26491210 1.97779484 1.63851934 1.32445862 0.79275645 3.993399665214e+03 9.580694413237e+01 5.948196168494e-05 6.876753923059e-03 1.272129574551e-01
4 29 0 5.26491210 1.97779484 1.63851934 1.32445862 0.79275645 4.234083368050e+03 9.579233511864e+01 8.369162342267e-05 3.301652443024e-03 1.323885279719e-01
4 30 0 5.26491210 1.97779484 1.63851934 1.32445862 0.79275645 4.501655851586e+03 9.206911743936e+01 1.038393250614e-04 2.478859212376e-03 1.310809208887e-01
4 31 0 5.26491210 1.97779484 1.63851934 1.32445862 0.79275645 4.697911098001e+03 8.962174363042e+01 1.151243410974e-04 2.444482375565e-03 1.123630872548e-01
4 32 0 5.26491210 1.97779484 1.63851934 1.32445862 0.79275645 4.740338041199e+03 9.406486466216e+01 1.146989673052e-04 2.413481495555e-03 8.797764584903e-02
4 33 0 5.26491210 1.97779484 1.63851934 1.32445862 0.79275645 4.590413231408e+03 9.891469558558e+01 1.026940167356e-04 2.434560725448e-03 7.142421864844e-02
4 34 0 5.26491210 1.97779484 1.63851934 1.32445862 0.79275645 4.338090885135e+03 9.851921848639e+01 8.216273015017e-05 3.335319461083e-03 5.336111212728e-02
4 35 0 5.26491210 1.97779484 1.63851934 1.32445862 0.79275645 4.100662011903e+03 9.687167765086e+01 5.797066096321e-05 6.983588466894e-03 3.718812590811e-02
4 36 0 5.26491210 1.97779484 1.63851934 1.32445862 0.79275645 3.919570020716e+03 9.858560781433e+01 3.514434686622e-05 1.229052617795e-02 3.043769049890e-02
4 37 0 5.26491210 1.97779484 1.63851934 1.32445862 0.79275645 3.798321315941e+03 1.032889731570e+02 1.742103731272e-05 1.484266481744e-02 3.543640641347e-02
4 38 0 5.26491210 1.97779484 1.63851934 1.32445862 0.79275645 3.741867708487e+03 1.065379112240e+02 6.598899543125e-06 1.377309042155e-02 5.096663755511e-02
4 39 0 5.26491210 1.97779484 1.63851934 1.32445862 0.79275645 3.779042948014e+03 1.069556079394e+02 2.844850187322e-06 1.252488778357e-02 7.049874766257e-02
4 40 0 5.26491210 1.97779484 1.63851934 1.32445862 0.79275645 3.900851677375e+03 1.069644202838e+02 5.606046528717e-06 1.199168031642e-02 8.610994154151e-02
4 41 0 5.26491210 1.97779484 1.63851934 1.32445862 0.79275645 4.097930570085e+03 1.103309095051e+02 1.446491451491e-05 1.065698052792e-02 1.019279957481e-01
4 42 0 5.26491210 1.97779484 1.63851934 1.32445862 0.79275645 4.428576647623e+03 1.163855579433e+02 2.934958557637e-05 9.429944599207e-03 1.202013127380e-01
4 43 0 5.26491210 1.97779484 1.63851934 1.32445862 0.79275645 4.939592746537e+03 1.193064698427e+02 4.993454716155e-05 9.079771865888e-03 1.267751300070e-01
4 44 0 5.26491210 1.97779484 1.63851934 1.32445862 0.79275645 5.537898275129e+03 1.192433803517e+02 7.461389284940e-05 7.436583803082e-03 1.221577408172e-01
4 45 0 5.26491210 1.97779484 1.63851934 1.32445862 0.79275645 6.010335042598e+03 1.223354616341e+02 9.978760220357e-05 3.972284705656e-03 1.066030125132e-01
4 46 0 5.26491210 1.97779484 1.63851934 1.32445862 0.79275645 6.232085420022e+03 1.283729154988e+02 1.201381496646e-04 1.247545326881e-03 8.396353681484e-02
4 47 0 5.26491210 1.97779484 1.63851934 1.32445862 0.79275645 6.251554158225e+03 1.331247976095e+02 1.300816289835e-04 7.013887090176e-04 6.648458778757e-02
4 48 0 5.26491210 1.97779484 1.63851934 1.32445862 0.79275645 6.156240639775e+03 1.353180858173e+02 1.258958046957e-04 2.402890962548e-03 4.841934782016e-02
4 49 0 5.26491210 1.97779484 1.63851934 1.32445862 0.79275645 6.001149746712e+03 1.364719458629e+02 1.075347945524e-04 5.862963443131e-03 2.737063988547e-02
4 50 0 5.26491210 1.97779484 1.63851934 1.32445862 0.79275645 5.830787016923e+03 1.400049098420e+02 7.914591341841e-05 8.106323308273e-03 1.350539747987e-02
4 51 0 5.26491210 1.97779484 1.63851934 1.32445862 0.79275645 5.718245826742e+03 1.469370951424e+02 4.786297837830e-05 7.475064967647e-03 1.297992707992e-02
4 52 0 5.26491210 1.97779484 1.63851934 1.32445862 0.79275645 5.695137881345e+03 1.534668150271e+02 2.130350379777e-05 8.253168753294e-03 2.599754662504e-02
4 53 0 5.26491210 1.97779484 1.63851934 1.32445862 0.79275645 5.688483026031e+03 1.554430763924e+02 4.891886308479e-06 1.324057099662e-02 5.106987372663e-02
4 54 0 5.26491210 1.97779484 1.63851934 1.32445862 0.79275645 5.703836994406e+03 1.565099766357e+02 2.640951021890e-07 1.733541703467e-02 7.852387093389e-02
4 55 0 5.26491210 1.97779484 1.63851934 1.32445862 0.79275645 5.884850637141e+03 1.645827893303e+02 5.467397319333e-06 1.610165903767e-02 1.056859651936e-01
4 56 0 5.26491210 1.97779484 1.63851934 1.32445862 0.79275645 6.419550691563e+03 1.762707315511e+02 1.671714081067e-05 1.194266465788e-02 1.412804569723e-01
4 57 0 5.26491210 1.97779484 1.63851934 1.32445862 0.79275645 7.305873942610e+03 1.848498655927e+02 3.063315186499e-05 7.906663131585e-03 1.589120951302e-01
4 58 0 5.26491210 1.97779484 1.63851934 1.32445862 0.79275645 8.311103938106e+03 1.886320827382e+02 4.564166659352e-05 5.324810068420e-03 1.564928207343e-01
4 59 0 5.26491210 1.97779484 1.63851934 1.32445862 0.79275645 9.179219340076e+03 1.928300188540e+02 6.176223271287e-05 5.948707129279e-03 1.639649216821e-01
4 60 0 5.26491210 1.97779484 1.63851934 1.32445862 0.79275645 9.772452520580e+03 2.030586113674e+02 7.902224387801e-05 8.112645667874e-03 1.627850836464e-01
4 61 0 5.26491210 1.97779484 1.63851934 1.32445862 0.79275645 1.006555662452e+04 2.155051742769e+02 9.566008389786e-05 7.673566859900e-03 1.281074659944e-01
4 62 0 5.26491210 1.97779484 1.63851934 1.32445862 0.79275645 1.009065837451e+04 2.222793799780e+02 1.075163658444e-04 6.061916862448e-03 8.685412979419e-02
4 63 0 5.26491210 1.97779484 1.63851934 1.32445862 0.79275645 9.929510171811e+03 2.252931460716e+02 1.093665528232e-04 7.060581775387e-03 5.995612533262e-02
8 0 0 1.82981373 0.83431597 1.05470089 1.61031197 1.68814183 1.413693076375e+02 8.400918753553e+00 2.420516789662e-04 1.669476227521e-01 1.103872394002e+02
8 1 0 1.82981373 0.83431597 1.05470089 1.61031197 1.68814183 1.372700387225e+02 7.798898615846e+00 2.087272981009e-04 9.192908411668e-03 9.428434924728e+01
8 2 0 1.82981373 0.83431597 1.05470089 1.61031197 1.68814183 1.335463343588e+02 7.225615827885e+00 1.761536681634e-04 3.039296846822e-02 7.570106132656e+01
8 3 0 1.82981373 0.83431597 1.05470089 1.61031197 1.68814183 1.294702156584e+02 6.695105396500e+00 1.548182831228e-04 2.103016394342e-01 6.400595262746e+01
8 4 0 1.82981373 0.83431597 1.05470089 1.61031197 1.68814183 1.249121762657e+02 6.206156847913e+00 1.498067241493e-04 3.114744509463e-01 6.489670264431e+01
8 5 0 1.82981373 0.83431597 1.05470089 1.61031197 1.68814183 1.200699487232e+02 5.710545449146e+00 1.590556855593e-04 1.257377957358e-01 7.694306559563e+01
8 6 0 1.82981373 0.83431597 1.05470089 1.61031197 1.68814183 1.149652801304e+02 5.222944472273e+00 1.747533504666e-04 1.048500131032e-02 9.099333258977e+01
8 7 0 1.82981373 0.83431597 1.05470089 1.61031197 1.68814183 1.101134605214e+02 4.810567739866e+00 1.870584552331e-04 4.206707535205e-02 9.697149794552e+01
8 8 0 1.82981373 0.83431597 1.05470089 1.61031197 1.68814183 1.059535797092e+02 4.491337766283e+00 1.883947181893e-04 1.386349673217e-01 8.687984926385e+01
8 9 0 1.82981373 0.83431597 1.05470089 1.61031197 1.68814183 1.023271588428e+02 4.212618534774e+00 1.764694152651e-04 1.682861410331e-01 6.615359896089e+01
8 10 0 1.82981373 0.83431597 1.05470089 1.61031197 1.68814183 9.899646458426e+01 3.910733249725e+00 1.548449566886e-04 5.404379739040e-02 4.862372051274e+01
8 11 0 1.82981373 0.83431597 1.05470089 1.61031197 1.68814183 9.589570639807e+01 3.609907843060e+00 1.310107009698e-04 4.143892002595e-02 4.472360925844e+01
8 12 0 1.82981373 0.83431597 1.05470089 1.61031197 1.68814183 9.320836183689e+01 3.372234920241e+00 1.129536885643e-04 1.026871301269e-01 5.266705714676e+01
8 13 0 1.82981373 0.83431597 1.05470089 1.61031197 1.68814183 9.069744601565e+01 3.180513004086e+00 1.057765168562e-04 1.508026007047e-01 6.621165059227e+01
8 14 0 1.82981373 0.83431597 1.05470089 1.61031197 1.68814183 8.804710766323e+01 2.982257470691e+00 1.097700058041e-04 1.299994272306e-01 7.579077285526e+01
8 15 0 1.82981373 0.83431597 1.05470089 1.61031197 1.68814183 8.537471018591e+01 2.756578366005e+00 1.206333622613e-04 2.855946181651e-02 7.493317000497e+01
8 16 0 1.82981373 0.83431597 1.05470089 1.61031197 1.68814183 8.268355018857e+01 2.516860554080e+00 1.315897955090e-04 6.437186304677e-02 6.542541502408e+01
8 17 0 1.82981373 0.83431597 1.05470089 1.61031197 1.68814183 7.977579136746e+01 2.295464652252e+00 1.363808060941e-04 1.418849047788e-01 5.455787503013e+01
8 18 0 1.82981373 0.83431597 1.05470089 1.61031197 1.68814183 7.645776192041e+01 2.110283863062e+00 1.318375200038e-04 1.505706690216e-01 4.750120032993e+01
8 19 0 1.82981373 0.83431597 1.05470089 1.61031197 1.68814183 7.315420378492e+01 1.967220735588e+00 1.189991583437e-04 1.089802038141e-01 4.635534075915e+01
8 20 0 1.82981373 0.83431597 1.05470089 1.61031197 1.68814183 7.061557183395e+01 1.854306169152e+00 1.024198584292e-04 1.388300519983e-02 4.933323124162e+01
8 21 0 1.82981373 0.83431597 1.05470089 1.61031197 1.68814183 6.900563397450e+01 1.733580674650e+00 8.807025128479e-05 5.897005858105e-02 5.410518051761e+01
8 22 0 1.82981373 0.83431597 1.05470089 1.61031197 1.68814183 6.800667982388e+01 1.601753496720e+00 8.078299168146e-05 1.510069861603e-01 5.956029891204e+01
8 23 0 1.82981373 0.83431597 1.05470089 1.61031197 1.68814183 6.706183601145e+01 1.497867165892e+00 8.231194922373e-05 1.361150385774e-01 6.393330223386e+01
8 24 0 1.82981373 0.83431597 1.05470089 1.61031197 1.68814183 6.588448739571e+01 1.439860487612e+00 9.075805987336e-05 8.921881307241e-02 6.333002301529e+01
8 25 0 1.82981373 0.83431597 1.05470089 1.61031197 1.68814183 6.461818663313e+01 1.405845123063e+00 1.015195136892e-04 2.087625837306e-02 5.665402168886e+01
8 26 0 1.82981373 0.83431597 1.05470089 1.61031197 1.68814183 6.358781710312e+01 1.363714073478e+00 1.093044704283e-04 4.837122610081e-02 4.674987793203e+01
8 27 0 1.82981373 0.83431597 1.05470089 1.61031197 1.68814183 6.299799761532e+01 1.318063805696e+00 1.103445661027e-04 1.165417016564e-01 3.823836857674e+01
8 28 0 1.82981373 0.83431597 1.05470089 1.61031197 1.68814183 6.238936956644e+01 1.299041554668e+00 1.039082516926e-04 8.964489126517e-02 3.641820179042e+01
8 29 0 1.82981373 0.83431597 1.05470089 1.61031197 1.68814183 6.135403205005e+01 1.308837573784e+00 9.252846811192e-05 4.855874399895e-02 4.314639891349e+01
8 30 0 1.82981373 0.83431597 1.05470089 1.61031197 1.68814183 6.044431869529e+01 1.337320362002e+00 8.088971964009e-05 1.337082738814e-02 5.324638907320e+01
8 31 0 1.82981373 0.83431597 1.05470089 1.61031197 1.68814183 6.080116308854e+01 1.385196462785e+00 7.385281062868e-05 3.736417212882e-02 6.001945291086e+01
8 32 0 1.82981373 0.83431597 1.05470089 1.61031197 1.68814183 6.282976105459e+01 1.451051467055e+00 7.442791058597e-05 7.070581860978e-02 5.959494258936e+01
8 33 0 1.82981373 0.83431597 1.05470089 1.61031197 1.68814183 6.537290490404e+01 1.533931372303e+00 8.251689989905e-05 2.787231841110e-02 5.086665025646e+01
8 34 0 1.82981373 0.83431597 1.05470089 1.61031197 1.68814183 6.715007687741e+01 1.632645877443e+00 9.493552417011e-05 1.873868116847e-03 3.904966733495e+01
8 35 0 1.82981373 0.83431597 1.05470089 1.61031197 1.68814183 6.812478371416e+01 1.748293063062e+00 1.067154454619e-04 8.625125003479e-03 3.302235162434e+01
8 36 0 1.82981373 0.83431597 1.05470089 1.61031197 1.68814183 6.912887422128e+01 1.875455521568e+00 1.131712204855e-04 7.842994381682e-02 3.606501949569e+01
8 37 0 1.82981373 0.83431597 1.05470089 1.61031197 1.68814183 7.069711351882e+01 1.991934071081e+00 1.118971107485e-04 1.147581134211e-01 4.528077270030e+01
8 38 0 1.82981373 0.83431597 1.05470089 1.61031197 1.68814183 7.246744377417e+01 2.106888299592e+00 1.038637906433e-04 3.089378324016e-02 5.489814241550e+01
8 39 0 1.82981373 0.83431597 1.05470089 1.61031197 1.68814183 7.409550508993e+01 2.261928083625e+00 9.312528803889e-05 3.270698652505e-03 5.958277051661e+01
8 40 0 1.82981373 0.83431597 1.05470089 1.61031197 1.68814183 7.570514496149e+01 2.461223388666e+00 8.520118307444e-05 4.625643424942e-02 5.770346887372e+01
8 41 0 1.82981373 0.83431597 1.05470089 1.61031197 1.68814183 7.769999729300e+01 2.666815335612e+00 8.475541326185e-05 1.426465473725e-01 5.295158203116e+01
8 42 0 1.82981373 0.83431597 1.05470089 1.61031197 1.68814183 8.050460321961e+01 2.848124066514e+00 9.352326405883e-05 1.855910894010e-01 4.800534018244e+01
8 43 0 1.82981373 0.83431597 1.05470089 1.61031197 1.68814183 8.400101755520e+01 3.027934009070e+00 1.093899966627e-04 5.707981709602e-02 4.437379804018e+01
8 44 0 1.82981373 0.83431597 1.05470089 1.61031197 1.68814183 8.762767840356e+01 3.258109136689e+00 1.270904018937e-04 5.501715000650e-03 4.425178352991e+01
8 45 0 1.82981373 0.83431597 1.05470089 1.61031197 1.68814183 9.064811873204e+01 3.536795547107e+00 1.403322050744e-04 6.655145633182e-02 4.986102979233e+01
8 46 0 1.82981373 0.83431597 1.05470089 1.61031197 1.68814183 9.291788557555e+01 3.828213842946e+00 1.445139680625e-04 1.474271109804e-01 6.042824882377e+01
8 47 0 1.82981373 0.83431597 1.05470089 1.61031197 1.68814183 9.510444463199e+01 4.113583671036e+00 1.388860596433e-04 1.848745843313e-01 7.319663613133e+01
8 48 0 1.82981373 0.83431597 1.05470089 1.61031197 1.68814183 9.763915687076e+01 4.377296540697e+00 1.271587576694e-04 6.859076061375e-02 8.164118870770e+01
8 49 0 1.82981373 0.83431597 1.05470089 1.61031197 1.68814183 1.005305810579e+02 4.632116534072e+00 1.161687054664e-04 3.239470761848e-02 8.086699015187e+01
8 50 0 1.82981373 0.83431597 1.05470089 1.61031197 1.68814183 1.036459062748e+02 4.926784179426e+00 1.130459638168e-04 1.121595403846e-01 7.138217082335e+01
8 51 0 1.82981373 0.83431597 1.05470089 1.61031197 1.68814183 1.071788143153e+02 5.303998344122e+00 1.220294762615e-04 1.586332803662e-01 5.975505548069e+01
8 52 0 1.82981373 0.83431597 1.05470089 1.61031197 1.68814183 1.113617108597e+02 5.758131533590e+00 1.423319886563e-04 1.576772659908e-01 5.498901692094e+01
8 53 0 1.82981373 0.83431597 1.05470089 1.61031197 1.68814183 1.159058993617e+02 6.216407202129e+00 1.681013009795e-04 6.745552249777e-02 6.623952752253e+01
8 54 0 1.82981373 0.83431597 1.05470089 1.61031197 1.68814183 1.207726644949e+02 6.656845212911e+00 1.906675399772e-04 8.757675562582e-02 8.975892364470e+01
8 55 0 1.82981373 0.83431597 1.05470089 1.61031197 1.68814183 1.260702196156e+02 7.168465098403e+00 2.022481760843e-04 1.730124318904e-01 1.109493646331e+02
8 56 0 1.82981373 0.83431597 1.05470089 1.61031197 1.68814183 1.316402547813e+02 7.791839540757e+00 1.995513508846e-04 1.468018029071e-01 1.174779790474e+02
8 57 0 1.82981373 0.83431597 1.05470089 1.61031197 1.68814183 1.369804637941e+02 8.459959461366e+00 1.856322803022e-04 8.314666278426e-02 1.087079479823e+02
8 58 0 1.82981373 0.83431597 1.05470089 1.61031197 1.68814183 1.416926357800e+02 9.094506350041e+00 1.690137372797e-04 3.135109300490e-02 9.151858955653e+01
8 59 0 1.82981373 0.83431597 1.05470089 1.61031197 1.68814183 1.462110180066e+02 9.692240775406e+00 1.602456087106e-04 1.968575815547e-01 7.844700233968e+01
8 60 0 1.82981373 0.83431597 1.05470089 1.61031197 1.68814183 1.508414160141e+02 1.032615613008e+01 1.672619900125e-04 3.510961814063e-01 8.003995761839e+01
8 61 0 1.82981373 0.83431597 1.05470089 1.61031197 1.68814183 1.558089419212e+02 1.100846625007e+01 1.915565671701e-04 2.188734284724e-01 9.561533270391e+01
8 62 0 1.82981373 0.83431597 1.05470089 1.61031197 1.68814183 1.616893201424e+02 1.168967814828e+01 2.269896091362e-04 6.693009960141e-02 1.155648710433e+02
8 63 0 1.82981373 0.83431597 1.05470089 1.61031197 1.68814183 1.686991589733e+02 1.236855635986e+01 2.619841973647e-04 1.970419614811e-02 1.318880847085e+02
11 0 0 3.94523749 2.39846157 1.52972074 1.18489096 0.73789703 2.823002289724e+03 4.473387530015e+02 9.172394487448e-05 1.859096602336e-03 4.787616165686e-02
11 1 0 3.94523749 2.39846157 1.52972074 1.18489096 0.73789703 2.992641641951e+03 4.323026203093e+02 7.300883516430e-05 2.364129772799e-03 5.095139801857e-02
11 2 0 3.94523749 2.39846157 1.52972074 1.18489096 0.73789703 3.118180579277e+03 4.170120804033e+02 6.584502667882e-05 3.254199793891e-03 4.663239475057e-02
11 3 0 3.94523749 2.39846157 1.52972074 1.18489096 0.73789703 3.154805654791e+03 4.027648779720e+02 7.428484460750e-05 3.677757288049e-03 3.924962924829e-02
11 4 0 3.94523749 2.39846157 1.52972074 1.18489096 0.73789703 3.094184236133e+03 3.912992290948e+02 7.971622013218e-05 5.277361983187e-03 4.071380692568e-02
11 5 0 3.94523749 2.39846157 1.52972074 1.18489096 0.73789703 2.946012854108e+03 3.795451308701e+02 6.476408975370e-05 9.744949773056e-03 4.403574401048e-02
11 6 0 3.94523749 2.39846157 1.52972074 1.18489096 0.73789703 2.718850997097e+03 3.658435406968e+02 3.389811336549e-05 1.395245590018e-02 3.838437643766e-02
11 7 0 3.94523749 2.39846157 1.52972074 1.18489096 0.73789703 2.437956900504e+03 3.512851731445e+02 7.715822198240e-06 1.464583834849e-02 2.818573316636e-02
11 8 0 3.94523749 2.39846157 1.52972074 1.18489096 0.73789703 2.159054998249e+03 3.378236143169e+02 1.125411879182e-07 1.313625574649e-02 2.424734558788e-02
11 9 0 3.94523749 2.39846157 1.52972074 1.18489096 0.73789703 1.930739284411e+03 3.283647310538e+02 6.121385971766e-06 1.090009561893e-02 2.248420970053e-02
11 10 0 3.94523749 2.39846157 1.52972074 1.18489096 0.73789703 1.775535400811e+03 3.191477753144e+02 1.292823053515e-05 7.696767840570e-03 1.793423589577e-02
11 11 0 3.94523749 2.39846157 1.52972074 1.18489096 0.73789703 1.691039530693e+03 3.075514727987e+02 1.815414510752e-05 5.030864949206e-03 1.353339792084e-02
11 12 0 3.94523749 2.39846157 1.52972074 1.18489096 0.73789703 1.675012243591e+03 2.937273529688e+02 3.222971840286e-05 4.298287841090e-03 1.239129604538e-02
11 13 0 3.94523749 2.39846157 1.52972074 1.18489096 0.73789703 1.732518681827e+03 2.811749891402e+02 6.252442324415e-05 3.660925279462e-03 1.145155170811e-02
11 14 0 3.94523749 2.39846157 1.52972074 1.18489096 0.73789703 1.831528508635e+03 2.719393886714e+02 9.941955973661e-05 1.808863637726e-03 9.056770148346e-03
11 15 0 3.94523749 2.39846157 1.52972074 1.18489096 0.73789703 1.935235691254e+03 2.649341410273e+02 1.220216155889e-04 3.531456923583e-04 8.234864189668e-03
11 16 0 3.94523749 2.39846157 1.52972074 1.18489096 0.73789703 2.007173625455e+03 2.571914650998e+02 1.177906785337e-04 3.883188798489e-04 8.920492238370e-03
11 17 0 3.94523749 2.39846157 1.52972074 1.18489096 0.73789703 2.028862171379e+03 2.468539368943e+02 9.420839141827e-05 1.677492462604e-03 9.396475957161e-03
11 18 0 3.94523749 2.39846157 1.52972074 1.18489096 0.73789703 1.996972719826e+03 2.421661394919e+02 7.002260873379e-05 4.247616487993e-03 9.150959318406e-03
11 19 0 3.94523749 2.39846157 1.52972074 1.18489096 0.73789703 1.906016665399e+03 2.412027899911e+02 5.658861233512e-05 6.916544571458e-03 9.453370897803e-03
11 20 0 3.94523749 2.39846157 1.52972074 1.18489096 0.73789703 1.767469384774e+03 2.366185934686e+02 4.971561280145e-05 7.711830447703e-03 9.708890997504e-03
11 21 0 3.94523749 2.39846157 1.52972074 1.18489096 0.73789703 1.602496682606e+03 2.293729310874e+02 3.910429764588e-05 7.476076350879e-03 1.054314037884e-02
11 22 0 3.94523749 2.39846157 1.52972074 1.18489096 0.73789703 1.446118873288e+03 2.235562984807e+02 2.259416922305e-05 8.415126147940e-03 1.142547662326e-02
11 23 0 3.94523749 2.39846157 1.52972074 1.18489096 0.73789703 1.325139446622e+03 2.213113939710e+02 8.713366930721e-06 9.978588484420e-03 1.030940935275e-02
11 24 0 3.94523749 2.39846157 1.52972074 1.18489096 0.73789703 1.253647029395e+03 2.189766614572e+02 6.146807181439e-06 1.067715233860e-02 7.938808947874e-03
11 25 0 3.94523749 2.39846157 1.52972074 1.18489096 0.73789703 1.234927210760e+03 2.149072628437e+02 1.393560639462e-05 1.077390025101e-02 7.202116787017e-03
11 26 0 3.94523749 2.39846157 1.52972074 1.18489096 0.73789703 1.264385657049e+03 2.080046800161e+02 2.410159094321e-05 9.988050064183e-03 7.682246180871e-03
11 27 0 3.94523749 2.39846157 1.52972074 1.18489096 0.73789703 1.345373019440e+03 2.034018422881e+02 3.264091947797e-05 7.217160537087e-03 6.297643223311e-03
11 28 0 3.94523749 2.39846157 1.52972074 1.18489096 0.73789703 1.450110965874e+03 2.038491309465e+02 4.467936346219e-05 3.780305884372e-03 5.179399391916e-03
11 29 0 3.94523749 2.39846157 1.52972074 1.18489096 0.73789703 1.548284156365e+03 2.043671452880e+02 6.685907785352e-05 2.032414770741e-03 5.824794275298e-03
11 30 0 3.94523749 2.39846157 1.52972074 1.18489096 0.73789703 1.622666236813e+03 1.993702997466e+02 9.579172438251e-05 1.691363460491e-03 5.419900203257e-03
11 31 0 3.94523749 2.39846157 1.52972074 1.18489096 0.73789703 1.665242291813e+03 1.942795888832e+02 1.169069878060e-04 1.468599056646e-03 3.177400245112e-03
11 32 0 3.94523749 2.39846157 1.52972074 1.18489096 0.73789703 1.687233100955e+03 2.020464951270e+02 1.165812583048e-04 1.458045855027e-03 3.455136822006e-03
11 33 0 3.94523749 2.39846157 1.52972074 1.18489096 0.73789703 1.662921009255e+03 2.098133075852e+02 9.508522977129e-05 1.661240557436e-03 6.075658103295e-03
11 34 0 3.94523749 2.39846157 1.52972074 1.18489096 0.73789703 1.585182249280e+03 2.086355706062e+02 6.632866712973e-05 2.013377589921e-03 6.654918128143e-03
11 35 0 3.94523749 2.39846157 1.52972074 1.18489096 0.73789703 1.478439611042e+03 2.084420541116e+02 4.464335146281e-05 3.821884112265e-03 6.043653501341e-03
11 36 0 3.94523749 2.39846157 1.52972074 1.18489096 0.73789703 1.372875381239e+03 2.133541414771e+02 3.290108922030e-05 7.303898966010e-03 7.196549485115e-03
11 37 0 3.94523749 2.39846157 1.52972074 1.18489096 0.73789703 1.302761602823e+03 2.200701719751e+02 2.422525769484e-05 1.004393382458e-02 8.548769434582e-03
11 38 0 3.94523749 2.39846157 1.52972074 1.18489096 0.73789703 1.275046966030e+03 2.223252968253e+02 1.385131005583e-05 1.077210471243e-02 7.867902033143e-03
11 39 0 3.94523749 2.39846157 1.52972074 1.18489096 0.73789703 1.300262867198e+03 2.231236351436e+02 6.415625016993e-06 1.064624840235e-02 8.292528542897e-03
11 40 0 3.94523749 2.39846157 1.52972074 1.18489096 0.73789703 1.391512388252e+03 2.256497847465e+02 1.010495191635e-05 9.926471909077e-03 1.031314006942e-02
11 41 0 3.94523749 2.39846157 1.52972074 1.18489096 0.73789703 1.537378143365e+03 2.313976011325e+02 2.536718271293e-05 8.368539507542e-03 1.116419357969e-02
11 42 0 3.94523749 2.39846157 1.52972074 1.18489096 0.73789703 1.715794761324e+03 2.384823142747e+02 4.283543345830e-05 7.505563446505e-03 9.979391617694e-03
11 43 0 3.94523749 2.39846157 1.52972074 1.18489096 0.73789703 1.889880755411e+03 2.428347617127e+02 5.399465548095e-05 7.794843524652e-03 8.930383528770e-03
11 44 0 3.94523749 2.39846157 1.52972074 1.18489096 0.73789703 2.036517312204e+03 2.457036484733e+02 6.183683643326e-05 6.925395090239e-03 8.601450540298e-03
11 45 0 3.94523749 2.39846157 1.52972074 1.18489096 0.73789703 2.135822993626e+03 2.524486165513e+02 7.733964466030e-05 4.149232843943e-03 8.469870770188e-03
11 46 0 3.94523749 2.39846157 1.52972074 1.18489096 0.73789703 2.178579439226e+03 2.655814782048e+02 1.041291219142e-04 1.562487971518e-03 8.957146210261e-03
11 47 0 3.94523749 2.39846157 1.52972074 1.18489096 0.73789703 2.157148916185e+03 2.756288282741e+02 1.291860865518e-04 3.289623151499e-04 8.833885195176e-03
11 48 0 3.94523749 2.39846157 1.52972074 1.18489096 0.73789703 2.077187241002e+03 2.832646810404e+02 1.324781629955e-04 4.057236425206e-04 8.695868558464e-03
11 49 0 3.94523749 2.39846157 1.52972074 1.18489096 0.73789703 1.972771065270e+03 2.942929014302e+02 1.069345981440e-04 2.003499731188e-03 1.020916531307e-02
11 50 0 3.94523749 2.39846157 1.52972074 1.18489096 0.73789703 1.879656733003e+03 3.072802087301e+02 6.685356872276e-05 3.894474742294e-03 1.335847618529e-02
11 51 0 3.94523749 2.39846157 1.52972074 1.18489096 0.73789703 1.832567819643e+03 3.200888308699e+02 3.453019228669e-05 4.501907613627e-03 1.473885238087e-02
11 52 0 3.94523749 2.39846157 1.52972074 1.18489096 0.73789703 1.847659662207e+03 3.295980884322e+02 1.947408218731e-05 5.393733812152e-03 1.624725919890e-02
11 53 0 3.94523749 2.39846157 1.52972074 1.18489096 0.73789703 1.937706271873e+03 3.376973883752e+02 1.339376003827e-05 8.409310462692e-03 2.108117221131e-02
11 54 0 3.94523749 2.39846157 1.52972074 1.18489096 0.73789703 2.130094116369e+03 3.473624702579e+02 5.740954980810e-06 1.188914628019e-02 2.608072132205e-02
11 55 0 3.94523749 2.39846157 1.52972074 1.18489096 0.73789703 2.405409720080e+03 3.612296401287e+02 1.211096072061e-09 1.427731760439e-02 2.765599114739e-02
11 56 0 3.94523749 2.39846157 1.52972074 1.18489096 0.73789703 2.718722885536e+03 3.761465441824e+02 9.875668852479e-06 1.582893774543e-02 3.123494163197e-02
11 57 0 3.94523749 2.39846157 1.52972074 1.18489096 0.73789703 3.010853620071e+03 3.886696321569e+02 3.946497035692e-05 1.489137849767e-02 4.149018727986e-02
11 58 0 3.94523749 2.39846157 1.52972074 1.18489096 0.73789703 3.244889505014e+03 4.003504228602e+02 7.275964022098e-05 1.026784503109e-02 4.690616713635e-02
11 59 0 3.94523749 2.39846157 1.52972074 1.18489096 0.73789703 3.400511014138e+03 4.126442928386e+02 8.805476904378e-05 5.658434410008e-03 4.259679184548e-02
11 60 0 3.94523749 2.39846157 1.52972074 1.18489096 0.73789703 3.443605521684e+03 4.286431281689e+02 8.213755760908e-05 4.188753227165e-03 4.027311985772e-02
11 61 0 3.94523749 2.39846157 1.52972074 1.18489096 0.73789703 3.369749465865e+03 4.457165617423e+02 7.459040262158e-05 3.778557247823e-03 4.789211972260e-02
11 62 0 3.94523749 2.39846157 1.52972074 1.18489096 0.73789703 3.211456896233e+03 4.623586408596e+02 8.440376424644e-05 2.765284512075e-03 5.226250312300e-02
11 63 0 3.94523749 2.39846157 1.52972074 1.18489096 0.73789703 3.038250765913e+03 4.779797219084e+02 1.052237857301e-04 2.182469627883e-03 4.902372722942e-02
16 0 0 4.54218316 1.87938652 1.82785575 1.44063125 0.81071196 5.656642295651e+03 1.751719600792e+02 1.325786043144e-04 7.211541389975e-03 6.005753845868e-03
16 1 0 4.54218316 1.87938652 1.82785575 1.44063125 0.81071196 5.670024664937e+03 1.711151909946e+02 1.330134105865e-04 5.158659526813e-03 6.225966176204e-03
16 2 0 4.54218316 1.87938652 1.82785575 1.44063125 0.81071196 5.653061312335e+03 1.693080048120e+02 1.195736487614e-04 8.505312192250e-03 1.359780156104e-02
16 3 0 4.54218316 1.87938652 1.82785575 1.44063125 0.81071196 5.673899864073e+03 1.629872345238e+02 9.572958176092e-05 1.357229650815e-02 2.005772162239e-02
16 4 0 4.54218316 1.87938652 1.82785575 1.44063125 0.81071196 5.725114629809e+03 1.535518085621e+02 6.701758584123e-05 1.404263813221e-02 2.229214200816e-02
16 5 0 4.54218316 1.87938652 1.82785575 1.44063125 0.81071196 5.699483568392e+03 1.470072911791e+02 3.941396602319e-05 1.127697821837e-02 2.251510371592e-02
16 6 0 4.54218316 1.87938652 1.82785575 1.44063125 0.81071196 5.493439754992e+03 1.434352536993e+02 1.777118857309e-05 8.324683300952e-03 1.550840089410e-02
16 7 0 4.54218316 1.87938652 1.82785575 1.44063125 0.81071196 5.110570534965e+03 1.375141590755e+02 4.774281072049e-06 6.084951286581e-03 1.041469544459e-02
16 8 0 4.54218316 1.87938652 1.82785575 1.44063125 0.81071196 4.654354082300e+03 1.283393700325e+02 6.603564624387e-07 6.612928315078e-03 1.402105902727e-02
16 9 0 4.54218316 1.87938652 1.82785575 1.44063125 0.81071196 4.287810540712e+03 1.215905218196e+02 3.672312533179e-06 9.338185016001e-03 1.095210936846e-02
16 10 0 4.54218316 1.87938652 1.82785575 1.44063125 0.81071196 4.039343862091e+03 1.202688361779e+02 1.098649473395e-05 9.605921554593e-03 1.028420985940e-02
16 11 0 4.54218316 1.87938652 1.82785575 1.44063125 0.81071196 3.808841877579e+03 1.180771430382e+02 1.973818344923e-05 7.004713468434e-03 1.259526130854e-02
16 12 0 4.54218316 1.87938652 1.82785575 1.44063125 0.81071196 3.482435333052e+03 1.122566407971e+02 2.779550741104e-05 5.576266712082e-03 8.789722973839e-03
16 13 0 4.54218316 1.87938652 1.82785575 1.44063125 0.81071196 3.064010817980e+03 1.067367228758e+02 3.407638449042e-05 5.726749365973e-03 8.272273914442e-03
16 14 0 4.54218316 1.87938652 1.82785575 1.44063125 0.81071196 2.667949439299e+03 1.050819973457e+02 3.840012053693e-05 5.633919888986e-03 1.164263714328e-02
16 15 0 4.54218316 1.87938652 1.82785575 1.44063125 0.81071196 2.382871308268e+03 1.045336073591e+02 4.103884441615e-05 5.706413777025e-03 1.589670614757e-02
16 16 0 4.54218316 1.87938652 1.82785575 1.44063125 0.81071196 2.218975932405e+03 1.010457236426e+02 4.222372256130e-05 5.363785971469e-03 1.730068532245e-02
16 17 0 4.54218316 1.87938652 1.82785575 1.44063125 0.81071196 2.134551043491e+03 9.523096618182e+01 4.184282844405e-05 3.277160441141e-03 1.374891217158e-02
16 18 0 4.54218316 1.87938652 1.82785575 1.44063125 0.81071196 2.070824833001e+03 9.126047299799e+01 3.945903071629e-05 1.918264569985e-03 1.093917832788e-02
16 19 0 4.54218316 1.87938652 1.82785575 1.44063125 0.81071196 2.015283237975e+03 9.101393800974e+01 3.462604491681e-05 3.718560906485e-03 9.982625102686e-03
16 20 0 4.54218316 1.87938652 1.82785575 1.44063125 0.81071196 1.983220536732e+03 9.010384667522e+01 2.734865923650e-05 6.342315579105e-03 1.018371480368e-02
16 21 0 4.54218316 1.87938652 1.82785575 1.44063125 0.81071196 1.995112591283e+03 8.620644955439e+01 1.846765066886e-05 7.550584329478e-03 9.890948337398e-03
16 22 0 4.54218316 1.87938652 1.82785575 1.44063125 0.81071196 2.068962603965e+03 8.265474725372e+01 9.772126264924e-06 8.237991568708e-03 8.826012156722e-03
16 23 0 4.54218316 1.87938652 1.82785575 1.44063125 0.81071196 2.206159814274e+03 8.222142727670e+01 3.740381443893e-06 8.950049510699e-03 9.104530040063e-03
16 24 0 4.54218316 1.87938652 1.82785575 1.44063125 0.81071196 2.387699981382e+03 8.295304332664e+01 2.947183994068e-06 1.022859523684e-02 7.955406100453e-03
16 25 0 4.54218316 1.87938652 1.82785575 1.44063125 0.81071196 2.559662880240e+03 8.110872872435e+01 9.301655093643e-06 1.343761476393e-02 4.976985471379e-03
16 26 0 4.54218316 1.87938652 1.82785575 1.44063125 0.81071196 2.665522207244e+03 7.742689325031e+01 2.335245309541e-05 1.621466231091e-02 3.765197963812e-03
16 27 0 4.54218316 1.87938652 1.82785575 1.44063125 0.81071196 2.710016014260e+03 7.591788327374e+01 4.389212744098e-05 1.394179287805e-02 7.548145806866e-03
16 28 0 4.54218316 1.87938652 1.82785575 1.44063125 0.81071196 2.751393655793e+03 7.753986881560e+01 6.801241882723e-05 7.915962991028e-03 8.509651387089e-03
16 29 0 4.54218316 1.87938652 1.82785575 1.44063125 0.81071196 2.840104612427e+03 7.808300370776e+01 9.163252953601e-05 3.718755552415e-03 6.312480407200e-03
16 30 0 4.54218316 1.87938652 1.82785575 1.44063125 0.81071196 2.970330089782e+03 7.490416999377e+01 1.103829037732e-04 2.715262034616e-03 5.885633510253e-03
16 31 0 4.54218316 1.87938652 1.82785575 1.44063125 0.81071196 3.076609066176e+03 7.257396097778e+01 1.206195714018e-04 2.658806962576e-03 3.305383125694e-03
16 32 0 4.54218316 1.87938652 1.82785575 1.44063125 0.81071196 3.109107796701e+03 7.654252026298e+01 1.203000808489e-04 2.627694283463e-03 3.057032284672e-03
16 33 0 4.54218316 1.87938652 1.82785575 1.44063125 0.81071196 3.039396429395e+03 8.069006693589e+01 1.094842376157e-04 2.672876451403e-03 5.295734053743e-03
16 34 0 4.54218316 1.87938652 1.82785575 1.44063125 0.81071196 2.923595654704e+03 7.989666255334e+01 9.032234998617e-05 3.770467695854e-03 5.632716888486e-03
16 35 0 4.54218316 1.87938652 1.82785575 1.44063125 0.81071196 2.840315433184e+03 7.855150451059e+01 6.653266182252e-05 8.066705005325e-03 7.719580628607e-03
16 36 0 4.54218316 1.87938652 1.82785575 1.44063125 0.81071196 2.799045617271e+03 8.076201721741e+01 4.250909129376e-05 1.399849542384e-02 6.902657898409e-03
16 37 0 4.54218316 1.87938652 1.82785575 1.44063125 0.81071196 2.745285236107e+03 8.466623339136e+01 2.230062150982e-05 1.600510754774e-02 3.681502285108e-03
16 38 0 4.54218316 1.87938652 1.82785575 1.44063125 0.81071196 2.622940879199e+03 8.605999048226e+01 8.735417823699e-06 1.309626977650e-02 5.586504919842e-03
16 39 0 4.54218316 1.87938652 1.82785575 1.44063125 0.81071196 2.446922368005e+03 8.527061633581e+01 2.915786064505e-06 1.004041580454e-02 9.060106686593e-03
16 40 0 4.54218316 1.87938652 1.82785575 1.44063125 0.81071196 2.271927270165e+03 8.629533455121e+01 4.197232647308e-06 8.982848399090e-03 1.021272618589e-02
16 41 0 4.54218316 1.87938652 1.82785575 1.44063125 0.81071196 2.141625200775e+03 9.051790923715e+01 1.061939619696e-05 8.365006374084e-03 9.732609683504e-03
16 42 0 4.54218316 1.87938652 1.82785575 1.44063125 0.81071196 2.075287141588e+03 9.444022964105e+01 1.962322422900e-05 7.677602236896e-03 1.060945882204e-02
16 43 0 4.54218316 1.87938652 1.82785575 1.44063125 0.81071196 2.074545961541e+03 9.542467228181e+01 2.881021030764e-05 6.411338275832e-03 1.047570367847e-02
16 44 0 4.54218316 1.87938652 1.82785575 1.44063125 0.81071196 2.123006741848e+03 9.609151057508e+01 3.650237309240e-05 3.711261752343e-03 9.820778542106e-03
16 45 0 4.54218316 1.87938652 1.82785575 1.44063125 0.81071196 2.202311532479e+03 1.007221297599e+02 4.194621897513e-05 1.927488255891e-03 1.053209733328e-02
16 46 0 4.54218316 1.87938652 1.82785575 1.44063125 0.81071196 2.290423112911e+03 1.066538888717e+02 4.514206983941e-05 3.342047081435e-03 1.336207625513e-02
16 47 0 4.54218316 1.87938652 1.82785575 1.44063125 0.81071196 2.404052644655e+03 1.092888911085e+02 4.642317364666e-05 5.383011696555e-03 1.705009693411e-02
16 48 0 4.54218316 1.87938652 1.82785575 1.44063125 0.81071196 2.597061842420e+03 1.097195854578e+02 4.600378584993e-05 5.693904634224e-03 1.556478907801e-02
16 49 0 4.54218316 1.87938652 1.82785575 1.44063125 0.81071196 2.919059695909e+03 1.122758109823e+02 4.372364920533e-05 5.715204318298e-03 1.171601695279e-02
16 50 0 4.54218316 1.87938652 1.82785575 1.44063125 0.81071196 3.359539146867e+03 1.188071636517e+02 3.913035730626e-05 5.882519541079e-03 8.961581402233e-03
16 51 0 4.54218316 1.87938652 1.82785575 1.44063125 0.81071196 3.798025722124e+03 1.250754127230e+02 3.188952698053e-05 5.835753894295e-03 1.037401030023e-02
16 52 0 4.54218316 1.87938652 1.82785575 1.44063125 0.81071196 4.129148727473e+03 1.278819509908e+02 2.235246867967e-05 7.589009474504e-03 1.479050750459e-02
16 53 0 4.54218316 1.87938652 1.82785575 1.44063125 0.81071196 4.379427310479e+03 1.304701217017e+02 1.200774036003e-05 1.043888774043e-02 1.217541940348e-02
16 54 0 4.54218316 1.87938652 1.82785575 1.44063125 0.81071196 4.666901727619e+03 1.382215622749e+02 3.545735159117e-06 9.998748174801e-03 1.277627520526e-02
16 55 0 4.54218316 1.87938652 1.82785575 1.44063125 0.81071196 5.085280388753e+03 1.478284457775e+02 3.857305572792e-07 7.052041613498e-03 1.583542027728e-02
16 56 0 4.54218316 1.87938652 1.82785575 1.44063125 0.81071196 5.567330526137e+03 1.525687050052e+02 5.717888849555e-06 6.697681631674e-03 1.136782258614e-02
16 57 0 4.54218316 1.87938652 1.82785575 1.44063125 0.81071196 5.966659223848e+03 1.549826197673e+02 2.132659608569e-05 9.357418140898e-03 1.617172549312e-02
16 58 0 4.54218316 1.87938652 1.82785575 1.44063125 0.81071196 6.160160441191e+03 1.603761965535e+02 4.660169738556e-05 1.271502837920e-02 2.314342419074e-02
16 59 0 4.54218316 1.87938652 1.82785575 1.44063125 0.81071196 6.146036504059e+03 1.684646016095e+02 7.814553470965e-05 1.562554737201e-02 2.250637860232e-02
16 60 0 4.54218316 1.87938652 1.82785575 1.44063125 0.81071196 6.063281066437e+03 1.732233708776e+02 1.102281722906e-04 1.473884851811e-02 1.993753235472e-02
16 61 0 4.54218316 1.87938652 1.82785575 1.44063125 0.81071196 6.007185698529e+03 1.747179781212e+02 1.360715921416e-04 9.118478746511e-03 1.360723992234e-02
16 62 0 4.54218316 1.87938652 1.82785575 1.44063125 0.81071196 5.979176287908e+03 1.792662617714e+02 1.496454917409e-04 5.941241078080e-03 6.813202432075e-03
16 63 0 4.54218316 1.87938652 1.82785575 1.44063125 0.81071196 5.896909671033e+03 1.901103335858e+02 1.474409855746e-04 8.555691468408e-03 7.298655413663e-03
26 0 0 2.29853711 0.95409362 1.33123594 2.12264232 1.39510605 2.142866769626e+02 4.213318851343e+00 8.548064979948e-03 1.994827430974e+02 1.358183235605e-03
26 1 0 2.29853711 0.95409362 1.33123594 2.12264232 1.39510605 2.132055215583e+02 4.164419489669e+00 1.243974293638e-02 1.855116795163e+02 7.147514109482e-04
26 2 0 2.29853711 0.95409362 1.33123594 2.12264232 1.39510605 2.131444010072e+02 4.264150137427e+00 1.623759099186e-02 1.776325610612e+02 8.463478870092e-04
26 3 0 2.29853711 0.95409362 1.33123594 2.12264232 1.39510605 2.143547196017e+02 4.225654042204e+00 2.389669354293e-02 1.709028723150e+02 4.635774635141e-04
26 4 0 2.29853711 0.95409362 1.33123594 2.12264232 1.39510605 2.158783348895e+02 4.055906807069e+00 3.290441001296e-02 1.623831440103e+02 3.526614283536e-04
26 5 0 2.29853711 0.95409362 1.33123594 2.12264232 1.39510605 2.175937202417e+02 4.001071497305e+00 3.687142983823e-02 1.562944335786e+02 3.747809423805e-04
26 6 0 2.29853711 0.95409362 1.33123594 2.12264232 1.39510605 2.188838635421e+02 4.216518643407e+00 3.956144870021e-02 1.535000384416e+02 1.415088602872e-04
26 7 0 2.29853711 0.95409362 1.33123594 2.12264232 1.39510605 2.208794182080e+02 4.676001287268e+00 4.162074243527e-02 1.497332218526e+02 2.797270191183e-04
26 8 0 2.29853711 0.95409362 1.33123594 2.12264232 1.39510605 2.236766638574e+02 5.073885168037e+00 3.649129116988e-02 1.455399834039e+02 1.653959722964e-04
26 9 0 2.29853711 0.95409362 1.33123594 2.12264232 1.39510605 2.270885727879e+02 5.228087338946e+00 2.777197537629e-02 1.448135054724e+02 2.110567449490e-04
26 10 0 2.29853711 0.95409362 1.33123594 2.12264232 1.39510605 2.297747734848e+02 5.204535149245e+00 2.127131138065e-02 1.448573608556e+02 3.251511558039e-04
26 11 0 2.29853711 0.95409362 1.33123594 2.12264232 1.39510605 2.316827865456e+02 5.214845032794e+00 1.424895602331e-02 1.406683771788e+02 2.325545407707e-04
26 12 0 2.29853711 0.95409362 1.33123594 2.12264232 1.39510605 2.330738854143e+02 5.480949052645e+00 7.987532641655e-03 1.351252815769e+02 5.250280222297e-04
26 13 0 2.29853711 0.95409362 1.33123594 2.12264232 1.39510605 2.349686704533e+02 5.912479262642e+00 6.832434140281e-03 1.327735423260e+02 4.521412615503e-04
26 14 0 2.29853711 0.95409362 1.33123594 2.12264232 1.39510605 2.376959309502e+02 6.315667585823e+00 8.426919158123e-03 1.301320519788e+02 6.310891978790e-04
26 15 0 2.29853711 0.95409362 1.33123594 2.12264232 1.39510605 2.410459431414e+02 6.530648738806e+00 1.061160807378e-02 1.232569128639e+02 8.214443484844e-04
26 16 0 2.29853711 0.95409362 1.33123594 2.12264232 1.39510605 2.443504023510e+02 6.552681925824e+00 1.523963672418e-02 1.160244612852e+02 6.806196995898e-04
26 17 0 2.29853711 0.95409362 1.33123594 2.12264232 1.39510605 2.471880881446e+02 6.584115476971e+00 1.969050981459e-02 1.116983880078e+02 1.019999340683e-03
26 18 0 2.29853711 0.95409362 1.33123594 2.12264232 1.39510605 2.494515150675e+02 6.709450847328e+00 1.995275106226e-02 1.066959266690e+02 7.933891793101e-04
26 19 0 2.29853711 0.95409362 1.33123594 2.12264232 1.39510605 2.508279878195e+02 6.928226459260e+00 1.960746466789e-02 9.944604182548e+01 8.915013454123e-04
26 20 0 2.29853711 0.95409362 1.33123594 2.12264232 1.39510605 2.517476685091e+02 7.130366291827e+00 2.014375944642e-02 9.436377777498e+01 8.831893652419e-04
26 21 0 2.29853711 0.95409362 1.33123594 2.12264232 1.39510605 2.526087960168e+02 7.206390885214e+00 1.732987414057e-02 9.278291628031e+01 6.665685274830e-04
26 22 0 2.29853711 0.95409362 1.33123594 2.12264232 1.39510605 2.539097061312e+02 7.232592683659e+00 1.426062841384e-02 9.075025171663e+01 8.614838190334e-04
26 23 0 2.29853711 0.95409362 1.33123594 2.12264232 1.39510605 2.548926743154e+02 7.275374809612e+00 1.493305235292e-02 8.778255543258e+01 6.049472500739e-04
26 24 0 2.29853711 0.95409362 1.33123594 2.12264232 1.39510605 2.556597234538e+02 7.417944749654e+00 1.464130851054e-02 8.754921918020e+01 8.656211004861e-04
26 25 0 2.29853711 0.95409362 1.33123594 2.12264232 1.39510605 2.562945253015e+02 7.638249881046e+00 1.309650115331e-02 8.969932458145e+01 8.197944173608e-04
26 26 0 2.29853711 0.95409362 1.33123594 2.12264232 1.39510605 2.576587741478e+02 7.814839768865e+00 1.467409436367e-02 9.073416369724e+01 1.004750950899e-03
26 27 0 2.29853711 0.95409362 1.33123594 2.12264232 1.39510605 2.590642811151e+02 7.923127351818e+00 1.532097561255e-02 9.160461255798e+01 1.305761035160e-03
26 28 0 2.29853711 0.95409362 1.33123594 2.12264232 1.39510605 2.599756925116e+02 7.936131801184e+00 1.250793417038e-02 9.506126438362e+01 1.256528626307e-03
26 29 0 2.29853711 0.95409362 1.33123594 2.12264232 1.39510605 2.595801555559e+02 7.933500436439e+00 1.194199263761e-02 9.845821469915e+01 1.783880389767e-03
26 30 0 2.29853711 0.95409362 1.33123594 2.12264232 1.39510605 2.593161803075e+02 7.995398447704e+00 1.222143993332e-02 9.842585848748e+01 1.606011033726e-03
26 31 0 2.29853711 0.95409362 1.33123594 2.12264232 1.39510605 2.607004682252e+02 8.118146608882e+00 9.661449380829e-03 9.805268871421e+01 1.874297244646e-03
26 32 0 2.29853711 0.95409362 1.33123594 2.12264232 1.39510605 2.645864364017e+02 8.328034784610e+00 9.688127689185e-03 1.005815646452e+02 1.887801347328e-03
26 33 0 2.29853711 0.95409362 1.33123594 2.12264232 1.39510605 2.690064382141e+02 8.543252224305e+00 1.206922663937e-02 1.023477894779e+02 1.592218241128e-03
26 34 0 2.29853711 0.95409362 1.33123594 2.12264232 1.39510605 2.721380393515e+02 8.713674669309e+00 1.161055515379e-02 1.000819825292e+02 1.780205284959e-03
26 35 0 2.29853711 0.95409362 1.33123594 2.12264232 1.39510605 2.734220682742e+02 8.807121075985e+00 1.229408498521e-02 9.740878581543e+01 1.252593624893e-03
26 36 0 2.29853711 0.95409362 1.33123594 2.12264232 1.39510605 2.742447352560e+02 8.781102135909e+00 1.508345244626e-02 9.726359962880e+01 1.284361812019e-03
26 37 0 2.29853711 0.95409362 1.33123594 2.12264232 1.39510605 2.756145170561e+02 8.733132888750e+00 1.437407983481e-02 9.669224359765e+01 1.002932213107e-03
26 38 0 2.29853711 0.95409362 1.33123594 2.12264232 1.39510605 2.775710224540e+02 8.712931101160e+00 1.312583966111e-02 9.439108590884e+01 7.938171677250e-04
26 39 0 2.29853711 0.95409362 1.33123594 2.12264232 1.39510605 2.793785429482e+02 8.769927282032e+00 1.508263539476e-02 9.398383419692e+01 8.561093676727e-04
26 40 0 2.29853711 0.95409362 1.33123594 2.12264232 1.39510605 2.805048753168e+02 8.881538001846e+00 1.557195969589e-02 9.622689967520e+01 5.834988007056e-04
26 41 0 2.29853711 0.95409362 1.33123594 2.12264232 1.39510605 2.813554289517e+02 8.900911317775e+00 1.525331566637e-02 9.760527210913e+01 8.421619653567e-04
26 42 0 2.29853711 0.95409362 1.33123594 2.12264232 1.39510605 2.820829606039e+02 8.801907097001e+00 1.879211435245e-02 9.859716493980e+01 6.527834261634e-04
26 43 0 2.29853711 0.95409362 1.33123594 2.12264232 1.39510605 2.825935566048e+02 8.589652440387e+00 2.163123396738e-02 1.033257750752e+02 8.546100531871e-04
26 44 0 2.29853711 0.95409362 1.33123594 2.12264232 1.39510605 2.820361605435e+02 8.379031140400e+00 2.082385874633e-02 1.105893772047e+02 8.844023376591e-04
26 45 0 2.29853711 0.95409362 1.33123594 2.12264232 1.39510605 2.808340389447e+02 8.269564894314e+00 2.091927758884e-02 1.157518870305e+02 7.641451955325e-04
26 46 0 2.29853711 0.95409362 1.33123594 2.12264232 1.39510605 2.790863614763e+02 8.156063643382e+00 2.021766134416e-02 1.202039642107e+02 1.009563635281e-03
26 47 0 2.29853711 0.95409362 1.33123594 2.12264232 1.39510605 2.774961367894e+02 7.938460037705e+00 1.516972868409e-02 1.277982426098e+02 6.688242024036e-04
26 48 0 2.29853711 0.95409362 1.33123594 2.12264232 1.39510605 2.758054468202e+02 7.511406889201e+00 1.019118078347e-02 1.354635358658e+02 8.016532768742e-04
26 49 0 2.29853711 0.95409362 1.33123594 2.12264232 1.39510605 2.747222955645e+02 6.974184764675e+00 8.012620177825e-03 1.390022076135e+02 6.415349670162e-04
26 50 0 2.29853711 0.95409362 1.33123594 2.12264232 1.39510605 2.735395417246e+02 6.569201018233e+00 6.577524645356e-03 1.421089669849e+02 4.382464920532e-04
26 51 0 2.29853711 0.95409362 1.33123594 2.12264232 1.39510605 2.719228921400e+02 6.370955683333e+00 8.294458274214e-03 1.483373062583e+02 5.404444864860e-04
26 52 0 2.29853711 0.95409362 1.33123594 2.12264232 1.39510605 2.686683431517e+02 6.316364599643e+00 1.546827836972e-02 1.529263024386e+02 2.442755466376e-04
26 53 0 2.29853711 0.95409362 1.33123594 2.12264232 1.39510605 2.642845265884e+02 6.128760031607e+00 2.295147143746e-02 1.526683889481e+02 3.309402113189e-04
26 54 0 2.29853711 0.95409362 1.33123594 2.12264232 1.39510605 2.591635661443e+02 5.666667046431e+00 2.981250500711e-02 1.528812853435e+02 2.475379249734e-04
26 55 0 2.29853711 0.95409362 1.33123594 2.12264232 1.39510605 2.547710652474e+02 5.090205437121e+00 3.911158952542e-02 1.566776574610e+02 1.691963185483e-04
26 56 0 2.29853711 0.95409362 1.33123594 2.12264232 1.39510605 2.509682012531e+02 4.654300668563e+00 4.397123829292e-02 1.597125131797e+02 3.247682959488e-04
26 57 0 2.29853711 0.95409362 1.33123594 2.12264232 1.39510605 2.473078852534e+02 4.585076128852e+00 4.109239069324e-02 1.607826777314e+02 1.715042582566e-04
26 58 0 2.29853711 0.95409362 1.33123594 2.12264232 1.39510605 2.428897056211e+02 4.737505044625e+00 3.804762820426e-02 1.644789369356e+02 4.194737930256e-04
26 59 0 2.29853711 0.95409362 1.33123594 2.12264232 1.39510605 2.384723281852e+02 4.838035145171e+00 3.355859260563e-02 1.707882361385e+02 4.422861385481e-04
26 60 0 2.29853711 0.95409362 1.33123594 2.12264232 1.39510605 2.348032055010e+02 4.768841627099e+00 2.369095618608e-02 1.756058552375e+02 5.296540241618e-04
26 61 0 2.29853711 0.95409362 1.33123594 2.12264232 1.39510605 2.325119182050e+02 4.656874467958e+00 1.576795086480e-02 1.813566226155e+02 1.006917875858e-03
26 62 0 2.29853711 0.95409362 1.33123594 2.12264232 1.39510605 2.316835885991e+02 4.853637493386e+00 1.200034898356e-02 1.929104846790e+02 8.601056697194e-04
26 63 0 2.29853711 0.95409362 1.33123594 2.12264232 1.39510605 2.323911429739e+02 5.413574185564e+00 8.050050895138e-03 2.060211748204e+02 1.571443618267e-03
