# environment=00085 local_bs=2 gain_scale=3.643785912970e-13
# ue subcarrier serving_bs phi0 phi1 phi2 phi3 phi4 gain0 gain1 gain2 gain3 gain4
0 0 2 1.31626741 1.06823318 2.38355050 1.61214357 1.32851058 1.850319003225e-03 9.600102273960e-06 2.603195586492e-03 8.537980773688e-03 1.289494758631e-03
0 1 2 1.31626741 1.06823318 2.38355050 1.61214357 1.32851058 1.657406526236e-03 9.418720492870e-06 6.837718927312e-03 7.016427064149e-03 7.609497349261e-04
0 2 2 1.31626741 1.06823318 2.38355050 1.61214357 1.32851058 1.422540568896e-03 9.182533372065e-06 1.651440029158e-02 6.644401698582e-03 8.365614326251e-04
0 3 2 1.31626741 1.06823318 2.38355050 1.61214357 1.32851058 1.175711770598e-03 8.896774641403e-06 2.745507274809e-02 6.730949098366e-03 7.365094514228e-04
0 4 2 1.31626741 1.06823318 2.38355050 1.61214357 1.32851058 9.398224361061e-04 8.567137737942e-06 3.535718949947e-02 5.486311680307e-03 7.328464510266e-04
0 5 2 1.31626741 1.06823318 2.38355050 1.61214357 1.32851058 7.319003839406e-04 8.199639438307e-06 3.738085950322e-02 4.239097873311e-03 5.181453650085e-04
0 6 2 1.31626741 1.06823318 2.38355050 1.61214357 1.32851058 5.651411349089e-04 7.800487508561e-06 3.303261970108e-02 4.236130072026e-03 3.307430193160e-04
0 7 2 1.31626741 1.06823318 2.38355050 1.61214357 1.32851058 4.489796690795e-04 7.375954811364e-06 2.410104609918e-02 4.016923029008e-03 3.505397431467e-04
0 8 2 1.31626741 1.06823318 2.38355050 1.61214357 1.32851058 3.872292694427e-04 6.932262058532e-06 1.379363043177e-02 3.187184637533e-03 4.024609786826e-04
0 9 2 1.31626741 1.06823318 2.38355050 1.61214357 1.32851058 3.762685578172e-04 6.475471110638e-06 5.489972240261e-03 3.205350784016e-03 6.054489559432e-04
0 10 2 1.31626741 1.06823318 2.38355050 1.61214357 1.32851058 4.051786628674e-04 6.011390410063e-06 1.587524251940e-03 3.686721500622e-03 5.260589879439e-04
0 11 2 1.31626741 1.06823318 2.38355050 1.61214357 1.32851058 4.581442432758e-04 5.545493797430e-06 2.802333626431e-03 3.232807668358e-03 3.413321095237e-04
0 12 2 1.31626741 1.06823318 2.38355050 1.61214357 1.32851058 5.178353089392e-04 5.082853610672e-06 8.085691178534e-03 2.621173766522e-03 2.036906586146e-04
0 13 2 1.31626741 1.06823318 2.38355050 1.61214357 1.32851058 5.681450102742e-04 4.628088608736e-06 1.511336746160e-02 2.800024787860e-03 1.986770714313e-04
0 14 2 1.31626741 1.06823318 2.38355050 1.61214357 1.32851058 5.956999444414e-04 4.185326905416e-06 2.114733540649e-02 2.811114020447e-03 2.683202285897e-04
0 15 2 1.31626741 1.06823318 2.38355050 1.61214357 1.32851058 5.909805080133e-04 3.758183750408e-06 2.397990725529e-02 2.374806250718e-03 3.677106553756e-04
0 16 2 1.31626741 1.06823318 2.38355050 1.61214357 1.32851058 5.503806078931e-04 3.349753661306e-06 2.265599603306e-02 2.646713682173e-03 3.104550082304e-04
0 17 2 1.31626741 1.06823318 2.38355050 1.61214357 1.32851058 4.795074950244e-04 2.962616098499e-06 1.773870054743e-02 3.365985732370e-03 3.556032606001e-04
0 18 2 1.31626741 1.06823318 2.38355050 1.61214357 1.32851058 3.960970400893e-04 2.598853590802e-06 1.103201877440e-02 3.388733164338e-03 2.819456322751e-04
0 19 2 1.31626741 1.06823318 2.38355050 1.61214357 1.32851058 3.295656994469e-04 2.260080968480e-06 4.866570005685e-03 3.226366087805e-03 5.186415238510e-04
0 20 2 1.31626741 1.06823318 2.38355050 1.61214357 1.32851058 3.147591005223e-04 1.947484146779e-06 1.221203208252e-03 3.621058224361e-03 3.981252361806e-04
0 21 2 1.31626741 1.06823318 2.38355050 1.61214357 1.32851058 3.801002747353e-04 1.661866730929e-06 1.020068130581e-03 3.702730381237e-03 4.870812835075e-04
0 22 2 1.31626741 1.06823318 2.38355050 1.61214357 1.32851058 5.338889999794e-04 1.403702585672e-06 3.871265513493e-03 3.195526317981e-03 2.698437912485e-04
0 23 2 1.31626741 1.06823318 2.38355050 1.61214357 1.32851058 7.549291018312e-04 1.173192430781e-06 8.324830396275e-03 3.276488180873e-03 3.182901690617e-04
0 24 2 1.31626741 1.06823318 2.38355050 1.61214357 1.32851058 9.932505040986e-04 9.703224896729e-07 1.250921136086e-02 3.951644622748e-03 3.734791486019e-04
0 25 2 1.31626741 1.06823318 2.38355050 1.61214357 1.32851058 1.183101113710e-03 7.949232310908e-07 1.485884884262e-02 4.078015030295e-03 5.822213283015e-04
0 26 2 1.31626741 1.06823318 2.38355050 1.61214357 1.32851058 1.264975210558e-03 6.467263031108e-07 1.463636029497e-02 4.002296036513e-03 6.970794039448e-04
0 27 2 1.31626741 1.06823318 2.38355050 1.61214357 1.32851058 1.208718211733e-03 5.254178623671e-07 1.207537547042e-02 4.558293342254e-03 5.871872447064e-04
0 28 2 1.31626741 1.06823318 2.38355050 1.61214357 1.32851058 1.028119230149e-03 4.306866467262e-07 8.153105651217e-03 4.871991848780e-03 5.394613136328e-04
0 29 2 1.31626741 1.06823318 2.38355050 1.61214357 1.32851058 7.799775543674e-04 3.622653229755e-07 4.150829109707e-03 4.258032579733e-03 4.189545787234e-04
0 30 2 1.31626741 1.06823318 2.38355050 1.61214357 1.32851058 5.465791574814e-04 3.199638580595e-07 1.210071611090e-03 3.874182831818e-03 4.937929616386e-04
0 31 2 1.31626741 1.06823318 2.38355050 1.61214357 1.32851058 4.073864371508e-04 3.036939079286e-07 3.759697738605e-05 4.219234920298e-03 5.311251705858e-04
0 32 2 1.31626741 1.06823318 2.38355050 1.61214357 1.32851058 4.105265519468e-04 3.134834865249e-07 8.042446663543e-04 4.212904949327e-03 5.314536749231e-04
0 33 2 1.31626741 1.06823318 2.38355050 1.61214357 1.32851058 5.551770989487e-04 3.494814627283e-07 3.191299251559e-03 3.868012435626e-03 4.914416488793e-04
0 34 2 1.31626741 1.06823318 2.38355050 1.61214357 1.32851058 7.918358533083e-04 4.119517287791e-07 6.509286507729e-03 4.258435475474e-03 4.215386263127e-04
0 35 2 1.31626741 1.06823318 2.38355050 1.61214357 1.32851058 1.040389614133e-03 5.012571831697e-07 9.845044125066e-03 4.853703559353e-03 5.462387113076e-04
0 36 2 1.31626741 1.06823318 2.38355050 1.61214357 1.32851058 1.218843116804e-03 6.178339675084e-07 1.224045415468e-02 4.509699446397e-03 5.937249542785e-04
0 37 2 1.31626741 1.06823318 2.38355050 1.61214357 1.32851058 1.271516574691e-03 7.621566837666e-07 1.292070823073e-02 3.948035583772e-03 6.980935711579e-04
0 38 2 1.31626741 1.06823318 2.38355050 1.61214357 1.32851058 1.186141677519e-03 9.346955891472e-07 1.155193798111e-02 4.026108864149e-03 5.759215392476e-04
0 39 2 1.31626741 1.06823318 2.38355050 1.61214357 1.32851058 9.942018080062e-04 1.135867014386e-06 8.443451575077e-03 3.883360565190e-03 3.634315062955e-04
0 40 2 1.31626741 1.06823318 2.38355050 1.61214357 1.32851058 7.558282991118e-04 1.365978471922e-06 4.573411065540e-03 3.211718348975e-03 3.131855625433e-04
0 41 2 1.31626741 1.06823318 2.38355050 1.61214357 1.32851058 5.365080077373e-04 1.625170107869e-06 1.353604341878e-03 3.175029811099e-03 2.733437590511e-04
0 42 2 1.31626741 1.06823318 2.38355050 1.61214357 1.32851058 3.852927794770e-04 1.913354301559e-06 1.591773982654e-04 3.703678109936e-03 4.993198015421e-04
0 43 2 1.31626741 1.06823318 2.38355050 1.61214357 1.32851058 3.223545139970e-04 2.230155324934e-06 1.780595540438e-03 3.603270390267e-03 4.030453661758e-04
0 44 2 1.31626741 1.06823318 2.38355050 1.61214357 1.32851058 3.388255861023e-04 2.574851038159e-06 6.030762124748e-03 3.220983750929e-03 5.213659957629e-04
0 45 2 1.31626741 1.06823318 2.38355050 1.61214357 1.32851058 4.064369295136e-04 2.946318615659e-06 1.170558952775e-02 3.419562966708e-03 2.806214740519e-04
0 46 2 1.31626741 1.06823318 2.38355050 1.61214357 1.32851058 4.910439878628e-04 3.342986267106e-06 1.695597542717e-02 3.383513610692e-03 3.590422785527e-04
0 47 2 1.31626741 1.06823318 2.38355050 1.61214357 1.32851058 5.639874328250e-04 3.762792840626e-06 1.994842941001e-02 2.653855252862e-03 3.190694046948e-04
0 48 2 1.31626741 1.06823318 2.38355050 1.61214357 1.32851058 6.078579014214e-04 4.203157071558e-06 1.956050848567e-02 2.456499625858e-03 3.745263619370e-04
0 49 2 1.31626741 1.06823318 2.38355050 1.61214357 1.32851058 6.167746325587e-04 4.660958071185e-06 1.583895405570e-02 2.969408544771e-03 2.709333880184e-04
0 50 2 1.31626741 1.06823318 2.38355050 1.61214357 1.32851058 5.937137323604e-04 5.132528438873e-06 1.004548740866e-02 2.966616925737e-03 2.047461329094e-04
0 51 2 1.31626741 1.06823318 2.38355050 1.61214357 1.32851058 5.476756870766e-04 5.613661131580e-06 4.273903423350e-03 2.830479404105e-03 2.312443639418e-04
0 52 2 1.31626741 1.06823318 2.38355050 1.61214357 1.32851058 4.919757513068e-04 6.099630941300e-06 7.695602676862e-04 3.538291532000e-03 3.880305666602e-04
0 53 2 1.31626741 1.06823318 2.38355050 1.61214357 1.32851058 4.431145930146e-04 6.585231118914e-06 1.168563749093e-03 4.008062699314e-03 5.844432589318e-04
0 54 2 1.31626741 1.06823318 2.38355050 1.61214357 1.32851058 4.189482238567e-04 7.064825348183e-06 5.889557012066e-03 3.494101589815e-03 6.588669990687e-04
0 55 2 1.31626741 1.06823318 2.38355050 1.61214357 1.32851058 4.356358072740e-04 7.532414922646e-06 1.387310081338e-02 3.546008192094e-03 4.336824262590e-04
0 56 2 1.31626741 1.06823318 2.38355050 1.61214357 1.32851058 5.042873394463e-04 7.981720617997e-06 2.278732677572e-02 4.473019525402e-03 3.834810080531e-04
0 57 2 1.31626741 1.06823318 2.38355050 1.61214357 1.32851058 6.289908084318e-04 8.406278390453e-06 2.970382230189e-02 4.695559349980e-03 3.839185401695e-04
0 58 2 1.31626741 1.06823318 2.38355050 1.61214357 1.32851058 8.071432423751e-04 8.799547675027e-06 3.209517927818e-02 4.736133369922e-03 5.994539928419e-04
0 59 2 1.31626741 1.06823318 2.38355050 1.61214357 1.32851058 1.031191353625e-03 9.155030714147e-06 2.884688150683e-02 6.117880645235e-03 8.294911768754e-04
0 60 2 1.31626741 1.06823318 2.38355050 1.61214357 1.32851058 1.289514825333e-03 9.466401024101e-06 2.088492643261e-02 7.403505549776e-03 8.297148292126e-04
0 61 2 1.31626741 1.06823318 2.38355050 1.61214357 1.32851058 1.564723731627e-03 9.727638811349e-06 1.108106715589e-02 7.256189775816e-03 9.373476631565e-04
0 62 2 1.31626741 1.06823318 2.38355050 1.61214357 1.32851058 1.830249209727e-03 9.933170890031e-06 3.341492219665e-03 7.673061816354e-03 8.583129496565e-04
0 63 2 1.31626741 1.06823318 2.38355050 1.61214357 1.32851058 2.049165265401e-03 1.007801243170e-05 1.140852631461e-03 9.281104418072e-03 1.434861144333e-03
2 0 2 4.14663047 1.39255580 7.71948197 3.74982730 1.81521352 2.021169366882e+02 3.187727578068e+00 1.155898306704e+03 1.483050055519e+02 1.009702146183e+01
2 1 2 4.14663047 1.39255580 7.71948197 3.74982730 1.81521352 1.952679646547e+02 2.999824717357e+00 1.204474813245e+03 1.562395250383e+02 1.101624844007e+01
2 2 2 4.14663047 1.39255580 7.71948197 3.74982730 1.81521352 1.894474467502e+02 2.878394964222e+00 1.272682298680e+03 1.593864893024e+02 1.143664248103e+01
2 3 2 4.14663047 1.39255580 7.71948197 3.74982730 1.81521352 1.818062908862e+02 2.816092181748e+00 1.342150658897e+03 1.582247891386e+02 1.127629855923e+01
2 4 2 4.14663047 1.39255580 7.71948197 3.74982730 1.81521352 1.745049431768e+02 2.741137640559e+00 1.396187600234e+03 1.500763327516e+02 1.045541322861e+01
2 5 2 4.14663047 1.39255580 7.71948197 3.74982730 1.81521352 1.692748527417e+02 2.638372692771e+00 1.424922135354e+03 1.370537172187e+02 9.303532185508e+00
2 6 2 4.14663047 1.39255580 7.71948197 3.74982730 1.81521352 1.646596041890e+02 2.523094903440e+00 1.417679760949e+03 1.218309080268e+02 8.038096664083e+00
2 7 2 4.14663047 1.39255580 7.71948197 3.74982730 1.81521352 1.591695445700e+02 2.401523576695e+00 1.379808155865e+03 1.065057646852e+02 6.643920170405e+00
2 8 2 4.14663047 1.39255580 7.71948197 3.74982730 1.81521352 1.538717604256e+02 2.305939374486e+00 1.322395264231e+03 9.288210166455e+01 5.250689899829e+00
2 9 2 4.14663047 1.39255580 7.71948197 3.74982730 1.81521352 1.484293056328e+02 2.242272710393e+00 1.256561957761e+03 8.222828426982e+01 4.259926668848e+00
2 10 2 4.14663047 1.39255580 7.71948197 3.74982730 1.81521352 1.437294920951e+02 2.158042013852e+00 1.202149522897e+03 7.728124089779e+01 3.918774499316e+00
2 11 2 4.14663047 1.39255580 7.71948197 3.74982730 1.81521352 1.392998018077e+02 2.019416081179e+00 1.170177945440e+03 7.675789702020e+01 4.003361668127e+00
2 12 2 4.14663047 1.39255580 7.71948197 3.74982730 1.81521352 1.354715806154e+02 1.865506453957e+00 1.165376139986e+03 7.980130171572e+01 4.301151631966e+00
2 13 2 4.14663047 1.39255580 7.71948197 3.74982730 1.81521352 1.316651570556e+02 1.777949760406e+00 1.186765779271e+03 8.439873997927e+01 4.874503478380e+00
2 14 2 4.14663047 1.39255580 7.71948197 3.74982730 1.81521352 1.276897599682e+02 1.786172649934e+00 1.231374816139e+03 9.020989631330e+01 5.600113502335e+00
2 15 2 4.14663047 1.39255580 7.71948197 3.74982730 1.81521352 1.240946617282e+02 1.827593394452e+00 1.286706045645e+03 9.546656423656e+01 6.278222700073e+00
2 16 2 4.14663047 1.39255580 7.71948197 3.74982730 1.81521352 1.203263169683e+02 1.827016154201e+00 1.339222510380e+03 9.892094353590e+01 6.785538954651e+00
2 17 2 4.14663047 1.39255580 7.71948197 3.74982730 1.81521352 1.167342183651e+02 1.764461798734e+00 1.379280962886e+03 9.905174668525e+01 7.029106019175e+00
2 18 2 4.14663047 1.39255580 7.71948197 3.74982730 1.81521352 1.133730426368e+02 1.657576917988e+00 1.395111850134e+03 9.524863525929e+01 6.780645934805e+00
2 19 2 4.14663047 1.39255580 7.71948197 3.74982730 1.81521352 1.107590770366e+02 1.554783551435e+00 1.388396308956e+03 8.946730218332e+01 6.054262613149e+00
2 20 2 4.14663047 1.39255580 7.71948197 3.74982730 1.81521352 1.084191289331e+02 1.515685616352e+00 1.355771096901e+03 8.136170906740e+01 5.123050050871e+00
2 21 2 4.14663047 1.39255580 7.71948197 3.74982730 1.81521352 1.060432818683e+02 1.537818573217e+00 1.306902717621e+03 7.193262591706e+01 4.361676562019e+00
2 22 2 4.14663047 1.39255580 7.71948197 3.74982730 1.81521352 1.034064467813e+02 1.564628950359e+00 1.254533173477e+03 6.241102224588e+01 3.694135368322e+00
2 23 2 4.14663047 1.39255580 7.71948197 3.74982730 1.81521352 1.014820529036e+02 1.552942972384e+00 1.205997798085e+03 5.626704665988e+01 3.102548149580e+00
2 24 2 4.14663047 1.39255580 7.71948197 3.74982730 1.81521352 9.890166817767e+01 1.494926543218e+00 1.172293944558e+03 5.341986819338e+01 2.780099832048e+00
2 25 2 4.14663047 1.39255580 7.71948197 3.74982730 1.81521352 9.735275029059e+01 1.414544605532e+00 1.159321864590e+03 5.391760530704e+01 2.782313940446e+00
2 26 2 4.14663047 1.39255580 7.71948197 3.74982730 1.81521352 9.635298314684e+01 1.344291753238e+00 1.168898716007e+03 5.670451781630e+01 3.041545855715e+00
2 27 2 4.14663047 1.39255580 7.71948197 3.74982730 1.81521352 9.585328358187e+01 1.296724175824e+00 1.200101382800e+03 6.121685413019e+01 3.492009035135e+00
2 28 2 4.14663047 1.39255580 7.71948197 3.74982730 1.81521352 9.563353145396e+01 1.263214222571e+00 1.241417060582e+03 6.736020723743e+01 4.072229178947e+00
2 29 2 4.14663047 1.39255580 7.71948197 3.74982730 1.81521352 9.510966452626e+01 1.229986914706e+00 1.287629692229e+03 7.282123962315e+01 4.536326915560e+00
2 30 2 4.14663047 1.39255580 7.71948197 3.74982730 1.81521352 9.366524961915e+01 1.202946187439e+00 1.327166186390e+03 7.645059603014e+01 4.777452873977e+00
2 31 2 4.14663047 1.39255580 7.71948197 3.74982730 1.81521352 9.224009582669e+01 1.223656822262e+00 1.344362889110e+03 7.782384072011e+01 4.944338477495e+00
2 32 2 4.14663047 1.39255580 7.71948197 3.74982730 1.81521352 9.447720810180e+01 1.309877203597e+00 1.354505032807e+03 7.982615909855e+01 5.281370192169e+00
2 33 2 4.14663047 1.39255580 7.71948197 3.74982730 1.81521352 9.651607083554e+01 1.400391111718e+00 1.339945032745e+03 7.889215800978e+01 5.390055446845e+00
2 34 2 4.14663047 1.39255580 7.71948197 3.74982730 1.81521352 9.682209041633e+01 1.437489723093e+00 1.303293757425e+03 7.417967487027e+01 5.005394729536e+00
2 35 2 4.14663047 1.39255580 7.71948197 3.74982730 1.81521352 9.685740047914e+01 1.439225839689e+00 1.263380872910e+03 6.775065651129e+01 4.337482475741e+00
2 36 2 4.14663047 1.39255580 7.71948197 3.74982730 1.81521352 9.782524713187e+01 1.451436723048e+00 1.221276624376e+03 6.168500258698e+01 3.679481973763e+00
2 37 2 4.14663047 1.39255580 7.71948197 3.74982730 1.81521352 9.935492136350e+01 1.495602665030e+00 1.191388189480e+03 5.696112340302e+01 3.162812757357e+00
2 38 2 4.14663047 1.39255580 7.71948197 3.74982730 1.81521352 1.015200236132e+02 1.559123975321e+00 1.180804993067e+03 5.398715504835e+01 2.839201223295e+00
2 39 2 4.14663047 1.39255580 7.71948197 3.74982730 1.81521352 1.040870722958e+02 1.607987826617e+00 1.192075706729e+03 5.469193730622e+01 2.832927590280e+00
2 40 2 4.14663047 1.39255580 7.71948197 3.74982730 1.81521352 1.063534576295e+02 1.619343324254e+00 1.225005049424e+03 5.915666656061e+01 3.159521308794e+00
2 41 2 4.14663047 1.39255580 7.71948197 3.74982730 1.81521352 1.082853153373e+02 1.602880832206e+00 1.273949741870e+03 6.735915827889e+01 3.728920223231e+00
2 42 2 4.14663047 1.39255580 7.71948197 3.74982730 1.81521352 1.108912542494e+02 1.591631253270e+00 1.330782859899e+03 7.664776079903e+01 4.511870962311e+00
2 43 2 4.14663047 1.39255580 7.71948197 3.74982730 1.81521352 1.131125058266e+02 1.622197914911e+00 1.383383427021e+03 8.549928177488e+01 5.567402773004e+00
2 44 2 4.14663047 1.39255580 7.71948197 3.74982730 1.81521352 1.158631709471e+02 1.691575777446e+00 1.418131572524e+03 9.369307324516e+01 6.511020063569e+00
2 45 2 4.14663047 1.39255580 7.71948197 3.74982730 1.81521352 1.194627156848e+02 1.752012108194e+00 1.430416712149e+03 1.006427330510e+02 6.988219639239e+00
2 46 2 4.14663047 1.39255580 7.71948197 3.74982730 1.81521352 1.230034850823e+02 1.786145841383e+00 1.416788220447e+03 1.043513600305e+02 7.065828588874e+00
2 47 2 4.14663047 1.39255580 7.71948197 3.74982730 1.81521352 1.266741512684e+02 1.817602235404e+00 1.377647699134e+03 1.040277242063e+02 6.912643056224e+00
2 48 2 4.14663047 1.39255580 7.71948197 3.74982730 1.81521352 1.300938688028e+02 1.870269507310e+00 1.325435422738e+03 1.009007917457e+02 6.555697728192e+00
2 49 2 4.14663047 1.39255580 7.71948197 3.74982730 1.81521352 1.340383450665e+02 1.971434717552e+00 1.267891606529e+03 9.558578447545e+01 5.963524518478e+00
2 50 2 4.14663047 1.39255580 7.71948197 3.74982730 1.81521352 1.379034353858e+02 2.120484228419e+00 1.223200882504e+03 8.946801373090e+01 5.293876271859e+00
2 51 2 4.14663047 1.39255580 7.71948197 3.74982730 1.81521352 1.423182648433e+02 2.252104719075e+00 1.199740308280e+03 8.349456353627e+01 4.684394318882e+00
2 52 2 4.14663047 1.39255580 7.71948197 3.74982730 1.81521352 1.469567142142e+02 2.305488633949e+00 1.204907833117e+03 8.002849866152e+01 4.216151345604e+00
2 53 2 4.14663047 1.39255580 7.71948197 3.74982730 1.81521352 1.525222587463e+02 2.311463366600e+00 1.240068514400e+03 8.138620710125e+01 4.145491403400e+00
2 54 2 4.14663047 1.39255580 7.71948197 3.74982730 1.81521352 1.580026959374e+02 2.361721104828e+00 1.300211446671e+03 8.861184372133e+01 4.781383542403e+00
2 55 2 4.14663047 1.39255580 7.71948197 3.74982730 1.81521352 1.638400561051e+02 2.509529922392e+00 1.366761712784e+03 1.005752418259e+02 5.929551235979e+00
2 56 2 4.14663047 1.39255580 7.71948197 3.74982730 1.81521352 1.693568938057e+02 2.705224109176e+00 1.425659731645e+03 1.154656779881e+02 7.240979802147e+00
2 57 2 4.14663047 1.39255580 7.71948197 3.74982730 1.81521352 1.749080450924e+02 2.855894004397e+00 1.464234660595e+03 1.324855852612e+02 8.673692794677e+00
2 58 2 4.14663047 1.39255580 7.71948197 3.74982730 1.81521352 1.808996423038e+02 2.929582756418e+00 1.468445167723e+03 1.488285668146e+02 1.019978573189e+01
2 59 2 4.14663047 1.39255580 7.71948197 3.74982730 1.81521352 1.889939070124e+02 2.935400901493e+00 1.438972206746e+03 1.616630029260e+02 1.154322429270e+01
2 60 2 4.14663047 1.39255580 7.71948197 3.74982730 1.81521352 1.970675660093e+02 2.918133010043e+00 1.382034514688e+03 1.682459681530e+02 1.218880748840e+01
2 61 2 4.14663047 1.39255580 7.71948197 3.74982730 1.81521352 2.030692365970e+02 2.975677966411e+00 1.307925495803e+03 1.694204819163e+02 1.208832380769e+01
2 62 2 4.14663047 1.39255580 7.71948197 3.74982730 1.81521352 2.100881626115e+02 3.140367346536e+00 1.236441712239e+03 1.654878382824e+02 1.136874131547e+01
2 63 2 4.14663047 1.39255580 7.71948197 3.74982730 1.81521352 2.181727089965e+02 3.330689384491e+00 1.189657008368e+03 1.562482801465e+02 1.006943826047e+01
11 0 2 0.91735177 2.24931884 0.92217277 1.25720805 1.94723412 8.588262561957e-05 1.169519903766e-02 9.308105769122e-04 1.663137020234e-03 2.209994237721e-04
11 1 2 0.91735177 2.24931884 0.92217277 1.25720805 1.94723412 3.456712956372e-05 1.088062610060e-02 4.657453225053e-03 1.870758741707e-03 5.599023396506e-05
11 2 2 0.91735177 2.24931884 0.92217277 1.25720805 1.94723412 3.209581302987e-06 1.009147806966e-02 1.107888653768e-02 2.780553223299e-03 2.796498149026e-05
11 3 2 0.91735177 2.24931884 0.92217277 1.25720805 1.94723412 6.736855623565e-06 9.329843259774e-03 1.839642491988e-02 3.318184354121e-03 1.424831615789e-04
11 4 2 0.91735177 2.24931884 0.92217277 1.25720805 1.94723412 4.957154179803e-05 8.597527672822e-03 2.388528555657e-02 3.098073424918e-03 3.417501472057e-04
11 5 2 0.91735177 2.24931884 0.92217277 1.25720805 1.94723412 1.384199237391e-04 7.896052400772e-03 2.566340195509e-02 2.223151285631e-03 4.760835195549e-04
11 6 2 0.91735177 2.24931884 0.92217277 1.25720805 1.94723412 2.104445788214e-04 7.226653893924e-03 2.474360829056e-02 2.124258881266e-03 7.530904733300e-04
11 7 2 0.91735177 2.24931884 0.92217277 1.25720805 1.94723412 2.747172850405e-04 6.590287109383e-03 2.177423132493e-02 3.225877117353e-03 1.052071667789e-03
11 8 2 0.91735177 2.24931884 0.92217277 1.25720805 1.94723412 2.332776995372e-04 5.987631519391e-03 1.603253002397e-02 4.046990661222e-03 9.627326726868e-04
11 9 2 0.91735177 2.24931884 0.92217277 1.25720805 1.94723412 1.762504982913e-04 5.419099922874e-03 9.577112575164e-03 2.866965752741e-03 1.423393428926e-03
11 10 2 0.91735177 2.24931884 0.92217277 1.25720805 1.94723412 1.020640306435e-04 4.884849967056e-03 4.898726484835e-03 9.860442029490e-04 1.534991224386e-03
11 11 2 0.91735177 2.24931884 0.92217277 1.25720805 1.94723412 8.835058651834e-05 4.384798249859e-03 3.068924900045e-03 4.397184803696e-04 1.557469772097e-03
11 12 2 0.91735177 2.24931884 0.92217277 1.25720805 1.94723412 1.293560859068e-04 3.918636838626e-03 3.010109637380e-03 9.108221404208e-04 2.033527144880e-03
11 13 2 0.91735177 2.24931884 0.92217277 1.25720805 1.94723412 2.107367972607e-04 3.485852007128e-03 4.095535509824e-03 8.161415839004e-04 2.114125980692e-03
11 14 2 0.91735177 2.24931884 0.92217277 1.25720805 1.94723412 2.561112790152e-04 3.085744961341e-03 6.103304295609e-03 1.467886224665e-04 2.132630024798e-03
11 15 2 0.91735177 2.24931884 0.92217277 1.25720805 1.94723412 2.888639519614e-04 2.717454295718e-03 7.453482933458e-03 7.081797148212e-05 2.550962023700e-03
11 16 2 0.91735177 2.24931884 0.92217277 1.25720805 1.94723412 2.597625928707e-04 2.379979896058e-03 7.158632347160e-03 5.028346942911e-04 2.439731703073e-03
11 17 2 0.91735177 2.24931884 0.92217277 1.25720805 1.94723412 2.474176203512e-04 2.072207983165e-03 5.397437861290e-03 5.743654947590e-04 2.437254458866e-03
11 18 2 0.91735177 2.24931884 0.92217277 1.25720805 1.94723412 2.237341222931e-04 1.792936973554e-03 3.036287767821e-03 3.148611839546e-04 2.480613295571e-03
11 19 2 0.91735177 2.24931884 0.92217277 1.25720805 1.94723412 2.198531457209e-04 1.540903819946e-03 1.020395295341e-03 2.199681262533e-04 2.476573251322e-03
11 20 2 0.91735177 2.24931884 0.92217277 1.25720805 1.94723412 2.269455257943e-04 1.314810485417e-03 2.836552391291e-05 3.787334328729e-04 2.122949089316e-03
11 21 2 0.91735177 2.24931884 0.92217277 1.25720805 1.94723412 2.207380741747e-04 1.113350201031e-03 7.377398489680e-04 5.221687543029e-04 2.397045132778e-03
11 22 2 0.91735177 2.24931884 0.92217277 1.25720805 1.94723412 2.523254318962e-04 9.352331576957e-04 3.462337793893e-03 5.930952428626e-04 2.215730724113e-03
11 23 2 0.91735177 2.24931884 0.92217277 1.25720805 1.94723412 2.497645490603e-04 7.792112889129e-04 7.491252718041e-03 4.800534703743e-04 2.147872758240e-03
11 24 2 0.91735177 2.24931884 0.92217277 1.25720805 1.94723412 2.826899165549e-04 6.441018119286e-04 1.177243312242e-02 3.371561425029e-04 2.615799099306e-03
11 25 2 0.91735177 2.24931884 0.92217277 1.25720805 1.94723412 2.640595601835e-04 5.288092104877e-04 1.510208954451e-02 6.723759060517e-04 2.458102626041e-03
11 26 2 0.91735177 2.24931884 0.92217277 1.25720805 1.94723412 2.676056265938e-04 4.323453626825e-04 1.710117097860e-02 1.440121264055e-03 2.917278748991e-03
11 27 2 0.91735177 2.24931884 0.92217277 1.25720805 1.94723412 2.734813426448e-04 3.538475420149e-04 1.751849887429e-02 1.830632813103e-03 3.179408745875e-03
11 28 2 0.91735177 2.24931884 0.92217277 1.25720805 1.94723412 3.353906508598e-04 2.925940484068e-04 1.549265057811e-02 1.314053438534e-03 3.535814518592e-03
11 29 2 0.91735177 2.24931884 0.92217277 1.25720805 1.94723412 4.427758017622e-04 2.480172580752e-04 1.166919015522e-02 9.861704393289e-04 3.519020241265e-03
11 30 2 0.91735177 2.24931884 0.92217277 1.25720805 1.94723412 5.671804682391e-04 2.197139164591e-04 7.914306997137e-03 1.723647740495e-03 4.182155281863e-03
11 31 2 0.91735177 2.24931884 0.92217277 1.25720805 1.94723412 6.457591624520e-04 2.074525362312e-04 5.690990933143e-03 2.742775158985e-03 3.910339695301e-03
11 32 2 0.91735177 2.24931884 0.92217277 1.25720805 1.94723412 6.417466690502e-04 2.111778022666e-04 4.644620486784e-03 2.581624319020e-03 3.908367544825e-03
11 33 2 0.91735177 2.24931884 0.92217277 1.25720805 1.94723412 5.558377616863e-04 2.310119266857e-04 4.952385415566e-03 1.473513525499e-03 4.158488090157e-03
11 34 2 0.91735177 2.24931884 0.92217277 1.25720805 1.94723412 4.297999931112e-04 2.672529391106e-04 7.144470026079e-03 9.958368397061e-04 3.497524710574e-03
11 35 2 0.91735177 2.24931884 0.92217277 1.25720805 1.94723412 3.241887810322e-04 3.203699394427e-04 1.009567251034e-02 1.526333366567e-03 3.505725685503e-03
11 36 2 0.91735177 2.24931884 0.92217277 1.25720805 1.94723412 2.664061095875e-04 3.909953821460e-04 1.209571367190e-02 1.921271425817e-03 3.152210614510e-03
11 37 2 0.91735177 2.24931884 0.92217277 1.25720805 1.94723412 2.638791960728e-04 4.799145015824e-04 1.233412601156e-02 1.308580648324e-03 2.912240718309e-03
11 38 2 0.91735177 2.24931884 0.92217277 1.25720805 1.94723412 2.612658995480e-04 5.880520267790e-04 1.126595856544e-02 5.450010858112e-04 2.455932600441e-03
11 39 2 0.91735177 2.24931884 0.92217277 1.25720805 1.94723412 2.812617898620e-04 7.164563705437e-04 8.925876345377e-03 3.911031715497e-04 2.664123987735e-03
11 40 2 0.91735177 2.24931884 0.92217277 1.25720805 1.94723412 2.487772563792e-04 8.662815115355e-04 5.614171345312e-03 6.126184491295e-04 2.199318889583e-03
11 41 2 0.91735177 2.24931884 0.92217277 1.25720805 1.94723412 2.543427463588e-04 1.038766818257e-03 2.422817738420e-03 6.416936643923e-04 2.318958919328e-03
11 42 2 0.91735177 2.24931884 0.92217277 1.25720805 1.94723412 2.238041085775e-04 1.235215090530e-03 3.875543087897e-04 4.870812286383e-04 2.528675660121e-03
11 43 2 0.91735177 2.24931884 0.92217277 1.25720805 1.94723412 2.308852864106e-04 1.456969116466e-03 2.971450461440e-04 3.741908617277e-04 2.263553576482e-03
11 44 2 0.91735177 2.24931884 0.92217277 1.25720805 1.94723412 2.226917763623e-04 1.705387060954e-03 1.975111517057e-03 2.870754110142e-04 2.656679181768e-03
11 45 2 0.91735177 2.24931884 0.92217277 1.25720805 1.94723412 2.264245218451e-04 1.981817015030e-03 4.819994102019e-03 3.811271184039e-04 2.660106890293e-03
11 46 2 0.91735177 2.24931884 0.92217277 1.25720805 1.94723412 2.508042359068e-04 2.287571043991e-03 8.190755591109e-03 5.468795256157e-04 2.623476886591e-03
11 47 2 0.91735177 2.24931884 0.92217277 1.25720805 1.94723412 2.649919635296e-04 2.623899075762e-03 1.093714125746e-02 4.047825113047e-04 2.616018024599e-03
11 48 2 0.91735177 2.24931884 0.92217277 1.25720805 1.94723412 2.927120998730e-04 2.991962969708e-03 1.180239741733e-02 2.993143601060e-05 2.739301852871e-03
11 49 2 0.91735177 2.24931884 0.92217277 1.25720805 1.94723412 2.574703463184e-04 3.392811100060e-03 1.037866537026e-02 2.042526622046e-04 2.291069080975e-03
11 50 2 0.91735177 2.24931884 0.92217277 1.25720805 1.94723412 2.075250544375e-04 3.827353777365e-03 7.575590280062e-03 8.460602382103e-04 2.274416530112e-03
11 51 2 0.91735177 2.24931884 0.92217277 1.25720805 1.94723412 1.279553484548e-04 4.296339816296e-03 5.154926767828e-03 8.462731503140e-04 2.203390899257e-03
11 52 2 0.91735177 2.24931884 0.92217277 1.25720805 1.94723412 9.421890066244e-05 4.800334538966e-03 3.330566416405e-03 4.834783311215e-04 1.695368494610e-03
11 53 2 0.91735177 2.24931884 0.92217277 1.25720805 1.94723412 1.204892051150e-04 5.339699479960e-03 3.009835867896e-03 1.321019422007e-03 1.692872398501e-03
11 54 2 0.91735177 2.24931884 0.92217277 1.25720805 1.94723412 2.064049114973e-04 5.914574033159e-03 5.621539019410e-03 3.244264018217e-03 1.577353554944e-03
11 55 2 0.91735177 2.24931884 0.92217277 1.25720805 1.94723412 2.640060386027e-04 6.524859251426e-03 1.057249997271e-02 4.098320482437e-03 1.085035441135e-03
11 56 2 0.91735177 2.24931884 0.92217277 1.25720805 1.94723412 3.013010158879e-04 7.170203978976e-03 1.565000857086e-02 3.048950343257e-03 1.179093138297e-03
11 57 2 0.91735177 2.24931884 0.92217277 1.25720805 1.94723412 2.234890914255e-04 7.849993463303e-03 1.888725255500e-02 2.169653094721e-03 8.518467975935e-04
11 58 2 0.91735177 2.24931884 0.92217277 1.25720805 1.94723412 1.431438477002e-04 8.563340559387e-03 2.057868743185e-02 2.550795803756e-03 5.353535161425e-04
11 59 2 0.91735177 2.24931884 0.92217277 1.25720805 1.94723412 4.861916465498e-05 9.309079604262e-03 1.981683742069e-02 3.313442785562e-03 3.770413090696e-04
11 60 2 0.91735177 2.24931884 0.92217277 1.25720805 1.94723412 5.687306642325e-06 1.008576300537e-02 1.546656551189e-02 3.210280969125e-03 1.602376962710e-04
11 61 2 0.91735177 2.24931884 0.92217277 1.25720805 1.94723412 4.731031788714e-06 1.089166055208e-02 9.231968823390e-03 2.626869521258e-03 4.131099443654e-05
11 62 2 0.91735177 2.24931884 0.92217277 1.25720805 1.94723412 4.139678137292e-05 1.172476142688e-02 3.640148098704e-03 1.991345027359e-03 7.857030746353e-05
11 63 2 0.91735177 2.24931884 0.92217277 1.25720805 1.94723412 9.953068387654e-05 1.258277886157e-02 5.226317954534e-04 2.009166048975e-03 2.881207953547e-04
14 0 2 1.24756065 1.26520383 1.90624546 1.72387545 1.61044621 2.779587411123e+00 1.121831281207e-02 9.221190431815e+00 4.398869184208e+00 5.583322545095e-02
14 1 2 1.24756065 1.26520383 1.90624546 1.72387545 1.61044621 2.630118423149e+00 1.340633840447e-02 8.336281225596e+00 4.872897377712e+00 3.691303682137e-02
14 2 2 1.24756065 1.26520383 1.90624546 1.72387545 1.61044621 2.475305710102e+00 1.393895737190e-02 7.679124672928e+00 3.977094813879e+00 2.385061071171e-02
14 3 2 1.24756065 1.26520383 1.90624546 1.72387545 1.61044621 2.310357553070e+00 1.404079974703e-02 6.946469557984e+00 4.100585932114e+00 1.776994709147e-02
14 4 2 1.24756065 1.26520383 1.90624546 1.72387545 1.61044621 2.158164552433e+00 1.289261321269e-02 6.426980242933e+00 5.234628061141e+00 2.162137133385e-02
14 5 2 1.24756065 1.26520383 1.90624546 1.72387545 1.61044621 1.957654488630e+00 1.095969802231e-02 5.852913531136e+00 4.922127009081e+00 3.609927423519e-02
14 6 2 1.24756065 1.26520383 1.90624546 1.72387545 1.61044621 1.769562237244e+00 8.844807028686e-03 5.533509193691e+00 4.472893115608e+00 5.009921990396e-02
14 7 2 1.24756065 1.26520383 1.90624546 1.72387545 1.61044621 1.581527417007e+00 6.280022625856e-03 5.089028795033e+00 5.581828680638e+00 5.885627299921e-02
14 8 2 1.24756065 1.26520383 1.90624546 1.72387545 1.61044621 1.416078066516e+00 4.000639023690e-03 4.912622239963e+00 5.894442683316e+00 5.832389260388e-02
14 9 2 1.24756065 1.26520383 1.90624546 1.72387545 1.61044621 1.267121459737e+00 2.337380910913e-03 4.504135430607e+00 5.037029505104e+00 5.706915447951e-02
14 10 2 1.24756065 1.26520383 1.90624546 1.72387545 1.61044621 1.110515529672e+00 1.752863962149e-03 4.414899935901e+00 5.298618899296e+00 5.146962624572e-02
14 11 2 1.24756065 1.26520383 1.90624546 1.72387545 1.61044621 9.815694370258e-01 1.998348021341e-03 4.179405146595e+00 5.869853795581e+00 4.855319390553e-02
14 12 2 1.24756065 1.26520383 1.90624546 1.72387545 1.61044621 8.524932000155e-01 2.604258538599e-03 4.144510880425e+00 4.924366986117e+00 4.512249563108e-02
14 13 2 1.24756065 1.26520383 1.90624546 1.72387545 1.61044621 7.438514644325e-01 3.743656866402e-03 4.072028213848e+00 4.107633560334e+00 3.787913014570e-02
14 14 2 1.24756065 1.26520383 1.90624546 1.72387545 1.61044621 6.852937672642e-01 5.044416753222e-03 4.165281102815e+00 4.421716941497e+00 2.778768794932e-02
14 15 2 1.24756065 1.26520383 1.90624546 1.72387545 1.61044621 6.444938724308e-01 6.038183612752e-03 4.131073873232e+00 4.041832861105e+00 1.692779655030e-02
14 16 2 1.24756065 1.26520383 1.90624546 1.72387545 1.61044621 6.336178049938e-01 6.330944745865e-03 4.271214356938e+00 2.965653043942e+00 1.028034600137e-02
14 17 2 1.24756065 1.26520383 1.90624546 1.72387545 1.61044621 6.186037396778e-01 5.984882543633e-03 4.263140680497e+00 2.927881070017e+00 1.076563108768e-02
14 18 2 1.24756065 1.26520383 1.90624546 1.72387545 1.61044621 6.202517454963e-01 5.586901285316e-03 4.385328468459e+00 3.063172343997e+00 1.756886032552e-02
14 19 2 1.24756065 1.26520383 1.90624546 1.72387545 1.61044621 6.416762502894e-01 4.762982568887e-03 4.423991129932e+00 2.326522412945e+00 2.615513730019e-02
14 20 2 1.24756065 1.26520383 1.90624546 1.72387545 1.61044621 6.696744990618e-01 4.067841623989e-03 4.434205609997e+00 2.138913172220e+00 3.395110268978e-02
14 21 2 1.24756065 1.26520383 1.90624546 1.72387545 1.61044621 7.107974995861e-01 3.194594409290e-03 4.582885450795e+00 2.601851520979e+00 3.576389456868e-02
14 22 2 1.24756065 1.26520383 1.90624546 1.72387545 1.61044621 7.415072253957e-01 2.145742252633e-03 4.640095165947e+00 2.348554901354e+00 3.758868315870e-02
14 23 2 1.24756065 1.26520383 1.90624546 1.72387545 1.61044621 7.694391976336e-01 1.286200662037e-03 4.773603242578e+00 2.032254334498e+00 4.985922961503e-02
14 24 2 1.24756065 1.26520383 1.90624546 1.72387545 1.61044621 7.879966420500e-01 8.702959907043e-04 4.836063216079e+00 2.570978538250e+00 6.025454498655e-02
14 25 2 1.24756065 1.26520383 1.90624546 1.72387545 1.61044621 7.894888063545e-01 1.056014997662e-03 5.000427833930e+00 2.792211482002e+00 5.909991159221e-02
14 26 2 1.24756065 1.26520383 1.90624546 1.72387545 1.61044621 8.108331769524e-01 1.689379252333e-03 4.977345625259e+00 2.489153315286e+00 4.800805847671e-02
14 27 2 1.24756065 1.26520383 1.90624546 1.72387545 1.61044621 8.229499548708e-01 2.618276959783e-03 5.129822505193e+00 2.903160073835e+00 3.232051591184e-02
14 28 2 1.24756065 1.26520383 1.90624546 1.72387545 1.61044621 8.337336289710e-01 3.844002895796e-03 5.061760477687e+00 3.558399931016e+00 1.565226985832e-02
14 29 2 1.24756065 1.26520383 1.90624546 1.72387545 1.61044621 8.191776997933e-01 4.918344555442e-03 5.184706257904e+00 3.270002566996e+00 4.969059460764e-03
14 30 2 1.24756065 1.26520383 1.90624546 1.72387545 1.61044621 7.687663630870e-01 5.494270974951e-03 5.160388058198e+00 3.144817116787e+00 1.350456128543e-03
14 31 2 1.24756065 1.26520383 1.90624546 1.72387545 1.61044621 7.310315349586e-01 5.271225867677e-03 5.191592845338e+00 3.748000100132e+00 2.730420743522e-03
14 32 2 1.24756065 1.26520383 1.90624546 1.72387545 1.61044621 7.098120363681e-01 5.245228374551e-03 5.237674463684e+00 3.705328124082e+00 8.889333971588e-03
14 33 2 1.24756065 1.26520383 1.90624546 1.72387545 1.61044621 6.943799127147e-01 5.409139823584e-03 5.325866844652e+00 3.090124119406e+00 1.559938714514e-02
14 34 2 1.24756065 1.26520383 1.90624546 1.72387545 1.61044621 6.568278846769e-01 4.789795376836e-03 5.247965434258e+00 3.267161224320e+00 2.761120842864e-02
14 35 2 1.24756065 1.26520383 1.90624546 1.72387545 1.61044621 5.977169583238e-01 3.705437494291e-03 5.289162170287e+00 3.464951675237e+00 4.516872927211e-02
14 36 2 1.24756065 1.26520383 1.90624546 1.72387545 1.61044621 5.636638289655e-01 2.494292840637e-03 5.205339111497e+00 2.799617373861e+00 6.246771808588e-02
14 37 2 1.24756065 1.26520383 1.90624546 1.72387545 1.61044621 5.413807596533e-01 1.591478256477e-03 5.118427270814e+00 2.501902626528e+00 7.148151779330e-02
14 38 2 1.24756065 1.26520383 1.90624546 1.72387545 1.61044621 5.421656348405e-01 9.961971304962e-04 5.042381091054e+00 2.878702308649e+00 6.923205001801e-02
14 39 2 1.24756065 1.26520383 1.90624546 1.72387545 1.61044621 5.480996963033e-01 8.462395447807e-04 4.864095958877e+00 2.580959600684e+00 5.836640339692e-02
14 40 2 1.24756065 1.26520383 1.90624546 1.72387545 1.61044621 5.490214192778e-01 1.296226848313e-03 4.815559523278e+00 2.049104851960e+00 3.929501687295e-02
14 41 2 1.24756065 1.26520383 1.90624546 1.72387545 1.61044621 5.710506323243e-01 2.199433693746e-03 4.640099027399e+00 2.416856222648e+00 1.918037669034e-02
14 42 2 1.24756065 1.26520383 1.90624546 1.72387545 1.61044621 6.001921762529e-01 3.303407405327e-03 4.564489818759e+00 2.565873741079e+00 8.583505062210e-03
14 43 2 1.24756065 1.26520383 1.90624546 1.72387545 1.61044621 6.551769098403e-01 4.238735197306e-03 4.377200393253e+00 2.137625437813e+00 5.131542085357e-03
14 44 2 1.24756065 1.26520383 1.90624546 1.72387545 1.61044621 7.296248615850e-01 5.010297299133e-03 4.361235795907e+00 2.581806984214e+00 3.078984656611e-03
14 45 2 1.24756065 1.26520383 1.90624546 1.72387545 1.61044621 8.172784752869e-01 5.901410531665e-03 4.051975581348e+00 3.393503997956e+00 5.730376270866e-03
14 46 2 1.24756065 1.26520383 1.90624546 1.72387545 1.61044621 9.229553362508e-01 6.328814207269e-03 4.028913579657e+00 3.276152648101e+00 1.401932542619e-02
14 47 2 1.24756065 1.26520383 1.90624546 1.72387545 1.61044621 1.015437779473e+00 6.707342011806e-03 3.801396913078e+00 3.559032806465e+00 2.879634626271e-02
14 48 2 1.24756065 1.26520383 1.90624546 1.72387545 1.61044621 1.132035983602e+00 6.399768183475e-03 3.798567739075e+00 4.765246016962e+00 4.885830000263e-02
14 49 2 1.24756065 1.26520383 1.90624546 1.72387545 1.61044621 1.264905911910e+00 5.357569808307e-03 3.704526417494e+00 5.098342183006e+00 6.468859861255e-02
14 50 2 1.24756065 1.26520383 1.90624546 1.72387545 1.61044621 1.409784532152e+00 3.982715491959e-03 3.782407764341e+00 4.763337662696e+00 7.017533244956e-02
14 51 2 1.24756065 1.26520383 1.90624546 1.72387545 1.61044621 1.563575641660e+00 2.773999969216e-03 3.854051664458e+00 5.653242974719e+00 6.565919476441e-02
14 52 2 1.24756065 1.26520383 1.90624546 1.72387545 1.61044621 1.667765347058e+00 2.133381143603e-03 4.091509151058e+00 6.390113493259e+00 5.596930433996e-02
14 53 2 1.24756065 1.26520383 1.90624546 1.72387545 1.61044621 1.779690481891e+00 1.905198021504e-03 4.241365217733e+00 5.537209245535e+00 4.193229915482e-02
14 54 2 1.24756065 1.26520383 1.90624546 1.72387545 1.61044621 1.879011322835e+00 2.601744934374e-03 4.600300597937e+00 5.326269929595e+00 3.190155013361e-02
14 55 2 1.24756065 1.26520383 1.90624546 1.72387545 1.61044621 1.963672688330e+00 4.475509051593e-03 4.917614771309e+00 6.242975494628e+00 2.140197338884e-02
14 56 2 1.24756065 1.26520383 1.90624546 1.72387545 1.61044621 2.070958191835e+00 6.980678379509e-03 5.323563853879e+00 5.691736255478e+00 1.435231451583e-02
14 57 2 1.24756065 1.26520383 1.90624546 1.72387545 1.61044621 2.158162981391e+00 9.734658364444e-03 5.900613067136e+00 4.666353983143e+00 1.202997112724e-02
14 58 2 1.24756065 1.26520383 1.90624546 1.72387545 1.61044621 2.239402547319e+00 1.192333631305e-02 6.480174750664e+00 5.220317574977e+00 1.768613522420e-02
14 59 2 1.24756065 1.26520383 1.90624546 1.72387545 1.61044621 2.292262544935e+00 1.384164382729e-02 7.294791645305e+00 5.302475339516e+00 3.433726651133e-02
14 60 2 1.24756065 1.26520383 1.90624546 1.72387545 1.61044621 2.330749903162e+00 1.486584814864e-02 7.988599376564e+00 4.092630381176e+00 5.340902557370e-02
14 61 2 1.24756065 1.26520383 1.90624546 1.72387545 1.61044621 2.405041184960e+00 1.461546371245e-02 8.936163422575e+00 4.232267796066e+00 7.229381016858e-02
14 62 2 1.24756065 1.26520383 1.90624546 1.72387545 1.61044621 2.451171307920e+00 1.396622735025e-02 9.669231720986e+00 5.204899321877e+00 8.689688264881e-02
14 63 2 1.24756065 1.26520383 1.90624546 1.72387545 1.61044621 2.541384149368e+00 1.158787222669e-02 1.076293553572e+01 4.637228506474e+00 1.041206886098e-01
15 0 2 1.02822765 2.41449228 1.08000287 1.49597352 2.42016236 5.498025849443e-03 1.287124579832e-06 1.014475470840e+00 3.519379769968e-02 2.482385553486e-02
15 1 2 1.02822765 2.41449228 1.08000287 1.49597352 2.42016236 4.171565853899e-03 1.239637510872e-06 9.543306455724e-01 3.153381318678e-02 1.936707070973e-02
15 2 2 1.02822765 2.41449228 1.08000287 1.49597352 2.42016236 3.429560757707e-03 1.193730509109e-06 9.389807588852e-01 2.464079020581e-02 1.923635104712e-02
15 3 2 1.02822765 2.41449228 1.08000287 1.49597352 2.42016236 3.455974009680e-03 1.149403627475e-06 9.351802147311e-01 2.351703789439e-02 2.196029430475e-02
15 4 2 1.02822765 2.41449228 1.08000287 1.49597352 2.42016236 3.913466295744e-03 1.106656917080e-06 9.122567229838e-01 2.854214775702e-02 2.477136787104e-02
15 5 2 1.02822765 2.41449228 1.08000287 1.49597352 2.42016236 4.298092285125e-03 1.065490427209e-06 8.575992431460e-01 3.302440950940e-02 2.539106931869e-02
15 6 2 1.02822765 2.41449228 1.08000287 1.49597352 2.42016236 4.412646329741e-03 1.025904205329e-06 8.039112796866e-01 2.932629447834e-02 1.991934427651e-02
15 7 2 1.02822765 2.41449228 1.08000287 1.49597352 2.42016236 4.078390125802e-03 9.878982970829e-07 7.570617420086e-01 2.078455252360e-02 1.772020960218e-02
15 8 2 1.02822765 2.41449228 1.08000287 1.49597352 2.42016236 3.411608094739e-03 9.514727462915e-07 7.208517221379e-01 1.792117827910e-02 1.472675820538e-02
15 9 2 1.02822765 2.41449228 1.08000287 1.49597352 2.42016236 3.154050935404e-03 9.166275949539e-07 7.071822289794e-01 2.152982679797e-02 1.631314853797e-02
15 10 2 1.02822765 2.41449228 1.08000287 1.49597352 2.42016236 3.073178603082e-03 8.833628832469e-07 7.036702676946e-01 2.525397363101e-02 1.882807066229e-02
15 11 2 1.02822765 2.41449228 1.08000287 1.49597352 2.42016236 2.992892653396e-03 8.516786495244e-07 6.848576536848e-01 2.403543563478e-02 1.924016941065e-02
15 12 2 1.02822765 2.41449228 1.08000287 1.49597352 2.42016236 2.955634575676e-03 8.215749303200e-07 6.389572694947e-01 1.926851343900e-02 1.746996594145e-02
15 13 2 1.02822765 2.41449228 1.08000287 1.49597352 2.42016236 2.915457061237e-03 7.930517603422e-07 5.887996394900e-01 1.756226910155e-02 1.544592103423e-02
15 14 2 1.02822765 2.41449228 1.08000287 1.49597352 2.42016236 2.716988011244e-03 7.661091724786e-07 5.633750383929e-01 1.895313837815e-02 1.201165889178e-02
15 15 2 1.02822765 2.41449228 1.08000287 1.49597352 2.42016236 2.721149536058e-03 7.407471977949e-07 5.586807627906e-01 1.878037615251e-02 1.298184781864e-02
15 16 2 1.02822765 2.41449228 1.08000287 1.49597352 2.42016236 2.828617669126e-03 7.169658655330e-07 5.508689634716e-01 1.646272635071e-02 1.369011393735e-02
15 17 2 1.02822765 2.41449228 1.08000287 1.49597352 2.42016236 2.879424884888e-03 6.947652031135e-07 5.400998500470e-01 1.477809755025e-02 1.523311131929e-02
15 18 2 1.02822765 2.41449228 1.08000287 1.49597352 2.42016236 2.608047891901e-03 6.741452361335e-07 5.208434970920e-01 1.647974982390e-02 1.496191377485e-02
15 19 2 1.02822765 2.41449228 1.08000287 1.49597352 2.42016236 2.294470823717e-03 6.551059883682e-07 4.960033364742e-01 1.909341953810e-02 1.299003962572e-02
15 20 2 1.02822765 2.41449228 1.08000287 1.49597352 2.42016236 1.978909524999e-03 6.376474817700e-07 4.677521521622e-01 1.757676233151e-02 1.108088848320e-02
15 21 2 1.02822765 2.41449228 1.08000287 1.49597352 2.42016236 1.857689031753e-03 6.217697364686e-07 4.528785680538e-01 1.315611957522e-02 1.056474336917e-02
15 22 2 1.02822765 2.41449228 1.08000287 1.49597352 2.42016236 2.042474647960e-03 6.074727707712e-07 4.582031132303e-01 1.096682868439e-02 1.113056374791e-02
15 23 2 1.02822765 2.41449228 1.08000287 1.49597352 2.42016236 2.543581470169e-03 5.947566011625e-07 4.642754478099e-01 1.315291758297e-02 1.252680898564e-02
15 24 2 1.02822765 2.41449228 1.08000287 1.49597352 2.42016236 2.659706944939e-03 5.836212423041e-07 4.555816032815e-01 1.661214228129e-02 1.215444501584e-02
15 25 2 1.02822765 2.41449228 1.08000287 1.49597352 2.42016236 2.524192013725e-03 5.740667070353e-07 4.381989431763e-01 1.633353936263e-02 1.185527236787e-02
15 26 2 1.02822765 2.41449228 1.08000287 1.49597352 2.42016236 2.102275992039e-03 5.660930063724e-07 4.267465370376e-01 1.274418675599e-02 1.031555118430e-02
15 27 2 1.02822765 2.41449228 1.08000287 1.49597352 2.42016236 1.629095896737e-03 5.597001495094e-07 4.212902008230e-01 1.058159039823e-02 9.969941406686e-03
15 28 2 1.02822765 2.41449228 1.08000287 1.49597352 2.42016236 1.394176023238e-03 5.548881438171e-07 4.198351627544e-01 1.168942536655e-02 1.052450676987e-02
15 29 2 1.02822765 2.41449228 1.08000287 1.49597352 2.42016236 1.710305072051e-03 5.516569948438e-07 4.254446745315e-01 1.355254908963e-02 1.029113449861e-02
15 30 2 1.02822765 2.41449228 1.08000287 1.49597352 2.42016236 2.199682668661e-03 5.500067063152e-07 4.386122550328e-01 1.330030293458e-02 1.119093367118e-02
15 31 2 1.02822765 2.41449228 1.08000287 1.49597352 2.42016236 2.565745491492e-03 5.499372801340e-07 4.427698990523e-01 1.159850043061e-02 1.061194580998e-02
15 32 2 1.02822765 2.41449228 1.08000287 1.49597352 2.42016236 2.566412171067e-03 5.514487163801e-07 4.365132173734e-01 1.149757081752e-02 1.063748051556e-02
15 33 2 1.02822765 2.41449228 1.08000287 1.49597352 2.42016236 2.197445525983e-03 5.545410133110e-07 4.277844180504e-01 1.312413540739e-02 1.117495129772e-02
15 34 2 1.02822765 2.41449228 1.08000287 1.49597352 2.42016236 1.705710594184e-03 5.592141673613e-07 4.338860831555e-01 1.335416544066e-02 1.034539332966e-02
15 35 2 1.02822765 2.41449228 1.08000287 1.49597352 2.42016236 1.387613907617e-03 5.654681731426e-07 4.502625121661e-01 1.132717367834e-02 1.066870783260e-02
15 36 2 1.02822765 2.41449228 1.08000287 1.49597352 2.42016236 1.627244461584e-03 5.733030234441e-07 4.644483562560e-01 9.896074846246e-03 1.018201954868e-02
15 37 2 1.02822765 2.41449228 1.08000287 1.49597352 2.42016236 2.108607244533e-03 5.827187092322e-07 4.803463303767e-01 1.166302650498e-02 1.057372386478e-02
15 38 2 1.02822765 2.41449228 1.08000287 1.49597352 2.42016236 2.538402026516e-03 5.937152196505e-07 4.942137029940e-01 1.515252928706e-02 1.214776840368e-02
15 39 2 1.02822765 2.41449228 1.08000287 1.49597352 2.42016236 2.673186703957e-03 6.062925420198e-07 4.988637374986e-01 1.565401997551e-02 1.242009300043e-02
15 40 2 1.02822765 2.41449228 1.08000287 1.49597352 2.42016236 2.548243203820e-03 6.204506618386e-07 4.975981442852e-01 1.229160748214e-02 1.279994284304e-02
15 41 2 1.02822765 2.41449228 1.08000287 1.49597352 2.42016236 2.032412461207e-03 6.361895627822e-07 5.073593696749e-01 9.841674195771e-03 1.145805999288e-02
15 42 2 1.02822765 2.41449228 1.08000287 1.49597352 2.42016236 1.841680506820e-03 6.535092267038e-07 5.370524731349e-01 1.149673258211e-02 1.095893074789e-02
15 43 2 1.02822765 2.41449228 1.08000287 1.49597352 2.42016236 1.971112362900e-03 6.724096336335e-07 5.742614203195e-01 1.553181850842e-02 1.155508546418e-02
15 44 2 1.02822765 2.41449228 1.08000287 1.49597352 2.42016236 2.299001959512e-03 6.928907617790e-07 5.941860161570e-01 1.711286263833e-02 1.355507884833e-02
15 45 2 1.02822765 2.41449228 1.08000287 1.49597352 2.42016236 2.623523558184e-03 7.149525875254e-07 6.051683592181e-01 1.469269119894e-02 1.551817532410e-02
15 46 2 1.02822765 2.41449228 1.08000287 1.49597352 2.42016236 2.897444477957e-03 7.385950854354e-07 6.133668833469e-01 1.292139436004e-02 1.579343235106e-02
15 47 2 1.02822765 2.41449228 1.08000287 1.49597352 2.42016236 2.834951582778e-03 7.638182282485e-07 6.259581572583e-01 1.427609342431e-02 1.423886859216e-02
15 48 2 1.02822765 2.41449228 1.08000287 1.49597352 2.42016236 2.714308125144e-03 7.906219868830e-07 6.478552044545e-01 1.627554724518e-02 1.355409922611e-02
15 49 2 1.02822765 2.41449228 1.08000287 1.49597352 2.42016236 2.706271833122e-03 8.190063304332e-07 6.870566891298e-01 1.637692370349e-02 1.263278917782e-02
15 50 2 1.02822765 2.41449228 1.08000287 1.49597352 2.42016236 2.909188887065e-03 8.489712261725e-07 7.380656258460e-01 1.499263475491e-02 1.623262167393e-02
15 51 2 1.02822765 2.41449228 1.08000287 1.49597352 2.42016236 2.950308398904e-03 8.805166395504e-07 7.686873994393e-01 1.646646153040e-02 1.831396542471e-02
15 52 2 1.02822765 2.41449228 1.08000287 1.49597352 2.42016236 2.991941648195e-03 9.136425341946e-07 7.711901250878e-01 2.089004920821e-02 2.015105943970e-02
15 53 2 1.02822765 2.41449228 1.08000287 1.49597352 2.42016236 3.075770219730e-03 9.483488719120e-07 7.710454303027e-01 2.200747977529e-02 1.968634756565e-02
15 54 2 1.02822765 2.41449228 1.08000287 1.49597352 2.42016236 3.157581331174e-03 9.846356126847e-07 7.989714273265e-01 1.844278831894e-02 1.708745038533e-02
15 55 2 1.02822765 2.41449228 1.08000287 1.49597352 2.42016236 3.421990485267e-03 1.022502714674e-06 8.485844922997e-01 1.490339037584e-02 1.542274750664e-02
15 56 2 1.02822765 2.41449228 1.08000287 1.49597352 2.42016236 4.102453002671e-03 1.061950134219e-06 9.004571715303e-01 1.739349906674e-02 1.868231569089e-02
15 57 2 1.02822765 2.41449228 1.08000287 1.49597352 2.42016236 4.426242896981e-03 1.102977825837e-06 9.405180409606e-01 2.533151216512e-02 2.097274596217e-02
15 58 2 1.02822765 2.41449228 1.08000287 1.49597352 2.42016236 4.282743359418e-03 1.145585742221e-06 9.692735400367e-01 2.883490602630e-02 2.677611904149e-02
15 59 2 1.02822765 2.41449228 1.08000287 1.49597352 2.42016236 3.885487117981e-03 1.189773834247e-06 9.726698121265e-01 2.463219162645e-02 2.600006599003e-02
15 60 2 1.02822765 2.41449228 1.08000287 1.49597352 2.42016236 3.417600854676e-03 1.235542050962e-06 9.770901446604e-01 1.981442988420e-02 2.292971692047e-02
15 61 2 1.02822765 2.41449228 1.08000287 1.49597352 2.42016236 3.419637940381e-03 1.282890339597e-06 1.011518938058e+00 2.063976530930e-02 2.007832860256e-02
15 62 2 1.02822765 2.41449228 1.08000287 1.49597352 2.42016236 4.213384540493e-03 1.331818645559e-06 1.082268739269e+00 2.689785516047e-02 2.030804049269e-02
15 63 2 1.02822765 2.41449228 1.08000287 1.49597352 2.42016236 5.579364232981e-03 1.382326912433e-06 1.152481265720e+00 3.029625877877e-02 2.623252679833e-02
18 0 2 0.93721827 2.34295719 0.94362544 1.29596001 2.03773630 1.233020676092e-04 1.145565438440e-03 2.579697028686e-04 2.060496726339e-05 5.617848021774e-04
18 1 2 0.93721827 2.34295719 0.94362544 1.29596001 2.03773630 1.093025945293e-04 1.110854860537e-03 1.756745685623e-04 2.959564675684e-05 3.989959218308e-04
18 2 2 0.93721827 2.34295719 0.94362544 1.29596001 2.03773630 8.809241878237e-05 1.076943786702e-03 1.401170913316e-03 7.676320753477e-05 5.917153444491e-04
18 3 2 0.93721827 2.34295719 0.94362544 1.29596001 2.03773630 6.488978290705e-05 1.043852016341e-03 3.150876670170e-03 6.889950975306e-05 5.195097351271e-04
18 4 2 0.93721827 2.34295719 0.94362544 1.29596001 2.03773630 5.787196661838e-05 1.011601179344e-03 4.775752923028e-03 1.291395253930e-05 5.922218708671e-04
18 5 2 0.93721827 2.34295719 0.94362544 1.29596001 2.03773630 5.731765917489e-05 9.802145307099e-04 5.694197318219e-03 7.599350221672e-06 4.570237734166e-04
18 6 2 0.93721827 2.34295719 0.94362544 1.29596001 2.03773630 7.027635501639e-05 9.497167415504e-04 5.594144114728e-03 4.125551133154e-05 7.126280130607e-04
18 7 2 0.93721827 2.34295719 0.94362544 1.29596001 2.03773630 7.287849865086e-05 9.201336874753e-04 4.178797475182e-03 4.345814397960e-05 5.769900371968e-04
18 8 2 0.93721827 2.34295719 0.94362544 1.29596001 2.03773630 7.155362105993e-05 8.914922354097e-04 2.507340654036e-03 5.495462156793e-06 5.143886068286e-04
18 9 2 0.93721827 2.34295719 0.94362544 1.29596001 2.03773630 6.346824456904e-05 8.638200298539e-04 1.059304454505e-03 1.923122514944e-05 7.074151955092e-04
18 10 2 0.93721827 2.34295719 0.94362544 1.29596001 2.03773630 5.519530242995e-05 8.371452796090e-04 3.347394887162e-04 9.244334066140e-05 5.996964054608e-04
18 11 2 0.93721827 2.34295719 0.94362544 1.29596001 2.03773630 5.779987996458e-05 8.114965459754e-04 6.547006488001e-04 1.307935831973e-04 5.276508574653e-04
18 12 2 0.93721827 2.34295719 0.94362544 1.29596001 2.03773630 6.536086720472e-05 7.869025334154e-04 1.900803711238e-03 8.886406404389e-05 6.229349884741e-04
18 13 2 0.93721827 2.34295719 0.94362544 1.29596001 2.03773630 8.108853079739e-05 7.633918836555e-04 3.564521346080e-03 4.735364131676e-05 6.086086318394e-04
18 14 2 0.93721827 2.34295719 0.94362544 1.29596001 2.03773630 8.884143933944e-05 7.409929741809e-04 5.348336322616e-03 8.674567907791e-05 4.826644871173e-04
18 15 2 0.93721827 2.34295719 0.94362544 1.29596001 2.03773630 8.749000179477e-05 7.197337220469e-04 6.420251999461e-03 1.653878839819e-04 5.150688453535e-04
18 16 2 0.93721827 2.34295719 0.94362544 1.29596001 2.03773630 8.235608073141e-05 6.996413939051e-04 6.561430860701e-03 1.875894645719e-04 5.354393378635e-04
18 17 2 0.93721827 2.34295719 0.94362544 1.29596001 2.03773630 6.754404565904e-05 6.807424231087e-04 5.643936753992e-03 1.292727837345e-04 4.161250467160e-04
18 18 2 0.93721827 2.34295719 0.94362544 1.29596001 2.03773630 6.362985419221e-05 6.630622347243e-04 4.209009502424e-03 7.541796294195e-05 3.684317646940e-04
18 19 2 0.93721827 2.34295719 0.94362544 1.29596001 2.03773630 6.072979920167e-05 6.466250792383e-04 2.601841113965e-03 9.063256157068e-05 4.015291748283e-04
18 20 2 0.93721827 2.34295719 0.94362544 1.29596001 2.03773630 6.326588887057e-05 6.314538757055e-04 1.178296939702e-03 1.412194204146e-04 3.385405002688e-04
18 21 2 0.93721827 2.34295719 0.94362544 1.29596001 2.03773630 6.729616036067e-05 6.175700650401e-04 3.729322643485e-04 1.461654632926e-04 2.093673953462e-04
18 22 2 0.93721827 2.34295719 0.94362544 1.29596001 2.03773630 5.740595590804e-05 6.049934741028e-04 3.805890779500e-04 9.848971457618e-05 2.778884659713e-04
18 23 2 0.93721827 2.34295719 0.94362544 1.29596001 2.03773630 5.507304850882e-05 5.937421911876e-04 1.011888016000e-03 5.269467599626e-05 2.155788253845e-04
18 24 2 0.93721827 2.34295719 0.94362544 1.29596001 2.03773630 3.377646476740e-05 5.838324534586e-04 2.092850688419e-03 4.941362549037e-05 1.059765643484e-04
18 25 2 0.93721827 2.34295719 0.94362544 1.29596001 2.03773630 2.817260751970e-05 5.752785468331e-04 3.066978640367e-03 7.072293858895e-05 1.416934723828e-04
18 26 2 0.93721827 2.34295719 0.94362544 1.29596001 2.03773630 1.597925154974e-05 5.680927187510e-04 3.547572105679e-03 7.868703431076e-05 8.094633803941e-05
18 27 2 0.93721827 2.34295719 0.94362544 1.29596001 2.03773630 1.339306377948e-05 5.622851042115e-04 3.500310078371e-03 5.743135164869e-05 5.432764405556e-05
18 28 2 0.93721827 2.34295719 0.94362544 1.29596001 2.03773630 1.165735219110e-05 5.578636654001e-04 2.922435946497e-03 2.898027218070e-05 2.488508066954e-05
18 29 2 0.93721827 2.34295719 0.94362544 1.29596001 2.03773630 8.117945203649e-06 5.548341451670e-04 1.899712660701e-03 2.099303023781e-05 1.994793597528e-05
18 30 2 0.93721827 2.34295719 0.94362544 1.29596001 2.03773630 8.881666214672e-06 5.532000345559e-04 8.188931633479e-04 3.443537903113e-05 2.307620533211e-05
18 31 2 0.93721827 2.34295719 0.94362544 1.29596001 2.03773630 5.937905094601e-06 5.529625545222e-04 1.511230521174e-04 4.818823261451e-05 8.527064017349e-06
18 32 2 0.93721827 2.34295719 0.94362544 1.29596001 2.03773630 6.031897958207e-06 5.541206519134e-04 5.003281699618e-05 4.668481515230e-05 3.885692775070e-06
18 33 2 0.93721827 2.34295719 0.94362544 1.29596001 2.03773630 9.694848419551e-06 5.566710097238e-04 5.582145484188e-04 3.218614276168e-05 2.977875026674e-05
18 34 2 0.93721827 2.34295719 0.94362544 1.29596001 2.03773630 8.962429896788e-06 5.606080715714e-04 1.545704302310e-03 2.141763262192e-05 2.935099055977e-05
18 35 2 0.93721827 2.34295719 0.94362544 1.29596001 2.03773630 1.272123851037e-05 5.659240802817e-04 2.585855660689e-03 3.260646936448e-05 3.515861447081e-05
18 36 2 0.93721827 2.34295719 0.94362544 1.29596001 2.03773630 1.461489463161e-05 5.726091304017e-04 3.288647148002e-03 6.100974166138e-05 6.881572394573e-05
18 37 2 0.93721827 2.34295719 0.94362544 1.29596001 2.03773630 1.751831207483e-05 5.806512344029e-04 3.522780456441e-03 7.947078990253e-05 9.748399523219e-05
18 38 2 0.93721827 2.34295719 0.94362544 1.29596001 2.03773630 3.058774002854e-05 5.900364022754e-04 3.191293938577e-03 6.963070500296e-05 1.684588957058e-04
18 39 2 0.93721827 2.34295719 0.94362544 1.29596001 2.03773630 3.646978577873e-05 6.007487341506e-04 2.295934605182e-03 5.091975375607e-05 1.257313871755e-04
18 40 2 0.93721827 2.34295719 0.94362544 1.29596001 2.03773630 5.848076213200e-05 6.127705255351e-04 1.190247894135e-03 5.850718254049e-05 2.433108544220e-04
18 41 2 0.93721827 2.34295719 0.94362544 1.29596001 2.03773630 6.022275750990e-05 6.260823846803e-04 4.624973896788e-04 1.052056281832e-04 3.153580105282e-04
18 42 2 0.93721827 2.34295719 0.94362544 1.29596001 2.03773630 6.968774969947e-05 6.406633615562e-04 2.979918991768e-04 1.490452954230e-04 2.357687329096e-04
18 43 2 0.93721827 2.34295719 0.94362544 1.29596001 2.03773630 6.484144921921e-05 6.564910878471e-04 9.652753994922e-04 1.412058705231e-04 3.747325691360e-04
18 44 2 0.93721827 2.34295719 0.94362544 1.29596001 2.03773630 6.203967962073e-05 6.735419273341e-04 2.325985814603e-03 9.214366435417e-05 4.405208285868e-04
18 45 2 0.93721827 2.34295719 0.94362544 1.29596001 2.03773630 6.525989854685e-05 6.917911359813e-04 4.000021959129e-03 8.099021978596e-05 4.058525188978e-04
18 46 2 0.93721827 2.34295719 0.94362544 1.29596001 2.03773630 6.942638015128e-05 7.112130309986e-04 5.630565874186e-03 1.352290442440e-04 4.513081951401e-04
18 47 2 0.93721827 2.34295719 0.94362544 1.29596001 2.03773630 8.466556716911e-05 7.317811681076e-04 6.815279638048e-03 1.891666667285e-04 5.742794304573e-04
18 48 2 0.93721827 2.34295719 0.94362544 1.29596001 2.03773630 8.886176364880e-05 7.534685262008e-04 6.881887121652e-03 1.622819058994e-04 5.588316674553e-04
18 49 2 0.93721827 2.34295719 0.94362544 1.29596001 2.03773630 8.914942338308e-05 7.762476985450e-04 5.952308443197e-03 8.432118690283e-05 5.114397907340e-04
18 50 2 0.93721827 2.34295719 0.94362544 1.29596001 2.03773630 7.990427413786e-05 8.000910896458e-04 4.189118949749e-03 4.808173692923e-05 6.455902841124e-04
18 51 2 0.93721827 2.34295719 0.94362544 1.29596001 2.03773630 6.378856733172e-05 8.249711168626e-04 2.411328859350e-03 8.900379780858e-05 6.618997334929e-04
18 52 2 0.93721827 2.34295719 0.94362544 1.29596001 2.03773630 5.665421235239e-05 8.508604158329e-04 9.480209755949e-04 1.258788289957e-04 5.520806931930e-04
18 53 2 0.93721827 2.34295719 0.94362544 1.29596001 2.03773630 5.530653965533e-05 8.777320487451e-04 3.960191987127e-04 8.497782299986e-05 6.287437474002e-04
18 54 2 0.93721827 2.34295719 0.94362544 1.29596001 2.03773630 6.504522298611e-05 9.055597144767e-04 9.595882925116e-04 1.522611626121e-05 7.374740846535e-04
18 55 2 0.93721827 2.34295719 0.94362544 1.29596001 2.03773630 7.299810084925e-05 9.343179596018e-04 2.401658233860e-03 5.591624681144e-06 5.359870067710e-04
18 56 2 0.93721827 2.34295719 0.94362544 1.29596001 2.03773630 7.441155772241e-05 9.639823892572e-04 4.203210034641e-03 4.164037331375e-05 5.966593313017e-04
18 57 2 0.93721827 2.34295719 0.94362544 1.29596001 2.03773630 7.065434569957e-05 9.945298768517e-04 5.844557283231e-03 3.474214615638e-05 7.375073272658e-04
18 58 2 0.93721827 2.34295719 0.94362544 1.29596001 2.03773630 5.879134520162e-05 1.025938771597e-03 6.162288597238e-03 3.974711575619e-06 4.748570082745e-04
18 59 2 0.93721827 2.34295719 0.94362544 1.29596001 2.03773630 6.064039288839e-05 1.058189102838e-03 5.418101142278e-03 1.974789273097e-05 6.092791272477e-04
18 60 2 0.93721827 2.34295719 0.94362544 1.29596001 2.03773630 7.081533995905e-05 1.091262780174e-03 3.847609966085e-03 8.045020799986e-05 5.390717584304e-04
18 61 2 0.93721827 2.34295719 0.94362544 1.29596001 2.03773630 9.642768201902e-05 1.125143788349e-03 1.935539882328e-03 8.123024449009e-05 6.172985114570e-04
18 62 2 0.93721827 2.34295719 0.94362544 1.29596001 2.03773630 1.182757730069e-04 1.159818375927e-03 3.859062925681e-04 2.926070955217e-05 4.114928343636e-04
18 63 2 0.93721827 2.34295719 0.94362544 1.29596001 2.03773630 1.317536580766e-04 1.195275236776e-03 9.730364932957e-05 3.166674916971e-05 5.922752517507e-04
