# environment=00096 local_bs=2 gain_scale=2.407426973873e-14
# ue subcarrier serving_bs phi0 phi1 phi2 phi3 phi4 gain0 gain1 gain2 gain3 gain4
19 0 2 0.81982287 0.57520196 5.06970401 0.40487438 1.21215099 1.867040700755e-02 1.321408078216e+00 7.221726890238e+03 1.044712855732e-03 1.722714062797e+01
19 1 2 0.81982287 0.57520196 5.06970401 0.40487438 1.21215099 2.758860419564e-02 1.351200054184e+00 6.818474945332e+03 9.446370567480e-04 1.751518723745e+01
19 2 2 0.81982287 0.57520196 5.06970401 0.40487438 1.21215099 3.759248822567e-02 1.295490178714e+00 6.150115426819e+03 8.901943362420e-04 1.626536345373e+01
19 3 2 0.81982287 0.57520196 5.06970401 0.40487438 1.21215099 2.457499685661e-02 1.180906276008e+00 5.545998521842e+03 8.770642870595e-04 1.647750401040e+01
19 4 2 0.81982287 0.57520196 5.06970401 0.40487438 1.21215099 3.053357502896e-02 1.058962555821e+00 4.998377951123e+03 8.910586891315e-04 1.529693190563e+01
19 5 2 0.81982287 0.57520196 5.06970401 0.40487438 1.21215099 2.432482760196e-02 9.899639992329e-01 4.749987030847e+03 9.124372643680e-04 1.506658134768e+01
19 6 2 0.81982287 0.57520196 5.06970401 0.40487438 1.21215099 2.063887076339e-02 1.045109996625e+00 4.671518735779e+03 9.211949184124e-04 1.482775102804e+01
19 7 2 0.81982287 0.57520196 5.06970401 0.40487438 1.21215099 1.856010905414e-02 1.131144411413e+00 4.843240834272e+03 9.019096716520e-04 1.387722032457e+01
19 8 2 0.81982287 0.57520196 5.06970401 0.40487438 1.21215099 1.242365918957e-02 1.098469418411e+00 5.013067660741e+03 8.469862248367e-04 1.393058437942e+01
19 9 2 0.81982287 0.57520196 5.06970401 0.40487438 1.21215099 1.939749932069e-02 1.016341340264e+00 5.193087363215e+03 7.576536584763e-04 1.315205337700e+01
19 10 2 0.81982287 0.57520196 5.06970401 0.40487438 1.21215099 1.760339498781e-02 9.568415624336e-01 5.157178050476e+03 6.427150122143e-04 1.308173799701e+01
19 11 2 0.81982287 0.57520196 5.06970401 0.40487438 1.21215099 3.017497491070e-02 8.956121507276e-01 4.965451578692e+03 5.156237541346e-04 1.240487350648e+01
19 12 2 0.81982287 0.57520196 5.06970401 0.40487438 1.21215099 2.756232814096e-02 8.494998462208e-01 4.575390039077e+03 3.908325044854e-04 1.223542682511e+01
19 13 2 0.81982287 0.57520196 5.06970401 0.40487438 1.21215099 2.030165343459e-02 8.766904014479e-01 4.144000788159e+03 2.804458091236e-04 1.204873382463e+01
19 14 2 0.81982287 0.57520196 5.06970401 0.40487438 1.21215099 2.542993877802e-02 8.771284926597e-01 3.726236302057e+03 1.920160121092e-04 1.127927868447e+01
19 15 2 0.81982287 0.57520196 5.06970401 0.40487438 1.21215099 1.770951807511e-02 7.944462861280e-01 3.462308470382e+03 1.279267508866e-04 1.157927705405e+01
19 16 2 0.81982287 0.57520196 5.06970401 0.40487438 1.21215099 1.658502967125e-02 7.197881990142e-01 3.343687152600e+03 8.633495367300e-05 1.075336737737e+01
19 17 2 0.81982287 0.57520196 5.06970401 0.40487438 1.21215099 9.431732148682e-03 6.859948406678e-01 3.415782085186e+03 6.322085710334e-05 1.113889123256e+01
19 18 2 0.81982287 0.57520196 5.06970401 0.40487438 1.21215099 1.080268604352e-02 7.178874584603e-01 3.558967513658e+03 5.483157849391e-05 1.009068482078e+01
19 19 2 0.81982287 0.57520196 5.06970401 0.40487438 1.21215099 1.310413730916e-02 7.478546952734e-01 3.746825352891e+03 5.975148995680e-05 1.080026162917e+01
19 20 2 0.81982287 0.57520196 5.06970401 0.40487438 1.21215099 5.832171146068e-03 7.209456580031e-01 3.823405259569e+03 7.998693303643e-05 9.911104019251e+00
19 21 2 0.81982287 0.57520196 5.06970401 0.40487438 1.21215099 3.179697775715e-03 6.548325942984e-01 3.795441704868e+03 1.207567054895e-04 1.009400561046e+01
19 22 2 0.81982287 0.57520196 5.06970401 0.40487438 1.21215099 7.868518938600e-04 5.860331872950e-01 3.617732328658e+03 1.890442987752e-04 9.907162907590e+00
19 23 2 0.81982287 0.57520196 5.06970401 0.40487438 1.21215099 6.512069703936e-04 5.687615618677e-01 3.364759327155e+03 2.912976850400e-04 9.651799554348e+00
19 24 2 0.81982287 0.57520196 5.06970401 0.40487438 1.21215099 8.295013412724e-04 6.008893853840e-01 3.078738113322e+03 4.308796829967e-04 9.866382656543e+00
19 25 2 0.81982287 0.57520196 5.06970401 0.40487438 1.21215099 2.174126447286e-03 6.543675943560e-01 2.852805469349e+03 6.059328120502e-04 9.273732890403e+00
19 26 2 0.81982287 0.57520196 5.06970401 0.40487438 1.21215099 1.536619713678e-03 6.583445961281e-01 2.731505189150e+03 8.082236314399e-04 9.897702965919e+00
19 27 2 0.81982287 0.57520196 5.06970401 0.40487438 1.21215099 1.162300421409e-03 5.880216406555e-01 2.756569949857e+03 1.023305711110e-03 9.165346437042e+00
19 28 2 0.81982287 0.57520196 5.06970401 0.40487438 1.21215099 2.723396960513e-03 5.166788558659e-01 2.891553854344e+03 1.232045148677e-03 9.721532038168e+00
19 29 2 0.81982287 0.57520196 5.06970401 0.40487438 1.21215099 1.818708575182e-03 5.202953443999e-01 3.093484836342e+03 1.413255023348e-03 9.302726628234e+00
19 30 2 0.81982287 0.57520196 5.06970401 0.40487438 1.21215099 8.422936405097e-03 5.503768083924e-01 3.279377134924e+03 1.546947265409e-03 9.756753678144e+00
19 31 2 0.81982287 0.57520196 5.06970401 0.40487438 1.21215099 1.267345211501e-02 5.615065811672e-01 3.393127546569e+03 1.617577507776e-03 9.295715306757e+00
19 32 2 0.81982287 0.57520196 5.06970401 0.40487438 1.21215099 1.307736826005e-02 6.177013568710e-01 3.405580828566e+03 1.616652947372e-03 9.810996019707e+00
19 33 2 0.81982287 0.57520196 5.06970401 0.40487438 1.21215099 8.419167040752e-03 6.168785057362e-01 3.291008379100e+03 1.544192760874e-03 9.792321242819e+00
19 34 2 0.81982287 0.57520196 5.06970401 0.40487438 1.21215099 1.767759990784e-03 5.642982944023e-01 3.114730152231e+03 1.408750440547e-03 9.639412052118e+00
19 35 2 0.81982287 0.57520196 5.06970401 0.40487438 1.21215099 2.796572210581e-03 5.908554677267e-01 2.917289451114e+03 1.225985410842e-03 1.018389532636e+01
19 36 2 0.81982287 0.57520196 5.06970401 0.40487438 1.21215099 1.011169947984e-03 6.635586233782e-01 2.797769802600e+03 1.016054877549e-03 1.000861422447e+01
19 37 2 0.81982287 0.57520196 5.06970401 0.40487438 1.21215099 1.585975920414e-03 7.051393214708e-01 2.797549815378e+03 8.003312504917e-04 1.044758022239e+01
19 38 2 0.81982287 0.57520196 5.06970401 0.40487438 1.21215099 1.903308776791e-03 6.948368093401e-01 2.939902429232e+03 5.980876965547e-04 1.039995367903e+01
19 39 2 0.81982287 0.57520196 5.06970401 0.40487438 1.21215099 9.235753589332e-04 6.635836648047e-01 3.197043301432e+03 4.238023806252e-04 1.075952083622e+01
19 40 2 0.81982287 0.57520196 5.06970401 0.40487438 1.21215099 5.439237344255e-04 6.396548014683e-01 3.505836225162e+03 2.856024380079e-04 1.112827218171e+01
19 41 2 0.81982287 0.57520196 5.06970401 0.40487438 1.21215099 1.065400926537e-03 6.676301099264e-01 3.784626286079e+03 1.851217552097e-04 1.099694605352e+01
19 42 2 0.81982287 0.57520196 5.06970401 0.40487438 1.21215099 3.338173198211e-03 7.518608407369e-01 3.969830628266e+03 1.187300639631e-04 1.178263452336e+01
19 43 2 0.81982287 0.57520196 5.06970401 0.40487438 1.21215099 6.685590618983e-03 8.333499495014e-01 3.985570709370e+03 7.977319608245e-05 1.161593275890e+01
19 44 2 0.81982287 0.57520196 5.06970401 0.40487438 1.21215099 1.437118099136e-02 8.554962734646e-01 3.898034374516e+03 6.122128960182e-05 1.240634281254e+01
19 45 2 0.81982287 0.57520196 5.06970401 0.40487438 1.21215099 1.150000057164e-02 8.002198670418e-01 3.704146116738e+03 5.801834715873e-05 1.220244899540e+01
19 46 2 0.81982287 0.57520196 5.06970401 0.40487438 1.21215099 1.070769460918e-02 7.671537733769e-01 3.572650268952e+03 6.849921308711e-05 1.322170330704e+01
19 47 2 0.81982287 0.57520196 5.06970401 0.40487438 1.21215099 1.721104174599e-02 7.958845834625e-01 3.520265287811e+03 9.448316635653e-05 1.309538822419e+01
19 48 2 0.81982287 0.57520196 5.06970401 0.40487438 1.21215099 1.920555303378e-02 9.013934788339e-01 3.672920760771e+03 1.400155157600e-04 1.358506251933e+01
19 49 2 0.81982287 0.57520196 5.06970401 0.40487438 1.21215099 2.696528776902e-02 9.996308789517e-01 3.973449191329e+03 2.091209716489e-04 1.445445895256e+01
19 50 2 0.81982287 0.57520196 5.06970401 0.40487438 1.21215099 2.106650717655e-02 1.026482483526e+00 4.432925969419e+03 3.032489501739e-04 1.421524134091e+01
19 51 2 0.81982287 0.57520196 5.06970401 0.40487438 1.21215099 2.968543276319e-02 1.031547383855e+00 4.887919997670e+03 4.192355516613e-04 1.543665901959e+01
19 52 2 0.81982287 0.57520196 5.06970401 0.40487438 1.21215099 3.073858387694e-02 9.908829717033e-01 5.288761891270e+03 5.485227305790e-04 1.504875635477e+01
19 53 2 0.81982287 0.57520196 5.06970401 0.40487438 1.21215099 1.874291413119e-02 9.640962329635e-01 5.460265832326e+03 6.780645932920e-04 1.677143712596e+01
19 54 2 0.81982287 0.57520196 5.06970401 0.40487438 1.21215099 1.973742481969e-02 1.066848430588e+00 5.493886387378e+03 7.928816536636e-04 1.595448919616e+01
19 55 2 0.81982287 0.57520196 5.06970401 0.40487438 1.21215099 1.285314886122e-02 1.209800320678e+00 5.304642514788e+03 8.797169968539e-04 1.764255152915e+01
19 56 2 0.81982287 0.57520196 5.06970401 0.40487438 1.21215099 1.990354139969e-02 1.215453297833e+00 5.131659956745e+03 9.308479631782e-04 1.752880883869e+01
19 57 2 0.81982287 0.57520196 5.06970401 0.40487438 1.21215099 2.168338889295e-02 1.134444868439e+00 4.968152516948e+03 9.469415231232e-04 1.855197142763e+01
19 58 2 0.81982287 0.57520196 5.06970401 0.40487438 1.21215099 2.701329683817e-02 1.137832423824e+00 5.055925798049e+03 9.379842386932e-04 1.889561206596e+01
19 59 2 0.81982287 0.57520196 5.06970401 0.40487438 1.21215099 3.242765108888e-02 1.233463372895e+00 5.356474870004e+03 9.217596521486e-04 1.958646776249e+01
19 60 2 0.81982287 0.57520196 5.06970401 0.40487438 1.21215099 2.713985684222e-02 1.420940856591e+00 5.941346919148e+03 9.199901358834e-04 2.072298455804e+01
19 61 2 0.81982287 0.57520196 5.06970401 0.40487438 1.21215099 4.085929906052e-02 1.609065806559e+00 6.600824450682e+03 9.529410599988e-04 2.038667772084e+01
19 62 2 0.81982287 0.57520196 5.06970401 0.40487438 1.21215099 2.936288662443e-02 1.651797298278e+00 7.284334684550e+03 1.033809745423e-03 2.237719193792e+01
19 63 2 0.81982287 0.57520196 5.06970401 0.40487438 1.21215099 2.078068257773e-02 1.542262388320e+00 7.703429767381e+03 1.164423414716e-03 2.211246381702e+01
23 0 2 1.04824551 0.55359073 2.27487520 0.41349245 0.84541882 1.096732009511e+01 1.756138370473e+00 2.896553269774e+02 1.663448105696e+00 6.376776423409e+00
23 1 2 1.04824551 0.55359073 2.27487520 0.41349245 0.84541882 1.073100414261e+01 1.598832723295e+00 3.253836400478e+02 2.202285109582e+00 6.175613233837e+00
23 2 2 1.04824551 0.55359073 2.27487520 0.41349245 0.84541882 1.036495518837e+01 1.501550514538e+00 3.315600094394e+02 2.435584973573e+00 5.970588247272e+00
23 3 2 1.04824551 0.55359073 2.27487520 0.41349245 0.84541882 1.008998272562e+01 1.442618959823e+00 2.868871470554e+02 2.309862842047e+00 5.743924763588e+00
23 4 2 1.04824551 0.55359073 2.27487520 0.41349245 0.84541882 9.819073868721e+00 1.366484322469e+00 2.427119075873e+02 1.889886020016e+00 5.486680576932e+00
23 5 2 1.04824551 0.55359073 2.27487520 0.41349245 0.84541882 9.523422146212e+00 1.297610139031e+00 2.436744249403e+02 1.307274074663e+00 5.281433724581e+00
23 6 2 1.04824551 0.55359073 2.27487520 0.41349245 0.84541882 9.022952937255e+00 1.169526617620e+00 2.727237125032e+02 7.259960476640e-01 5.089418868466e+00
23 7 2 1.04824551 0.55359073 2.27487520 0.41349245 0.84541882 8.670549664936e+00 1.076895186362e+00 2.766477172467e+02 3.102299176594e-01 5.093806919829e+00
23 8 2 1.04824551 0.55359073 2.27487520 0.41349245 0.84541882 8.332872383304e+00 1.038436162121e+00 2.384009134007e+02 1.688173111503e-01 4.728493086133e+00
23 9 2 1.04824551 0.55359073 2.27487520 0.41349245 0.84541882 7.755172922915e+00 9.269506700915e-01 2.018260329794e+02 3.175535702614e-01 4.420759587078e+00
23 10 2 1.04824551 0.55359073 2.27487520 0.41349245 0.84541882 7.377500046453e+00 8.229881139156e-01 2.059332256275e+02 6.903645499706e-01 4.388139257518e+00
23 11 2 1.04824551 0.55359073 2.27487520 0.41349245 0.84541882 7.033474542272e+00 8.076965098146e-01 2.304155194494e+02 1.167361612055e+00 4.380270980375e+00
23 12 2 1.04824551 0.55359073 2.27487520 0.41349245 0.84541882 6.605249941288e+00 7.828617970799e-01 2.315547819745e+02 1.601382527840e+00 4.284338953057e+00
23 13 2 1.04824551 0.55359073 2.27487520 0.41349245 0.84541882 6.317076280595e+00 7.002710739824e-01 1.997741178441e+02 1.862283494987e+00 4.138387362101e+00
23 14 2 1.04824551 0.55359073 2.27487520 0.41349245 0.84541882 6.080435355285e+00 6.211201353349e-01 1.699654161674e+02 1.883692781160e+00 3.984721638978e+00
23 15 2 1.04824551 0.55359073 2.27487520 0.41349245 0.84541882 5.864996623405e+00 5.724275761754e-01 1.754249191707e+02 1.671714492636e+00 3.933917424052e+00
23 16 2 1.04824551 0.55359073 2.27487520 0.41349245 0.84541882 5.722179440112e+00 5.311324693373e-01 1.979387247584e+02 1.286944152935e+00 3.794383053812e+00
23 17 2 1.04824551 0.55359073 2.27487520 0.41349245 0.84541882 5.588882847731e+00 4.755257929342e-01 1.983770641280e+02 8.358606759109e-01 3.683518433520e+00
23 18 2 1.04824551 0.55359073 2.27487520 0.41349245 0.84541882 5.475975184128e+00 4.506149141237e-01 1.695717705418e+02 4.572503935854e-01 3.603525845167e+00
23 19 2 1.04824551 0.55359073 2.27487520 0.41349245 0.84541882 5.407768154390e+00 4.408266752311e-01 1.461371725751e+02 2.761218673570e-01 3.372912076114e+00
23 20 2 1.04824551 0.55359073 2.27487520 0.41349245 0.84541882 5.274987281109e+00 3.983129700064e-01 1.544826986149e+02 3.516594680530e-01 3.242812370263e+00
23 21 2 1.04824551 0.55359073 2.27487520 0.41349245 0.84541882 5.139589623079e+00 3.638395849204e-01 1.756137396079e+02 6.583680735422e-01 3.208968567442e+00
23 22 2 1.04824551 0.55359073 2.27487520 0.41349245 0.84541882 5.029484274467e+00 3.371455935566e-01 1.739165979629e+02 1.096329764926e+00 3.157906783031e+00
23 23 2 1.04824551 0.55359073 2.27487520 0.41349245 0.84541882 4.875920933260e+00 3.076086897238e-01 1.487839721084e+02 1.518600733811e+00 3.094639715100e+00
23 24 2 1.04824551 0.55359073 2.27487520 0.41349245 0.84541882 4.704558530822e+00 2.908753610261e-01 1.318717707845e+02 1.782515847320e+00 3.052743772416e+00
23 25 2 1.04824551 0.55359073 2.27487520 0.41349245 0.84541882 4.532601462923e+00 2.841270547137e-01 1.424719508488e+02 1.807470708232e+00 2.929216538841e+00
23 26 2 1.04824551 0.55359073 2.27487520 0.41349245 0.84541882 4.467813585659e+00 2.779844952148e-01 1.612978302781e+02 1.597001830063e+00 2.873154010938e+00
23 27 2 1.04824551 0.55359073 2.27487520 0.41349245 0.84541882 4.338428269982e+00 2.644717909060e-01 1.596632957714e+02 1.221171999408e+00 2.861269288630e+00
23 28 2 1.04824551 0.55359073 2.27487520 0.41349245 0.84541882 4.213031895839e+00 2.577327236198e-01 1.389556615889e+02 7.923010282537e-01 2.801469242369e+00
23 29 2 1.04824551 0.55359073 2.27487520 0.41349245 0.84541882 4.332426619845e+00 2.676271573963e-01 1.261647727147e+02 4.406222332720e-01 2.814371367462e+00
23 30 2 1.04824551 0.55359073 2.27487520 0.41349245 0.84541882 4.318085717670e+00 2.452278630479e-01 1.378111976699e+02 2.742134458891e-01 2.781868663542e+00
23 31 2 1.04824551 0.55359073 2.27487520 0.41349245 0.84541882 4.337882624095e+00 2.146943322377e-01 1.560872529371e+02 3.387435660085e-01 2.610668325395e+00
23 32 2 1.04824551 0.55359073 2.27487520 0.41349245 0.84541882 4.592678329446e+00 2.568086843197e-01 1.580253844487e+02 6.070663698019e-01 2.833875621564e+00
23 33 2 1.04824551 0.55359073 2.27487520 0.41349245 0.84541882 4.690552028007e+00 2.898554419838e-01 1.390033159265e+02 9.939814680893e-01 2.951790810008e+00
23 34 2 1.04824551 0.55359073 2.27487520 0.41349245 0.84541882 4.830465640678e+00 2.700589571312e-01 1.264715339005e+02 1.378476752435e+00 2.894622668754e+00
23 35 2 1.04824551 0.55359073 2.27487520 0.41349245 0.84541882 5.048863417689e+00 2.741708351953e-01 1.414875813554e+02 1.638779582242e+00 2.973970170762e+00
23 36 2 1.04824551 0.55359073 2.27487520 0.41349245 0.84541882 5.201201923770e+00 2.959213353243e-01 1.647370318327e+02 1.697026846237e+00 2.996018734723e+00
23 37 2 1.04824551 0.55359073 2.27487520 0.41349245 0.84541882 5.346463470594e+00 3.062395733197e-01 1.660235396958e+02 1.541679975563e+00 3.057068680227e+00
23 38 2 1.04824551 0.55359073 2.27487520 0.41349245 0.84541882 5.418198655471e+00 3.203384678949e-01 1.452523869902e+02 1.217701628122e+00 3.173022141892e+00
23 39 2 1.04824551 0.55359073 2.27487520 0.41349245 0.84541882 5.569701913433e+00 3.484930745061e-01 1.360443816002e+02 8.132683695787e-01 3.217309500862e+00
23 40 2 1.04824551 0.55359073 2.27487520 0.41349245 0.84541882 5.660593341875e+00 3.868393037310e-01 1.561224937546e+02 4.507696634557e-01 3.225793546050e+00
23 41 2 1.04824551 0.55359073 2.27487520 0.41349245 0.84541882 5.668737578883e+00 4.206728808075e-01 1.828986236716e+02 2.559578891975e-01 3.318286915157e+00
23 42 2 1.04824551 0.55359073 2.27487520 0.41349245 0.84541882 5.819370664892e+00 4.500857562602e-01 1.825255559519e+02 3.078010371283e-01 3.372828365065e+00
23 43 2 1.04824551 0.55359073 2.27487520 0.41349245 0.84541882 5.937424630132e+00 4.916793358405e-01 1.605655337638e+02 6.065208408474e-01 3.494473395307e+00
23 44 2 1.04824551 0.55359073 2.27487520 0.41349245 0.84541882 6.048673500949e+00 5.125623153292e-01 1.547376893355e+02 1.071940068428e+00 3.721303552038e+00
23 45 2 1.04824551 0.55359073 2.27487520 0.41349245 0.84541882 6.268195295253e+00 5.418724636183e-01 1.807231366314e+02 1.560110009517e+00 3.787353390458e+00
23 46 2 1.04824551 0.55359073 2.27487520 0.41349245 0.84541882 6.508366923109e+00 6.170661500572e-01 2.095394086381e+02 1.906272836124e+00 3.775592706519e+00
23 47 2 1.04824551 0.55359073 2.27487520 0.41349245 0.84541882 6.790471530549e+00 6.765298472815e-01 2.087158193114e+02 1.993607342041e+00 3.938603438943e+00
23 48 2 1.04824551 0.55359073 2.27487520 0.41349245 0.84541882 7.117290367249e+00 7.315578102115e-01 1.860233290039e+02 1.800041470995e+00 3.974000495106e+00
23 49 2 1.04824551 0.55359073 2.27487520 0.41349245 0.84541882 7.421573866610e+00 8.107455280775e-01 1.819080253938e+02 1.389670037899e+00 4.088414390264e+00
23 50 2 1.04824551 0.55359073 2.27487520 0.41349245 0.84541882 7.784330020434e+00 8.858314772211e-01 2.128873051589e+02 8.812583047411e-01 4.265481944485e+00
23 51 2 1.04824551 0.55359073 2.27487520 0.41349245 0.84541882 8.133766736212e+00 9.191587202480e-01 2.471250590610e+02 4.238287803707e-01 4.374952787534e+00
23 52 2 1.04824551 0.55359073 2.27487520 0.41349245 0.84541882 8.356694083494e+00 9.519364051294e-01 2.468353198027e+02 1.586327341013e-01 4.410365210415e+00
23 53 2 1.04824551 0.55359073 2.27487520 0.41349245 0.84541882 8.646909226685e+00 1.074160654641e+00 2.188124375478e+02 1.658935319945e-01 4.600557719419e+00
23 54 2 1.04824551 0.55359073 2.27487520 0.41349245 0.84541882 8.884913567020e+00 1.212368956454e+00 2.157101219984e+02 4.409533298009e-01 4.938260850956e+00
23 55 2 1.04824551 0.55359073 2.27487520 0.41349245 0.84541882 9.033104249722e+00 1.261800353570e+00 2.566428105674e+02 9.095051486821e-01 5.317760543829e+00
23 56 2 1.04824551 0.55359073 2.27487520 0.41349245 0.84541882 9.172877803207e+00 1.343720008029e+00 2.966967846225e+02 1.446321880199e+00 5.380162626683e+00
23 57 2 1.04824551 0.55359073 2.27487520 0.41349245 0.84541882 9.303795240259e+00 1.491222247843e+00 2.918760721010e+02 1.898982788211e+00 5.479014274122e+00
23 58 2 1.04824551 0.55359073 2.27487520 0.41349245 0.84541882 9.563596178548e+00 1.556867017558e+00 2.602971688785e+02 2.139293403109e+00 5.810019156858e+00
23 59 2 1.04824551 0.55359073 2.27487520 0.41349245 0.84541882 9.621458992777e+00 1.625921104236e+00 2.587137709628e+02 2.107128533666e+00 6.049234224630e+00
23 60 2 1.04824551 0.55359073 2.27487520 0.41349245 0.84541882 9.806236724732e+00 1.733142844859e+00 3.094238214724e+02 1.807191100387e+00 6.326680374085e+00
23 61 2 1.04824551 0.55359073 2.27487520 0.41349245 0.84541882 1.030178909108e+01 1.848167156842e+00 3.574211906943e+02 1.298900419801e+00 6.516421541649e+00
23 62 2 1.04824551 0.55359073 2.27487520 0.41349245 0.84541882 1.043512894538e+01 2.019969013896e+00 3.477828718280e+02 7.141799312893e-01 6.763946366154e+00
23 63 2 1.04824551 0.55359073 2.27487520 0.41349245 0.84541882 1.075988415720e+01 2.133060717967e+00 3.065850157249e+02 2.467048958073e-01 7.082887681708e+00
29 0 2 0.95799805 0.50311973 1.37773408 0.39379779 0.68722565 8.581313615775e+00 5.270970019764e-01 3.765084972308e+01 1.017775669816e-01 2.933223977477e+00
29 1 2 0.95799805 0.50311973 1.37773408 0.39379779 0.68722565 8.246218501190e+00 5.254163538612e-01 4.627461269733e+01 9.983605701802e-02 2.756283823821e+00
29 2 2 0.95799805 0.50311973 1.37773408 0.39379779 0.68722565 7.938268527946e+00 5.221274219972e-01 5.075828287857e+01 9.556569360948e-02 2.675240587318e+00
29 3 2 0.95799805 0.50311973 1.37773408 0.39379779 0.68722565 7.459173106092e+00 4.843936826113e-01 4.292274442746e+01 8.428303024534e-02 2.592914756845e+00
29 4 2 0.95799805 0.50311973 1.37773408 0.39379779 0.68722565 7.128072070560e+00 4.411307173652e-01 3.206318502028e+01 7.709972722300e-02 2.484732454282e+00
29 5 2 0.95799805 0.50311973 1.37773408 0.39379779 0.68722565 6.832768010834e+00 4.434948751286e-01 3.148362666312e+01 7.591699746163e-02 2.323331520124e+00
29 6 2 0.95799805 0.50311973 1.37773408 0.39379779 0.68722565 6.529271409727e+00 4.671487705053e-01 3.928716573415e+01 7.112376384386e-02 2.235503004123e+00
29 7 2 0.95799805 0.50311973 1.37773408 0.39379779 0.68722565 6.196113031449e+00 4.524727026981e-01 4.218177368361e+01 6.685767246250e-02 2.194610244200e+00
29 8 2 0.95799805 0.50311973 1.37773408 0.39379779 0.68722565 5.930595002196e+00 4.142455043697e-01 3.482484590617e+01 7.022493922204e-02 2.120811178177e+00
29 9 2 0.95799805 0.50311973 1.37773408 0.39379779 0.68722565 5.751062692527e+00 3.847382596787e-01 2.641238599127e+01 7.334330501169e-02 2.021901432998e+00
29 10 2 0.95799805 0.50311973 1.37773408 0.39379779 0.68722565 5.434052171268e+00 3.703546410150e-01 2.705919390001e+01 6.975580951695e-02 1.954232117397e+00
29 11 2 0.95799805 0.50311973 1.37773408 0.39379779 0.68722565 5.218286502832e+00 3.835521800643e-01 3.369362275754e+01 6.339385568695e-02 1.883499438255e+00
29 12 2 0.95799805 0.50311973 1.37773408 0.39379779 0.68722565 5.101937558554e+00 3.938897170515e-01 3.520636192201e+01 5.772140160852e-02 1.761997604538e+00
29 13 2 0.95799805 0.50311973 1.37773408 0.39379779 0.68722565 4.834266718551e+00 3.664016812684e-01 2.855585956310e+01 5.533356225930e-02 1.716964684180e+00
29 14 2 0.95799805 0.50311973 1.37773408 0.39379779 0.68722565 4.664259252440e+00 3.382216059161e-01 2.203911870402e+01 5.779372457627e-02 1.682921806781e+00
29 15 2 0.95799805 0.50311973 1.37773408 0.39379779 0.68722565 4.574198244643e+00 3.311933601349e-01 2.307965085116e+01 6.038221247219e-02 1.683202251147e+00
29 16 2 0.95799805 0.50311973 1.37773408 0.39379779 0.68722565 4.384762106047e+00 3.286004271100e-01 2.865765105288e+01 5.992800865524e-02 1.579652267484e+00
29 17 2 0.95799805 0.50311973 1.37773408 0.39379779 0.68722565 4.241937172074e+00 3.334341674005e-01 2.985887829637e+01 5.961823746741e-02 1.579987040261e+00
29 18 2 0.95799805 0.50311973 1.37773408 0.39379779 0.68722565 4.166794429100e+00 3.296756865238e-01 2.420699635325e+01 5.985716799023e-02 1.560514080502e+00
29 19 2 0.95799805 0.50311973 1.37773408 0.39379779 0.68722565 4.063114562000e+00 3.057182808304e-01 1.906358895638e+01 5.843168124048e-02 1.511992318428e+00
29 20 2 0.95799805 0.50311973 1.37773408 0.39379779 0.68722565 3.941432350679e+00 2.958619440604e-01 2.066841507326e+01 5.646003308101e-02 1.523590020475e+00
29 21 2 0.95799805 0.50311973 1.37773408 0.39379779 0.68722565 3.879178045287e+00 3.040336383492e-01 2.542700354676e+01 5.484793664978e-02 1.506017797670e+00
29 22 2 0.95799805 0.50311973 1.37773408 0.39379779 0.68722565 3.843582196635e+00 3.042520674649e-01 2.584440545749e+01 5.436451320411e-02 1.475220568319e+00
29 23 2 0.95799805 0.50311973 1.37773408 0.39379779 0.68722565 3.763976610974e+00 2.965336700323e-01 2.080859496285e+01 5.745254293234e-02 1.415454748619e+00
29 24 2 0.95799805 0.50311973 1.37773408 0.39379779 0.68722565 3.709708970792e+00 2.862958918410e-01 1.674240787828e+01 6.144688701530e-02 1.344340213088e+00
29 25 2 0.95799805 0.50311973 1.37773408 0.39379779 0.68722565 3.710375204185e+00 2.815697485348e-01 1.899849483555e+01 6.199140932332e-02 1.301595950005e+00
29 26 2 0.95799805 0.50311973 1.37773408 0.39379779 0.68722565 3.709313682786e+00 2.846227646310e-01 2.402299504227e+01 6.295586074587e-02 1.261657562650e+00
29 27 2 0.95799805 0.50311973 1.37773408 0.39379779 0.68722565 3.656996044212e+00 2.837585891129e-01 2.416852727363e+01 6.678291821439e-02 1.225804074579e+00
29 28 2 0.95799805 0.50311973 1.37773408 0.39379779 0.68722565 3.665911864326e+00 2.915693490000e-01 1.916532151009e+01 6.722591648192e-02 1.181296968766e+00
29 29 2 0.95799805 0.50311973 1.37773408 0.39379779 0.68722565 3.768796372583e+00 2.999487498423e-01 1.600099440775e+01 6.420313614805e-02 1.155503010862e+00
29 30 2 0.95799805 0.50311973 1.37773408 0.39379779 0.68722565 3.721708248854e+00 2.742745395445e-01 1.847319540065e+01 6.536346081969e-02 1.190364886398e+00
29 31 2 0.95799805 0.50311973 1.37773408 0.39379779 0.68722565 3.728580128397e+00 2.601698668828e-01 2.289719791413e+01 7.089785195450e-02 1.106184467838e+00
29 32 2 0.95799805 0.50311973 1.37773408 0.39379779 0.68722565 3.929005759201e+00 2.980247843544e-01 2.334261499154e+01 7.730259987614e-02 1.222165968651e+00
29 33 2 0.95799805 0.50311973 1.37773408 0.39379779 0.68722565 3.907492608604e+00 3.164202360553e-01 1.903404376995e+01 8.504464957964e-02 1.274098149765e+00
29 34 2 0.95799805 0.50311973 1.37773408 0.39379779 0.68722565 3.922399130855e+00 2.919995628356e-01 1.619254318290e+01 9.030970352624e-02 1.266163882071e+00
29 35 2 0.95799805 0.50311973 1.37773408 0.39379779 0.68722565 4.182093908743e+00 2.867774324155e-01 1.962976231326e+01 8.948912907881e-02 1.353759166957e+00
29 36 2 0.95799805 0.50311973 1.37773408 0.39379779 0.68722565 4.220728292924e+00 3.002564546346e-01 2.476494551801e+01 9.008828956043e-02 1.371652536107e+00
29 37 2 0.95799805 0.50311973 1.37773408 0.39379779 0.68722565 4.265215825345e+00 3.065862857505e-01 2.429286773582e+01 9.648645740397e-02 1.405893744276e+00
29 38 2 0.95799805 0.50311973 1.37773408 0.39379779 0.68722565 4.535335937754e+00 3.170171656382e-01 1.931430594942e+01 1.015138507750e-01 1.422071277780e+00
29 39 2 0.95799805 0.50311973 1.37773408 0.39379779 0.68722565 4.669235070465e+00 3.272050077915e-01 1.731438254741e+01 1.046904137305e-01 1.471588993088e+00
29 40 2 0.95799805 0.50311973 1.37773408 0.39379779 0.68722565 4.762385865335e+00 3.300974925862e-01 2.171690688540e+01 1.130723832025e-01 1.486376969813e+00
29 41 2 0.95799805 0.50311973 1.37773408 0.39379779 0.68722565 5.013225208494e+00 3.312715275174e-01 2.742205522864e+01 1.242223963818e-01 1.486928709717e+00
29 42 2 0.95799805 0.50311973 1.37773408 0.39379779 0.68722565 5.260195891917e+00 3.357674113766e-01 2.714915598083e+01 1.322236106635e-01 1.474057445393e+00
29 43 2 0.95799805 0.50311973 1.37773408 0.39379779 0.68722565 5.410260017998e+00 3.571494016360e-01 2.171999234435e+01 1.382500549320e-01 1.464569855990e+00
29 44 2 0.95799805 0.50311973 1.37773408 0.39379779 0.68722565 5.649373704384e+00 3.780032188576e-01 1.981605722901e+01 1.432609086157e-01 1.511014849175e+00
29 45 2 0.95799805 0.50311973 1.37773408 0.39379779 0.68722565 5.998089596101e+00 3.724862914526e-01 2.538206870280e+01 1.478433642495e-01 1.567189114730e+00
29 46 2 0.95799805 0.50311973 1.37773408 0.39379779 0.68722565 6.207741167634e+00 3.719449823696e-01 3.156273531632e+01 1.554204632974e-01 1.560395188397e+00
29 47 2 0.95799805 0.50311973 1.37773408 0.39379779 0.68722565 6.471792542396e+00 3.931250211056e-01 3.054057553221e+01 1.641487194522e-01 1.693501869339e+00
29 48 2 0.95799805 0.50311973 1.37773408 0.39379779 0.68722565 6.884330074249e+00 4.149480314440e-01 2.457483651213e+01 1.718126514198e-01 1.719425228576e+00
29 49 2 0.95799805 0.50311973 1.37773408 0.39379779 0.68722565 7.166464559816e+00 4.394744302009e-01 2.340711063803e+01 1.849693573159e-01 1.761582795844e+00
29 50 2 0.95799805 0.50311973 1.37773408 0.39379779 0.68722565 7.490966339016e+00 4.490874208388e-01 3.086290548509e+01 2.046217329671e-01 1.874579282465e+00
29 51 2 0.95799805 0.50311973 1.37773408 0.39379779 0.68722565 7.920396307484e+00 4.327433269683e-01 3.819672384726e+01 2.211872277359e-01 1.963980772235e+00
29 52 2 0.95799805 0.50311973 1.37773408 0.39379779 0.68722565 8.307970357448e+00 4.433695090516e-01 3.593569816275e+01 2.309821834260e-01 2.104850311296e+00
29 53 2 0.95799805 0.50311973 1.37773408 0.39379779 0.68722565 8.699793146800e+00 4.887884947028e-01 2.839841397949e+01 2.354396172426e-01 2.125705234730e+00
29 54 2 0.95799805 0.50311973 1.37773408 0.39379779 0.68722565 9.113930298477e+00 5.224757504379e-01 2.809628932825e+01 2.378199495100e-01 2.211703869568e+00
29 55 2 0.95799805 0.50311973 1.37773408 0.39379779 0.68722565 9.645971033430e+00 5.380026293452e-01 3.768637195435e+01 2.512077636428e-01 2.321852736616e+00
29 56 2 0.95799805 0.50311973 1.37773408 0.39379779 0.68722565 1.008526985661e+01 5.329040702718e-01 4.561394141172e+01 2.782211419098e-01 2.356962654743e+00
29 57 2 0.95799805 0.50311973 1.37773408 0.39379779 0.68722565 1.048299233708e+01 5.211326348492e-01 4.202052427223e+01 2.989410988671e-01 2.445251227542e+00
29 58 2 0.95799805 0.50311973 1.37773408 0.39379779 0.68722565 1.116828387405e+01 5.557749742393e-01 3.350723449287e+01 3.110595789834e-01 2.654583527655e+00
29 59 2 0.95799805 0.50311973 1.37773408 0.39379779 0.68722565 1.164026023245e+01 6.179175943940e-01 3.455940281787e+01 3.329339197048e-01 2.705734036972e+00
29 60 2 0.95799805 0.50311973 1.37773408 0.39379779 0.68722565 1.205146422766e+01 6.394403733310e-01 4.643498244668e+01 3.555503074221e-01 2.803612055015e+00
29 61 2 0.95799805 0.50311973 1.37773408 0.39379779 0.68722565 1.283945469361e+01 6.295364409751e-01 5.483203518487e+01 3.618723225560e-01 2.889175971250e+00
29 62 2 0.95799805 0.50311973 1.37773408 0.39379779 0.68722565 1.336204906488e+01 6.440927191146e-01 4.967265776409e+01 3.688911775274e-01 2.992849993320e+00
29 63 2 0.95799805 0.50311973 1.37773408 0.39379779 0.68722565 1.383329588023e+01 6.889124250932e-01 3.954597635883e+01 3.874395133434e-01 3.140331260171e+00
