# environment=00047 local_bs=4 gain_scale=3.425317733397e-13
# ue subcarrier serving_bs phi0 phi1 phi2 phi3 phi4 gain0 gain1 gain2 gain3 gain4
2 0 4 1.03181894 2.14661791 1.88173107 2.52559048 2.01471132 7.770227159881e-01 1.575671817152e-02 7.705790012153e+00 1.423902655568e-04 1.409819985960e+01
2 1 4 1.03181894 2.14661791 1.88173107 2.52559048 2.01471132 7.859511995864e-01 1.455967668255e-02 8.286382566270e+00 5.461282595257e-05 1.371678032217e+01
2 2 4 1.03181894 2.14661791 1.88173107 2.52559048 2.01471132 7.765322313311e-01 1.404641106422e-02 9.005426894298e+00 1.661489996348e-04 1.329335206089e+01
2 3 4 1.03181894 2.14661791 1.88173107 2.52559048 2.01471132 7.510239086973e-01 1.486503219577e-02 9.836712047709e+00 1.756651048761e-04 1.286683509086e+01
2 4 4 1.03181894 2.14661791 1.88173107 2.52559048 2.01471132 7.403212230212e-01 1.768764408094e-02 1.065497081812e+01 1.813870151170e-05 1.242122256696e+01
2 5 4 1.03181894 2.14661791 1.88173107 2.52559048 2.01471132 7.294163287995e-01 1.929611936000e-02 1.124673784937e+01 1.596543258969e-04 1.189428067526e+01
2 6 4 1.03181894 2.14661791 1.88173107 2.52559048 2.01471132 6.930878464577e-01 1.987468346348e-02 1.153496963364e+01 4.743719658922e-04 1.141849858511e+01
2 7 4 1.03181894 2.14661791 1.88173107 2.52559048 2.01471132 6.544508663518e-01 1.966431270775e-02 1.157064425770e+01 3.707490509284e-04 1.096764739476e+01
2 8 4 1.03181894 2.14661791 1.88173107 2.52559048 2.01471132 6.291852228621e-01 1.728985798832e-02 1.142525091168e+01 6.049165369625e-05 1.050722092433e+01
2 9 4 1.03181894 2.14661791 1.88173107 2.52559048 2.01471132 6.067618369290e-01 1.552716513394e-02 1.106843476126e+01 1.201412122210e-04 1.002264875790e+01
2 10 4 1.03181894 2.14661791 1.88173107 2.52559048 2.01471132 5.651687162926e-01 1.551659678233e-02 1.052004333275e+01 2.933738239902e-04 9.643921390841e+00
2 11 4 1.03181894 2.14661791 1.88173107 2.52559048 2.01471132 5.288117003208e-01 1.614040111581e-02 9.841894505142e+00 1.448093882441e-04 9.335207465528e+00
2 12 4 1.03181894 2.14661791 1.88173107 2.52559048 2.01471132 5.084635705467e-01 1.861600021495e-02 9.005604214185e+00 4.013566581612e-07 8.958492197759e+00
2 13 4 1.03181894 2.14661791 1.88173107 2.52559048 2.01471132 4.880357077472e-01 2.128041792510e-02 8.008575805461e+00 1.404290122313e-04 8.571253227230e+00
2 14 4 1.03181894 2.14661791 1.88173107 2.52559048 2.01471132 4.544346363736e-01 2.207763111586e-02 6.984897140681e+00 1.979080013374e-04 8.281631516658e+00
2 15 4 1.03181894 2.14661791 1.88173107 2.52559048 2.01471132 4.263568098738e-01 2.246199468877e-02 6.066968354902e+00 4.181661222734e-05 8.059759762821e+00
2 16 4 1.03181894 2.14661791 1.88173107 2.52559048 2.01471132 4.164494977140e-01 2.170649525976e-02 5.256587467142e+00 4.048878598326e-05 7.793813001119e+00
2 17 4 1.03181894 2.14661791 1.88173107 2.52559048 2.01471132 4.073466605864e-01 1.965452408949e-02 4.560819432231e+00 1.969094826503e-04 7.527581583032e+00
2 18 4 1.03181894 2.14661791 1.88173107 2.52559048 2.01471132 3.883492878898e-01 1.856287177090e-02 4.012343181597e+00 1.708984346780e-04 7.347018971926e+00
2 19 4 1.03181894 2.14661791 1.88173107 2.52559048 2.01471132 3.773986807010e-01 1.749075568909e-02 3.639644545847e+00 2.766125342477e-05 7.218558963930e+00
2 20 4 1.03181894 2.14661791 1.88173107 2.52559048 2.01471132 3.846321427045e-01 1.594075024289e-02 3.462696256495e+00 1.676122374767e-05 7.075469772532e+00
2 21 4 1.03181894 2.14661791 1.88173107 2.52559048 2.01471132 3.930978865212e-01 1.518031016656e-02 3.478091654146e+00 4.406118944511e-05 6.920709132404e+00
2 22 4 1.03181894 2.14661791 1.88173107 2.52559048 2.01471132 3.869971835472e-01 1.401438293466e-02 3.668344293114e+00 1.828704816747e-05 6.758274934002e+00
2 23 4 1.03181894 2.14661791 1.88173107 2.52559048 2.01471132 3.855352813348e-01 1.265347055506e-02 3.953527022207e+00 7.937111970289e-05 6.623011012779e+00
2 24 4 1.03181894 2.14661791 1.88173107 2.52559048 2.01471132 3.991579499158e-01 1.241650401241e-02 4.319336495032e+00 1.640808663694e-04 6.506060748810e+00
2 25 4 1.03181894 2.14661791 1.88173107 2.52559048 2.01471132 4.088694799445e-01 1.208130662980e-02 4.770533189966e+00 8.506337268017e-05 6.385286496173e+00
2 26 4 1.03181894 2.14661791 1.88173107 2.52559048 2.01471132 3.994786431740e-01 1.167258436284e-02 5.243008730463e+00 1.381744105316e-05 6.217112817361e+00
2 27 4 1.03181894 2.14661791 1.88173107 2.52559048 2.01471132 3.897539401335e-01 1.149456839916e-02 5.710465497106e+00 1.447952523983e-04 6.079411571986e+00
2 28 4 1.03181894 2.14661791 1.88173107 2.52559048 2.01471132 3.982887929746e-01 1.007469406002e-02 6.114310018800e+00 2.259627419377e-04 6.054057867884e+00
2 29 4 1.03181894 2.14661791 1.88173107 2.52559048 2.01471132 4.010769566105e-01 8.090501111182e-03 6.412614785062e+00 8.278727639758e-05 6.042158569187e+00
2 30 4 1.03181894 2.14661791 1.88173107 2.52559048 2.01471132 3.870249855329e-01 6.536476774068e-03 6.596106467949e+00 6.301912181847e-06 5.990121730387e+00
2 31 4 1.03181894 2.14661791 1.88173107 2.52559048 2.01471132 3.727636709509e-01 5.177734344570e-03 6.703921558399e+00 1.160063223656e-04 5.963767276335e+00
2 32 4 1.03181894 2.14661791 1.88173107 2.52559048 2.01471132 3.795630849347e-01 5.236722622323e-03 6.808343612920e+00 1.215255093042e-04 6.082830416971e+00
2 33 4 1.03181894 2.14661791 1.88173107 2.52559048 2.01471132 3.822249625114e-01 6.678796261305e-03 6.800304574632e+00 9.157584522961e-06 6.219204518700e+00
2 34 4 1.03181894 2.14661791 1.88173107 2.52559048 2.01471132 3.676033284494e-01 8.301404728308e-03 6.597806616439e+00 7.539494270095e-05 6.283510990950e+00
2 35 4 1.03181894 2.14661791 1.88173107 2.52559048 2.01471132 3.556362948205e-01 1.036295642091e-02 6.251266718620e+00 2.273003479633e-04 6.361152389340e+00
2 36 4 1.03181894 2.14661791 1.88173107 2.52559048 2.01471132 3.620331951754e-01 1.181485553825e-02 5.807407576374e+00 1.572813245009e-04 6.522542868239e+00
2 37 4 1.03181894 2.14661791 1.88173107 2.52559048 2.01471132 3.680150201055e-01 1.203439797817e-02 5.331549037902e+00 1.568899645283e-05 6.702758090430e+00
2 38 4 1.03181894 2.14661791 1.88173107 2.52559048 2.01471132 3.574480716807e-01 1.253020550389e-02 4.844359038725e+00 7.566569554719e-05 6.795766463917e+00
2 39 4 1.03181894 2.14661791 1.88173107 2.52559048 2.01471132 3.548869771871e-01 1.291828887408e-02 4.391428352747e+00 1.615406786666e-04 6.885919757182e+00
2 40 4 1.03181894 2.14661791 1.88173107 2.52559048 2.01471132 3.713699337622e-01 1.321503668727e-02 4.002542058092e+00 8.402874770729e-05 7.009917888475e+00
2 41 4 1.03181894 2.14661791 1.88173107 2.52559048 2.01471132 3.912409202775e-01 1.465178652722e-02 3.688529011282e+00 2.243241311272e-05 7.166787595921e+00
2 42 4 1.03181894 2.14661791 1.88173107 2.52559048 2.01471132 3.985003894363e-01 1.581930221032e-02 3.546795272606e+00 4.943978586788e-05 7.328173291532e+00
2 43 4 1.03181894 2.14661791 1.88173107 2.52559048 2.01471132 4.141394996369e-01 1.661197128000e-02 3.606155624791e+00 1.925181325963e-05 7.493539101164e+00
2 44 4 1.03181894 2.14661791 1.88173107 2.52559048 2.01471132 4.485968288562e-01 1.827442515633e-02 3.855747261325e+00 2.482083791216e-05 7.682524587995e+00
2 45 4 1.03181894 2.14661791 1.88173107 2.52559048 2.01471132 4.826037708590e-01 1.946421690945e-02 4.295638167217e+00 1.799480083078e-04 7.932057532917e+00
2 46 4 1.03181894 2.14661791 1.88173107 2.52559048 2.01471132 5.014033265406e-01 2.078731087796e-02 4.910022533965e+00 2.210999141875e-04 8.265356462496e+00
2 47 4 1.03181894 2.14661791 1.88173107 2.52559048 2.01471132 5.217240895556e-01 2.311250043137e-02 5.691322435498e+00 5.231428357470e-05 8.590633029789e+00
2 48 4 1.03181894 2.14661791 1.88173107 2.52559048 2.01471132 5.568325944555e-01 2.397950869089e-02 6.622546877524e+00 3.752976740438e-05 8.864071066523e+00
2 49 4 1.03181894 2.14661791 1.88173107 2.52559048 2.01471132 5.884503481339e-01 2.363911019740e-02 7.684660456986e+00 2.066786362876e-04 9.190461169743e+00
2 50 4 1.03181894 2.14661791 1.88173107 2.52559048 2.01471132 6.004483353621e-01 2.278174601836e-02 8.756717925484e+00 1.588346609071e-04 9.607512438673e+00
2 51 4 1.03181894 2.14661791 1.88173107 2.52559048 2.01471132 6.138877347585e-01 1.989932640245e-02 9.711693775459e+00 1.539207993692e-06 9.989588192591e+00
2 52 4 1.03181894 2.14661791 1.88173107 2.52559048 2.01471132 6.409991444152e-01 1.732178653193e-02 1.056994302339e+01 1.470790122383e-04 1.029908887204e+01
2 53 4 1.03181894 2.14661791 1.88173107 2.52559048 2.01471132 6.658715435106e-01 1.671433523080e-02 1.135639450673e+01 3.241649063722e-04 1.065645958567e+01
2 54 4 1.03181894 2.14661791 1.88173107 2.52559048 2.01471132 6.694608030113e-01 1.676854601217e-02 1.197744118912e+01 1.472585525434e-04 1.112607127627e+01
2 55 4 1.03181894 2.14661791 1.88173107 2.52559048 2.01471132 6.760996002669e-01 1.870886159008e-02 1.234756444547e+01 5.570733431560e-05 1.153845081725e+01
2 56 4 1.03181894 2.14661791 1.88173107 2.52559048 2.01471132 6.981082394126e-01 2.117282966110e-02 1.247242465426e+01 3.741108292325e-04 1.190262071810e+01
2 57 4 1.03181894 2.14661791 1.88173107 2.52559048 2.01471132 7.109604875697e-01 2.128619048313e-02 1.228437761084e+01 5.114252559321e-04 1.228488568782e+01
2 58 4 1.03181894 2.14661791 1.88173107 2.52559048 2.01471132 7.074001675018e-01 2.062390802489e-02 1.174569711168e+01 1.871992381737e-04 1.269453374343e+01
2 59 4 1.03181894 2.14661791 1.88173107 2.52559048 2.01471132 7.105633120055e-01 1.885089125967e-02 1.098024642838e+01 1.202470980493e-05 1.305523492647e+01
2 60 4 1.03181894 2.14661791 1.88173107 2.52559048 2.01471132 7.383435432652e-01 1.587950095155e-02 1.018415506099e+01 1.676691548613e-04 1.338071754387e+01
2 61 4 1.03181894 2.14661791 1.88173107 2.52559048 2.01471132 7.533118740119e-01 1.510977140813e-02 9.464196282552e+00 1.703463892407e-04 1.378894027936e+01
2 62 4 1.03181894 2.14661791 1.88173107 2.52559048 2.01471132 7.659980896169e-01 1.564689578751e-02 8.782697543596e+00 6.030022667733e-05 1.419275823436e+01
2 63 4 1.03181894 2.14661791 1.88173107 2.52559048 2.01471132 8.009005053661e-01 1.689823657132e-02 8.224194291658e+00 1.598038539807e-04 1.467371145390e+01
3 0 4 1.15476380 4.32954956 1.33174413 3.96226274 2.00122853 2.865217009030e-04 2.009094956636e+00 2.224242166593e+00 5.352844424492e-01 1.174846776999e+01
3 1 4 1.15476380 4.32954956 1.33174413 3.96226274 2.00122853 6.174373493690e-04 1.947080251398e+00 2.249887116255e+00 3.976048723989e-01 1.122460676481e+01
3 2 4 1.15476380 4.32954956 1.33174413 3.96226274 2.00122853 4.594514763077e-04 1.874875270084e+00 2.311165000888e+00 1.554121806561e-01 1.069186224679e+01
3 3 4 1.15476380 4.32954956 1.33174413 3.96226274 2.00122853 3.427388427347e-04 1.854438887828e+00 2.388687088387e+00 8.212959951631e-02 1.015905353921e+01
3 4 4 1.15476380 4.32954956 1.33174413 3.96226274 2.00122853 6.855725085161e-04 1.839254062798e+00 2.483020386704e+00 2.848278963315e-01 9.701523516964e+00
3 5 4 1.15476380 4.32954956 1.33174413 3.96226274 2.00122853 4.304062689770e-04 1.755479415540e+00 2.571181489113e+00 5.888484663261e-01 9.237531377877e+00
3 6 4 1.15476380 4.32954956 1.33174413 3.96226274 2.00122853 4.441407697895e-04 1.644048596835e+00 2.644468744311e+00 6.838040192963e-01 8.792403692176e+00
3 7 4 1.15476380 4.32954956 1.33174413 3.96226274 2.00122853 7.363011106531e-04 1.605421931077e+00 2.691119362814e+00 4.701056302372e-01 8.408915677342e+00
3 8 4 1.15476380 4.32954956 1.33174413 3.96226274 2.00122853 4.266777340948e-04 1.587759348492e+00 2.704547344249e+00 2.059781879808e-01 8.022825970591e+00
3 9 4 1.15476380 4.32954956 1.33174413 3.96226274 2.00122853 5.630399520816e-04 1.513039795416e+00 2.676517090670e+00 2.211623552689e-01 7.672992746270e+00
3 10 4 1.15476380 4.32954956 1.33174413 3.96226274 2.00122853 7.555194323767e-04 1.404317283500e+00 2.613349712892e+00 5.646856550678e-01 7.363573158892e+00
3 11 4 1.15476380 4.32954956 1.33174413 3.96226274 2.00122853 4.545254450485e-04 1.302093628950e+00 2.497610590666e+00 9.033590611463e-01 7.055993744093e+00
3 12 4 1.15476380 4.32954956 1.33174413 3.96226274 2.00122853 6.661113850733e-04 1.224945953087e+00 2.349343660303e+00 8.787543466267e-01 6.797270820686e+00
3 13 4 1.15476380 4.32954956 1.33174413 3.96226274 2.00122853 7.544537031746e-04 1.181865850071e+00 2.154380743342e+00 5.506242930120e-01 6.555308978061e+00
3 14 4 1.15476380 4.32954956 1.33174413 3.96226274 2.00122853 5.044077527851e-04 1.127746279095e+00 1.939851901196e+00 3.250560017487e-01 6.319754066122e+00
3 15 4 1.15476380 4.32954956 1.33174413 3.96226274 2.00122853 7.354582875727e-04 1.079892327831e+00 1.709541784926e+00 5.203633182605e-01 6.139324544665e+00
3 16 4 1.15476380 4.32954956 1.33174413 3.96226274 2.00122853 7.518170167887e-04 1.081450376443e+00 1.487929586724e+00 9.810218046934e-01 5.954414813918e+00
3 17 4 1.15476380 4.32954956 1.33174413 3.96226274 2.00122853 5.548627072376e-04 1.087275677777e+00 1.285432742573e+00 1.218717561763e+00 5.780464528640e+00
3 18 4 1.15476380 4.32954956 1.33174413 3.96226274 2.00122853 7.762886614812e-04 1.050342483798e+00 1.118058261738e+00 9.993497906588e-01 5.661594882439e+00
3 19 4 1.15476380 4.32954956 1.33174413 3.96226274 2.00122853 7.549848505493e-04 1.020864367216e+00 9.879418766254e-01 6.059271152900e-01 5.522984269894e+00
3 20 4 1.15476380 4.32954956 1.33174413 3.96226274 2.00122853 5.891425038619e-04 1.046796759328e+00 9.044662930535e-01 5.357051165720e-01 5.399884636426e+00
3 21 4 1.15476380 4.32954956 1.33174413 3.96226274 2.00122853 8.061660235995e-04 1.099203772299e+00 8.644010357453e-01 9.295100942118e-01 5.326454781780e+00
3 22 4 1.15476380 4.32954956 1.33174413 3.96226274 2.00122853 7.563661850070e-04 1.097038539359e+00 8.719384733662e-01 1.372089861567e+00 5.225812393176e+00
3 23 4 1.15476380 4.32954956 1.33174413 3.96226274 2.00122853 6.068815300131e-04 1.036329514919e+00 9.242430867922e-01 1.384336496805e+00 5.145294441317e+00
3 24 4 1.15476380 4.32954956 1.33174413 3.96226274 2.00122853 8.379184226016e-04 9.866748834493e-01 1.014412907490e+00 9.761790571706e-01 5.104934345860e+00
3 25 4 1.15476380 4.32954956 1.33174413 3.96226274 2.00122853 7.441036857552e-04 9.666099645137e-01 1.138092874694e+00 6.452097740772e-01 5.037739006326e+00
3 26 4 1.15476380 4.32954956 1.33174413 3.96226274 2.00122853 6.213184098434e-04 9.214034232516e-01 1.276752376438e+00 8.110256379215e-01 4.995402057935e+00
3 27 4 1.15476380 4.32954956 1.33174413 3.96226274 2.00122853 8.707185964605e-04 8.425538366931e-01 1.420525760419e+00 1.304126734975e+00 4.980890241131e+00
3 28 4 1.15476380 4.32954956 1.33174413 3.96226274 2.00122853 7.146319887832e-04 7.807395888896e-01 1.556814282257e+00 1.566027145410e+00 4.946531435817e+00
3 29 4 1.15476380 4.32954956 1.33174413 3.96226274 2.00122853 6.466549579184e-04 7.651685133518e-01 1.664660326266e+00 1.301056281012e+00 4.941871566373e+00
3 30 4 1.15476380 4.32954956 1.33174413 3.96226274 2.00122853 8.938558906446e-04 7.205631409393e-01 1.754182825132e+00 8.208122928798e-01 4.951179382150e+00
3 31 4 1.15476380 4.32954956 1.33174413 3.96226274 2.00122853 6.764321138094e-04 6.237710302152e-01 1.793925253987e+00 6.883196814145e-01 4.952365839931e+00
3 32 4 1.15476380 4.32954956 1.33174413 3.96226274 2.00122853 6.866007693069e-04 5.815894115327e-01 1.806709650780e+00 1.051527813437e+00 4.988005365092e+00
3 33 4 1.15476380 4.32954956 1.33174413 3.96226274 2.00122853 8.973841689885e-04 6.268775129945e-01 1.769856266980e+00 1.477480781875e+00 5.023657315847e+00
3 34 4 1.15476380 4.32954956 1.33174413 3.96226274 2.00122853 6.434603106423e-04 6.506803873376e-01 1.696559072780e+00 1.460958617326e+00 5.065692081625e+00
3 35 4 1.15476380 4.32954956 1.33174413 3.96226274 2.00122853 7.318961849382e-04 6.353359184621e-01 1.592970226747e+00 1.005753217347e+00 5.146352276096e+00
3 36 4 1.15476380 4.32954956 1.33174413 3.96226274 2.00122853 8.806390705735e-04 6.494371564916e-01 1.459930433791e+00 6.195847077871e-01 5.214575246538e+00
3 37 4 1.15476380 4.32954956 1.33174413 3.96226274 2.00122853 6.241268815163e-04 6.980014144795e-01 1.323448747963e+00 7.142622469684e-01 5.304630706527e+00
3 38 4 1.15476380 4.32954956 1.33174413 3.96226274 2.00122853 7.675000639737e-04 7.275667532510e-01 1.185575061292e+00 1.144695560032e+00 5.436014349662e+00
3 39 4 1.15476380 4.32954956 1.33174413 3.96226274 2.00122853 8.525603972094e-04 7.305020323981e-01 1.065983176355e+00 1.391152663085e+00 5.545696102913e+00
3 40 4 1.15476380 4.32954956 1.33174413 3.96226274 2.00122853 6.139904665566e-04 7.507807017923e-01 9.748945819018e-01 1.147027362869e+00 5.691784902519e+00
3 41 4 1.15476380 4.32954956 1.33174413 3.96226274 2.00122853 7.840707666882e-04 7.991645772453e-01 9.166022620661e-01 6.689097180322e-01 5.879168326680e+00
3 42 4 1.15476380 4.32954956 1.33174413 3.96226274 2.00122853 8.233583709845e-04 8.087520855712e-01 9.068397471898e-01 4.594679785285e-01 6.040304274458e+00
3 43 4 1.15476380 4.32954956 1.33174413 3.96226274 2.00122853 5.981977256193e-04 7.587592462561e-01 9.425076765376e-01 7.089731772789e-01 6.249551444827e+00
3 44 4 1.15476380 4.32954956 1.33174413 3.96226274 2.00122853 7.851519527404e-04 7.045078162507e-01 1.037061527713e+00 1.113501745036e+00 6.495872214069e+00
3 45 4 1.15476380 4.32954956 1.33174413 3.96226274 2.00122853 7.933938821957e-04 6.950957937988e-01 1.181789073272e+00 1.204347467922e+00 6.717228651289e+00
3 46 4 1.15476380 4.32954956 1.33174413 3.96226274 2.00122853 5.635671991582e-04 7.028131742152e-01 1.377822076796e+00 8.774439036635e-01 6.993421815325e+00
3 47 4 1.15476380 4.32954956 1.33174413 3.96226274 2.00122853 7.832023509245e-04 6.812697883841e-01 1.605251574479e+00 4.784770214732e-01 7.297068736920e+00
3 48 4 1.15476380 4.32954956 1.33174413 3.96226274 2.00122853 7.492228468056e-04 6.470173894814e-01 1.855287291740e+00 4.169183962379e-01 7.583249687196e+00
3 49 4 1.15476380 4.32954956 1.33174413 3.96226274 2.00122853 5.119081284464e-04 6.505329576263e-01 2.099091320160e+00 7.662084759344e-01 7.924265279468e+00
3 50 4 1.15476380 4.32954956 1.33174413 3.96226274 2.00122853 7.859897617584e-04 6.640053838734e-01 2.333633956373e+00 1.164697757791e+00 8.277372025459e+00
3 51 4 1.15476380 4.32954956 1.33174413 3.96226274 2.00122853 6.733771778182e-04 6.693516762170e-01 2.532530147062e+00 1.208072994797e+00 8.626093589585e+00
3 52 4 1.15476380 4.32954956 1.33174413 3.96226274 2.00122853 4.623409705232e-04 6.977980093987e-01 2.699317928874e+00 8.684082731425e-01 9.022256075916e+00
3 53 4 1.15476380 4.32954956 1.33174413 3.96226274 2.00122853 7.853659865056e-04 7.536907230605e-01 2.820517003419e+00 5.145147626792e-01 9.410598256933e+00
3 54 4 1.15476380 4.32954956 1.33174413 3.96226274 2.00122853 5.626038514741e-04 8.206743475899e-01 2.891879590861e+00 5.798174206783e-01 9.811355788682e+00
3 55 4 1.15476380 4.32954956 1.33174413 3.96226274 2.00122853 4.380328365090e-04 8.739803677966e-01 2.916203448895e+00 1.074256160449e+00 1.024574724504e+01
3 56 4 1.15476380 4.32954956 1.33174413 3.96226274 2.00122853 7.619848863110e-04 8.805158716232e-01 2.887301993336e+00 1.538858580522e+00 1.065097270354e+01
3 57 4 1.15476380 4.32954956 1.33174413 3.96226274 2.00122853 4.384149909752e-04 8.907468794976e-01 2.818321455647e+00 1.524226627283e+00 1.108609444703e+01
3 58 4 1.15476380 4.32954956 1.33174413 3.96226274 2.00122853 4.484877134753e-04 9.551542251637e-01 2.721064749716e+00 1.073559477559e+00 1.153724420416e+01
3 59 4 1.15476380 4.32954956 1.33174413 3.96226274 2.00122853 7.059415351705e-04 1.014665866558e+00 2.606622029846e+00 7.539441634279e-01 1.194116780358e+01
3 60 4 1.15476380 4.32954956 1.33174413 3.96226274 2.00122853 3.374742569274e-04 1.022538600478e+00 2.499297555044e+00 1.040438380923e+00 1.238941255143e+01
3 61 4 1.15476380 4.32954956 1.33174413 3.96226274 2.00122853 4.866190412352e-04 1.026043849612e+00 2.403386781999e+00 1.739930829071e+00 1.283590140892e+01
3 62 4 1.15476380 4.32954956 1.33174413 3.96226274 2.00122853 6.348941434130e-04 1.063203132740e+00 2.334823606552e+00 2.168919207078e+00 1.322548400225e+01
3 63 4 1.15476380 4.32954956 1.33174413 3.96226274 2.00122853 2.886612571086e-04 1.100846883348e+00 2.300223977719e+00 1.898940243525e+00 1.366719324392e+01
4 0 4 1.46359326 1.17583756 2.41146671 1.94818504 4.26980730 4.481994009078e-01 1.332475524785e+00 2.776011842360e+01 7.373204268730e+00 2.447982307328e+02
4 1 4 1.46359326 1.17583756 2.41146671 1.94818504 4.26980730 1.004516857952e+01 1.282585071511e+00 2.669123888819e+01 7.148376608432e+00 2.180056502366e+02
4 2 4 1.46359326 1.17583756 2.41146671 1.94818504 4.26980730 6.031684011745e+00 1.233471591143e+00 2.577827907413e+01 6.911685456618e+00 2.014163652213e+02
4 3 4 1.46359326 1.17583756 2.41146671 1.94818504 4.26980730 2.932170661065e+00 1.193034896558e+00 2.503987351195e+01 6.686227493229e+00 1.967636600916e+02
4 4 4 1.46359326 1.17583756 2.41146671 1.94818504 4.26980730 1.177237450197e+01 1.164045485625e+00 2.420624582331e+01 6.481490289381e+00 2.039525371657e+02
4 5 4 1.46359326 1.17583756 2.41146671 1.94818504 4.26980730 1.442945767279e-01 1.142946145454e+00 2.324124820298e+01 6.266014422548e+00 2.147952949688e+02
4 6 4 1.46359326 1.17583756 2.41146671 1.94818504 4.26980730 1.083551385769e+01 1.123347852056e+00 2.224476512049e+01 6.061928019337e+00 2.173753500797e+02
4 7 4 1.46359326 1.17583756 2.41146671 1.94818504 4.26980730 5.654123909985e+00 1.100362849539e+00 2.154936040645e+01 5.871449385614e+00 2.081917634524e+02
4 8 4 1.46359326 1.17583756 2.41146671 1.94818504 4.26980730 3.453825286637e+00 1.072502390237e+00 2.097854256256e+01 5.679162102676e+00 1.907862850943e+02
4 9 4 1.46359326 1.17583756 2.41146671 1.94818504 4.26980730 1.308250321293e+01 1.040956186506e+00 2.021781678186e+01 5.489521592350e+00 1.701783268095e+02
4 10 4 1.46359326 1.17583756 2.41146671 1.94818504 4.26980730 2.316705283901e-01 1.008104625274e+00 1.939725109672e+01 5.318317755182e+00 1.542656346305e+02
4 11 4 1.46359326 1.17583756 2.41146671 1.94818504 4.26980730 1.086709512132e+01 9.765501871873e-01 1.878529836154e+01 5.148952322949e+00 1.482426595182e+02
4 12 4 1.46359326 1.17583756 2.41146671 1.94818504 4.26980730 6.798706403075e+00 9.483726460927e-01 1.820520847217e+01 4.975260794847e+00 1.521065701030e+02
4 13 4 1.46359326 1.17583756 2.41146671 1.94818504 4.26980730 2.467597458621e+00 9.240099097162e-01 1.759799043483e+01 4.823534688614e+00 1.596651127756e+02
4 14 4 1.46359326 1.17583756 2.41146671 1.94818504 4.26980730 1.271161620093e+01 9.013597620800e-01 1.703087505051e+01 4.673894806746e+00 1.642470903412e+02
4 15 4 1.46359326 1.17583756 2.41146671 1.94818504 4.26980730 6.135310527519e-01 8.764986946263e-01 1.649654000811e+01 4.516745049257e+00 1.620573586399e+02
4 16 4 1.46359326 1.17583756 2.41146671 1.94818504 4.26980730 8.689594681788e+00 8.463275610956e-01 1.606888884850e+01 4.375666254989e+00 1.519506354865e+02
4 17 4 1.46359326 1.17583756 2.41146671 1.94818504 4.26980730 6.584299822748e+00 8.113442299882e-01 1.554204387493e+01 4.243946431320e+00 1.367453174186e+02
4 18 4 1.46359326 1.17583756 2.41146671 1.94818504 4.26980730 1.709606141721e+00 7.759845157519e-01 1.512725927889e+01 4.099081723882e+00 1.236618050629e+02
4 19 4 1.46359326 1.17583756 2.41146671 1.94818504 4.26980730 1.003816798395e+01 7.457639989518e-01 1.479170720041e+01 3.965237362904e+00 1.169149486213e+02
4 20 4 1.46359326 1.17583756 2.41146671 1.94818504 4.26980730 7.363022985678e-01 7.233222603335e-01 1.435930718920e+01 3.853446155717e+00 1.183331669047e+02
4 21 4 1.46359326 1.17583756 2.41146671 1.94818504 4.26980730 7.363272542322e+00 7.066467935857e-01 1.401675078696e+01 3.723773710380e+00 1.247886368240e+02
4 22 4 1.46359326 1.17583756 2.41146671 1.94818504 4.26980730 4.831944835342e+00 6.909818662763e-01 1.375535722590e+01 3.607981758739e+00 1.320358006584e+02
4 23 4 1.46359326 1.17583756 2.41146671 1.94818504 4.26980730 2.486565287369e+00 6.727808685266e-01 1.353350988541e+01 3.524694390124e+00 1.339464166550e+02
4 24 4 1.46359326 1.17583756 2.41146671 1.94818504 4.26980730 9.192128530192e+00 6.524153163396e-01 1.334245823935e+01 3.427797071351e+00 1.288195473322e+02
4 25 4 1.46359326 1.17583756 2.41146671 1.94818504 4.26980730 4.053804147065e-01 6.336160885038e-01 1.305307863786e+01 3.347469478947e+00 1.191518256654e+02
4 26 4 1.46359326 1.17583756 2.41146671 1.94818504 4.26980730 8.559536426645e+00 6.204795056221e-01 1.277817957037e+01 3.307859579281e+00 1.089492617194e+02
4 27 4 1.46359326 1.17583756 2.41146671 1.94818504 4.26980730 4.539540907494e+00 6.146901808424e-01 1.274585068922e+01 3.263617653268e+00 1.024273342477e+02
4 28 4 1.46359326 1.17583756 2.41146671 1.94818504 4.26980730 2.935727112742e+00 6.149705208068e-01 1.276687023863e+01 3.231018684688e+00 1.028897325310e+02
4 29 4 1.46359326 1.17583756 2.41146671 1.94818504 4.26980730 1.035009860915e+01 6.186084394720e-01 1.274745677865e+01 3.246665088378e+00 1.095322947075e+02
4 30 4 1.46359326 1.17583756 2.41146671 1.94818504 4.26980730 2.597698584972e-01 6.233785970711e-01 1.252697930828e+01 3.259948626664e+00 1.182153657873e+02
4 31 4 1.46359326 1.17583756 2.41146671 1.94818504 4.26980730 9.141254067102e+00 6.284434927445e-01 1.236013226915e+01 3.275718386557e+00 1.234780477766e+02
4 32 4 1.46359326 1.17583756 2.41146671 1.94818504 4.26980730 5.320285505449e+00 6.341796309545e-01 1.260194183299e+01 3.340901118762e+00 1.246237600079e+02
4 33 4 1.46359326 1.17583756 2.41146671 1.94818504 4.26980730 2.501016527341e+00 6.417249703183e-01 1.283010692639e+01 3.399095017562e+00 1.194167795503e+02
4 34 4 1.46359326 1.17583756 2.41146671 1.94818504 4.26980730 1.075962235656e+01 6.526762936620e-01 1.285118707188e+01 3.450470950903e+00 1.106512400630e+02
4 35 4 1.46359326 1.17583756 2.41146671 1.94818504 4.26980730 4.666113269232e-01 6.685751402605e-01 1.280975890981e+01 3.542332054339e+00 1.045485146992e+02
4 36 4 1.46359326 1.17583756 2.41146671 1.94818504 4.26980730 8.127728382533e+00 6.898320872238e-01 1.292358372968e+01 3.625793620210e+00 1.045842648420e+02
4 37 4 1.46359326 1.17583756 2.41146671 1.94818504 4.26980730 5.336821693491e+00 7.146860914706e-01 1.326018616630e+01 3.691793672517e+00 1.112922576991e+02
4 38 4 1.46359326 1.17583756 2.41146671 1.94818504 4.26980730 2.174023720390e+00 7.394811960498e-01 1.358265498423e+01 3.787342570706e+00 1.223810952544e+02
4 39 4 1.46359326 1.17583756 2.41146671 1.94818504 4.26980730 9.279205088979e+00 7.607950738595e-01 1.376199334766e+01 3.880020804854e+00 1.333850024738e+02
4 40 4 1.46359326 1.17583756 2.41146671 1.94818504 4.26980730 5.311136968644e-01 7.781305495819e-01 1.400372618504e+01 3.946102160159e+00 1.391078241168e+02
4 41 4 1.46359326 1.17583756 2.41146671 1.94818504 4.26980730 7.927018858636e+00 7.947891024984e-01 1.430284949813e+01 4.038037221355e+00 1.369867950086e+02
4 42 4 1.46359326 1.17583756 2.41146671 1.94818504 4.26980730 4.138314492031e+00 8.156453460657e-01 1.469460652181e+01 4.134096814543e+00 1.305131863330e+02
4 43 4 1.46359326 1.17583756 2.41146671 1.94818504 4.26980730 3.173116085157e+00 8.432185744954e-01 1.516650184888e+01 4.204852616468e+00 1.240050172608e+02
4 44 4 1.46359326 1.17583756 2.41146671 1.94818504 4.26980730 9.526232461706e+00 8.752712638366e-01 1.551088088995e+01 4.300827026984e+00 1.227598470062e+02
4 45 4 1.46359326 1.17583756 2.41146671 1.94818504 4.26980730 1.408231473322e-01 9.061954841669e-01 1.597315911577e+01 4.407616715647e+00 1.298710110757e+02
4 46 4 1.46359326 1.17583756 2.41146671 1.94818504 4.26980730 1.021120329011e+01 9.312708415555e-01 1.648888304754e+01 4.500761687457e+00 1.441312737543e+02
4 47 4 1.46359326 1.17583756 2.41146671 1.94818504 4.26980730 4.568209482674e+00 9.503211258210e-01 1.699251265054e+01 4.612525494066e+00 1.601035691100e+02
4 48 4 1.46359326 1.17583756 2.41146671 1.94818504 4.26980730 3.838066859120e+00 9.677830725625e-01 1.753307419104e+01 4.744499028722e+00 1.713953220591e+02
4 49 4 1.46359326 1.17583756 2.41146671 1.94818504 4.26980730 1.229851923100e+01 9.893253538578e-01 1.812077994698e+01 4.871929150711e+00 1.750562804822e+02
4 50 4 1.46359326 1.17583756 2.41146671 1.94818504 4.26980730 8.610444576576e-02 1.018004615468e+00 1.878204495650e+01 5.008700297495e+00 1.700715073156e+02
4 51 4 1.46359326 1.17583756 2.41146671 1.94818504 4.26980730 1.161650835935e+01 1.052944505236e+00 1.938818706759e+01 5.173143325634e+00 1.613616890999e+02
4 52 4 1.46359326 1.17583756 2.41146671 1.94818504 4.26980730 6.568062352904e+00 1.090958607574e+00 2.004196096771e+01 5.334688191524e+00 1.575832537643e+02
4 53 4 1.46359326 1.17583756 2.41146671 1.94818504 4.26980730 3.014843133516e+00 1.129123183190e+00 2.086139470484e+01 5.501755438528e+00 1.641133277595e+02
4 54 4 1.46359326 1.17583756 2.41146671 1.94818504 4.26980730 1.352265626840e+01 1.166265071490e+00 2.164544464630e+01 5.694355609200e+00 1.809694322009e+02
4 55 4 1.46359326 1.17583756 2.41146671 1.94818504 4.26980730 4.314690638351e-01 1.203137129751e+00 2.224001327591e+01 5.889492272187e+00 2.031569615648e+02
4 56 4 1.46359326 1.17583756 2.41146671 1.94818504 4.26980730 1.009988223165e+01 1.242281071482e+00 2.302305136316e+01 6.087502114786e+00 2.231078163203e+02
4 57 4 1.46359326 1.17583756 2.41146671 1.94818504 4.26980730 6.768045066649e+00 1.287864153335e+00 2.402637181527e+01 6.306490747631e+00 2.326962230270e+02
4 58 4 1.46359326 1.17583756 2.41146671 1.94818504 4.26980730 2.341265937947e+00 1.344462759046e+00 2.505431907585e+01 6.539879279293e+00 2.283258448617e+02
4 59 4 1.46359326 1.17583756 2.41146671 1.94818504 4.26980730 1.186928831784e+01 1.414190715251e+00 2.582908532036e+01 6.768093247543e+00 2.177648564438e+02
4 60 4 1.46359326 1.17583756 2.41146671 1.94818504 4.26980730 2.607234276878e-01 1.493910302946e+00 2.657383946536e+01 7.022896841712e+00 2.112016547393e+02
4 61 4 1.46359326 1.17583756 2.41146671 1.94818504 4.26980730 1.035813587337e+01 1.575773801098e+00 2.761931331955e+01 7.294617645490e+00 2.141518234935e+02
4 62 4 1.46359326 1.17583756 2.41146671 1.94818504 4.26980730 5.797573864275e+00 1.652336722582e+00 2.870768649120e+01 7.555360545802e+00 2.318653494312e+02
4 63 4 1.46359326 1.17583756 2.41146671 1.94818504 4.26980730 3.676809997600e+00 1.722950066661e+00 2.989430758597e+01 7.851400733696e+00 2.615986043609e+02
8 0 4 1.60266878 0.79773639 1.20976010 1.13445009 1.70983277 5.617183551456e+00 3.192820465284e-01 1.883023873836e+00 1.320466985869e+00 7.149647246566e+00
8 1 4 1.60266878 0.79773639 1.20976010 1.13445009 1.70983277 4.503727591078e+00 3.038549352810e-01 1.808600896127e+00 1.269704335420e+00 7.011491963674e+00
8 2 4 1.60266878 0.79773639 1.20976010 1.13445009 1.70983277 4.940545565760e+00 2.879930734606e-01 1.748441153564e+00 1.230601637252e+00 6.867139929729e+00
8 3 4 1.60266878 0.79773639 1.20976010 1.13445009 1.70983277 5.884618557478e+00 2.709882498312e-01 1.697094534313e+00 1.172173634459e+00 6.374658006006e+00
8 4 4 1.60266878 0.79773639 1.20976010 1.13445009 1.70983277 5.584162108751e+00 2.538046609905e-01 1.620139425907e+00 1.145180895187e+00 6.299218474199e+00
8 5 4 1.60266878 0.79773639 1.20976010 1.13445009 1.70983277 4.366733077611e+00 2.378600328831e-01 1.567153731889e+00 1.114931365427e+00 6.365036721093e+00
8 6 4 1.60266878 0.79773639 1.20976010 1.13445009 1.70983277 3.845598663945e+00 2.234886967486e-01 1.493433731790e+00 1.056419837756e+00 5.809723346014e+00
8 7 4 1.60266878 0.79773639 1.20976010 1.13445009 1.70983277 4.516618985304e+00 2.097790765852e-01 1.463346616947e+00 1.022329054470e+00 5.632610193489e+00
8 8 4 1.60266878 0.79773639 1.20976010 1.13445009 1.70983277 5.037148793981e+00 1.957946492671e-01 1.412940365341e+00 9.848738365561e-01 5.589256522515e+00
8 9 4 1.60266878 0.79773639 1.20976010 1.13445009 1.70983277 4.379728894859e+00 1.816510073489e-01 1.363870008678e+00 9.395942844552e-01 5.146545275391e+00
8 10 4 1.60266878 0.79773639 1.20976010 1.13445009 1.70983277 3.391479971884e+00 1.682443502591e-01 1.289084826839e+00 9.139595727047e-01 5.033431410125e+00
8 11 4 1.60266878 0.79773639 1.20976010 1.13445009 1.70983277 3.350132731150e+00 1.560837073358e-01 1.252790279751e+00 8.750995585318e-01 5.065072750529e+00
8 12 4 1.60266878 0.79773639 1.20976010 1.13445009 1.70983277 4.025657461798e+00 1.446737715193e-01 1.224254994793e+00 8.371250196245e-01 4.716445338763e+00
8 13 4 1.60266878 0.79773639 1.20976010 1.13445009 1.70983277 4.194772628336e+00 1.331444070351e-01 1.189740761939e+00 8.151197271758e-01 4.536551616368e+00
8 14 4 1.60266878 0.79773639 1.20976010 1.13445009 1.70983277 3.427309903454e+00 1.213214447948e-01 1.147750880079e+00 7.847573569907e-01 4.572301081472e+00
8 15 4 1.60266878 0.79773639 1.20976010 1.13445009 1.70983277 2.776776414540e+00 1.099597768815e-01 1.090726413279e+00 7.643650855939e-01 4.229153961383e+00
8 16 4 1.60266878 0.79773639 1.20976010 1.13445009 1.70983277 3.092068691658e+00 9.988848212477e-02 1.058222941860e+00 7.458918892959e-01 4.118156533091e+00
8 17 4 1.60266878 0.79773639 1.20976010 1.13445009 1.70983277 3.676446638179e+00 9.107676839044e-02 1.037732144679e+00 7.148803098999e-01 4.188155378982e+00
8 18 4 1.60266878 0.79773639 1.20976010 1.13445009 1.70983277 3.498466254989e+00 8.267486171930e-02 1.025107704946e+00 7.005652420395e-01 3.946844499320e+00
8 19 4 1.60266878 0.79773639 1.20976010 1.13445009 1.70983277 2.722219954416e+00 7.394391848057e-02 9.914751388509e-01 6.912074381956e-01 3.778795188237e+00
8 20 4 1.60266878 0.79773639 1.20976010 1.13445009 1.70983277 2.398912724982e+00 6.501753768016e-02 9.452005939616e-01 6.757928576051e-01 3.818650184007e+00
8 21 4 1.60266878 0.79773639 1.20976010 1.13445009 1.70983277 2.879814021895e+00 5.669485741746e-02 9.164864110262e-01 6.643260790943e-01 3.663820508479e+00
8 22 4 1.60266878 0.79773639 1.20976010 1.13445009 1.70983277 3.283214022327e+00 4.956775576344e-02 9.200024225132e-01 6.422193386237e-01 3.488085651708e+00
8 23 4 1.60266878 0.79773639 1.20976010 1.13445009 1.70983277 2.932650556312e+00 4.345898980629e-02 9.051651123670e-01 6.268468659224e-01 3.535434500294e+00
8 24 4 1.60266878 0.79773639 1.20976010 1.13445009 1.70983277 2.338003726248e+00 3.771197106634e-02 8.914540394951e-01 6.244476903825e-01 3.465912819364e+00
8 25 4 1.60266878 0.79773639 1.20976010 1.13445009 1.70983277 2.296134120222e+00 3.191672274718e-02 8.594832795901e-01 6.069798151417e-01 3.326819000874e+00
8 26 4 1.60266878 0.79773639 1.20976010 1.13445009 1.70983277 2.816012033790e+00 2.626235227227e-02 8.408939144903e-01 5.942909916296e-01 3.424739622399e+00
8 27 4 1.60266878 0.79773639 1.20976010 1.13445009 1.70983277 3.040850832718e+00 2.121967132818e-02 8.359343518776e-01 5.938509234013e-01 3.405705785770e+00
8 28 4 1.60266878 0.79773639 1.20976010 1.13445009 1.70983277 2.580661629808e+00 1.700496801245e-02 8.565755208744e-01 5.877089087579e-01 3.236184245662e+00
8 29 4 1.60266878 0.79773639 1.20976010 1.13445009 1.70983277 2.146164563351e+00 1.342471363954e-02 8.507476176634e-01 5.878394094696e-01 3.287552763615e+00
8 30 4 1.60266878 0.79773639 1.20976010 1.13445009 1.70983277 2.342242978298e+00 1.018421127218e-02 8.298409863131e-01 5.826893514448e-01 3.301012150929e+00
8 31 4 1.60266878 0.79773639 1.20976010 1.13445009 1.70983277 2.808475296478e+00 7.228112179431e-03 7.992238199330e-01 5.749346399022e-01 3.097041710348e+00
8 32 4 1.60266878 0.79773639 1.20976010 1.13445009 1.70983277 2.886840518646e+00 4.732875968113e-03 8.360875109877e-01 5.935639378983e-01 3.290254890347e+00
8 33 4 1.60266878 0.79773639 1.20976010 1.13445009 1.70983277 2.427142639417e+00 2.839054648228e-03 8.612185083477e-01 6.098461556908e-01 3.394530919903e+00
8 34 4 1.60266878 0.79773639 1.20976010 1.13445009 1.70983277 2.177533429791e+00 1.494154522894e-03 8.578548684230e-01 6.116954032507e-01 3.270613498302e+00
8 35 4 1.60266878 0.79773639 1.20976010 1.13445009 1.70983277 2.616501691220e+00 5.730193617477e-04 8.400799649582e-01 6.226343973971e-01 3.408159977813e+00
8 36 4 1.60266878 0.79773639 1.20976010 1.13445009 1.70983277 3.082617733577e+00 6.684345031664e-05 8.472038044319e-01 6.314492736115e-01 3.467362738207e+00
8 37 4 1.60266878 0.79773639 1.20976010 1.13445009 1.70983277 2.875983214985e+00 7.222758346590e-05 8.819669954669e-01 6.462663997260e-01 3.355394886392e+00
8 38 4 1.60266878 0.79773639 1.20976010 1.13445009 1.70983277 2.388561686759e+00 6.147884217624e-04 9.060153560672e-01 6.688607505919e-01 3.468835155147e+00
8 39 4 1.60266878 0.79773639 1.20976010 1.13445009 1.70983277 2.408989693989e+00 1.582525827927e-03 9.239741405872e-01 6.751107749835e-01 3.621928121948e+00
8 40 4 1.60266878 0.79773639 1.20976010 1.13445009 1.70983277 3.052270076619e+00 2.891693188075e-03 9.274386350292e-01 6.901809112942e-01 3.585340889063e+00
8 41 4 1.60266878 0.79773639 1.20976010 1.13445009 1.70983277 3.404380007834e+00 4.662707334374e-03 9.411296724533e-01 7.171948631768e-01 3.729056833741e+00
8 42 4 1.60266878 0.79773639 1.20976010 1.13445009 1.70983277 2.975803249468e+00 7.123836339293e-03 9.691570625693e-01 7.296201694371e-01 3.936221772598e+00
8 43 4 1.60266878 0.79773639 1.20976010 1.13445009 1.70983277 2.544878924569e+00 1.030825146748e-02 1.021955357676e+00 7.465003211522e-01 3.906415191567e+00
8 44 4 1.60266878 0.79773639 1.20976010 1.13445009 1.70983277 2.957252904626e+00 1.393166717849e-02 1.051866195339e+00 7.670565155315e-01 4.016703944712e+00
8 45 4 1.60266878 0.79773639 1.20976010 1.13445009 1.70983277 3.745546655324e+00 1.767446485636e-02 1.061589542005e+00 7.896948892077e-01 4.278990855785e+00
8 46 4 1.60266878 0.79773639 1.20976010 1.13445009 1.70983277 3.858236342386e+00 2.158366698389e-02 1.084233691636e+00 8.304894881149e-01 4.272223981420e+00
8 47 4 1.60266878 0.79773639 1.20976010 1.13445009 1.70983277 3.189508614647e+00 2.608928655267e-02 1.132448300712e+00 8.603909012103e-01 4.308748953480e+00
8 48 4 1.60266878 0.79773639 1.20976010 1.13445009 1.70983277 2.946483642555e+00 3.154250940006e-02 1.181426793061e+00 8.857251610798e-01 4.700989303687e+00
8 49 4 1.60266878 0.79773639 1.20976010 1.13445009 1.70983277 3.682403463125e+00 3.778581539916e-02 1.235665242406e+00 9.285987818374e-01 4.755694796787e+00
8 50 4 1.60266878 0.79773639 1.20976010 1.13445009 1.70983277 4.477197781212e+00 4.429757331324e-02 1.250423208930e+00 9.630094956811e-01 4.809459538359e+00
8 51 4 1.60266878 0.79773639 1.20976010 1.13445009 1.70983277 4.291860908779e+00 5.079394041468e-02 1.297380027181e+00 1.005781739244e+00 5.209842396773e+00
8 52 4 1.60266878 0.79773639 1.20976010 1.13445009 1.70983277 3.580728369368e+00 5.757956341023e-02 1.333158784142e+00 1.056230184012e+00 5.244515667410e+00
8 53 4 1.60266878 0.79773639 1.20976010 1.13445009 1.70983277 3.660605920259e+00 6.518407132417e-02 1.411960251282e+00 1.086626373146e+00 5.300692364239e+00
8 54 4 1.60266878 0.79773639 1.20976010 1.13445009 1.70983277 4.758628538065e+00 7.368603872611e-02 1.467257328372e+00 1.133747140049e+00 5.759461307694e+00
8 55 4 1.60266878 0.79773639 1.20976010 1.13445009 1.70983277 5.394283339273e+00 8.256871495733e-02 1.503236306397e+00 1.183652212826e+00 5.947235518164e+00
8 56 4 1.60266878 0.79773639 1.20976010 1.13445009 1.70983277 4.809058679124e+00 9.135406237052e-02 1.548837128259e+00 1.218457175440e+00 5.956197284590e+00
8 57 4 1.60266878 0.79773639 1.20976010 1.13445009 1.70983277 4.103866810664e+00 1.002745267766e-01 1.615398887624e+00 1.278819792712e+00 6.501771018505e+00
8 58 4 1.60266878 0.79773639 1.20976010 1.13445009 1.70983277 4.671058414210e+00 1.100943392966e-01 1.686892103680e+00 1.321403594697e+00 6.550067186580e+00
8 59 4 1.60266878 0.79773639 1.20976010 1.13445009 1.70983277 5.959439689554e+00 1.211778278302e-01 1.750432100604e+00 1.349985620927e+00 6.506645321359e+00
8 60 4 1.60266878 0.79773639 1.20976010 1.13445009 1.70983277 6.241080287224e+00 1.328960035945e-01 1.811939461632e+00 1.423127487806e+00 7.076706489104e+00
8 61 4 1.60266878 0.79773639 1.20976010 1.13445009 1.70983277 5.288386044743e+00 1.441954103270e-01 1.865684615571e+00 1.482503030986e+00 7.371240278002e+00
8 62 4 1.60266878 0.79773639 1.20976010 1.13445009 1.70983277 4.935549393208e+00 1.548065416827e-01 1.949975629145e+00 1.534390179781e+00 7.433671228747e+00
8 63 4 1.60266878 0.79773639 1.20976010 1.13445009 1.70983277 6.122826649878e+00 1.657016526489e-01 2.014710974422e+00 1.609690027734e+00 7.969338123360e+00
10 0 4 1.25279925 0.73485837 1.26146931 1.00564729 1.45434924 2.184816824867e+00 2.258937566959e-02 2.210520516906e+00 8.284691608956e-01 3.816583446417e+00
10 1 4 1.25279925 0.73485837 1.26146931 1.00564729 1.45434924 1.621933933680e+00 2.135303702124e-02 2.163515538892e+00 7.954767411816e-01 3.750749709129e+00
10 2 4 1.25279925 0.73485837 1.26146931 1.00564729 1.45434924 1.840171789742e+00 1.961512238946e-02 2.062257408668e+00 7.657593826840e-01 3.616987580455e+00
10 3 4 1.25279925 0.73485837 1.26146931 1.00564729 1.45434924 2.308540890102e+00 1.845384871240e-02 1.972810202855e+00 7.456970725973e-01 3.423127914780e+00
10 4 4 1.25279925 0.73485837 1.26146931 1.00564729 1.45434924 2.236258627437e+00 1.743934798434e-02 1.920447573033e+00 7.202047629091e-01 3.391349444252e+00
10 5 4 1.25279925 0.73485837 1.26146931 1.00564729 1.45434924 1.645465148033e+00 1.711624078289e-02 1.849069445650e+00 6.877616600392e-01 3.264316884401e+00
10 6 4 1.25279925 0.73485837 1.26146931 1.00564729 1.45434924 1.377442121086e+00 1.648052844365e-02 1.782288098002e+00 6.633935101095e-01 3.066541312207e+00
10 7 4 1.25279925 0.73485837 1.26146931 1.00564729 1.45434924 1.699510160592e+00 1.536979109653e-02 1.705161076094e+00 6.432516515820e-01 3.034093273293e+00
10 8 4 1.25279925 0.73485837 1.26146931 1.00564729 1.45434924 1.985954092853e+00 1.393533186301e-02 1.668912225312e+00 6.181762723724e-01 2.908788168234e+00
10 9 4 1.25279925 0.73485837 1.26146931 1.00564729 1.45434924 1.725880746981e+00 1.251987410092e-02 1.599487995293e+00 5.918247733505e-01 2.761029695738e+00
10 10 4 1.25279925 0.73485837 1.26146931 1.00564729 1.45434924 1.250361227967e+00 1.196187441744e-02 1.536662789327e+00 5.659426842807e-01 2.723742358183e+00
10 11 4 1.25279925 0.73485837 1.26146931 1.00564729 1.45434924 1.206379485147e+00 1.165673329687e-02 1.470607262935e+00 5.452624774796e-01 2.606954991579e+00
10 12 4 1.25279925 0.73485837 1.26146931 1.00564729 1.45434924 1.533517653403e+00 1.159596692281e-02 1.455732404959e+00 5.294301692610e-01 2.517050411730e+00
10 13 4 1.25279925 0.73485837 1.26146931 1.00564729 1.45434924 1.654095193994e+00 1.090740424745e-02 1.397880183161e+00 5.071108883603e-01 2.453007148865e+00
10 14 4 1.25279925 0.73485837 1.26146931 1.00564729 1.45434924 1.337760468918e+00 1.001743316982e-02 1.334467700485e+00 4.863321069996e-01 2.362661491290e+00
10 15 4 1.25279925 0.73485837 1.26146931 1.00564729 1.45434924 1.022997239133e+00 9.115626077504e-03 1.293358627870e+00 4.745346644833e-01 2.250393918472e+00
10 16 4 1.25279925 0.73485837 1.26146931 1.00564729 1.45434924 1.130585252304e+00 8.529065343267e-03 1.270555831269e+00 4.629461041720e-01 2.174549935055e+00
10 17 4 1.25279925 0.73485837 1.26146931 1.00564729 1.45434924 1.419002672418e+00 8.327047718052e-03 1.226194549788e+00 4.510018716574e-01 2.180407567522e+00
10 18 4 1.25279925 0.73485837 1.26146931 1.00564729 1.45434924 1.361402126270e+00 8.019535994945e-03 1.191866563617e+00 4.373760245856e-01 2.108818147302e+00
10 19 4 1.25279925 0.73485837 1.26146931 1.00564729 1.45434924 1.033079114260e+00 7.781695144553e-03 1.151852491007e+00 4.252718238281e-01 2.031094790917e+00
10 20 4 1.25279925 0.73485837 1.26146931 1.00564729 1.45434924 8.661666376964e-01 7.312970136994e-03 1.130478476715e+00 4.213651017032e-01 2.012357678166e+00
10 21 4 1.25279925 0.73485837 1.26146931 1.00564729 1.45434924 1.082032058986e+00 7.078317923467e-03 1.109749426596e+00 4.134341104465e-01 1.918840224613e+00
10 22 4 1.25279925 0.73485837 1.26146931 1.00564729 1.45434924 1.282171965087e+00 6.791234996435e-03 1.070688417788e+00 3.979407697534e-01 1.862791609421e+00
10 23 4 1.25279925 0.73485837 1.26146931 1.00564729 1.45434924 1.138433627310e+00 6.527921560599e-03 1.052589268708e+00 3.895992840431e-01 1.845372292036e+00
10 24 4 1.25279925 0.73485837 1.26146931 1.00564729 1.45434924 8.644200162779e-01 6.181529978576e-03 1.044097575761e+00 3.864290749344e-01 1.818963850220e+00
10 25 4 1.25279925 0.73485837 1.26146931 1.00564729 1.45434924 8.300254073669e-01 5.835667374688e-03 1.034416891581e+00 3.780316493184e-01 1.789843791085e+00
10 26 4 1.25279925 0.73485837 1.26146931 1.00564729 1.45434924 1.088475486128e+00 5.809520683003e-03 9.989933891481e-01 3.688622565364e-01 1.787372403168e+00
10 27 4 1.25279925 0.73485837 1.26146931 1.00564729 1.45434924 1.194083905344e+00 5.867904357737e-03 9.844214827079e-01 3.627899909351e-01 1.794155709063e+00
10 28 4 1.25279925 0.73485837 1.26146931 1.00564729 1.45434924 9.829603850457e-01 6.065002997545e-03 9.958000265772e-01 3.604065118976e-01 1.729105383182e+00
10 29 4 1.25279925 0.73485837 1.26146931 1.00564729 1.45434924 7.718226630757e-01 5.882201669195e-03 1.003897547427e+00 3.629528879235e-01 1.729461411435e+00
10 30 4 1.25279925 0.73485837 1.26146931 1.00564729 1.45434924 8.665084644964e-01 5.593629746782e-03 9.845563082596e-01 3.605394546782e-01 1.730625015845e+00
10 31 4 1.25279925 0.73485837 1.26146931 1.00564729 1.45434924 1.095494097227e+00 5.271530501487e-03 9.512995353738e-01 3.570215850080e-01 1.649342206200e+00
10 32 4 1.25279925 0.73485837 1.26146931 1.00564729 1.45434924 1.129586525980e+00 5.283210874837e-03 9.885403069397e-01 3.667373241747e-01 1.732638405151e+00
10 33 4 1.25279925 0.73485837 1.26146931 1.00564729 1.45434924 8.976520396651e-01 5.620828560412e-03 1.010873733231e+00 3.759505275257e-01 1.781509392132e+00
10 34 4 1.25279925 0.73485837 1.26146931 1.00564729 1.45434924 7.893268639422e-01 5.926503769246e-03 1.003544955993e+00 3.769623004686e-01 1.743471943503e+00
10 35 4 1.25279925 0.73485837 1.26146931 1.00564729 1.45434924 9.906332193823e-01 6.122221197092e-03 9.872396644814e-01 3.836584526444e-01 1.803705608724e+00
10 36 4 1.25279925 0.73485837 1.26146931 1.00564729 1.45434924 1.220838779128e+00 5.940626459868e-03 1.016907475016e+00 3.947995327670e-01 1.806590504028e+00
10 37 4 1.25279925 0.73485837 1.26146931 1.00564729 1.45434924 1.105955664216e+00 5.906256240380e-03 1.046592585518e+00 4.050877350505e-01 1.790835448518e+00
10 38 4 1.25279925 0.73485837 1.26146931 1.00564729 1.45434924 8.712425601184e-01 5.952023863988e-03 1.067078293834e+00 4.140820323574e-01 1.840082723723e+00
10 39 4 1.25279925 0.73485837 1.26146931 1.00564729 1.45434924 8.801006594909e-01 6.321748923813e-03 1.066228893766e+00 4.191307627585e-01 1.877508829165e+00
10 40 4 1.25279925 0.73485837 1.26146931 1.00564729 1.45434924 1.176949090822e+00 6.678578206005e-03 1.094533723583e+00 4.281324598530e-01 1.917347639948e+00
10 41 4 1.25279925 0.73485837 1.26146931 1.00564729 1.45434924 1.339366482063e+00 6.962795859308e-03 1.132405074535e+00 4.445934521319e-01 1.973394821795e+00
10 42 4 1.25279925 0.73485837 1.26146931 1.00564729 1.45434924 1.126487459082e+00 7.277040635215e-03 1.160314984751e+00 4.544816832516e-01 2.069816745927e+00
10 43 4 1.25279925 0.73485837 1.26146931 1.00564729 1.45434924 9.234282736847e-01 7.551138187526e-03 1.181779199669e+00 4.597713203376e-01 2.095811161606e+00
10 44 4 1.25279925 0.73485837 1.26146931 1.00564729 1.45434924 1.094966503760e+00 8.058765884973e-03 1.220435093142e+00 4.761388638206e-01 2.136975564110e+00
10 45 4 1.25279925 0.73485837 1.26146931 1.00564729 1.45434924 1.468962699384e+00 8.310640559868e-03 1.266553093863e+00 4.959596256094e-01 2.227688065174e+00
10 46 4 1.25279925 0.73485837 1.26146931 1.00564729 1.45434924 1.508724728160e+00 8.632066234427e-03 1.297737900282e+00 5.115231004537e-01 2.235305988072e+00
10 47 4 1.25279925 0.73485837 1.26146931 1.00564729 1.45434924 1.193901718139e+00 8.845009764341e-03 1.340762793357e+00 5.291704638604e-01 2.312104047030e+00
10 48 4 1.25279925 0.73485837 1.26146931 1.00564729 1.45434924 1.075783045283e+00 9.488195690388e-03 1.372175363005e+00 5.487500048076e-01 2.456721892364e+00
10 49 4 1.25279925 0.73485837 1.26146931 1.00564729 1.45434924 1.407861726562e+00 1.045476973047e-02 1.445856090514e+00 5.748660640707e-01 2.536009086038e+00
10 50 4 1.25279925 0.73485837 1.26146931 1.00564729 1.45434924 1.751872909638e+00 1.140866101828e-02 1.498562232319e+00 6.033002742847e-01 2.604928644291e+00
10 51 4 1.25279925 0.73485837 1.26146931 1.00564729 1.45434924 1.650819223677e+00 1.212288631194e-02 1.523007927393e+00 6.231839513537e-01 2.680811675351e+00
10 52 4 1.25279925 0.73485837 1.26146931 1.00564729 1.45434924 1.282676421920e+00 1.218182236396e-02 1.581565948441e+00 6.466906524402e-01 2.806285878769e+00
10 53 4 1.25279925 0.73485837 1.26146931 1.00564729 1.45434924 1.369173813970e+00 1.251401437077e-02 1.659782901503e+00 6.774131940278e-01 2.869980640079e+00
10 54 4 1.25279925 0.73485837 1.26146931 1.00564729 1.45434924 1.870951395765e+00 1.312315179243e-02 1.724945420481e+00 7.052513027465e-01 2.985282941873e+00
10 55 4 1.25279925 0.73485837 1.26146931 1.00564729 1.45434924 2.141927060668e+00 1.464186626577e-02 1.764472437717e+00 7.306684865871e-01 3.149871623669e+00
10 56 4 1.25279925 0.73485837 1.26146931 1.00564729 1.45434924 1.793929807228e+00 1.614167175949e-02 1.840323792687e+00 7.539704545320e-01 3.186937170159e+00
10 57 4 1.25279925 0.73485837 1.26146931 1.00564729 1.45434924 1.465868808826e+00 1.730672622877e-02 1.912405154778e+00 7.811110057056e-01 3.343885814982e+00
10 58 4 1.25279925 0.73485837 1.26146931 1.00564729 1.45434924 1.789961191206e+00 1.796184430761e-02 1.988400597159e+00 8.168509215140e-01 3.524068527799e+00
10 59 4 1.25279925 0.73485837 1.26146931 1.00564729 1.45434924 2.406039230966e+00 1.832942375488e-02 2.042944877427e+00 8.476835873435e-01 3.537476148706e+00
10 60 4 1.25279925 0.73485837 1.26146931 1.00564729 1.45434924 2.436987003026e+00 1.942052830486e-02 2.135569712027e+00 8.722484704121e-01 3.718530321676e+00
10 61 4 1.25279925 0.73485837 1.26146931 1.00564729 1.45434924 1.915174229541e+00 2.064665594831e-02 2.229175002082e+00 9.087052380261e-01 3.906386715756e+00
10 62 4 1.25279925 0.73485837 1.26146931 1.00564729 1.45434924 1.765463067445e+00 2.245897200832e-02 2.295400615654e+00 9.517141750894e-01 3.975164043689e+00
10 63 4 1.25279925 0.73485837 1.26146931 1.00564729 1.45434924 2.385009674219e+00 2.372631900210e-02 2.349870284342e+00 9.897130367566e-01 4.171301877424e+00
12 0 4 1.75695400 1.09155325 1.79925949 1.80733457 4.07482716 9.914190895078e+00 1.222508776126e-01 8.902337790600e+00 8.546123277955e+00 2.020638360842e+02
12 1 4 1.75695400 1.09155325 1.79925949 1.80733457 4.07482716 1.019576075746e+01 1.165476335306e-01 8.575687017174e+00 8.292125961773e+00 1.963670454080e+02
12 2 4 1.75695400 1.09155325 1.79925949 1.80733457 4.07482716 9.923277746776e+00 1.096863644595e-01 8.204159412968e+00 7.929089729042e+00 1.892341223536e+02
12 3 4 1.75695400 1.09155325 1.79925949 1.80733457 4.07482716 9.395634485614e+00 1.054269163663e-01 8.020343894095e+00 7.693250257120e+00 1.820611576488e+02
12 4 4 1.75695400 1.09155325 1.79925949 1.80733457 4.07482716 8.574350257589e+00 1.020055033368e-01 7.801720969857e+00 7.447199448071e+00 1.768576547844e+02
12 5 4 1.75695400 1.09155325 1.79925949 1.80733457 4.07482716 7.550391786998e+00 1.001985971831e-01 7.479411178535e+00 7.143063356708e+00 1.708179726768e+02
12 6 4 1.75695400 1.09155325 1.79925949 1.80733457 4.07482716 6.478259150799e+00 9.637735844344e-02 7.129420257367e+00 6.897116929156e+00 1.639895185179e+02
12 7 4 1.75695400 1.09155325 1.79925949 1.80733457 4.07482716 5.383269416033e+00 8.921093130083e-02 6.887485067611e+00 6.625507778469e+00 1.588876411926e+02
12 8 4 1.75695400 1.09155325 1.79925949 1.80733457 4.07482716 4.685023311295e+00 8.044662917524e-02 6.673057472774e+00 6.392953071503e+00 1.535008596238e+02
12 9 4 1.75695400 1.09155325 1.79925949 1.80733457 4.07482716 4.259339794942e+00 7.184825537187e-02 6.445163190700e+00 6.148691258286e+00 1.475012968602e+02
12 10 4 1.75695400 1.09155325 1.79925949 1.80733457 4.07482716 4.169207722688e+00 6.752241027274e-02 6.251960859127e+00 5.872345403879e+00 1.441960615721e+02
12 11 4 1.75695400 1.09155325 1.79925949 1.80733457 4.07482716 4.327233924815e+00 6.539410294775e-02 6.026199495504e+00 5.676691343464e+00 1.397820122301e+02
12 12 4 1.75695400 1.09155325 1.79925949 1.80733457 4.07482716 4.658907349298e+00 6.475323699979e-02 5.824849094889e+00 5.477239392371e+00 1.344999381154e+02
12 13 4 1.75695400 1.09155325 1.79925949 1.80733457 4.07482716 5.242028701287e+00 6.186890554506e-02 5.591161836275e+00 5.257600651799e+00 1.302548204540e+02
12 14 4 1.75695400 1.09155325 1.79925949 1.80733457 4.07482716 5.712280555803e+00 5.724202850543e-02 5.400656848403e+00 5.083797301565e+00 1.260681356489e+02
12 15 4 1.75695400 1.09155325 1.79925949 1.80733457 4.07482716 6.088421177658e+00 5.184421328496e-02 5.253253534277e+00 4.922711929569e+00 1.217306532548e+02
12 16 4 1.75695400 1.09155325 1.79925949 1.80733457 4.07482716 6.105307272301e+00 4.686963402740e-02 5.160444990995e+00 4.783245027344e+00 1.186996446116e+02
12 17 4 1.75695400 1.09155325 1.79925949 1.80733457 4.07482716 5.962274846809e+00 4.349056698227e-02 4.996823510160e+00 4.637813855094e+00 1.165097582675e+02
12 18 4 1.75695400 1.09155325 1.79925949 1.80733457 4.07482716 5.570258205314e+00 4.028728538959e-02 4.813802981182e+00 4.498278328225e+00 1.127922335317e+02
12 19 4 1.75695400 1.09155325 1.79925949 1.80733457 4.07482716 5.031854701985e+00 3.812322032209e-02 4.643765491893e+00 4.399326261663e+00 1.101087610127e+02
12 20 4 1.75695400 1.09155325 1.79925949 1.80733457 4.07482716 4.463820883312e+00 3.591535011712e-02 4.566514467813e+00 4.271732790759e+00 1.079092644630e+02
12 21 4 1.75695400 1.09155325 1.79925949 1.80733457 4.07482716 3.824268671408e+00 3.475796319090e-02 4.484167521291e+00 4.160540189532e+00 1.048622805605e+02
12 22 4 1.75695400 1.09155325 1.79925949 1.80733457 4.07482716 3.341675335135e+00 3.343491632676e-02 4.389176540065e+00 4.064607963668e+00 1.022284115725e+02
12 23 4 1.75695400 1.09155325 1.79925949 1.80733457 4.07482716 2.943279337075e+00 3.164774524899e-02 4.322616013405e+00 3.952690936551e+00 1.007799165067e+02
12 24 4 1.75695400 1.09155325 1.79925949 1.80733457 4.07482716 2.789075514926e+00 2.917267889991e-02 4.230323214317e+00 3.869157463036e+00 9.917173483174e+01
12 25 4 1.75695400 1.09155325 1.79925949 1.80733457 4.07482716 2.821526380485e+00 2.639547977714e-02 4.115015391310e+00 3.786218710678e+00 9.777180689489e+01
12 26 4 1.75695400 1.09155325 1.79925949 1.80733457 4.07482716 3.066100396994e+00 2.492000337836e-02 4.044300280350e+00 3.720067136466e+00 9.734078556330e+01
12 27 4 1.75695400 1.09155325 1.79925949 1.80733457 4.07482716 3.449055680549e+00 2.430103452248e-02 4.060930359228e+00 3.671864911621e+00 9.626073449906e+01
12 28 4 1.75695400 1.09155325 1.79925949 1.80733457 4.07482716 3.904872142121e+00 2.472100102520e-02 4.085369934463e+00 3.617011827947e+00 9.523881998535e+01
12 29 4 1.75695400 1.09155325 1.79925949 1.80733457 4.07482716 4.278607261885e+00 2.436810176346e-02 4.062699486011e+00 3.631334164837e+00 9.461124367007e+01
12 30 4 1.75695400 1.09155325 1.79925949 1.80733457 4.07482716 4.516817674205e+00 2.371167053213e-02 3.961943182497e+00 3.643829673202e+00 9.422519744515e+01
12 31 4 1.75695400 1.09155325 1.79925949 1.80733457 4.07482716 4.677004188578e+00 2.283821715194e-02 3.880188057684e+00 3.623902450983e+00 9.309979084950e+01
12 32 4 1.75695400 1.09155325 1.79925949 1.80733457 4.07482716 4.747332370494e+00 2.279311845909e-02 3.998719332920e+00 3.709941775454e+00 9.454927236372e+01
12 33 4 1.75695400 1.09155325 1.79925949 1.80733457 4.07482716 4.657404910660e+00 2.358718612075e-02 4.101510883903e+00 3.784041534230e+00 9.569846686978e+01
12 34 4 1.75695400 1.09155325 1.79925949 1.80733457 4.07482716 4.373905493627e+00 2.419761412596e-02 4.116761820700e+00 3.816765611428e+00 9.596517476080e+01
12 35 4 1.75695400 1.09155325 1.79925949 1.80733457 4.07482716 3.891846927486e+00 2.453153167274e-02 4.057106363361e+00 3.926845914882e+00 9.704049988516e+01
12 36 4 1.75695400 1.09155325 1.79925949 1.80733457 4.07482716 3.456767255347e+00 2.410504763827e-02 4.092326140495e+00 4.027720209878e+00 9.802936422171e+01
12 37 4 1.75695400 1.09155325 1.79925949 1.80733457 4.07482716 3.083671762415e+00 2.471988155735e-02 4.178273194295e+00 4.113288036261e+00 9.879811839164e+01
12 38 4 1.75695400 1.09155325 1.79925949 1.80733457 4.07482716 2.903306104419e+00 2.617418737816e-02 4.323376931177e+00 4.221620356596e+00 1.002245991496e+02
12 39 4 1.75695400 1.09155325 1.79925949 1.80733457 4.07482716 2.871391637220e+00 2.892661942939e-02 4.413152875063e+00 4.317777015441e+00 1.025631378806e+02
12 40 4 1.75695400 1.09155325 1.79925949 1.80733457 4.07482716 3.103592715873e+00 3.136070733114e-02 4.460868994037e+00 4.432273798293e+00 1.043880727994e+02
12 41 4 1.75695400 1.09155325 1.79925949 1.80733457 4.07482716 3.485404941345e+00 3.313733702772e-02 4.565522075603e+00 4.541599293039e+00 1.071926703296e+02
12 42 4 1.75695400 1.09155325 1.79925949 1.80733457 4.07482716 4.070867316833e+00 3.448391477835e-02 4.658348634785e+00 4.647038874195e+00 1.103704400260e+02
12 43 4 1.75695400 1.09155325 1.79925949 1.80733457 4.07482716 4.735321655986e+00 3.571733747657e-02 4.783966316335e+00 4.787158858928e+00 1.127015594679e+02
12 44 4 1.75695400 1.09155325 1.79925949 1.80733457 4.07482716 5.391401223815e+00 3.801969587835e-02 4.944484814400e+00 4.905316102938e+00 1.151306738852e+02
12 45 4 1.75695400 1.09155325 1.79925949 1.80733457 4.07482716 6.006766489826e+00 4.025209074465e-02 5.156404556923e+00 5.055567236568e+00 1.189200346538e+02
12 46 4 1.75695400 1.09155325 1.79925949 1.80733457 4.07482716 6.363359126108e+00 4.353457176935e-02 5.282742925074e+00 5.235170164728e+00 1.217827799527e+02
12 47 4 1.75695400 1.09155325 1.79925949 1.80733457 4.07482716 6.513857784510e+00 4.700244188029e-02 5.401960962100e+00 5.397547127163e+00 1.248226788301e+02
12 48 4 1.75695400 1.09155325 1.79925949 1.80733457 4.07482716 6.337728769162e+00 5.217174730691e-02 5.544416562221e+00 5.593851873570e+00 1.299157275994e+02
12 49 4 1.75695400 1.09155325 1.79925949 1.80733457 4.07482716 5.907598825476e+00 5.775748762227e-02 5.791363193543e+00 5.801458437262e+00 1.344120321471e+02
12 50 4 1.75695400 1.09155325 1.79925949 1.80733457 4.07482716 5.428197202955e+00 6.254429362376e-02 6.019161266904e+00 6.037782553580e+00 1.387100605803e+02
12 51 4 1.75695400 1.09155325 1.79925949 1.80733457 4.07482716 4.948301725230e+00 6.546155300468e-02 6.238887427975e+00 6.268726527169e+00 1.435324597690e+02
12 52 4 1.75695400 1.09155325 1.79925949 1.80733457 4.07482716 4.678831181226e+00 6.610629101392e-02 6.433905131940e+00 6.470997795390e+00 1.482930036621e+02
12 53 4 1.75695400 1.09155325 1.79925949 1.80733457 4.07482716 4.436245408514e+00 6.837102016896e-02 6.652401865260e+00 6.746806961987e+00 1.517996400321e+02
12 54 4 1.75695400 1.09155325 1.79925949 1.80733457 4.07482716 4.612872531605e+00 7.299313721496e-02 6.875512868332e+00 7.007310658439e+00 1.578040830757e+02
12 55 4 1.75695400 1.09155325 1.79925949 1.80733457 4.07482716 5.040475993439e+00 8.205866957790e-02 7.133924644235e+00 7.213562586764e+00 1.643686765542e+02
12 56 4 1.75695400 1.09155325 1.79925949 1.80733457 4.07482716 5.948201249454e+00 9.115291295962e-02 7.405769864229e+00 7.485213917797e+00 1.692769142625e+02
12 57 4 1.75695400 1.09155325 1.79925949 1.80733457 4.07482716 6.983706824220e+00 9.853531286689e-02 7.730934013354e+00 7.738351294595e+00 1.761029406633e+02
12 58 4 1.75695400 1.09155325 1.79925949 1.80733457 4.07482716 8.066765624893e+00 1.023567544963e-01 8.065897412021e+00 8.016601351950e+00 1.824780958269e+02
12 59 4 1.75695400 1.09155325 1.79925949 1.80733457 4.07482716 9.166785310243e+00 1.041972503205e-01 8.252281740754e+00 8.296836880352e+00 1.877958567699e+02
12 60 4 1.75695400 1.09155325 1.79925949 1.80733457 4.07482716 1.007676401281e+01 1.077209664057e-01 8.480164589389e+00 8.529927159645e+00 1.947630526322e+02
12 61 4 1.75695400 1.09155325 1.79925949 1.80733457 4.07482716 1.074024205427e+01 1.121419230615e-01 8.871082412947e+00 8.905174256869e+00 2.026380571935e+02
12 62 4 1.75695400 1.09155325 1.79925949 1.80733457 4.07482716 1.088781168107e+01 1.192556699403e-01 9.264014890131e+00 9.223374107193e+00 2.085057117974e+02
12 63 4 1.75695400 1.09155325 1.79925949 1.80733457 4.07482716 1.057484143666e+01 1.251823549898e-01 9.644096119612e+00 9.488738553574e+00 2.161365968736e+02
20 0 4 1.10925382 3.71393078 1.39980738 3.46973819 1.96219120 9.598950004490e-04 1.535430285485e-01 4.677566360636e+00 6.550935180081e-03 8.866789570275e+00
20 1 4 1.10925382 3.71393078 1.39980738 3.46973819 1.96219120 1.299943213062e-03 1.414944897465e-01 4.561928650669e+00 2.154143550102e-02 9.022455864080e+00
20 2 4 1.10925382 3.71393078 1.39980738 3.46973819 1.96219120 1.491484507286e-03 1.160474894734e-01 4.309355228808e+00 6.973537329729e-02 9.115400249922e+00
20 3 4 1.10925382 3.71393078 1.39980738 3.46973819 1.96219120 1.104733107923e-03 1.178680307002e-01 3.937190737313e+00 9.925242825872e-02 9.237435324878e+00
20 4 4 1.10925382 3.71393078 1.39980738 3.46973819 1.96219120 1.050236310240e-03 1.278994861543e-01 3.500269903270e+00 7.481752046406e-02 9.375097969157e+00
20 5 4 1.10925382 3.71393078 1.39980738 3.46973819 1.96219120 1.178297314628e-03 1.200957997948e-01 3.054224200815e+00 2.395939206307e-02 9.405791992509e+00
20 6 4 1.10925382 3.71393078 1.39980738 3.46973819 1.96219120 8.803104391051e-04 1.021723570888e-01 2.680833765869e+00 3.774652447437e-03 9.352052951372e+00
20 7 4 1.10925382 3.71393078 1.39980738 3.46973819 1.96219120 1.207948216534e-03 1.053812112061e-01 2.425134380251e+00 3.164794994518e-02 9.379392677350e+00
20 8 4 1.10925382 3.71393078 1.39980738 3.46973819 1.96219120 1.692583347776e-03 1.100815713781e-01 2.311282603909e+00 7.587144918812e-02 9.443723873250e+00
20 9 4 1.10925382 3.71393078 1.39980738 3.46973819 1.96219120 1.155988416880e-03 9.600887000336e-02 2.345486644279e+00 8.739217252450e-02 9.398706903202e+00
20 10 4 1.10925382 3.71393078 1.39980738 3.46973819 1.96219120 1.088791351508e-03 6.853866373523e-02 2.510807938602e+00 5.160096199271e-02 9.407637490034e+00
20 11 4 1.10925382 3.71393078 1.39980738 3.46973819 1.96219120 1.373270375695e-03 5.725290958785e-02 2.776494404630e+00 9.901124652964e-03 9.522214887778e+00
20 12 4 1.10925382 3.71393078 1.39980738 3.46973819 1.96219120 8.951637544433e-04 6.163565720019e-02 3.090740745303e+00 6.745983383535e-03 9.495097192081e+00
20 13 4 1.10925382 3.71393078 1.39980738 3.46973819 1.96219120 9.902383771883e-04 6.363122486681e-02 3.388483038468e+00 4.193507439825e-02 9.404298046266e+00
20 14 4 1.10925382 3.71393078 1.39980738 3.46973819 1.96219120 1.633414068305e-03 5.524760079190e-02 3.612970695441e+00 7.647705005988e-02 9.438532581078e+00
20 15 4 1.10925382 3.71393078 1.39980738 3.46973819 1.96219120 1.330700753815e-03 5.312365209425e-02 3.725220826153e+00 7.062859174829e-02 9.459399481213e+00
20 16 4 1.10925382 3.71393078 1.39980738 3.46973819 1.96219120 9.552894284204e-04 6.243385299154e-02 3.698986789770e+00 3.081784369953e-02 9.410909875927e+00
20 17 4 1.10925382 3.71393078 1.39980738 3.46973819 1.96219120 1.418770723472e-03 6.665098087127e-02 3.541544204814e+00 2.539948573794e-03 9.436984428011e+00
20 18 4 1.10925382 3.71393078 1.39980738 3.46973819 1.96219120 1.126772069669e-03 6.246711273353e-02 3.267394176959e+00 1.405623233314e-02 9.533271453823e+00
20 19 4 1.10925382 3.71393078 1.39980738 3.46973819 1.96219120 6.856293951032e-04 6.805231575452e-02 2.915852448818e+00 5.040987050277e-02 9.550560462766e+00
20 20 4 1.10925382 3.71393078 1.39980738 3.46973819 1.96219120 1.496682553603e-03 8.901890056913e-02 2.546030785014e+00 7.090584768919e-02 9.499320848611e+00
20 21 4 1.10925382 3.71393078 1.39980738 3.46973819 1.96219120 1.457174102265e-03 9.956163747584e-02 2.199608121115e+00 5.158926183202e-02 9.514026348719e+00
20 22 4 1.10925382 3.71393078 1.39980738 3.46973819 1.96219120 8.546026461378e-04 9.149988889520e-02 1.928578284198e+00 1.516564749568e-02 9.541339167050e+00
20 23 4 1.10925382 3.71393078 1.39980738 3.46973819 1.96219120 1.352239012161e-03 7.797747680256e-02 1.754752028376e+00 1.719347260246e-03 9.501744126527e+00
20 24 4 1.10925382 3.71393078 1.39980738 3.46973819 1.96219120 1.290090056071e-03 7.640683521727e-02 1.695138694634e+00 2.295146299362e-02 9.492448686333e+00
20 25 4 1.10925382 3.71393078 1.39980738 3.46973819 1.96219120 6.606387333689e-04 7.505047910632e-02 1.761046635513e+00 5.471976740979e-02 9.555277596985e+00
20 26 4 1.10925382 3.71393078 1.39980738 3.46973819 1.96219120 1.103460200925e-03 6.619917330170e-02 1.929573232869e+00 6.144540444808e-02 9.596771777519e+00
20 27 4 1.10925382 3.71393078 1.39980738 3.46973819 1.96219120 1.531230583436e-03 5.321349697989e-02 2.180668223633e+00 3.536612821730e-02 9.546434997313e+00
20 28 4 1.10925382 3.71393078 1.39980738 3.46973819 1.96219120 9.455856556574e-04 4.931614060325e-02 2.457123004135e+00 6.472461888402e-03 9.504547370456e+00
20 29 4 1.10925382 3.71393078 1.39980738 3.46973819 1.96219120 1.068368951716e-03 4.781772697861e-02 2.715508805858e+00 5.090829867693e-03 9.543405788510e+00
20 30 4 1.10925382 3.71393078 1.39980738 3.46973819 1.96219120 1.550792307130e-03 3.764827219401e-02 2.925090211956e+00 3.131887812247e-02 9.495622406670e+00
20 31 4 1.10925382 3.71393078 1.39980738 3.46973819 1.96219120 7.921123687633e-04 2.518161713662e-02 3.047468875052e+00 5.724419336241e-02 9.407737645241e+00
20 32 4 1.10925382 3.71393078 1.39980738 3.46973819 1.96219120 8.082673693760e-04 2.723663772273e-02 3.081329860624e+00 5.379836297554e-02 9.482652748567e+00
20 33 4 1.10925382 3.71393078 1.39980738 3.46973819 1.96219120 1.556457763407e-03 3.971095431774e-02 3.003397532717e+00 2.487078403075e-02 9.534618777679e+00
20 34 4 1.10925382 3.71393078 1.39980738 3.46973819 1.96219120 1.057575426667e-03 4.611116301189e-02 2.820462748656e+00 2.772874075132e-03 9.464403780400e+00
20 35 4 1.10925382 3.71393078 1.39980738 3.46973819 1.96219120 9.708122476673e-04 4.836587045003e-02 2.567528862084e+00 1.071139515729e-02 9.476306133497e+00
20 36 4 1.10925382 3.71393078 1.39980738 3.46973819 1.96219120 1.563671399823e-03 5.738448203659e-02 2.277911579015e+00 4.144552219963e-02 9.522573831646e+00
20 37 4 1.10925382 3.71393078 1.39980738 3.46973819 1.96219120 1.108256352867e-03 7.065258721615e-02 2.020387041297e+00 6.276263275429e-02 9.483690468769e+00
20 38 4 1.10925382 3.71393078 1.39980738 3.46973819 1.96219120 6.790899588502e-04 7.476785479520e-02 1.831747858720e+00 5.013458893493e-02 9.458890938585e+00
20 39 4 1.10925382 3.71393078 1.39980738 3.46973819 1.96219120 1.328077516169e-03 7.610067288820e-02 1.746924613445e+00 1.782484722956e-02 9.528481890785e+00
20 40 4 1.10925382 3.71393078 1.39980738 3.46973819 1.96219120 1.365653539897e-03 8.360702479073e-02 1.791372575608e+00 1.659969478180e-03 9.630746689385e+00
20 41 4 1.10925382 3.71393078 1.39980738 3.46973819 1.96219120 8.780559521751e-04 9.901246296278e-02 1.963159247195e+00 2.029848807297e-02 9.673393954163e+00
20 42 4 1.10925382 3.71393078 1.39980738 3.46973819 1.96219120 1.520704512459e-03 1.018245581253e-01 2.262798020656e+00 5.693769895531e-02 9.719819652138e+00
20 43 4 1.10925382 3.71393078 1.39980738 3.46973819 1.96219120 1.527771330614e-03 8.883460973533e-02 2.644672754160e+00 7.174433172895e-02 9.836200315050e+00
20 44 4 1.10925382 3.71393078 1.39980738 3.46973819 1.96219120 7.023285414358e-04 7.225079426810e-02 3.057078466178e+00 4.711075339075e-02 9.902529795793e+00
20 45 4 1.10925382 3.71393078 1.39980738 3.46973819 1.96219120 1.178414044993e-03 6.932474378059e-02 3.438486434682e+00 1.116856964097e-02 9.910258853941e+00
20 46 4 1.10925382 3.71393078 1.39980738 3.46973819 1.96219120 1.445739597680e-03 6.923620026258e-02 3.724438641704e+00 3.991390397301e-03 1.000784367407e+01
20 47 4 1.10925382 3.71393078 1.39980738 3.46973819 1.96219120 9.783240737331e-04 6.237152707629e-02 3.884540138610e+00 3.671216508848e-02 1.017982955627e+01
20 48 4 1.10925382 3.71393078 1.39980738 3.46973819 1.96219120 1.396132816899e-03 5.711605035142e-02 3.889463484077e+00 7.737784399678e-02 1.027666354874e+01
20 49 4 1.10925382 3.71393078 1.39980738 3.46973819 1.96219120 1.681034405918e-03 6.220745190014e-02 3.742571949988e+00 7.999693265966e-02 1.032771565648e+01
20 50 4 1.10925382 3.71393078 1.39980738 3.46973819 1.96219120 1.009130943321e-03 6.681312564575e-02 3.474562839319e+00 4.135918250728e-02 1.046766543414e+01
20 51 4 1.10925382 3.71393078 1.39980738 3.46973819 1.96219120 9.361364617583e-04 6.233752048136e-02 3.133335549677e+00 5.163957731957e-03 1.054930531553e+01
20 52 4 1.10925382 3.71393078 1.39980738 3.46973819 1.96219120 1.407193090947e-03 6.232983097905e-02 2.787478884220e+00 1.226868802611e-02 1.047067098331e+01
20 53 4 1.10925382 3.71393078 1.39980738 3.46973819 1.96219120 1.100638534859e-03 7.712660861643e-02 2.500264560506e+00 6.059058169035e-02 1.048557760786e+01
20 54 4 1.10925382 3.71393078 1.39980738 3.46973819 1.96219120 1.208262605701e-03 1.012747878579e-01 2.323343941031e+00 9.971413412030e-02 1.057656776514e+01
20 55 4 1.10925382 3.71393078 1.39980738 3.46973819 1.96219120 1.744095896879e-03 1.127125663691e-01 2.298538103482e+00 8.443273829238e-02 1.052076421547e+01
20 56 4 1.10925382 3.71393078 1.39980738 3.46973819 1.96219120 1.219334880819e-03 1.127292524536e-01 2.449044856946e+00 3.260576856954e-02 1.045162902549e+01
20 57 4 1.10925382 3.71393078 1.39980738 3.46973819 1.96219120 9.121646040212e-04 1.138596590009e-01 2.764569433126e+00 1.709804060196e-03 1.044562552475e+01
20 58 4 1.10925382 3.71393078 1.39980738 3.46973819 1.96219120 1.202706499433e-03 1.282492087387e-01 3.211203592814e+00 2.919682945931e-02 1.032347479358e+01
20 59 4 1.10925382 3.71393078 1.39980738 3.46973819 1.96219120 1.051119697037e-03 1.311533135171e-01 3.712415516585e+00 9.241899860384e-02 1.008400449834e+01
20 60 4 1.10925382 3.71393078 1.39980738 3.46973819 1.96219120 1.140404902048e-03 1.248080078359e-01 4.200754399721e+00 1.213232345573e-01 9.880219170955e+00
20 61 4 1.10925382 3.71393078 1.39980738 3.46973819 1.96219120 1.529621248493e-03 1.287293641327e-01 4.621088151213e+00 8.242171306138e-02 9.724850623435e+00
20 62 4 1.10925382 3.71393078 1.39980738 3.46973819 1.96219120 1.306536690625e-03 1.517704714582e-01 4.914792168853e+00 2.046227377159e-02 9.520096679273e+00
20 63 4 1.10925382 3.71393078 1.39980738 3.46973819 1.96219120 9.792318340200e-04 1.577676099747e-01 5.064712091702e+00 4.256332447411e-03 9.291298562652e+00
25 0 4 1.41914411 0.84026861 1.52147293 1.20995177 1.92834391 3.563810143004e+00 6.882315674239e-02 4.654186202237e+00 1.755246311526e+00 1.165208429642e+01
25 1 4 1.41914411 0.84026861 1.52147293 1.20995177 1.92834391 3.409537800305e+00 6.563964972194e-02 4.500259777441e+00 1.703671115110e+00 1.136679091712e+01
25 2 4 1.41914411 0.84026861 1.52147293 1.20995177 1.92834391 3.270579705937e+00 6.160048802631e-02 4.305807364273e+00 1.630955383543e+00 1.078187385704e+01
25 3 4 1.41914411 0.84026861 1.52147293 1.20995177 1.92834391 3.190648101371e+00 5.885194226651e-02 4.129649148035e+00 1.573490160002e+00 1.037921440958e+01
25 4 4 1.41914411 0.84026861 1.52147293 1.20995177 1.92834391 3.032064443019e+00 5.637383538182e-02 3.994977750452e+00 1.524098856863e+00 1.019454059699e+01
25 5 4 1.41914411 0.84026861 1.52147293 1.20995177 1.92834391 2.958850105328e+00 5.484187979283e-02 3.869350676192e+00 1.465769378980e+00 9.853047490373e+00
25 6 4 1.41914411 0.84026861 1.52147293 1.20995177 1.92834391 2.850123276477e+00 5.234600625540e-02 3.717771275745e+00 1.410833493181e+00 9.371454205209e+00
25 7 4 1.41914411 0.84026861 1.52147293 1.20995177 1.92834391 2.701963126799e+00 4.830897270409e-02 3.605234902683e+00 1.355644876137e+00 9.020122607027e+00
25 8 4 1.41914411 0.84026861 1.52147293 1.20995177 1.92834391 2.618986176244e+00 4.367092953950e-02 3.453956465535e+00 1.302198435029e+00 8.754179325879e+00
25 9 4 1.41914411 0.84026861 1.52147293 1.20995177 1.92834391 2.513112335219e+00 3.925217946558e-02 3.336044700803e+00 1.254802384748e+00 8.359207822339e+00
25 10 4 1.41914411 0.84026861 1.52147293 1.20995177 1.92834391 2.426408583799e+00 3.716593167056e-02 3.214412876666e+00 1.202749212382e+00 8.238188220966e+00
25 11 4 1.41914411 0.84026861 1.52147293 1.20995177 1.92834391 2.364710188231e+00 3.607761165839e-02 3.112888119328e+00 1.150499383350e+00 7.984326687493e+00
25 12 4 1.41914411 0.84026861 1.52147293 1.20995177 1.92834391 2.301701597033e+00 3.567804330589e-02 3.030518813130e+00 1.110838491410e+00 7.547056812176e+00
25 13 4 1.41914411 0.84026861 1.52147293 1.20995177 1.92834391 2.248626464329e+00 3.394954965674e-02 2.908618361434e+00 1.072390560678e+00 7.415174308289e+00
25 14 4 1.41914411 0.84026861 1.52147293 1.20995177 1.92834391 2.178685666314e+00 3.136552841143e-02 2.789353170119e+00 1.032046415069e+00 7.129789960890e+00
25 15 4 1.41914411 0.84026861 1.52147293 1.20995177 1.92834391 2.075786575273e+00 2.847480264266e-02 2.731299319594e+00 9.978546052710e-01 6.797671774376e+00
25 16 4 1.41914411 0.84026861 1.52147293 1.20995177 1.92834391 1.979696530193e+00 2.593993391473e-02 2.663452805190e+00 9.668138217425e-01 6.680416147889e+00
25 17 4 1.41914411 0.84026861 1.52147293 1.20995177 1.92834391 1.926366227441e+00 2.433610221683e-02 2.552993079180e+00 9.438340119302e-01 6.547250723746e+00
25 18 4 1.41914411 0.84026861 1.52147293 1.20995177 1.92834391 1.900881304334e+00 2.279552572163e-02 2.490653192591e+00 9.185940228757e-01 6.380570877831e+00
25 19 4 1.41914411 0.84026861 1.52147293 1.20995177 1.92834391 1.856749381226e+00 2.180007385922e-02 2.426967453806e+00 8.858270383897e-01 6.173696303751e+00
25 20 4 1.41914411 0.84026861 1.52147293 1.20995177 1.92834391 1.779786077571e+00 2.068185647209e-02 2.379801466561e+00 8.671408298232e-01 6.067646356466e+00
25 21 4 1.41914411 0.84026861 1.52147293 1.20995177 1.92834391 1.749419111131e+00 2.011861583291e-02 2.306352582013e+00 8.515957807056e-01 5.847221208219e+00
25 22 4 1.41914411 0.84026861 1.52147293 1.20995177 1.92834391 1.697264938980e+00 1.940665537430e-02 2.248810984337e+00 8.232711152607e-01 5.665516697032e+00
25 23 4 1.41914411 0.84026861 1.52147293 1.20995177 1.92834391 1.705077774616e+00 1.846636960071e-02 2.214507630430e+00 7.995095444863e-01 5.626070342033e+00
25 24 4 1.41914411 0.84026861 1.52147293 1.20995177 1.92834391 1.683456823064e+00 1.717565398435e-02 2.191605197328e+00 7.850425617009e-01 5.507341360236e+00
25 25 4 1.41914411 0.84026861 1.52147293 1.20995177 1.92834391 1.625241047873e+00 1.575146866145e-02 2.162945244528e+00 7.697816840023e-01 5.441052359384e+00
25 26 4 1.41914411 0.84026861 1.52147293 1.20995177 1.92834391 1.595980974080e+00 1.507003979935e-02 2.094057823381e+00 7.538596178469e-01 5.420993032311e+00
25 27 4 1.41914411 0.84026861 1.52147293 1.20995177 1.92834391 1.597699810133e+00 1.480920640271e-02 2.073498208851e+00 7.389281776339e-01 5.406504002264e+00
25 28 4 1.41914411 0.84026861 1.52147293 1.20995177 1.92834391 1.597819742719e+00 1.510338634995e-02 2.086673151506e+00 7.320925913843e-01 5.295374235625e+00
25 29 4 1.41914411 0.84026861 1.52147293 1.20995177 1.92834391 1.585743813838e+00 1.489729277502e-02 2.105747657156e+00 7.379854620143e-01 5.256259418006e+00
25 30 4 1.41914411 0.84026861 1.52147293 1.20995177 1.92834391 1.537564647385e+00 1.452627025199e-02 2.062780028098e+00 7.363420814889e-01 5.237303254864e+00
25 31 4 1.41914411 0.84026861 1.52147293 1.20995177 1.92834391 1.506733735459e+00 1.401823250697e-02 2.002583063948e+00 7.326901283169e-01 5.064920722808e+00
25 32 4 1.41914411 0.84026861 1.52147293 1.20995177 1.92834391 1.559647069331e+00 1.398494107748e-02 2.072156625211e+00 7.528584129305e-01 5.256687878549e+00
25 33 4 1.41914411 0.84026861 1.52147293 1.20995177 1.92834391 1.615629436166e+00 1.443423889071e-02 2.118882505494e+00 7.724237455571e-01 5.381933635794e+00
25 34 4 1.41914411 0.84026861 1.52147293 1.20995177 1.92834391 1.622173987833e+00 1.476494387455e-02 2.104472536588e+00 7.787038748127e-01 5.334425998055e+00
25 35 4 1.41914411 0.84026861 1.52147293 1.20995177 1.92834391 1.605616131315e+00 1.494598534533e-02 2.077697396069e+00 7.976902798670e-01 5.447895702789e+00
25 36 4 1.41914411 0.84026861 1.52147293 1.20995177 1.92834391 1.618374767527e+00 1.463080372674e-02 2.130656080861e+00 8.247281348993e-01 5.455963880971e+00
25 37 4 1.41914411 0.84026861 1.52147293 1.20995177 1.92834391 1.646100821102e+00 1.486806195231e-02 2.191651122168e+00 8.459468899743e-01 5.474053774946e+00
25 38 4 1.41914411 0.84026861 1.52147293 1.20995177 1.92834391 1.704694416308e+00 1.551496325061e-02 2.234599491374e+00 8.648359314984e-01 5.574435513169e+00
25 39 4 1.41914411 0.84026861 1.52147293 1.20995177 1.92834391 1.724548676282e+00 1.690192671367e-02 2.248185319608e+00 8.836824945131e-01 5.722360900079e+00
25 40 4 1.41914411 0.84026861 1.52147293 1.20995177 1.92834391 1.725377230328e+00 1.814954909744e-02 2.290667082312e+00 9.084416032975e-01 5.830527248561e+00
25 41 4 1.41914411 0.84026861 1.52147293 1.20995177 1.92834391 1.770675088500e+00 1.906284074418e-02 2.363866787394e+00 9.376552235630e-01 5.986612969002e+00
25 42 4 1.41914411 0.84026861 1.52147293 1.20995177 1.92834391 1.845629995763e+00 1.976485519715e-02 2.431715646871e+00 9.558791395797e-01 6.250006569595e+00
25 43 4 1.41914411 0.84026861 1.52147293 1.20995177 1.92834391 1.888020942220e+00 2.034188434358e-02 2.494390414719e+00 9.753592056096e-01 6.333391500185e+00
25 44 4 1.41914411 0.84026861 1.52147293 1.20995177 1.92834391 1.969610355278e+00 2.147965376937e-02 2.550097118583e+00 1.013344389334e+00 6.501494901098e+00
25 45 4 1.41914411 0.84026861 1.52147293 1.20995177 1.92834391 1.975572460914e+00 2.247836761023e-02 2.630447521178e+00 1.046257521536e+00 6.692657644486e+00
25 46 4 1.41914411 0.84026861 1.52147293 1.20995177 1.92834391 2.063219376210e+00 2.402570061389e-02 2.733495464889e+00 1.073277045575e+00 6.834690172849e+00
25 47 4 1.41914411 0.84026861 1.52147293 1.20995177 1.92834391 2.147913131517e+00 2.564120516924e-02 2.812915258727e+00 1.113887685160e+00 7.025091599507e+00
25 48 4 1.41914411 0.84026861 1.52147293 1.20995177 1.92834391 2.260534708431e+00 2.824401209605e-02 2.884130104425e+00 1.158530264011e+00 7.347306734643e+00
25 49 4 1.41914411 0.84026861 1.52147293 1.20995177 1.92834391 2.296031404310e+00 3.120170463120e-02 2.987254699611e+00 1.205430899501e+00 7.702464483709e+00
25 50 4 1.41914411 0.84026861 1.52147293 1.20995177 1.92834391 2.354362024247e+00 3.384298377930e-02 3.144092343335e+00 1.252421855106e+00 7.830090079514e+00
25 51 4 1.41914411 0.84026861 1.52147293 1.20995177 1.92834391 2.404061556069e+00 3.556288673400e-02 3.202307780275e+00 1.297552556281e+00 8.172885304288e+00
25 52 4 1.41914411 0.84026861 1.52147293 1.20995177 1.92834391 2.509636250692e+00 3.593700682985e-02 3.323523938276e+00 1.353421210480e+00 8.525344864066e+00
25 53 4 1.41914411 0.84026861 1.52147293 1.20995177 1.92834391 2.591843736074e+00 3.705996505807e-02 3.442533346957e+00 1.409722284369e+00 8.592165758996e+00
25 54 4 1.41914411 0.84026861 1.52147293 1.20995177 1.92834391 2.735441995706e+00 3.925684343055e-02 3.583805128957e+00 1.456602855568e+00 9.010831315248e+00
25 55 4 1.41914411 0.84026861 1.52147293 1.20995177 1.92834391 2.821205255096e+00 4.387428027770e-02 3.720549707736e+00 1.508400952418e+00 9.392718956790e+00
25 56 4 1.41914411 0.84026861 1.52147293 1.20995177 1.92834391 2.954143500465e+00 4.864696617932e-02 3.852347766861e+00 1.565999806949e+00 9.699382674887e+00
25 57 4 1.41914411 0.84026861 1.52147293 1.20995177 1.92834391 3.078903010461e+00 5.277985913098e-02 3.986518760434e+00 1.620624135596e+00 1.018255099681e+01
25 58 4 1.41914411 0.84026861 1.52147293 1.20995177 1.92834391 3.134768938003e+00 5.527115763628e-02 4.136120848510e+00 1.678313331628e+00 1.051470838651e+01
25 59 4 1.41914411 0.84026861 1.52147293 1.20995177 1.92834391 3.279414689342e+00 5.682612964903e-02 4.278770771938e+00 1.734027915572e+00 1.072496368555e+01
25 60 4 1.41914411 0.84026861 1.52147293 1.20995177 1.92834391 3.397353244023e+00 5.934808232759e-02 4.456640301389e+00 1.793891838981e+00 1.113921111195e+01
25 61 4 1.41914411 0.84026861 1.52147293 1.20995177 1.92834391 3.494211593499e+00 6.215432901855e-02 4.652730843704e+00 1.872302648818e+00 1.176738437638e+01
25 62 4 1.41914411 0.84026861 1.52147293 1.20995177 1.92834391 3.671204305748e+00 6.628278072571e-02 4.799362352215e+00 1.935351337960e+00 1.212576093192e+01
25 63 4 1.41914411 0.84026861 1.52147293 1.20995177 1.92834391 3.755569240292e+00 6.954124022770e-02 4.922586049077e+00 1.996538804155e+00 1.246421173146e+01
26 0 4 2.56606262 1.40297831 1.39634150 2.93203780 7.62832262 3.156356809011e+01 2.474401223914e+00 2.585791249091e+00 5.302523657861e+01 1.858832284108e+03
26 1 4 2.56606262 1.40297831 1.39634150 2.93203780 7.62832262 3.244146924873e+01 2.397818721143e+00 2.829228477998e+00 5.170206417367e+01 1.798174655041e+03
26 2 4 2.56606262 1.40297831 1.39634150 2.93203780 7.62832262 3.350429519527e+01 2.321330293510e+00 3.396084658052e+00 5.030406822904e+01 1.737247735362e+03
26 3 4 2.56606262 1.40297831 1.39634150 2.93203780 7.62832262 3.456065815393e+01 2.251317473366e+00 3.524051651684e+00 4.946384332683e+01 1.676554857687e+03
26 4 4 2.56606262 1.40297831 1.39634150 2.93203780 7.62832262 3.519231031294e+01 2.188651572880e+00 3.031610617758e+00 4.820044486266e+01 1.622355208920e+03
26 5 4 2.56606262 1.40297831 1.39634150 2.93203780 7.62832262 3.527580496901e+01 2.128088156139e+00 2.407083974893e+00 4.696648406976e+01 1.571401802165e+03
26 6 4 2.56606262 1.40297831 1.39634150 2.93203780 7.62832262 3.528430025833e+01 2.064452597023e+00 2.222099335549e+00 4.592949402329e+01 1.524825703062e+03
26 7 4 2.56606262 1.40297831 1.39634150 2.93203780 7.62832262 3.488166915477e+01 1.998340990972e+00 2.591138792140e+00 4.464136475826e+01 1.478745721013e+03
26 8 4 2.56606262 1.40297831 1.39634150 2.93203780 7.62832262 3.401529823229e+01 1.935094989325e+00 2.986426811508e+00 4.362677001170e+01 1.432045104684e+03
26 9 4 2.56606262 1.40297831 1.39634150 2.93203780 7.62832262 3.259145979078e+01 1.878637341347e+00 2.903938180360e+00 4.241819239166e+01 1.387774551979e+03
26 10 4 2.56606262 1.40297831 1.39634150 2.93203780 7.62832262 3.063523710016e+01 1.827293224137e+00 2.370951327408e+00 4.116514839573e+01 1.345115974162e+03
26 11 4 2.56606262 1.40297831 1.39634150 2.93203780 7.62832262 2.838553191913e+01 1.776049592498e+00 1.865827439605e+00 4.031644612056e+01 1.303287080977e+03
26 12 4 2.56606262 1.40297831 1.39634150 2.93203780 7.62832262 2.617083401830e+01 1.722333548739e+00 1.805586227847e+00 3.918766209971e+01 1.262198245122e+03
26 13 4 2.56606262 1.40297831 1.39634150 2.93203780 7.62832262 2.397070369074e+01 1.668732976725e+00 2.119559398930e+00 3.820623432454e+01 1.223199793549e+03
26 14 4 2.56606262 1.40297831 1.39634150 2.93203780 7.62832262 2.172607051516e+01 1.619881934199e+00 2.348320364886e+00 3.746027699271e+01 1.187518263199e+03
26 15 4 2.56606262 1.40297831 1.39634150 2.93203780 7.62832262 1.961480761785e+01 1.577309590249e+00 2.173463673780e+00 3.655190498733e+01 1.155696467773e+03
26 16 4 2.56606262 1.40297831 1.39634150 2.93203780 7.62832262 1.761487888329e+01 1.538024547388e+00 1.744525249618e+00 3.592893001073e+01 1.126035015909e+03
26 17 4 2.56606262 1.40297831 1.39634150 2.93203780 7.62832262 1.601788226416e+01 1.498141304750e+00 1.450530066659e+00 3.525102294204e+01 1.097462674679e+03
26 18 4 2.56606262 1.40297831 1.39634150 2.93203780 7.62832262 1.487890943756e+01 1.457262390478e+00 1.568440054051e+00 3.457115450127e+01 1.070610021661e+03
26 19 4 2.56606262 1.40297831 1.39634150 2.93203780 7.62832262 1.421269975477e+01 1.418777338985e+00 1.895458015179e+00 3.414900430091e+01 1.045321640859e+03
26 20 4 2.56606262 1.40297831 1.39634150 2.93203780 7.62832262 1.391046972997e+01 1.385995347380e+00 2.056866005239e+00 3.348106039119e+01 1.021741766742e+03
26 21 4 2.56606262 1.40297831 1.39634150 2.93203780 7.62832262 1.395176761598e+01 1.358578196683e+00 1.872087335975e+00 3.298942956244e+01 1.001026215852e+03
26 22 4 2.56606262 1.40297831 1.39634150 2.93203780 7.62832262 1.424093049529e+01 1.333154673753e+00 1.504245735946e+00 3.261501626771e+01 9.829593227828e+02
26 23 4 2.56606262 1.40297831 1.39634150 2.93203780 7.62832262 1.480500674335e+01 1.307224479787e+00 1.334884224021e+00 3.197269520763e+01 9.677318492653e+02
26 24 4 2.56606262 1.40297831 1.39634150 2.93203780 7.62832262 1.550370331333e+01 1.281919713183e+00 1.483160103051e+00 3.161340786838e+01 9.542477929397e+02
26 25 4 2.56606262 1.40297831 1.39634150 2.93203780 7.62832262 1.627974659654e+01 1.260655047869e+00 1.749880595203e+00 3.127091687708e+01 9.418562782913e+02
26 26 4 2.56606262 1.40297831 1.39634150 2.93203780 7.62832262 1.725600232010e+01 1.245317894139e+00 1.803637896741e+00 3.084195384238e+01 9.304880736517e+02
26 27 4 2.56606262 1.40297831 1.39634150 2.93203780 7.62832262 1.824988180808e+01 1.234267514895e+00 1.567972513080e+00 3.062549405574e+01 9.215345939785e+02
26 28 4 2.56606262 1.40297831 1.39634150 2.93203780 7.62832262 1.909721097949e+01 1.224277883821e+00 1.255007320526e+00 3.035804308292e+01 9.141038764443e+02
26 29 4 2.56606262 1.40297831 1.39634150 2.93203780 7.62832262 1.964627873326e+01 1.214175466428e+00 1.180203013910e+00 3.032310417372e+01 9.073952987700e+02
26 30 4 2.56606262 1.40297831 1.39634150 2.93203780 7.62832262 1.994014547378e+01 1.206126624571e+00 1.412365106587e+00 3.034557360598e+01 9.044950413900e+02
26 31 4 2.56606262 1.40297831 1.39634150 2.93203780 7.62832262 2.008890477734e+01 1.203197783209e+00 1.664645018415e+00 3.022912108190e+01 9.028877800880e+02
26 32 4 2.56606262 1.40297831 1.39634150 2.93203780 7.62832262 2.035028249006e+01 1.205935233525e+00 1.706546830590e+00 3.053880847363e+01 9.079759207478e+02
26 33 4 2.56606262 1.40297831 1.39634150 2.93203780 7.62832262 2.039489121794e+01 1.211765151820e+00 1.473032576012e+00 3.081517685605e+01 9.140747265456e+02
26 34 4 2.56606262 1.40297831 1.39634150 2.93203780 7.62832262 1.999661120340e+01 1.217878206563e+00 1.253465241624e+00 3.096076648655e+01 9.218995392129e+02
26 35 4 2.56606262 1.40297831 1.39634150 2.93203780 7.62832262 1.926952341770e+01 1.224396756116e+00 1.329329552721e+00 3.141695702328e+01 9.303036090705e+02
26 36 4 2.56606262 1.40297831 1.39634150 2.93203780 7.62832262 1.836922605666e+01 1.234282318052e+00 1.641951166776e+00 3.179428225750e+01 9.396718139642e+02
26 37 4 2.56606262 1.40297831 1.39634150 2.93203780 7.62832262 1.748393486606e+01 1.250034982881e+00 1.908964329474e+00 3.224199114149e+01 9.512292148678e+02
26 38 4 2.56606262 1.40297831 1.39634150 2.93203780 7.62832262 1.668222649091e+01 1.270837243782e+00 1.845599966238e+00 3.272485645307e+01 9.646728645196e+02
26 39 4 2.56606262 1.40297831 1.39634150 2.93203780 7.62832262 1.591568739195e+01 1.293388391528e+00 1.548923927001e+00 3.308832728356e+01 9.792959493154e+02
26 40 4 2.56606262 1.40297831 1.39634150 2.93203780 7.62832262 1.513281729020e+01 1.315603433163e+00 1.342975291390e+00 3.375650558115e+01 9.966336135484e+02
26 41 4 2.56606262 1.40297831 1.39634150 2.93203780 7.62832262 1.461275073304e+01 1.339067396113e+00 1.508454260343e+00 3.427172999998e+01 1.017132879176e+03
26 42 4 2.56606262 1.40297831 1.39634150 2.93203780 7.62832262 1.433096099918e+01 1.367383553616e+00 1.884893770271e+00 3.473914262541e+01 1.040530375905e+03
26 43 4 2.56606262 1.40297831 1.39634150 2.93203780 7.62832262 1.440625971557e+01 1.402120844433e+00 2.093421989791e+00 3.556336556376e+01 1.065868792908e+03
26 44 4 2.56606262 1.40297831 1.39634150 2.93203780 7.62832262 1.490127174524e+01 1.440910146721e+00 1.942073854276e+00 3.617618337547e+01 1.093107217676e+03
26 45 4 2.56606262 1.40297831 1.39634150 2.93203780 7.62832262 1.588885028581e+01 1.480009984818e+00 1.590040234415e+00 3.695082887303e+01 1.120989658814e+03
26 46 4 2.56606262 1.40297831 1.39634150 2.93203780 7.62832262 1.733503648618e+01 1.518626543710e+00 1.535726812454e+00 3.793735368736e+01 1.151379602979e+03
26 47 4 2.56606262 1.40297831 1.39634150 2.93203780 7.62832262 1.915818223980e+01 1.560069638370e+00 1.910767844404e+00 3.875275515079e+01 1.183229302581e+03
26 48 4 2.56606262 1.40297831 1.39634150 2.93203780 7.62832262 2.116330864198e+01 1.608192816484e+00 2.437401361732e+00 3.988067842427e+01 1.217698141242e+03
26 49 4 2.56606262 1.40297831 1.39634150 2.93203780 7.62832262 2.332798527782e+01 1.662967123611e+00 2.628011472390e+00 4.095086370936e+01 1.256032534691e+03
26 50 4 2.56606262 1.40297831 1.39634150 2.93203780 7.62832262 2.569423842682e+01 1.720318782574e+00 2.323777861423e+00 4.202101452043e+01 1.296532798456e+03
26 51 4 2.56606262 1.40297831 1.39634150 2.93203780 7.62832262 2.812490968647e+01 1.776724340490e+00 1.963614771660e+00 4.337338565450e+01 1.338481119257e+03
26 52 4 2.56606262 1.40297831 1.39634150 2.93203780 7.62832262 3.070163403532e+01 1.833499252536e+00 2.025813442875e+00 4.437271412575e+01 1.379774163985e+03
26 53 4 2.56606262 1.40297831 1.39634150 2.93203780 7.62832262 3.299391091104e+01 1.895699223583e+00 2.596366770922e+00 4.558734656731e+01 1.422651964340e+03
26 54 4 2.56606262 1.40297831 1.39634150 2.93203780 7.62832262 3.480242608158e+01 1.966525309145e+00 3.135253727293e+00 4.694881576609e+01 1.467157471342e+03
26 55 4 2.56606262 1.40297831 1.39634150 2.93203780 7.62832262 3.611560340254e+01 2.043506079651e+00 3.127405873011e+00 4.790386606207e+01 1.514415335668e+03
26 56 4 2.56606262 1.40297831 1.39634150 2.93203780 7.62832262 3.711712477180e+01 2.121114977857e+00 2.604572310228e+00 4.915887021054e+01 1.563475008410e+03
26 57 4 2.56606262 1.40297831 1.39634150 2.93203780 7.62832262 3.771089828458e+01 2.197221756450e+00 2.211480254812e+00 5.032663512092e+01 1.612459923354e+03
26 58 4 2.56606262 1.40297831 1.39634150 2.93203780 7.62832262 3.803245784578e+01 2.276023509895e+00 2.500041928286e+00 5.145869919929e+01 1.668886164144e+03
26 59 4 2.56606262 1.40297831 1.39634150 2.93203780 7.62832262 3.775387869941e+01 2.363695038100e+00 3.263826048256e+00 5.287656708368e+01 1.727123013580e+03
26 60 4 2.56606262 1.40297831 1.39634150 2.93203780 7.62832262 3.674433679083e+01 2.461347366332e+00 3.837028857959e+00 5.387901122236e+01 1.790374693069e+03
26 61 4 2.56606262 1.40297831 1.39634150 2.93203780 7.62832262 3.565061459501e+01 2.563450102429e+00 3.639659164999e+00 5.530686658982e+01 1.852514736084e+03
26 62 4 2.56606262 1.40297831 1.39634150 2.93203780 7.62832262 3.453332807071e+01 2.664028470083e+00 3.035426291378e+00 5.698909691779e+01 1.912435531195e+03
26 63 4 2.56606262 1.40297831 1.39634150 2.93203780 7.62832262 3.335548335058e+01 2.763881114254e+00 2.872221880082e+00 5.814864004592e+01 1.975177053012e+03
