# environment=00047 local_bs=2 gain_scale=3.425317733397e-13
# ue subcarrier serving_bs phi0 phi1 phi2 phi3 phi4 gain0 gain1 gain2 gain3 gain4
1 0 2 0.94620134 1.66343976 2.33417614 1.93057156 1.80091590 4.055311566693e-01 5.177618262917e-03 2.445625205112e+01 1.010855555203e-04 1.039373371921e+01
1 1 2 0.94620134 1.66343976 2.33417614 1.93057156 1.80091590 4.589412145116e-01 5.216069044755e-03 2.373636465506e+01 4.367470764507e-05 8.851392525962e+00
1 2 2 0.94620134 1.66343976 2.33417614 1.93057156 1.80091590 5.147722917810e-01 6.372410291707e-03 2.301189416806e+01 5.235886400906e-05 7.400699855228e+00
1 3 2 0.94620134 1.66343976 2.33417614 1.93057156 1.80091590 5.718715860037e-01 7.165142900333e-03 2.230628260190e+01 1.411456269908e-04 6.197001871516e+00
1 4 2 0.94620134 1.66343976 2.33417614 1.93057156 1.80091590 6.324705904793e-01 6.407023623340e-03 2.148060237687e+01 2.400089192392e-04 5.343574748098e+00
1 5 2 0.94620134 1.66343976 2.33417614 1.93057156 1.80091590 6.890079952299e-01 4.939007558072e-03 2.060363792021e+01 2.555226097415e-04 4.888856889980e+00
1 6 2 0.94620134 1.66343976 2.33417614 1.93057156 1.80091590 7.220034060212e-01 4.002898711232e-03 1.976247126885e+01 1.780854728231e-04 4.812503668649e+00
1 7 2 0.94620134 1.66343976 2.33417614 1.93057156 1.80091590 7.218642427959e-01 3.794679390726e-03 1.902446249844e+01 1.126220934502e-04 5.070617642528e+00
1 8 2 0.94620134 1.66343976 2.33417614 1.93057156 1.80091590 6.991499821927e-01 4.340578079437e-03 1.841526525503e+01 1.731384456452e-04 5.619499363384e+00
1 9 2 0.94620134 1.66343976 2.33417614 1.93057156 1.80091590 6.655635973478e-01 5.770868095689e-03 1.782111941761e+01 3.429308097253e-04 6.326701514920e+00
1 10 2 0.94620134 1.66343976 2.33417614 1.93057156 1.80091590 6.210135515450e-01 7.274593778913e-03 1.714589073514e+01 4.667245594696e-04 6.980039155749e+00
1 11 2 0.94620134 1.66343976 2.33417614 1.93057156 1.80091590 5.617383159096e-01 7.717509126946e-03 1.650150694980e+01 4.061527522918e-04 7.460026935210e+00
1 12 2 0.94620134 1.66343976 2.33417614 1.93057156 1.80091590 4.877487300101e-01 7.427182618591e-03 1.600698172288e+01 1.971732201379e-04 7.773919419266e+00
1 13 2 0.94620134 1.66343976 2.33417614 1.93057156 1.80091590 4.053163076717e-01 7.603415791271e-03 1.548406511103e+01 2.870290981018e-05 7.910568907406e+00
1 14 2 0.94620134 1.66343976 2.33417614 1.93057156 1.80091590 3.283404442152e-01 8.233047597108e-03 1.485315065398e+01 5.388310702776e-05 7.805464746618e+00
1 15 2 0.94620134 1.66343976 2.33417614 1.93057156 1.80091590 2.689635984976e-01 8.314919594291e-03 1.432809881166e+01 2.342922661011e-04 7.429415289503e+00
1 16 2 0.94620134 1.66343976 2.33417614 1.93057156 1.80091590 2.266959146494e-01 7.651967800874e-03 1.397534373050e+01 3.843568395872e-04 6.816191231363e+00
1 17 2 0.94620134 1.66343976 2.33417614 1.93057156 1.80091590 1.955023740066e-01 6.798599674463e-03 1.364885991988e+01 3.641459403175e-04 6.046294330987e+00
1 18 2 0.94620134 1.66343976 2.33417614 1.93057156 1.80091590 1.759346951901e-01 5.878999625811e-03 1.332861021637e+01 2.118524636550e-04 5.232837158960e+00
1 19 2 0.94620134 1.66343976 2.33417614 1.93057156 1.80091590 1.731836514676e-01 4.907930379527e-03 1.307494902019e+01 8.368976407776e-05 4.469593760802e+00
1 20 2 0.94620134 1.66343976 2.33417614 1.93057156 1.80091590 1.903423548718e-01 4.494370630223e-03 1.277892015363e+01 8.213395493772e-05 3.805458810426e+00
1 21 2 0.94620134 1.66343976 2.33417614 1.93057156 1.80091590 2.254502400818e-01 4.919389485777e-03 1.247715552535e+01 1.624983159311e-04 3.287239741268e+00
1 22 2 0.94620134 1.66343976 2.33417614 1.93057156 1.80091590 2.688813288090e-01 5.343919663671e-03 1.229060600001e+01 2.047644617582e-04 2.964843275907e+00
1 23 2 0.94620134 1.66343976 2.33417614 1.93057156 1.80091590 3.081475783358e-01 5.011957176695e-03 1.207022017085e+01 1.542161417919e-04 2.850737948533e+00
1 24 2 0.94620134 1.66343976 2.33417614 1.93057156 1.80091590 3.402538575213e-01 4.350166635360e-03 1.181110973667e+01 7.456011101360e-05 2.930476066984e+00
1 25 2 0.94620134 1.66343976 2.33417614 1.93057156 1.80091590 3.716814207490e-01 4.024661062378e-03 1.162538473096e+01 6.850999627806e-05 3.190034257502e+00
1 26 2 0.94620134 1.66343976 2.33417614 1.93057156 1.80091590 4.045566915167e-01 3.894564095415e-03 1.142077304171e+01 1.636952713002e-04 3.598950529984e+00
1 27 2 0.94620134 1.66343976 2.33417614 1.93057156 1.80091590 4.312466998501e-01 3.604216749358e-03 1.116895542777e+01 2.839735467281e-04 4.097363939612e+00
1 28 2 0.94620134 1.66343976 2.33417614 1.93057156 1.80091590 4.415054901993e-01 3.210793645571e-03 1.100403478907e+01 3.246048542166e-04 4.601919994679e+00
1 29 2 0.94620134 1.66343976 2.33417614 1.93057156 1.80091590 4.300669146515e-01 2.695487501446e-03 1.095302413468e+01 2.475946364617e-04 5.018481083473e+00
1 30 2 0.94620134 1.66343976 2.33417614 1.93057156 1.80091590 4.019284587473e-01 1.864045464532e-03 1.083285544524e+01 1.098400843178e-04 5.297802203294e+00
1 31 2 0.94620134 1.66343976 2.33417614 1.93057156 1.80091590 3.706089923601e-01 1.086756522019e-03 1.075052497398e+01 1.196874146503e-05 5.467657397288e+00
1 32 2 0.94620134 1.66343976 2.33417614 1.93057156 1.80091590 3.441737629737e-01 1.111766430236e-03 1.097435788993e+01 2.137808548016e-05 5.544339169830e+00
1 33 2 0.94620134 1.66343976 2.33417614 1.93057156 1.80091590 3.166889658313e-01 1.929366243250e-03 1.123189229422e+01 1.276860689488e-04 5.462328453868e+00
1 34 2 0.94620134 1.66343976 2.33417614 1.93057156 1.80091590 2.804358660187e-01 2.789646018251e-03 1.132511436676e+01 2.533869744862e-04 5.168443940879e+00
1 35 2 0.94620134 1.66343976 2.33417614 1.93057156 1.80091590 2.395479716108e-01 3.337022595729e-03 1.148804812493e+01 3.081228119018e-04 4.717187774049e+00
1 36 2 0.94620134 1.66343976 2.33417614 1.93057156 1.80091590 2.059805269149e-01 3.759751820209e-03 1.172743793066e+01 2.539195173719e-04 4.214199833746e+00
1 37 2 0.94620134 1.66343976 2.33417614 1.93057156 1.80091590 1.889122685472e-01 4.056564892071e-03 1.188992309035e+01 1.372824342253e-04 3.738673538193e+00
1 38 2 0.94620134 1.66343976 2.33417614 1.93057156 1.80091590 1.895108663636e-01 4.184584895081e-03 1.200959875817e+01 5.518753603632e-05 3.346606782974e+00
1 39 2 0.94620134 1.66343976 2.33417614 1.93057156 1.80091590 2.010185799989e-01 4.536729061852e-03 1.220643854706e+01 7.065182667475e-05 3.084918865093e+00
1 40 2 0.94620134 1.66343976 2.33417614 1.93057156 1.80091590 2.172257833775e-01 5.242955902786e-03 1.241474606189e+01 1.505272901106e-04 2.996254433700e+00
1 41 2 0.94620134 1.66343976 2.33417614 1.93057156 1.80091590 2.422793256192e-01 5.582617451180e-03 1.258611194195e+01 1.959749048115e-04 3.126044327088e+00
1 42 2 0.94620134 1.66343976 2.33417614 1.93057156 1.80091590 2.845776412221e-01 5.122494891427e-03 1.288205677062e+01 1.497220984134e-04 3.494585155802e+00
1 43 2 0.94620134 1.66343976 2.33417614 1.93057156 1.80091590 3.429052894666e-01 4.673754385204e-03 1.322592825647e+01 7.070426192034e-05 4.076487442482e+00
1 44 2 0.94620134 1.66343976 2.33417614 1.93057156 1.80091590 4.070245817034e-01 5.103294569264e-03 1.351599808002e+01 8.112394234201e-05 4.833474454775e+00
1 45 2 0.94620134 1.66343976 2.33417614 1.93057156 1.80091590 4.670367077767e-01 6.113640574731e-03 1.389795160433e+01 2.249479214403e-04 5.714369071309e+00
1 46 2 0.94620134 1.66343976 2.33417614 1.93057156 1.80091590 5.172376559394e-01 7.104858593435e-03 1.434856237699e+01 3.925548995298e-04 6.613398955177e+00
1 47 2 0.94620134 1.66343976 2.33417614 1.93057156 1.80091590 5.588234481417e-01 8.075483826121e-03 1.482504333429e+01 4.160951349608e-04 7.400404695368e+00
1 48 2 0.94620134 1.66343976 2.33417614 1.93057156 1.80091590 5.984253181785e-01 8.840692266504e-03 1.543354550287e+01 2.531115417595e-04 7.987279856679e+00
1 49 2 0.94620134 1.66343976 2.33417614 1.93057156 1.80091590 6.351753127079e-01 8.779822320789e-03 1.610967845689e+01 5.660972911633e-05 8.330820535147e+00
1 50 2 0.94620134 1.66343976 2.33417614 1.93057156 1.80091590 6.561837434878e-01 8.138482713082e-03 1.665361773014e+01 3.371315369502e-05 8.419923760456e+00
1 51 2 0.94620134 1.66343976 2.33417614 1.93057156 1.80091590 6.526993370188e-01 7.997394346212e-03 1.713782775294e+01 2.285099675084e-04 8.261257825901e+00
1 52 2 0.94620134 1.66343976 2.33417614 1.93057156 1.80091590 6.302832037711e-01 8.325749938801e-03 1.778143694249e+01 4.652641039466e-04 7.833837653493e+00
1 53 2 0.94620134 1.66343976 2.33417614 1.93057156 1.80091590 5.999376149355e-01 7.834894206554e-03 1.847819410687e+01 5.243994412260e-04 7.135356320259e+00
1 54 2 0.94620134 1.66343976 2.33417614 1.93057156 1.80091590 5.698848867851e-01 6.228178106362e-03 1.908230981390e+01 3.667620685667e-04 6.309700966848e+00
1 55 2 0.94620134 1.66343976 2.33417614 1.93057156 1.80091590 5.423324600419e-01 4.726487793567e-03 1.970962122697e+01 1.640084999560e-04 5.592969619253e+00
1 56 2 0.94620134 1.66343976 2.33417614 1.93057156 1.80091590 5.116396487576e-01 4.146257017180e-03 2.047580886768e+01 1.071139741204e-04 5.123821848178e+00
1 57 2 0.94620134 1.66343976 2.33417614 1.93057156 1.80091590 4.763297177834e-01 4.345442925365e-03 2.132114968482e+01 2.090156762086e-04 4.945992375964e+00
1 58 2 0.94620134 1.66343976 2.33417614 1.93057156 1.80091590 4.518810018902e-01 5.339390720992e-03 2.212158971281e+01 3.134526703553e-04 5.131245013276e+00
1 59 2 0.94620134 1.66343976 2.33417614 1.93057156 1.80091590 4.552065218639e-01 6.904777003122e-03 2.283816253902e+01 2.823605453314e-04 5.748633520102e+00
1 60 2 0.94620134 1.66343976 2.33417614 1.93057156 1.80091590 4.840469456087e-01 7.672160694017e-03 2.347741464997e+01 1.416389360631e-04 6.783508660636e+00
1 61 2 0.94620134 1.66343976 2.33417614 1.93057156 1.80091590 5.275420700593e-01 6.777657904979e-03 2.418915101062e+01 3.332482339341e-05 8.157092441619e+00
1 62 2 0.94620134 1.66343976 2.33417614 1.93057156 1.80091590 5.848329836963e-01 5.544814450949e-03 2.501883777167e+01 5.067167388227e-05 9.746465115816e+00
1 63 2 0.94620134 1.66343976 2.33417614 1.93057156 1.80091590 6.635605345329e-01 5.522017132642e-03 2.587505244790e+01 1.478423010280e-04 1.139625399965e+01
11 0 2 0.78183143 1.47083642 1.75142363 1.41298449 1.27187921 2.116903178466e-01 3.947790390131e-06 8.257653551659e+00 2.505697500744e-05 2.297118493443e+00
11 1 2 0.78183143 1.47083642 1.75142363 1.41298449 1.27187921 2.067749327811e-01 3.092568250779e-05 7.997431820553e+00 2.469365186394e-05 2.038957137039e+00
11 2 2 0.78183143 1.47083642 1.75142363 1.41298449 1.27187921 2.037553973010e-01 3.126940791098e-05 7.696785332391e+00 2.449024021625e-05 1.847161113861e+00
11 3 2 0.78183143 1.47083642 1.75142363 1.41298449 1.27187921 1.982385868948e-01 4.390565122852e-05 7.443431056830e+00 2.442395957226e-05 1.799123600551e+00
11 4 2 0.78183143 1.47083642 1.75142363 1.41298449 1.27187921 1.904837317443e-01 9.227496247952e-05 7.184633320621e+00 2.447292432155e-05 1.876706770775e+00
11 5 2 0.78183143 1.47083642 1.75142363 1.41298449 1.27187921 1.819567252525e-01 8.463925583865e-05 6.937547300767e+00 2.461637091973e-05 1.933149636589e+00
11 6 2 0.78183143 1.47083642 1.75142363 1.41298449 1.27187921 1.723647446922e-01 6.337684412768e-05 6.698595122930e+00 2.483485357425e-05 1.874876710680e+00
11 7 2 0.78183143 1.47083642 1.75142363 1.41298449 1.27187921 1.659164670788e-01 8.693168388706e-05 6.418645475849e+00 2.511040700721e-05 1.704070077737e+00
11 8 2 0.78183143 1.47083642 1.75142363 1.41298449 1.27187921 1.599945538008e-01 7.120753790457e-05 6.135406375953e+00 2.542667540770e-05 1.526134569408e+00
11 9 2 0.78183143 1.47083642 1.75142363 1.41298449 1.27187921 1.561925845291e-01 2.892342363760e-05 5.886554502666e+00 2.576900722278e-05 1.450927844437e+00
11 10 2 0.78183143 1.47083642 1.75142363 1.41298449 1.27187921 1.520249078524e-01 2.673743008367e-05 5.680940022136e+00 2.612451596334e-05 1.489529940017e+00
11 11 2 0.78183143 1.47083642 1.75142363 1.41298449 1.27187921 1.486748160938e-01 1.775265339879e-05 5.461537707473e+00 2.648210771345e-05 1.566934636586e+00
11 12 2 0.78183143 1.47083642 1.75142363 1.41298449 1.27187921 1.452610710834e-01 1.308776925176e-06 5.221828342642e+00 2.683247652190e-05 1.567089845430e+00
11 13 2 0.78183143 1.47083642 1.75142363 1.41298449 1.27187921 1.426475351846e-01 1.157874695551e-05 5.049966462397e+00 2.716806931524e-05 1.456275489351e+00
11 14 2 0.78183143 1.47083642 1.75142363 1.41298449 1.27187921 1.395671192800e-01 1.235150800728e-05 4.896128090300e+00 2.748302239877e-05 1.284711058574e+00
11 15 2 0.78183143 1.47083642 1.75142363 1.41298449 1.27187921 1.352858427404e-01 1.876529743028e-05 4.719678932641e+00 2.777307199794e-05 1.154422708669e+00
11 16 2 0.78183143 1.47083642 1.75142363 1.41298449 1.27187921 1.300686198004e-01 4.922035891437e-05 4.569934889430e+00 2.803544163456e-05 1.126224671873e+00
11 17 2 0.78183143 1.47083642 1.75142363 1.41298449 1.27187921 1.239716982932e-01 4.916551239346e-05 4.404401333030e+00 2.826870942475e-05 1.174675565671e+00
11 18 2 0.78183143 1.47083642 1.75142363 1.41298449 1.27187921 1.190195263017e-01 4.053055188584e-05 4.246001767231e+00 2.847265862599e-05 1.217304756203e+00
11 19 2 0.78183143 1.47083642 1.75142363 1.41298449 1.27187921 1.159945173316e-01 6.137707876241e-05 4.140490825524e+00 2.864811494567e-05 1.189278015765e+00
11 20 2 0.78183143 1.47083642 1.75142363 1.41298449 1.27187921 1.144457227659e-01 5.526277807625e-05 4.016069089778e+00 2.879677425165e-05 1.092991328435e+00
11 21 2 0.78183143 1.47083642 1.75142363 1.41298449 1.27187921 1.143531784565e-01 2.714262852897e-05 3.877807318448e+00 2.892102439569e-05 9.977165985997e-01
11 22 2 0.78183143 1.47083642 1.75142363 1.41298449 1.27187921 1.137552113281e-01 2.677206052508e-05 3.775332820583e+00 2.902376487150e-05 9.670418215178e-01
11 23 2 0.78183143 1.47083642 1.75142363 1.41298449 1.27187921 1.129243720837e-01 2.089651308106e-05 3.696102527524e+00 2.910822798339e-05 1.015344233122e+00
11 24 2 0.78183143 1.47083642 1.75142363 1.41298449 1.27187921 1.117535058808e-01 3.144990443657e-06 3.620538959458e+00 2.917780509756e-05 1.081824651651e+00
11 25 2 0.78183143 1.47083642 1.75142363 1.41298449 1.27187921 1.103024672459e-01 5.464366157790e-06 3.533941324024e+00 2.923588139066e-05 1.098004450116e+00
11 26 2 0.78183143 1.47083642 1.75142363 1.41298449 1.27187921 1.091246302950e-01 5.755167304251e-06 3.462217460149e+00 2.928568229986e-05 1.034738573215e+00
11 27 2 0.78183143 1.47083642 1.75142363 1.41298449 1.27187921 1.071910580063e-01 7.710748628494e-06 3.414641326904e+00 2.933013462041e-05 9.298649714418e-01
11 28 2 0.78183143 1.47083642 1.75142363 1.41298449 1.27187921 1.055650099273e-01 2.877015932229e-05 3.376898365633e+00 2.937174489391e-05 8.624199196111e-01
11 29 2 0.78183143 1.47083642 1.75142363 1.41298449 1.27187921 1.033246911269e-01 3.220497964096e-05 3.371409495561e+00 2.941249738763e-05 8.720285850147e-01
11 30 2 0.78183143 1.47083642 1.75142363 1.41298449 1.27187921 1.033258160187e-01 2.957767627624e-05 3.367351304711e+00 2.945377358846e-05 9.482813712896e-01
11 31 2 0.78183143 1.47083642 1.75142363 1.41298449 1.27187921 1.037873420191e-01 5.132234456233e-05 3.368383615253e+00 2.949629472918e-05 1.017263519416e+00
11 32 2 0.78183143 1.47083642 1.75142363 1.41298449 1.27187921 1.070716362732e-01 5.147213237788e-05 3.436753710970e+00 2.954008843613e-05 1.031528384553e+00
11 33 2 0.78183143 1.47083642 1.75142363 1.41298449 1.27187921 1.098668567109e-01 2.982663747062e-05 3.513750190506e+00 2.958448014261e-05 9.841887387804e-01
11 34 2 0.78183143 1.47083642 1.75142363 1.41298449 1.27187921 1.128359391193e-01 3.264166658314e-05 3.567564120105e+00 2.962810945755e-05 9.365136596997e-01
11 35 2 0.78183143 1.47083642 1.75142363 1.41298449 1.27187921 1.145397056288e-01 2.932666126438e-05 3.650068655916e+00 2.966897122162e-05 9.490195128241e-01
11 36 2 0.78183143 1.47083642 1.75142363 1.41298449 1.27187921 1.154879980343e-01 7.905537647119e-06 3.740484436777e+00 2.970448052867e-05 1.031438978772e+00
11 37 2 0.78183143 1.47083642 1.75142363 1.41298449 1.27187921 1.166622998685e-01 5.921216443626e-06 3.834112832026e+00 2.973156054721e-05 1.137216770881e+00
11 38 2 0.78183143 1.47083642 1.75142363 1.41298449 1.27187921 1.179960147816e-01 5.653496240761e-06 3.938100509452e+00 2.974675155010e-05 1.186264599629e+00
11 39 2 0.78183143 1.47083642 1.75142363 1.41298449 1.27187921 1.201679496345e-01 3.260613343541e-06 4.026268892242e+00 2.974633915746e-05 1.154578853524e+00
11 40 2 0.78183143 1.47083642 1.75142363 1.41298449 1.27187921 1.222595189005e-01 2.178019425580e-05 4.118625619375e+00 2.972649942436e-05 1.075789560205e+00
11 41 2 0.78183143 1.47083642 1.75142363 1.41298449 1.27187921 1.255134255741e-01 2.802771399022e-05 4.235269593189e+00 2.968345806607e-05 1.039331820116e+00
11 42 2 0.78183143 1.47083642 1.75142363 1.41298449 1.27187921 1.293212087341e-01 2.850842057670e-05 4.376596733630e+00 2.961366081563e-05 1.096368451266e+00
11 43 2 0.78183143 1.47083642 1.75142363 1.41298449 1.27187921 1.352902576878e-01 5.824102084850e-05 4.508692402348e+00 2.951395165509e-05 1.230194916631e+00
11 44 2 0.78183143 1.47083642 1.75142363 1.41298449 1.27187921 1.423377805562e-01 6.490387769975e-05 4.612375467657e+00 2.938175545728e-05 1.358422387466e+00
11 45 2 0.78183143 1.47083642 1.75142363 1.41298449 1.27187921 1.494152361139e-01 4.297538947008e-05 4.762414568973e+00 2.921526142354e-05 1.404398056394e+00
11 46 2 0.78183143 1.47083642 1.75142363 1.41298449 1.27187921 1.557883666399e-01 5.224588749156e-05 4.936298607284e+00 2.901360360568e-05 1.368486801188e+00
11 47 2 0.78183143 1.47083642 1.75142363 1.41298449 1.27187921 1.599996985353e-01 5.243677808986e-05 5.073607033763e+00 2.877703476107e-05 1.324673001949e+00
11 48 2 0.78183143 1.47083642 1.75142363 1.41298449 1.27187921 1.636066857282e-01 2.003797961570e-05 5.236279819896e+00 2.850708980846e-05 1.361477810769e+00
11 49 2 0.78183143 1.47083642 1.75142363 1.41298449 1.27187921 1.677030370007e-01 1.320008512136e-05 5.404554555793e+00 2.820673522938e-05 1.501510972877e+00
11 50 2 0.78183143 1.47083642 1.75142363 1.41298449 1.27187921 1.729477049472e-01 1.239978475172e-05 5.573973820373e+00 2.788050089604e-05 1.670082870783e+00
11 51 2 0.78183143 1.47083642 1.75142363 1.41298449 1.27187921 1.803193847470e-01 1.400925801489e-06 5.810685394548e+00 2.753459099916e-05 1.762145477199e+00
11 52 2 0.78183143 1.47083642 1.75142363 1.41298449 1.27187921 1.881647899874e-01 1.902507666498e-05 6.032285021829e+00 2.717697099759e-05 1.727526608798e+00
11 53 2 0.78183143 1.47083642 1.75142363 1.41298449 1.27187921 1.970139806742e-01 2.869581426569e-05 6.214806395682e+00 2.681742781180e-05 1.629448964884e+00
11 54 2 0.78183143 1.47083642 1.75142363 1.41298449 1.27187921 2.062505601359e-01 3.104758435912e-05 6.439804268097e+00 2.646760083259e-05 1.595076091955e+00
11 55 2 0.78183143 1.47083642 1.75142363 1.41298449 1.27187921 2.170545353110e-01 7.648479843964e-05 6.689182762514e+00 2.614098171075e-05 1.704629010975e+00
11 56 2 0.78183143 1.47083642 1.75142363 1.41298449 1.27187921 2.283786102218e-01 9.344002817602e-05 6.919392665677e+00 2.585288132677e-05 1.930854192006e+00
11 57 2 0.78183143 1.47083642 1.75142363 1.41298449 1.27187921 2.396052009792e-01 6.813161563971e-05 7.108624764702e+00 2.562036280815e-05 2.127115616977e+00
11 58 2 0.78183143 1.47083642 1.75142363 1.41298449 1.27187921 2.494466144976e-01 9.097857587873e-05 7.305815884345e+00 2.546213995841e-05 2.192869291183e+00
11 59 2 0.78183143 1.47083642 1.75142363 1.41298449 1.27187921 2.559504422552e-01 9.921778791964e-05 7.547528502517e+00 2.539844098027e-05 2.115590855202e+00
11 60 2 0.78183143 1.47083642 1.75142363 1.41298449 1.27187921 2.639945289332e-01 4.721742070477e-05 7.786431115052e+00 2.545083790883e-05 2.038331366206e+00
11 61 2 0.78183143 1.47083642 1.75142363 1.41298449 1.27187921 2.706852491739e-01 3.360302595421e-05 8.061942195195e+00 2.564204271226e-05 2.097277205488e+00
11 62 2 0.78183143 1.47083642 1.75142363 1.41298449 1.27187921 2.838013766563e-01 3.323985050612e-05 8.339834974263e+00 2.599567155909e-05 2.325643225793e+00
11 63 2 0.78183143 1.47083642 1.75142363 1.41298449 1.27187921 2.967351027483e-01 4.248132365155e-06 8.586009185021e+00 2.653597928647e-05 2.602170330101e+00
14 0 2 1.02497190 1.49443218 3.16246276 2.00000595 2.17796309 1.024932577331e+00 2.901313865180e-02 7.813735857043e+01 4.703061137774e-02 2.287827718359e+01
14 1 2 1.02497190 1.49443218 3.16246276 2.00000595 2.17796309 1.028519810290e+00 3.001184963825e-02 7.545494500695e+01 7.092843674460e-02 2.044786601746e+01
14 2 2 1.02497190 1.49443218 3.16246276 2.00000595 2.17796309 1.003971409579e+00 3.105296900918e-02 7.281698854007e+01 8.470220799577e-02 1.694283267687e+01
14 3 2 1.02497190 1.49443218 3.16246276 2.00000595 2.17796309 9.656115566545e-01 3.178333430632e-02 7.065263857628e+01 7.432162536445e-02 1.419886284910e+01
14 4 2 1.02497190 1.49443218 3.16246276 2.00000595 2.17796309 9.099311516336e-01 3.127278243528e-02 6.856746113969e+01 5.491001719733e-02 1.335366914892e+01
14 5 2 1.02497190 1.49443218 3.16246276 2.00000595 2.17796309 8.405873614610e-01 2.931366465577e-02 6.624135032023e+01 5.231436254788e-02 1.436256800937e+01
14 6 2 1.02497190 1.49443218 3.16246276 2.00000595 2.17796309 7.730163797716e-01 2.679248185141e-02 6.349264947051e+01 6.609024641083e-02 1.601708055158e+01
14 7 2 1.02497190 1.49443218 3.16246276 2.00000595 2.17796309 7.234875074213e-01 2.433569713221e-02 6.099692155789e+01 6.953685105023e-02 1.708620655753e+01
14 8 2 1.02497190 1.49443218 3.16246276 2.00000595 2.17796309 7.065038579345e-01 2.195926973241e-02 5.864986937987e+01 4.939736605835e-02 1.666923822862e+01
14 9 2 1.02497190 1.49443218 3.16246276 2.00000595 2.17796309 7.024286123635e-01 1.998238682099e-02 5.663311473659e+01 2.450378416078e-02 1.475336315764e+01
14 10 2 1.02497190 1.49443218 3.16246276 2.00000595 2.17796309 6.861759348302e-01 1.880380502582e-02 5.489841318623e+01 1.579402803491e-02 1.219896330652e+01
14 11 2 1.02497190 1.49443218 3.16246276 2.00000595 2.17796309 6.702270589663e-01 1.800252578947e-02 5.337340481943e+01 1.781623710480e-02 1.036394025297e+01
14 12 2 1.02497190 1.49443218 3.16246276 2.00000595 2.17796309 6.543079211622e-01 1.689936683393e-02 5.180963832899e+01 1.415367701300e-02 9.980920881119e+00
14 13 2 1.02497190 1.49443218 3.16246276 2.00000595 2.17796309 6.174842190197e-01 1.557201777864e-02 5.037902653802e+01 4.568932699423e-03 1.092266650303e+01
14 14 2 1.02497190 1.49443218 3.16246276 2.00000595 2.17796309 5.677735329658e-01 1.444501025638e-02 4.874115932345e+01 8.025291894717e-06 1.232652095216e+01
14 15 2 1.02497190 1.49443218 3.16246276 2.00000595 2.17796309 5.222762568465e-01 1.364077862118e-02 4.691407774821e+01 1.852968659632e-03 1.319807915107e+01
14 16 2 1.02497190 1.49443218 3.16246276 2.00000595 2.17796309 4.886018637690e-01 1.339070354519e-02 4.535334751879e+01 2.505399259303e-03 1.291280504620e+01
14 17 2 1.02497190 1.49443218 3.16246276 2.00000595 2.17796309 4.756900910202e-01 1.412717345620e-02 4.410796770667e+01 6.060842925428e-04 1.153819935551e+01
14 18 2 1.02497190 1.49443218 3.16246276 2.00000595 2.17796309 4.745965137213e-01 1.563645216576e-02 4.298998489814e+01 1.705773424119e-03 9.706854952253e+00
14 19 2 1.02497190 1.49443218 3.16246276 2.00000595 2.17796309 4.700334317962e-01 1.700504523151e-02 4.208755884933e+01 6.135952179073e-03 8.362899558367e+00
14 20 2 1.02497190 1.49443218 3.16246276 2.00000595 2.17796309 4.637535687578e-01 1.764262207955e-02 4.122365289261e+01 7.724180308440e-03 8.136011515580e+00
14 21 2 1.02497190 1.49443218 3.16246276 2.00000595 2.17796309 4.529945762687e-01 1.756752573961e-02 4.002219661208e+01 4.448345942374e-03 8.925763511566e+00
14 22 2 1.02497190 1.49443218 3.16246276 2.00000595 2.17796309 4.345247915502e-01 1.685220732033e-02 3.901031819007e+01 9.606831090415e-04 1.008627536034e+01
14 23 2 1.02497190 1.49443218 3.16246276 2.00000595 2.17796309 4.174422226781e-01 1.569283796136e-02 3.837911905876e+01 1.990502180200e-04 1.085690321830e+01
14 24 2 1.02497190 1.49443218 3.16246276 2.00000595 2.17796309 4.001417131119e-01 1.472481913685e-02 3.789143829822e+01 9.217323165139e-04 1.071788353842e+01
14 25 2 1.02497190 1.49443218 3.16246276 2.00000595 2.17796309 3.796403473552e-01 1.439051032717e-02 3.741260273194e+01 3.369803335921e-03 9.608213804151e+00
14 26 2 1.02497190 1.49443218 3.16246276 2.00000595 2.17796309 3.693648112928e-01 1.430344358229e-02 3.712711386045e+01 8.745618981838e-03 8.079914063931e+00
14 27 2 1.02497190 1.49443218 3.16246276 2.00000595 2.17796309 3.764860146699e-01 1.384213020381e-02 3.670422388830e+01 1.358430963027e-02 6.978255807875e+00
14 28 2 1.02497190 1.49443218 3.16246276 2.00000595 2.17796309 3.943302284095e-01 1.288857342477e-02 3.635317097435e+01 1.391875203562e-02 6.916791056551e+00
14 29 2 1.02497190 1.49443218 3.16246276 2.00000595 2.17796309 4.083336139443e-01 1.159986007480e-02 3.602739115707e+01 1.488080032705e-02 7.776818759424e+00
14 30 2 1.02497190 1.49443218 3.16246276 2.00000595 2.17796309 4.048656582610e-01 1.016995742289e-02 3.558350015532e+01 2.587288515011e-02 8.953958265640e+00
14 31 2 1.02497190 1.49443218 3.16246276 2.00000595 2.17796309 3.976370761727e-01 9.146392018731e-03 3.533608616676e+01 4.429944398094e-02 9.804733234291e+00
14 32 2 1.02497190 1.49443218 3.16246276 2.00000595 2.17796309 4.052744997515e-01 9.203242350030e-03 3.588089282859e+01 5.476216104610e-02 9.955425724471e+00
14 33 2 1.02497190 1.49443218 3.16246276 2.00000595 2.17796309 4.110772605718e-01 1.032130074484e-02 3.652424422851e+01 4.988683149487e-02 9.223865470922e+00
14 34 2 1.02497190 1.49443218 3.16246276 2.00000595 2.17796309 4.024464071694e-01 1.182043881402e-02 3.679765183932e+01 4.243245621450e-02 8.020194102971e+00
14 35 2 1.02497190 1.49443218 3.16246276 2.00000595 2.17796309 3.996829714152e-01 1.317823903096e-02 3.704538932557e+01 4.756422268072e-02 7.180403845600e+00
14 36 2 1.02497190 1.49443218 3.16246276 2.00000595 2.17796309 4.164413173625e-01 1.419824001425e-02 3.741959967587e+01 6.027968571326e-02 7.395197368670e+00
14 37 2 1.02497190 1.49443218 3.16246276 2.00000595 2.17796309 4.472340302080e-01 1.470716857256e-02 3.773704812398e+01 6.248256250753e-02 8.568047078862e+00
14 38 2 1.02497190 1.49443218 3.16246276 2.00000595 2.17796309 4.792195475840e-01 1.484870190636e-02 3.825439827669e+01 4.875212976879e-02 1.010413545176e+01
14 39 2 1.02497190 1.49443218 3.16246276 2.00000595 2.17796309 4.987160739034e-01 1.527666824325e-02 3.900901574062e+01 3.251516392729e-02 1.119956149124e+01
14 40 2 1.02497190 1.49443218 3.16246276 2.00000595 2.17796309 5.103105167219e-01 1.634944940298e-02 3.981114405426e+01 2.735707767191e-02 1.137243005405e+01
14 41 2 1.02497190 1.49443218 3.16246276 2.00000595 2.17796309 5.232782119265e-01 1.757873886893e-02 4.093058887127e+01 3.311957396398e-02 1.052128539742e+01
14 42 2 1.02497190 1.49443218 3.16246276 2.00000595 2.17796309 5.312569980789e-01 1.833620441679e-02 4.214473199778e+01 4.100357772763e-02 9.204509937936e+00
14 43 2 1.02497190 1.49443218 3.16246276 2.00000595 2.17796309 5.373220917124e-01 1.844348806240e-02 4.309177929812e+01 4.353850770624e-02 8.297677649811e+00
14 44 2 1.02497190 1.49443218 3.16246276 2.00000595 2.17796309 5.509722582910e-01 1.780614322818e-02 4.397518666379e+01 3.920505805410e-02 8.602977481028e+00
14 45 2 1.02497190 1.49443218 3.16246276 2.00000595 2.17796309 5.698382082343e-01 1.640810846835e-02 4.530081141460e+01 3.492500865842e-02 1.009018933627e+01
14 46 2 1.02497190 1.49443218 3.16246276 2.00000595 2.17796309 6.013838950340e-01 1.490057526707e-02 4.675513474572e+01 4.292633166386e-02 1.210510678615e+01
14 47 2 1.02497190 1.49443218 3.16246276 2.00000595 2.17796309 6.501568084312e-01 1.422136981406e-02 4.844799020044e+01 6.582957686152e-02 1.363062080240e+01
14 48 2 1.02497190 1.49443218 3.16246276 2.00000595 2.17796309 6.971249446387e-01 1.453766644513e-02 5.018377568590e+01 8.626660646503e-02 1.395383257009e+01
14 49 2 1.02497190 1.49443218 3.16246276 2.00000595 2.17796309 7.303277267844e-01 1.540228349731e-02 5.172925460056e+01 8.445398719747e-02 1.291801441885e+01
14 50 2 1.02497190 1.49443218 3.16246276 2.00000595 2.17796309 7.455008100888e-01 1.661962432377e-02 5.304918352876e+01 6.668455485801e-02 1.134944546044e+01
14 51 2 1.02497190 1.49443218 3.16246276 2.00000595 2.17796309 7.422053409317e-01 1.805352301381e-02 5.470030939897e+01 5.939167282805e-02 1.042066941953e+01
14 52 2 1.02497190 1.49443218 3.16246276 2.00000595 2.17796309 7.457416379058e-01 1.923461883087e-02 5.645975901510e+01 7.068095170225e-02 1.113125364548e+01
14 53 2 1.02497190 1.49443218 3.16246276 2.00000595 2.17796309 7.664032173577e-01 2.011486002679e-02 5.849627619506e+01 7.747340092226e-02 1.343599908944e+01
14 54 2 1.02497190 1.49443218 3.16246276 2.00000595 2.17796309 7.867793209298e-01 2.142159721177e-02 6.086939943883e+01 6.028204351440e-02 1.633673555642e+01
14 55 2 1.02497190 1.49443218 3.16246276 2.00000595 2.17796309 8.214319176126e-01 2.353532767775e-02 6.342504307226e+01 3.156635721975e-02 1.839940847721e+01
14 56 2 1.02497190 1.49443218 3.16246276 2.00000595 2.17796309 8.863729781435e-01 2.601776651001e-02 6.588442608836e+01 1.531764638099e-02 1.879300944987e+01
14 57 2 1.02497190 1.49443218 3.16246276 2.00000595 2.17796309 9.526126122835e-01 2.860487902325e-02 6.836533320332e+01 1.404111830988e-02 1.742451417591e+01
14 58 2 1.02497190 1.49443218 3.16246276 2.00000595 2.17796309 9.965037911270e-01 3.130076746711e-02 7.056724646794e+01 1.327042763920e-02 1.533548182308e+01
14 59 2 1.02497190 1.49443218 3.16246276 2.00000595 2.17796309 1.016098483932e+00 3.338530566739e-02 7.251252788705e+01 7.950014097744e-03 1.417233885380e+01
14 60 2 1.02497190 1.49443218 3.16246276 2.00000595 2.17796309 1.016797834154e+00 3.392488876286e-02 7.483949326671e+01 4.934447504447e-03 1.522113858577e+01
14 61 2 1.02497190 1.49443218 3.16246276 2.00000595 2.17796309 1.015279770943e+00 3.318630081694e-02 7.770299476935e+01 5.147477535591e-03 1.825745873154e+01
14 62 2 1.02497190 1.49443218 3.16246276 2.00000595 2.17796309 1.014387718257e+00 3.210627641088e-02 8.079719046754e+01 3.163174271903e-03 2.188371580919e+01
14 63 2 1.02497190 1.49443218 3.16246276 2.00000595 2.17796309 1.026245731835e+00 3.099568899728e-02 8.371922371434e+01 1.915812671001e-03 2.429404570659e+01
22 0 2 1.21718926 0.87173868 2.07229547 1.24200918 1.97229378 1.422863798009e+00 4.111708643023e-01 1.549691570715e+01 1.788034981656e+00 1.598961460484e+01
22 1 2 1.21718926 0.87173868 2.07229547 1.24200918 1.97229378 1.592469242770e+00 3.974137947830e-01 1.493708214225e+01 1.729693190204e+00 1.444952447193e+01
22 2 2 1.21718926 0.87173868 2.07229547 1.24200918 1.97229378 1.804911712574e+00 3.856021211219e-01 1.441283634184e+01 1.670307364311e+00 1.206624330160e+01
22 3 2 1.21718926 0.87173868 2.07229547 1.24200918 1.97229378 1.983911389043e+00 3.770883434053e-01 1.384839918909e+01 1.607355668744e+00 9.646758017232e+00
22 4 2 1.21718926 0.87173868 2.07229547 1.24200918 1.97229378 2.178054146955e+00 3.707178647997e-01 1.335869880228e+01 1.550358525186e+00 8.577695340527e+00
22 5 2 1.21718926 0.87173868 2.07229547 1.24200918 1.97229378 2.186813253761e+00 3.639655535637e-01 1.289507138752e+01 1.497788951681e+00 9.121063886786e+00
22 6 2 1.21718926 0.87173868 2.07229547 1.24200918 1.97229378 2.174683764250e+00 3.549129301319e-01 1.247720598270e+01 1.442579561713e+00 1.057718662374e+01
22 7 2 1.21718926 0.87173868 2.07229547 1.24200918 1.97229378 1.922001122537e+00 3.433756170029e-01 1.203522823238e+01 1.388657580026e+00 1.182774450883e+01
22 8 2 1.21718926 0.87173868 2.07229547 1.24200918 1.97229378 1.643780388386e+00 3.305267757801e-01 1.153393016106e+01 1.339651126507e+00 1.191250146526e+01
22 9 2 1.21718926 0.87173868 2.07229547 1.24200918 1.97229378 1.364324637897e+00 3.177406576236e-01 1.122330842060e+01 1.293537683331e+00 1.064738747978e+01
22 10 2 1.21718926 0.87173868 2.07229547 1.24200918 1.97229378 1.080163838483e+00 3.057937405233e-01 1.080879589193e+01 1.246460111981e+00 8.804610460211e+00
22 11 2 1.21718926 0.87173868 2.07229547 1.24200918 1.97229378 9.147368036837e-01 2.948538276721e-01 1.039525774398e+01 1.200024302533e+00 7.143043342024e+00
22 12 2 1.21718926 0.87173868 2.07229547 1.24200918 1.97229378 8.115928200849e-01 2.848126682676e-01 1.010642957890e+01 1.161532553006e+00 6.525859986721e+00
22 13 2 1.21718926 0.87173868 2.07229547 1.24200918 1.97229378 8.866329007493e-01 2.753925717640e-01 9.784237140688e+00 1.123816198730e+00 7.102667922612e+00
22 14 2 1.21718926 0.87173868 2.07229547 1.24200918 1.97229378 9.905882948755e-01 2.660280773043e-01 9.445828560826e+00 1.080764044382e+00 8.119021996244e+00
22 15 2 1.21718926 0.87173868 2.07229547 1.24200918 1.97229378 1.161932654070e+00 2.559754169570e-01 9.140788524199e+00 1.046338590650e+00 9.051058626814e+00
22 16 2 1.21718926 0.87173868 2.07229547 1.24200918 1.97229378 1.292215284364e+00 2.448596349267e-01 8.876313600997e+00 1.017117179969e+00 9.126525555604e+00
22 17 2 1.21718926 0.87173868 2.07229547 1.24200918 1.97229378 1.379410187186e+00 2.332327445159e-01 8.607520593545e+00 9.789788753732e-01 8.146666213977e+00
22 18 2 1.21718926 0.87173868 2.07229547 1.24200918 1.97229378 1.420500750787e+00 2.224795439595e-01 8.423160780268e+00 9.454608679209e-01 6.608669401579e+00
22 19 2 1.21718926 0.87173868 2.07229547 1.24200918 1.97229378 1.372803871897e+00 2.139350862541e-01 8.178818710127e+00 9.216835399161e-01 5.513267425544e+00
22 20 2 1.21718926 0.87173868 2.07229547 1.24200918 1.97229378 1.264266962357e+00 2.078762365182e-01 7.933226926198e+00 8.906333409554e-01 5.194110061416e+00
22 21 2 1.21718926 0.87173868 2.07229547 1.24200918 1.97229378 1.083938573358e+00 2.032826211357e-01 7.770917504303e+00 8.582826429889e-01 5.729184789121e+00
22 22 2 1.21718926 0.87173868 2.07229547 1.24200918 1.97229378 9.228449041616e-01 1.986360261319e-01 7.620616722591e+00 8.379091997980e-01 6.744047788554e+00
22 23 2 1.21718926 0.87173868 2.07229547 1.24200918 1.97229378 7.411187121596e-01 1.931110995513e-01 7.492915330307e+00 8.168867059081e-01 7.502169867589e+00
22 24 2 1.21718926 0.87173868 2.07229547 1.24200918 1.97229378 6.450251482483e-01 1.871699537315e-01 7.327520599778e+00 7.901484136541e-01 7.452653384635e+00
22 25 2 1.21718926 0.87173868 2.07229547 1.24200918 1.97229378 6.029646068049e-01 1.821173484946e-01 7.236308036734e+00 7.740544314559e-01 6.619967939965e+00
22 26 2 1.21718926 0.87173868 2.07229547 1.24200918 1.97229378 6.291184842816e-01 1.790714735136e-01 7.141619592088e+00 7.657933750461e-01 5.550266643705e+00
22 27 2 1.21718926 0.87173868 2.07229547 1.24200918 1.97229378 7.478449708964e-01 1.782315585711e-01 7.026007428184e+00 7.507214755909e-01 4.702471660953e+00
22 28 2 1.21718926 0.87173868 2.07229547 1.24200918 1.97229378 8.655267424261e-01 1.789483474032e-01 7.002105081940e+00 7.415798538177e-01 4.592387963446e+00
22 29 2 1.21718926 0.87173868 2.07229547 1.24200918 1.97229378 1.000650209341e+00 1.803592216568e-01 7.042725423516e+00 7.467243796100e-01 5.303250263307e+00
22 30 2 1.21718926 0.87173868 2.07229547 1.24200918 1.97229378 1.082532965201e+00 1.819519422416e-01 6.964847359209e+00 7.471649237183e-01 6.304760276213e+00
22 31 2 1.21718926 0.87173868 2.07229547 1.24200918 1.97229378 1.137888352744e+00 1.836656357891e-01 6.840832821969e+00 7.468215592301e-01 6.888004789810e+00
22 32 2 1.21718926 0.87173868 2.07229547 1.24200918 1.97229378 1.159635693417e+00 1.856705416655e-01 6.986229285251e+00 7.625210332023e-01 7.038262162535e+00
22 33 2 1.21718926 0.87173868 2.07229547 1.24200918 1.97229378 1.132674772579e+00 1.882098632387e-01 7.083453688021e+00 7.778460455092e-01 6.404043113003e+00
22 34 2 1.21718926 0.87173868 2.07229547 1.24200918 1.97229378 1.017296911273e+00 1.916424134612e-01 7.051272619591e+00 7.860263718981e-01 5.321294570672e+00
22 35 2 1.21718926 0.87173868 2.07229547 1.24200918 1.97229378 8.727833566472e-01 1.964494327915e-01 7.086339405546e+00 8.066003289283e-01 4.688187546490e+00
22 36 2 1.21718926 0.87173868 2.07229547 1.24200918 1.97229378 7.320670258989e-01 2.029473021811e-01 7.207554491415e+00 8.320938567938e-01 4.816277752247e+00
22 37 2 1.21718926 0.87173868 2.07229547 1.24200918 1.97229378 6.300065527299e-01 2.108411382953e-01 7.366306874498e+00 8.473874156544e-01 5.651621927187e+00
22 38 2 1.21718926 0.87173868 2.07229547 1.24200918 1.97229378 6.300633885880e-01 2.191111697036e-01 7.445435964669e+00 8.674655330569e-01 6.847067999159e+00
22 39 2 1.21718926 0.87173868 2.07229547 1.24200918 1.97229378 6.583662662248e-01 2.265637170708e-01 7.610875539864e+00 8.969628126996e-01 7.757430306143e+00
22 40 2 1.21718926 0.87173868 2.07229547 1.24200918 1.97229378 8.044906493426e-01 2.327504532700e-01 7.777830138228e+00 9.185728411597e-01 7.758740829262e+00
22 41 2 1.21718926 0.87173868 2.07229547 1.24200918 1.97229378 9.659308528378e-01 2.384683552643e-01 7.932104944321e+00 9.367248906768e-01 7.021309113956e+00
22 42 2 1.21718926 0.87173868 2.07229547 1.24200918 1.97229378 1.159928145356e+00 2.452713629439e-01 8.123790245258e+00 9.660558097708e-01 6.032953345490e+00
22 43 2 1.21718926 0.87173868 2.07229547 1.24200918 1.97229378 1.341651354045e+00 2.542633616615e-01 8.379311484986e+00 9.944143488216e-01 5.489953655947e+00
22 44 2 1.21718926 0.87173868 2.07229547 1.24200918 1.97229378 1.453245010777e+00 2.651483828800e-01 8.656397967253e+00 1.014091163886e+00 5.761582350326e+00
22 45 2 1.21718926 0.87173868 2.07229547 1.24200918 1.97229378 1.508959213424e+00 2.763742697376e-01 8.818048914221e+00 1.042999744973e+00 7.050763231876e+00
22 46 2 1.21718926 0.87173868 2.07229547 1.24200918 1.97229378 1.465858206001e+00 2.862807638285e-01 9.131622607139e+00 1.078693550273e+00 8.611007620050e+00
22 47 2 1.21718926 0.87173868 2.07229547 1.24200918 1.97229378 1.377741891991e+00 2.942894051682e-01 9.419648979734e+00 1.105392019537e+00 9.566587166961e+00
22 48 2 1.21718926 0.87173868 2.07229547 1.24200918 1.97229378 1.182527886274e+00 3.011732660532e-01 9.717291937928e+00 1.136593434645e+00 9.577882163237e+00
22 49 2 1.21718926 0.87173868 2.07229547 1.24200918 1.97229378 1.032280792408e+00 3.083061961851e-01 1.011388811571e+01 1.178719041293e+00 8.772389222081e+00
22 50 2 1.21718926 0.87173868 2.07229547 1.24200918 1.97229378 8.977484884551e-01 3.166650700977e-01 1.039384469689e+01 1.215784574893e+00 7.592965368605e+00
22 51 2 1.21718926 0.87173868 2.07229547 1.24200918 1.97229378 8.985949710896e-01 3.264161945109e-01 1.074484992918e+01 1.252593575597e+00 6.941906807745e+00
22 52 2 1.21718926 0.87173868 2.07229547 1.24200918 1.97229378 1.009357262057e+00 3.371939222160e-01 1.115445449465e+01 1.298646617319e+00 7.667868581453e+00
22 53 2 1.21718926 0.87173868 2.07229547 1.24200918 1.97229378 1.195275839789e+00 3.485100423084e-01 1.158498580526e+01 1.345264276579e+00 9.347864759212e+00
22 54 2 1.21718926 0.87173868 2.07229547 1.24200918 1.97229378 1.489640108136e+00 3.598271490187e-01 1.194967333295e+01 1.390128753507e+00 1.144073062922e+01
22 55 2 1.21718926 0.87173868 2.07229547 1.24200918 1.97229378 1.760191220055e+00 3.704858060028e-01 1.240896731684e+01 1.438319312057e+00 1.277746784716e+01
22 56 2 1.21718926 0.87173868 2.07229547 1.24200918 1.97229378 2.103212349566e+00 3.800147114781e-01 1.290953553299e+01 1.491003089694e+00 1.262648228799e+01
22 57 2 1.21718926 0.87173868 2.07229547 1.24200918 1.97229378 2.243465670870e+00 3.888587671057e-01 1.331342230524e+01 1.545090728985e+00 1.129036403111e+01
22 58 2 1.21718926 0.87173868 2.07229547 1.24200918 1.97229378 2.331696321301e+00 3.987614713633e-01 1.382298223563e+01 1.596846802088e+00 9.780641584170e+00
22 59 2 1.21718926 0.87173868 2.07229547 1.24200918 1.97229378 2.309394495342e+00 4.119913412593e-01 1.431223709197e+01 1.652567903309e+00 9.240718837666e+00
22 60 2 1.21718926 0.87173868 2.07229547 1.24200918 1.97229378 2.145566890056e+00 4.296466541826e-01 1.490951856467e+01 1.715075551408e+00 1.044249183465e+01
22 61 2 1.21718926 0.87173868 2.07229547 1.24200918 1.97229378 1.965702190108e+00 4.504548914396e-01 1.545740732542e+01 1.774583112558e+00 1.283863298338e+01
22 62 2 1.21718926 0.87173868 2.07229547 1.24200918 1.97229378 1.672299156716e+00 4.714316227879e-01 1.594791067771e+01 1.832947578390e+00 1.552146538800e+01
22 63 2 1.21718926 0.87173868 2.07229547 1.24200918 1.97229378 1.499641656301e+00 4.902153023655e-01 1.654646915254e+01 1.900474215514e+00 1.712372776941e+01
23 0 2 1.04325165 1.05558141 6.91758710 1.46942323 2.10304903 8.535022667590e-01 8.207364170964e-01 1.339656196476e+03 9.982733544280e-02 1.615929874174e+01
23 1 2 1.04325165 1.05558141 6.91758710 1.46942323 2.10304903 8.556141588830e-01 7.849389318110e-01 1.294726225187e+03 1.089995683274e-01 1.564145542176e+01
23 2 2 1.04325165 1.05558141 6.91758710 1.46942323 2.10304903 9.035137942751e-01 7.479497421744e-01 1.251804081902e+03 1.179510771274e-01 1.536654183454e+01
23 3 2 1.04325165 1.05558141 6.91758710 1.46942323 2.10304903 9.548446325089e-01 7.126130594105e-01 1.209833542748e+03 1.255519663174e-01 1.484971648764e+01
23 4 2 1.04325165 1.05558141 6.91758710 1.46942323 2.10304903 9.261647787520e-01 7.006517518953e-01 1.172091873197e+03 1.343588969028e-01 1.418382404263e+01
23 5 2 1.04325165 1.05558141 6.91758710 1.46942323 2.10304903 9.102763405062e-01 6.907346237264e-01 1.133598930183e+03 1.410717493598e-01 1.365509554982e+01
23 6 2 1.04325165 1.05558141 6.91758710 1.46942323 2.10304903 9.608583725445e-01 6.850817912462e-01 1.096378242263e+03 1.416115099903e-01 1.328355477004e+01
23 7 2 1.04325165 1.05558141 6.91758710 1.46942323 2.10304903 9.976275375173e-01 6.605025493574e-01 1.061108704158e+03 1.444050768669e-01 1.279029146509e+01
23 8 2 1.04325165 1.05558141 6.91758710 1.46942323 2.10304903 9.778634898595e-01 6.293875634741e-01 1.026592576873e+03 1.464880506926e-01 1.217731830975e+01
23 9 2 1.04325165 1.05558141 6.91758710 1.46942323 2.10304903 9.091012606152e-01 5.906166359485e-01 9.946246728176e+02 1.440241707727e-01 1.173830490028e+01
23 10 2 1.04325165 1.05558141 6.91758710 1.46942323 2.10304903 8.631406406757e-01 5.635121742569e-01 9.629958196764e+02 1.368577343864e-01 1.140595269071e+01
23 11 2 1.04325165 1.05558141 6.91758710 1.46942323 2.10304903 8.520027561185e-01 5.370755486131e-01 9.333034961189e+02 1.327011247209e-01 1.107384716627e+01
23 12 2 1.04325165 1.05558141 6.91758710 1.46942323 2.10304903 7.953013257823e-01 5.190694051474e-01 9.058891705947e+02 1.248679154394e-01 1.063509545402e+01
23 13 2 1.04325165 1.05558141 6.91758710 1.46942323 2.10304903 7.078826385712e-01 4.910134096572e-01 8.786890614711e+02 1.121741808295e-01 1.024995930259e+01
23 14 2 1.04325165 1.05558141 6.91758710 1.46942323 2.10304903 6.365101141256e-01 4.653774939962e-01 8.526275266567e+02 1.000708289578e-01 1.004041007555e+01
23 15 2 1.04325165 1.05558141 6.91758710 1.46942323 2.10304903 5.866453294482e-01 4.395238766792e-01 8.289482268884e+02 8.673314109958e-02 9.820189655658e+00
23 16 2 1.04325165 1.05558141 6.91758710 1.46942323 2.10304903 5.574394023126e-01 4.242625130691e-01 8.067646487871e+02 7.509166964224e-02 9.578180003045e+00
23 17 2 1.04325165 1.05558141 6.91758710 1.46942323 2.10304903 5.133259190373e-01 4.179772007065e-01 7.861271800740e+02 6.222777419144e-02 9.175826950703e+00
23 18 2 1.04325165 1.05558141 6.91758710 1.46942323 2.10304903 4.632987948677e-01 4.157544835773e-01 7.664170347238e+02 5.105286909102e-02 8.816669223228e+00
23 19 2 1.04325165 1.05558141 6.91758710 1.46942323 2.10304903 4.392894335662e-01 4.115935230748e-01 7.482893145836e+02 4.296092561948e-02 8.554928705362e+00
23 20 2 1.04325165 1.05558141 6.91758710 1.46942323 2.10304903 4.342364618931e-01 4.045752742715e-01 7.314065456345e+02 3.740439889893e-02 8.391573956263e+00
23 21 2 1.04325165 1.05558141 6.91758710 1.46942323 2.10304903 4.501365943637e-01 3.931189332339e-01 7.165529702867e+02 3.286326415662e-02 8.194926479774e+00
23 22 2 1.04325165 1.05558141 6.91758710 1.46942323 2.10304903 4.496164000635e-01 3.859507899938e-01 7.028633729958e+02 3.040039007428e-02 7.976435783658e+00
23 23 2 1.04325165 1.05558141 6.91758710 1.46942323 2.10304903 4.299419428034e-01 3.770699123247e-01 6.915095506781e+02 3.190189594681e-02 7.874421693322e+00
23 24 2 1.04325165 1.05558141 6.91758710 1.46942323 2.10304903 4.459076560608e-01 3.712842350161e-01 6.808285823013e+02 3.315548648278e-02 7.878426839310e+00
23 25 2 1.04325165 1.05558141 6.91758710 1.46942323 2.10304903 4.717102488659e-01 3.601249709494e-01 6.708353069190e+02 3.700234678316e-02 7.808105229134e+00
23 26 2 1.04325165 1.05558141 6.91758710 1.46942323 2.10304903 4.873707097506e-01 3.492213788174e-01 6.631433912836e+02 4.381042707225e-02 7.611944355937e+00
23 27 2 1.04325165 1.05558141 6.91758710 1.46942323 2.10304903 4.991072597509e-01 3.367174241260e-01 6.575552405428e+02 4.908451841104e-02 7.462417994521e+00
23 28 2 1.04325165 1.05558141 6.91758710 1.46942323 2.10304903 4.996957951138e-01 3.317682414384e-01 6.533123953301e+02 5.536705165153e-02 7.473127333020e+00
23 29 2 1.04325165 1.05558141 6.91758710 1.46942323 2.10304903 5.216265511398e-01 3.285287663547e-01 6.503584782380e+02 6.520223797996e-02 7.395403042825e+00
23 30 2 1.04325165 1.05558141 6.91758710 1.46942323 2.10304903 5.426293499634e-01 3.343023160594e-01 6.484304902095e+02 7.286841962959e-02 7.251423525245e+00
23 31 2 1.04325165 1.05558141 6.91758710 1.46942323 2.10304903 5.406581638939e-01 3.364494955777e-01 6.463723189382e+02 7.486492504035e-02 7.137531704483e+00
23 32 2 1.04325165 1.05558141 6.91758710 1.46942323 2.10304903 5.550882809052e-01 3.451505724238e-01 6.497223510182e+02 8.311886030815e-02 7.340114813727e+00
23 33 2 1.04325165 1.05558141 6.91758710 1.46942323 2.10304903 5.573612992314e-01 3.513445709836e-01 6.534220578891e+02 8.911686625509e-02 7.543493168862e+00
23 34 2 1.04325165 1.05558141 6.91758710 1.46942323 2.10304903 5.447247750500e-01 3.640433769368e-01 6.566179235080e+02 8.756711141404e-02 7.598605444977e+00
23 35 2 1.04325165 1.05558141 6.91758710 1.46942323 2.10304903 5.513979556387e-01 3.763322353409e-01 6.622327213162e+02 8.963452968777e-02 7.576671671296e+00
23 36 2 1.04325165 1.05558141 6.91758710 1.46942323 2.10304903 5.405841016888e-01 3.879913451520e-01 6.694928592972e+02 9.233144276481e-02 7.690076497970e+00
23 37 2 1.04325165 1.05558141 6.91758710 1.46942323 2.10304903 5.132659772959e-01 3.949676441639e-01 6.785199143473e+02 9.022058763561e-02 7.866854080129e+00
23 38 2 1.04325165 1.05558141 6.91758710 1.46942323 2.10304903 4.862790977640e-01 3.985037218850e-01 6.895742736185e+02 8.742949667327e-02 7.921799525260e+00
23 39 2 1.04325165 1.05558141 6.91758710 1.46942323 2.10304903 4.614500197781e-01 4.006425685472e-01 7.015112912322e+02 8.727141690044e-02 7.917809437424e+00
23 40 2 1.04325165 1.05558141 6.91758710 1.46942323 2.10304903 4.639067163558e-01 4.066472752742e-01 7.137540031584e+02 8.223593312418e-02 8.095698258510e+00
23 41 2 1.04325165 1.05558141 6.91758710 1.46942323 2.10304903 4.526217943793e-01 4.147095719266e-01 7.288559589642e+02 7.837788790382e-02 8.372200228453e+00
23 42 2 1.04325165 1.05558141 6.91758710 1.46942323 2.10304903 4.196902003366e-01 4.241741259688e-01 7.453098569041e+02 7.445638216637e-02 8.650217707548e+00
23 43 2 1.04325165 1.05558141 6.91758710 1.46942323 2.10304903 4.224442598724e-01 4.329453526492e-01 7.633326735294e+02 6.760022607576e-02 8.827665809058e+00
23 44 2 1.04325165 1.05558141 6.91758710 1.46942323 2.10304903 4.520972222750e-01 4.408491561535e-01 7.823442811560e+02 6.260657912019e-02 9.148834547982e+00
23 45 2 1.04325165 1.05558141 6.91758710 1.46942323 2.10304903 4.968924305837e-01 4.557131499366e-01 8.034029212136e+02 5.878111413083e-02 9.489936399962e+00
23 46 2 1.04325165 1.05558141 6.91758710 1.46942323 2.10304903 5.413968686593e-01 4.779838920236e-01 8.252964824625e+02 5.615800623279e-02 9.853890642411e+00
23 47 2 1.04325165 1.05558141 6.91758710 1.46942323 2.10304903 5.751938906210e-01 5.078893781143e-01 8.487907432877e+02 5.393716490905e-02 1.002491698104e+01
23 48 2 1.04325165 1.05558141 6.91758710 1.46942323 2.10304903 6.391260575721e-01 5.397531467392e-01 8.735521951871e+02 5.543727775566e-02 1.023136755154e+01
23 49 2 1.04325165 1.05558141 6.91758710 1.46942323 2.10304903 7.262790495685e-01 5.620435639341e-01 9.008950958955e+02 5.998665585329e-02 1.051086259726e+01
23 50 2 1.04325165 1.05558141 6.91758710 1.46942323 2.10304903 8.116461228667e-01 5.808273519727e-01 9.293906019542e+02 6.716265147686e-02 1.094503383976e+01
23 51 2 1.04325165 1.05558141 6.91758710 1.46942323 2.10304903 8.721470039877e-01 5.928447239095e-01 9.579336686849e+02 7.711224245219e-02 1.142791439312e+01
23 52 2 1.04325165 1.05558141 6.91758710 1.46942323 2.10304903 8.945217607256e-01 6.121700373448e-01 9.885424871924e+02 8.728149983081e-02 1.180585559300e+01
23 53 2 1.04325165 1.05558141 6.91758710 1.46942323 2.10304903 9.488379621150e-01 6.348689203676e-01 1.021535368865e+03 1.042311286480e-01 1.216803247188e+01
23 54 2 1.04325165 1.05558141 6.91758710 1.46942323 2.10304903 1.027899459608e+00 6.562497901663e-01 1.055113289663e+03 1.231639133680e-01 1.267788849855e+01
23 55 2 1.04325165 1.05558141 6.91758710 1.46942323 2.10304903 1.043207060181e+00 6.698590061121e-01 1.090017471259e+03 1.401695613740e-01 1.325406755839e+01
23 56 2 1.04325165 1.05558141 6.91758710 1.46942323 2.10304903 1.009348559993e+00 6.731339576440e-01 1.127690315547e+03 1.590988418267e-01 1.377993413248e+01
23 57 2 1.04325165 1.05558141 6.91758710 1.46942323 2.10304903 9.833971768691e-01 6.779314859081e-01 1.164656374648e+03 1.813561554217e-01 1.410063368654e+01
23 58 2 1.04325165 1.05558141 6.91758710 1.46942323 2.10304903 1.011702390038e+00 6.954559282471e-01 1.204847302963e+03 2.006821444227e-01 1.463521010298e+01
23 59 2 1.04325165 1.05558141 6.91758710 1.46942323 2.10304903 1.046420371017e+00 7.314065627080e-01 1.243747072252e+03 2.118987817108e-01 1.525169827940e+01
23 60 2 1.04325165 1.05558141 6.91758710 1.46942323 2.10304903 9.860540349853e-01 7.745548819149e-01 1.287223227380e+03 2.239481834802e-01 1.578405332258e+01
23 61 2 1.04325165 1.05558141 6.91758710 1.46942323 2.10304903 9.215746565335e-01 8.173322797308e-01 1.331750296575e+03 2.305014264157e-01 1.610265988971e+01
23 62 2 1.04325165 1.05558141 6.91758710 1.46942323 2.10304903 9.320198461213e-01 8.391023772479e-01 1.376348154632e+03 2.306144963796e-01 1.670382171536e+01
23 63 2 1.04325165 1.05558141 6.91758710 1.46942323 2.10304903 9.581693273496e-01 8.652336269195e-01 1.422436023729e+03 2.239285921847e-01 1.758632351239e+01
