# environment=00119 local_bs=2 gain_scale=1.505336569879e-15
# ue subcarrier serving_bs phi0 phi1 phi2 phi3 phi4 gain0 gain1 gain2 gain3 gain4
0 0 2 0.60220299 0.36060248 6.82536931 0.53933565 0.97592589 2.303699582837e+01 1.732863618642e+00 2.908871236435e+05 2.902683550717e-02 1.927130933318e+02
0 1 2 0.60220299 0.36060248 6.82536931 0.53933565 0.97592589 2.558387442528e+01 1.675995302770e+00 2.815036654981e+05 1.738736835917e-02 1.807201409371e+02
0 2 2 0.60220299 0.36060248 6.82536931 0.53933565 0.97592589 2.208250685185e+01 1.639805204362e+00 2.721621725525e+05 1.178220409688e-02 1.726900421292e+02
0 3 2 0.60220299 0.36060248 6.82536931 0.53933565 0.97592589 1.989951705273e+01 1.600759682812e+00 2.632296384929e+05 6.502963870440e-03 1.650947855792e+02
0 4 2 0.60220299 0.36060248 6.82536931 0.53933565 0.97592589 2.143918736732e+01 1.547323138743e+00 2.546795866056e+05 5.164441389760e-03 1.578975398119e+02
0 5 2 0.60220299 0.36060248 6.82536931 0.53933565 0.97592589 1.728676228036e+01 1.476523075523e+00 2.462741129355e+05 2.010827861430e-03 1.528367387484e+02
0 6 2 0.60220299 0.36060248 6.82536931 0.53933565 0.97592589 2.090595359733e+01 1.412961368877e+00 2.382829072158e+05 6.522119269482e-03 1.482463784589e+02
0 7 2 0.60220299 0.36060248 6.82536931 0.53933565 0.97592589 1.560826756960e+01 1.384591106122e+00 2.306010695148e+05 1.873993085538e-02 1.400020991055e+02
0 8 2 0.60220299 0.36060248 6.82536931 0.53933565 0.97592589 1.882848618217e+01 1.370437514169e+00 2.232076998498e+05 3.186676747458e-02 1.334650323408e+02
0 9 2 0.60220299 0.36060248 6.82536931 0.53933565 0.97592589 1.575141045488e+01 1.331566498986e+00 2.160416749674e+05 4.242675153338e-02 1.284238550936e+02
0 10 2 0.60220299 0.36060248 6.82536931 0.53933565 0.97592589 1.724178200116e+01 1.277038432439e+00 2.093527468862e+05 3.961070552853e-02 1.251775059459e+02
0 11 2 0.60220299 0.36060248 6.82536931 0.53933565 0.97592589 1.644983247930e+01 1.240259468816e+00 2.028482663940e+05 2.879265661825e-02 1.203394074771e+02
0 12 2 0.60220299 0.36060248 6.82536931 0.53933565 0.97592589 1.384701864055e+01 1.223570372768e+00 1.966761156976e+05 2.384216552244e-02 1.150197886061e+02
0 13 2 0.60220299 0.36060248 6.82536931 0.53933565 0.97592589 1.536581491506e+01 1.211448861304e+00 1.908397257162e+05 1.727097899030e-02 1.106664775142e+02
0 14 2 0.60220299 0.36060248 6.82536931 0.53933565 0.97592589 1.160671114387e+01 1.198084239412e+00 1.853974379954e+05 1.629505319428e-02 1.060009904557e+02
0 15 2 0.60220299 0.36060248 6.82536931 0.53933565 0.97592589 1.481385606751e+01 1.179517330693e+00 1.800748975452e+05 9.248751001481e-03 1.011235396298e+02
0 16 2 0.60220299 0.36060248 6.82536931 0.53933565 0.97592589 1.127191636231e+01 1.157286903434e+00 1.752637939137e+05 7.332423784759e-03 9.925639001824e+01
0 17 2 0.60220299 0.36060248 6.82536931 0.53933565 0.97592589 1.344528408061e+01 1.146412349105e+00 1.707346761933e+05 8.517239306907e-03 9.628454978973e+01
0 18 2 0.60220299 0.36060248 6.82536931 0.53933565 0.97592589 1.139377412194e+01 1.149066566485e+00 1.664004171847e+05 1.418619599576e-02 9.554544012469e+01
0 19 2 0.60220299 0.36060248 6.82536931 0.53933565 0.97592589 1.181822025763e+01 1.146620029684e+00 1.625295978243e+05 1.955041446358e-02 9.508138592884e+01
0 20 2 0.60220299 0.36060248 6.82536931 0.53933565 0.97592589 1.253954723644e+01 1.136622068999e+00 1.589469744904e+05 9.605915453795e-03 9.143531850494e+01
0 21 2 0.60220299 0.36060248 6.82536931 0.53933565 0.97592589 1.053326495610e+01 1.135986846194e+00 1.556736530939e+05 6.316767018939e-03 8.739235174793e+01
0 22 2 0.60220299 0.36060248 6.82536931 0.53933565 0.97592589 1.249562667102e+01 1.141270501461e+00 1.526181101263e+05 1.155700116133e-03 8.366636360893e+01
0 23 2 0.60220299 0.36060248 6.82536931 0.53933565 0.97592589 9.224366798563e+00 1.132437133214e+00 1.501506411236e+05 4.656212750602e-03 8.117479247022e+01
0 24 2 0.60220299 0.36060248 6.82536931 0.53933565 0.97592589 1.139909099828e+01 1.110805344388e+00 1.477253578242e+05 6.804428642782e-03 8.324976096370e+01
0 25 2 0.60220299 0.36060248 6.82536931 0.53933565 0.97592589 9.025239755092e+00 1.093086915235e+00 1.457818943896e+05 1.231801757192e-02 8.283079497958e+01
0 26 2 0.60220299 0.36060248 6.82536931 0.53933565 0.97592589 1.062477192861e+01 1.083870356560e+00 1.441178919273e+05 1.669609285118e-02 8.173193377336e+01
0 27 2 0.60220299 0.36060248 6.82536931 0.53933565 0.97592589 1.004887637736e+01 1.080250323458e+00 1.427867573943e+05 1.667607942626e-02 8.104285102579e+01
0 28 2 0.60220299 0.36060248 6.82536931 0.53933565 0.97592589 9.889370659019e+00 1.079292247087e+00 1.417797261268e+05 2.485534173265e-02 7.826141857304e+01
0 29 2 0.60220299 0.36060248 6.82536931 0.53933565 0.97592589 1.115844123008e+01 1.072551676238e+00 1.411003624100e+05 1.500280143997e-02 7.622404306692e+01
0 30 2 0.60220299 0.36060248 6.82536931 0.53933565 0.97592589 9.242805154036e+00 1.062022583650e+00 1.407953619062e+05 1.139888938845e-02 7.295963824492e+01
0 31 2 0.60220299 0.36060248 6.82536931 0.53933565 0.97592589 1.145814396033e+01 1.070730571005e+00 1.406113908941e+05 4.985032317776e-03 7.003541703901e+01
0 32 2 0.60220299 0.36060248 6.82536931 0.53933565 0.97592589 9.208672058890e+00 1.107230544925e+00 1.411618046734e+05 3.892571139416e-03 7.683795042997e+01
0 33 2 0.60220299 0.36060248 6.82536931 0.53933565 0.97592589 1.118485277356e+01 1.145072136867e+00 1.415951196551e+05 9.530097995894e-03 8.305032878505e+01
0 34 2 0.60220299 0.36060248 6.82536931 0.53933565 0.97592589 9.674411087163e+00 1.163646927150e+00 1.425854389633e+05 1.256457196747e-02 8.401866923383e+01
0 35 2 0.60220299 0.36060248 6.82536931 0.53933565 0.97592589 1.052374402526e+01 1.175118977460e+00 1.438963428607e+05 2.201974770337e-02 8.538840088886e+01
0 36 2 0.60220299 0.36060248 6.82536931 0.53933565 0.97592589 1.066502476603e+01 1.194685792825e+00 1.454714311786e+05 1.435944743393e-02 8.515220542036e+01
0 37 2 0.60220299 0.36060248 6.82536931 0.53933565 0.97592589 1.007247169093e+01 1.221456372344e+00 1.474402589567e+05 1.454006488315e-02 8.491279099964e+01
0 38 2 0.60220299 0.36060248 6.82536931 0.53933565 0.97592589 1.227226461596e+01 1.251850091797e+00 1.495525904761e+05 1.076187941280e-02 8.608784179142e+01
0 39 2 0.60220299 0.36060248 6.82536931 0.53933565 0.97592589 1.067853739500e+01 1.279809896885e+00 1.523319582649e+05 6.101039692675e-03 8.546901647414e+01
0 40 2 0.60220299 0.36060248 6.82536931 0.53933565 0.97592589 1.352113852683e+01 1.297426163256e+00 1.550656596992e+05 4.065467770977e-03 8.939051251344e+01
0 41 2 0.60220299 0.36060248 6.82536931 0.53933565 0.97592589 1.156013807196e+01 1.316576428474e+00 1.583703523240e+05 1.663939769705e-03 9.478638509376e+01
0 42 2 0.60220299 0.36060248 6.82536931 0.53933565 0.97592589 1.347282670892e+01 1.359124401712e+00 1.619196915867e+05 8.270970926423e-03 9.793335008199e+01
0 43 2 0.60220299 0.36060248 6.82536931 0.53933565 0.97592589 1.216557174028e+01 1.418584668391e+00 1.657316596964e+05 1.237644206617e-02 1.006543349765e+02
0 44 2 0.60220299 0.36060248 6.82536931 0.53933565 0.97592589 1.314849273804e+01 1.474755628555e+00 1.699962929746e+05 2.386374781169e-02 1.007760427475e+02
0 45 2 0.60220299 0.36060248 6.82536931 0.53933565 0.97592589 1.399845802495e+01 1.536525551372e+00 1.744307768381e+05 1.794848692014e-02 1.018146774576e+02
0 46 2 0.60220299 0.36060248 6.82536931 0.53933565 0.97592589 1.356322983459e+01 1.620920041586e+00 1.793511083903e+05 1.116656349745e-02 1.069221381238e+02
0 47 2 0.60220299 0.36060248 6.82536931 0.53933565 0.97592589 1.587338585946e+01 1.714692321194e+00 1.843717175235e+05 9.201441025738e-03 1.108661266683e+02
0 48 2 0.60220299 0.36060248 6.82536931 0.53933565 0.97592589 1.423770071810e+01 1.801243281322e+00 1.899553793356e+05 9.291011599496e-03 1.168463787223e+02
0 49 2 0.60220299 0.36060248 6.82536931 0.53933565 0.97592589 1.732045462353e+01 1.889885314130e+00 1.957175773715e+05 1.548245362061e-02 1.229130617532e+02
0 50 2 0.60220299 0.36060248 6.82536931 0.53933565 0.97592589 1.639095652400e+01 1.991989566347e+00 2.017045402149e+05 1.560857555671e-02 1.268772952883e+02
0 51 2 0.60220299 0.36060248 6.82536931 0.53933565 0.97592589 1.905945980509e+01 2.110161865558e+00 2.082790223852e+05 2.160669080892e-02 1.322672682551e+02
0 52 2 0.60220299 0.36060248 6.82536931 0.53933565 0.97592589 1.808347481005e+01 2.248709706213e+00 2.148948965347e+05 2.667626615347e-02 1.369806555355e+02
0 53 2 0.60220299 0.36060248 6.82536931 0.53933565 0.97592589 1.851722422855e+01 2.392266824692e+00 2.219683547106e+05 3.779843009781e-02 1.406528853832e+02
0 54 2 0.60220299 0.36060248 6.82536931 0.53933565 0.97592589 1.939631098357e+01 2.510385972996e+00 2.292796366488e+05 4.095622561448e-02 1.466484476240e+02
0 55 2 0.60220299 0.36060248 6.82536931 0.53933565 0.97592589 1.893555635395e+01 2.619828874394e+00 2.370489744766e+05 3.077395646590e-02 1.536077051829e+02
0 56 2 0.60220299 0.36060248 6.82536931 0.53933565 0.97592589 2.243270531821e+01 2.774993999263e+00 2.449035621191e+05 1.745581768168e-02 1.614844573551e+02
0 57 2 0.60220299 0.36060248 6.82536931 0.53933565 0.97592589 2.067066322090e+01 2.973497507401e+00 2.531569706383e+05 5.495146342463e-03 1.661635723868e+02
0 58 2 0.60220299 0.36060248 6.82536931 0.53933565 0.97592589 2.406130710839e+01 3.157594423849e+00 2.619598712169e+05 2.376420495844e-03 1.698651202312e+02
0 59 2 0.60220299 0.36060248 6.82536931 0.53933565 0.97592589 2.269070947492e+01 3.311439974319e+00 2.705224765217e+05 7.173127776771e-03 1.780207112965e+02
0 60 2 0.60220299 0.36060248 6.82536931 0.53933565 0.97592589 2.664214686492e+01 3.471062901097e+00 2.798996477508e+05 9.371225345048e-03 1.856725963661e+02
0 61 2 0.60220299 0.36060248 6.82536931 0.53933565 0.97592589 2.629891391203e+01 3.664144239677e+00 2.893636675584e+05 1.583058242395e-02 1.924033500681e+02
0 62 2 0.60220299 0.36060248 6.82536931 0.53933565 0.97592589 2.739069527131e+01 3.904477109852e+00 2.990910790247e+05 2.197253968450e-02 2.015798292342e+02
0 63 2 0.60220299 0.36060248 6.82536931 0.53933565 0.97592589 2.774930595772e+01 4.187507438264e+00 3.091856724819e+05 3.380270233339e-02 2.072316312580e+02
2 0 2 0.64509403 0.38475008 3.24673249 0.58394516 1.18356192 2.748296213341e+01 2.680468890163e+00 1.969981101469e+04 9.608554823092e-01 4.230960892273e+02
2 1 2 0.64509403 0.38475008 3.24673249 0.58394516 1.18356192 2.471973432099e+01 2.587975673962e+00 1.898772785551e+04 7.992279853078e-01 3.971763169815e+02
2 2 2 0.64509403 0.38475008 3.24673249 0.58394516 1.18356192 2.644781845526e+01 2.518943202111e+00 1.834032436838e+04 6.329831910629e-01 3.737962615273e+02
2 3 2 0.64509403 0.38475008 3.24673249 0.58394516 1.18356192 2.392485712730e+01 2.458123402390e+00 1.777546840924e+04 5.147331897649e-01 3.580098767949e+02
2 4 2 0.64509403 0.38475008 3.24673249 0.58394516 1.18356192 2.499773405854e+01 2.392471758502e+00 1.704632942588e+04 4.489629573746e-01 3.404030119433e+02
2 5 2 0.64509403 0.38475008 3.24673249 0.58394516 1.18356192 2.287388379019e+01 2.310774117386e+00 1.654884985344e+04 4.406502761306e-01 3.321438930701e+02
2 6 2 0.64509403 0.38475008 3.24673249 0.58394516 1.18356192 2.314441610447e+01 2.236811365436e+00 1.590439436946e+04 4.905458510245e-01 3.240263049017e+02
2 7 2 0.64509403 0.38475008 3.24673249 0.58394516 1.18356192 2.204019487944e+01 2.194153784046e+00 1.537699194848e+04 5.498346300810e-01 3.094541502215e+02
2 8 2 0.64509403 0.38475008 3.24673249 0.58394516 1.18356192 2.102653517857e+01 2.150494718345e+00 1.490198802616e+04 6.496944649230e-01 2.937035661532e+02
2 9 2 0.64509403 0.38475008 3.24673249 0.58394516 1.18356192 2.037224674208e+01 2.072024694567e+00 1.433182463440e+04 7.206723316801e-01 2.812095996743e+02
2 10 2 0.64509403 0.38475008 3.24673249 0.58394516 1.18356192 1.832480728958e+01 1.987777473142e+00 1.385697487066e+04 7.446883807035e-01 2.708515123764e+02
2 11 2 0.64509403 0.38475008 3.24673249 0.58394516 1.18356192 1.857503570781e+01 1.934152649051e+00 1.343798945850e+04 7.776279861856e-01 2.593648388103e+02
2 12 2 0.64509403 0.38475008 3.24673249 0.58394516 1.18356192 1.674207044215e+01 1.898036365853e+00 1.298365119081e+04 7.630229847357e-01 2.494348940445e+02
2 13 2 0.64509403 0.38475008 3.24673249 0.58394516 1.18356192 1.762208758976e+01 1.858173133278e+00 1.256159437189e+04 7.837740469652e-01 2.425356719022e+02
2 14 2 0.64509403 0.38475008 3.24673249 0.58394516 1.18356192 1.614161217347e+01 1.817927072147e+00 1.217868151541e+04 7.563168588756e-01 2.324006752673e+02
2 15 2 0.64509403 0.38475008 3.24673249 0.58394516 1.18356192 1.676355520149e+01 1.782714084634e+00 1.179556293250e+04 7.039769834656e-01 2.244058141339e+02
2 16 2 0.64509403 0.38475008 3.24673249 0.58394516 1.18356192 1.593209442706e+01 1.758681747075e+00 1.149152636294e+04 6.138169266566e-01 2.159679797270e+02
2 17 2 0.64509403 0.38475008 3.24673249 0.58394516 1.18356192 1.598098033994e+01 1.756994595480e+00 1.114074034538e+04 4.983912515890e-01 2.100439863884e+02
2 18 2 0.64509403 0.38475008 3.24673249 0.58394516 1.18356192 1.578214356367e+01 1.764108135426e+00 1.083534011834e+04 4.415828292771e-01 2.067759361233e+02
2 19 2 0.64509403 0.38475008 3.24673249 0.58394516 1.18356192 1.485766460690e+01 1.750451208406e+00 1.056996663508e+04 3.689793202678e-01 2.028005597143e+02
2 20 2 0.64509403 0.38475008 3.24673249 0.58394516 1.18356192 1.505291452649e+01 1.723572721075e+00 1.031975103019e+04 3.631860906668e-01 1.986991615307e+02
2 21 2 0.64509403 0.38475008 3.24673249 0.58394516 1.18356192 1.353504347693e+01 1.715317399692e+00 1.009522550815e+04 3.617134872064e-01 1.898931448716e+02
2 22 2 0.64509403 0.38475008 3.24673249 0.58394516 1.18356192 1.422108889372e+01 1.721128752487e+00 9.881491830977e+03 3.560100881787e-01 1.819305457617e+02
2 23 2 0.64509403 0.38475008 3.24673249 0.58394516 1.18356192 1.267231430618e+01 1.712265780449e+00 9.667319963456e+03 4.197036057621e-01 1.782509862321e+02
2 24 2 0.64509403 0.38475008 3.24673249 0.58394516 1.18356192 1.353089730428e+01 1.688339272047e+00 9.563044104501e+03 4.473235218176e-01 1.786422327791e+02
2 25 2 0.64509403 0.38475008 3.24673249 0.58394516 1.18356192 1.239722319486e+01 1.667903697789e+00 9.387178734244e+03 5.148685071885e-01 1.791243300389e+02
2 26 2 0.64509403 0.38475008 3.24673249 0.58394516 1.18356192 1.326630269841e+01 1.657299199463e+00 9.272847702355e+03 5.933906156314e-01 1.759712623313e+02
2 27 2 0.64509403 0.38475008 3.24673249 0.58394516 1.18356192 1.294252240674e+01 1.658272900591e+00 9.192725889644e+03 6.066813570317e-01 1.739037469210e+02
2 28 2 0.64509403 0.38475008 3.24673249 0.58394516 1.18356192 1.339605289294e+01 1.669693570878e+00 9.108976405472e+03 6.810389342810e-01 1.699656424675e+02
2 29 2 0.64509403 0.38475008 3.24673249 0.58394516 1.18356192 1.353860820823e+01 1.676892956887e+00 9.070293763702e+03 6.422727945006e-01 1.649081884806e+02
2 30 2 0.64509403 0.38475008 3.24673249 0.58394516 1.18356192 1.317556737742e+01 1.677372952545e+00 9.071922025729e+03 5.971699640363e-01 1.589966232839e+02
2 31 2 0.64509403 0.38475008 3.24673249 0.58394516 1.18356192 1.373005587987e+01 1.696726025845e+00 8.995750971681e+03 5.285857208824e-01 1.542077046677e+02
2 32 2 0.64509403 0.38475008 3.24673249 0.58394516 1.18356192 1.294321948146e+01 1.743320336315e+00 9.095984117682e+03 4.068808902009e-01 1.664295559295e+02
2 33 2 0.64509403 0.38475008 3.24673249 0.58394516 1.18356192 1.385767120348e+01 1.787044949049e+00 9.115043694118e+03 3.574634044460e-01 1.777990792223e+02
2 34 2 0.64509403 0.38475008 3.24673249 0.58394516 1.18356192 1.287576309196e+01 1.811634884658e+00 9.166931691733e+03 2.816151268225e-01 1.810138357630e+02
2 35 2 0.64509403 0.38475008 3.24673249 0.58394516 1.18356192 1.377223774988e+01 1.837777525509e+00 9.272898314716e+03 2.508335698119e-01 1.833032702794e+02
2 36 2 0.64509403 0.38475008 3.24673249 0.58394516 1.18356192 1.315284984226e+01 1.878576391405e+00 9.376243436838e+03 2.207385924237e-01 1.827808182782e+02
2 37 2 0.64509403 0.38475008 3.24673249 0.58394516 1.18356192 1.412592435339e+01 1.923471910083e+00 9.516105447403e+03 1.868672647830e-01 1.844228242264e+02
2 38 2 0.64509403 0.38475008 3.24673249 0.58394516 1.18356192 1.442732495019e+01 1.965133975381e+00 9.699898725231e+03 1.980933156844e-01 1.857372052688e+02
2 39 2 0.64509403 0.38475008 3.24673249 0.58394516 1.18356192 1.509689715333e+01 2.000249644932e+00 9.849188688192e+03 2.087253662908e-01 1.863659337195e+02
2 40 2 0.64509403 0.38475008 3.24673249 0.58394516 1.18356192 1.604042113550e+01 2.025739666763e+00 1.004100811580e+04 2.671153592049e-01 1.945584983977e+02
2 41 2 0.64509403 0.38475008 3.24673249 0.58394516 1.18356192 1.599960379056e+01 2.059997166320e+00 1.032574080242e+04 3.513110754713e-01 2.030189793950e+02
2 42 2 0.64509403 0.38475008 3.24673249 0.58394516 1.18356192 1.746807101902e+01 2.124950647094e+00 1.053004813544e+04 4.257935880997e-01 2.116060508255e+02
2 43 2 0.64509403 0.38475008 3.24673249 0.58394516 1.18356192 1.685508134750e+01 2.201223743607e+00 1.082575613355e+04 5.286353427789e-01 2.145736948392e+02
2 44 2 0.64509403 0.38475008 3.24673249 0.58394516 1.18356192 1.853052621999e+01 2.259305695940e+00 1.110434308465e+04 5.465565816421e-01 2.173405311346e+02
2 45 2 0.64509403 0.38475008 3.24673249 0.58394516 1.18356192 1.754967070555e+01 2.319414749404e+00 1.142660347202e+04 5.670832433428e-01 2.226524388519e+02
2 46 2 0.64509403 0.38475008 3.24673249 0.58394516 1.18356192 1.919340657271e+01 2.415784219246e+00 1.179642302231e+04 5.254445064871e-01 2.313036066228e+02
2 47 2 0.64509403 0.38475008 3.24673249 0.58394516 1.18356192 1.868667610662e+01 2.535623532596e+00 1.214221406808e+04 4.520727710194e-01 2.416505240373e+02
2 48 2 0.64509403 0.38475008 3.24673249 0.58394516 1.18356192 2.031489692256e+01 2.649925739308e+00 1.249480468096e+04 4.113806281323e-01 2.518782069714e+02
2 49 2 0.64509403 0.38475008 3.24673249 0.58394516 1.18356192 2.077998098300e+01 2.756786110605e+00 1.297300986521e+04 3.142878654180e-01 2.617157639516e+02
2 50 2 0.64509403 0.38475008 3.24673249 0.58394516 1.18356192 2.194118649029e+01 2.861300468024e+00 1.335073514545e+04 2.549750501949e-01 2.703538507126e+02
2 51 2 0.64509403 0.38475008 3.24673249 0.58394516 1.18356192 2.355261648358e+01 2.968958381571e+00 1.385428226033e+04 1.778313473429e-01 2.795911679646e+02
2 52 2 0.64509403 0.38475008 3.24673249 0.58394516 1.18356192 2.421576831792e+01 3.096849080820e+00 1.428983712901e+04 1.079493088287e-01 2.933477549807e+02
2 53 2 0.64509403 0.38475008 3.24673249 0.58394516 1.18356192 2.683885292504e+01 3.235187114374e+00 1.478990583687e+04 7.650389332084e-02 3.028238307389e+02
2 54 2 0.64509403 0.38475008 3.24673249 0.58394516 1.18356192 2.655975153460e+01 3.341972511269e+00 1.535087572988e+04 5.766772105654e-02 3.160818800124e+02
2 55 2 0.64509403 0.38475008 3.24673249 0.58394516 1.18356192 2.907513635877e+01 3.424634588084e+00 1.591234493375e+04 7.415264266807e-02 3.293726170358e+02
2 56 2 0.64509403 0.38475008 3.24673249 0.58394516 1.18356192 2.804788065551e+01 3.545035566144e+00 1.638986823219e+04 1.202768087338e-01 3.416011573820e+02
2 57 2 0.64509403 0.38475008 3.24673249 0.58394516 1.18356192 3.053611081052e+01 3.711161273446e+00 1.707319459043e+04 1.769944052090e-01 3.489977869904e+02
2 58 2 0.64509403 0.38475008 3.24673249 0.58394516 1.18356192 3.026105990297e+01 3.868939740691e+00 1.764096856854e+04 2.477551477511e-01 3.569171261935e+02
2 59 2 0.64509403 0.38475008 3.24673249 0.58394516 1.18356192 3.249158880480e+01 4.007150969915e+00 1.829383947841e+04 3.058597026654e-01 3.752221534044e+02
2 60 2 0.64509403 0.38475008 3.24673249 0.58394516 1.18356192 3.319944696273e+01 4.162533852507e+00 1.899114350096e+04 3.513168215365e-01 3.937546612971e+02
2 61 2 0.64509403 0.38475008 3.24673249 0.58394516 1.18356192 3.456326967414e+01 4.347500332847e+00 1.956849897566e+04 4.080108399753e-01 4.087134025194e+02
2 62 2 0.64509403 0.38475008 3.24673249 0.58394516 1.18356192 3.718717979932e+01 4.556641048017e+00 2.035297873644e+04 4.694357185728e-01 4.273411533647e+02
2 63 2 0.64509403 0.38475008 3.24673249 0.58394516 1.18356192 3.838152903600e+01 4.781167650183e+00 2.111092929489e+04 4.966625596752e-01 4.327635155659e+02
4 0 2 0.62935005 0.38548271 3.12151110 0.60540575 1.23137999 2.484800369849e+01 4.251746411290e+00 1.731281370080e+04 3.105492528610e-02 4.646436825014e+02
4 1 2 0.62935005 0.38548271 3.12151110 0.60540575 1.23137999 2.405913368580e+01 4.179630028823e+00 1.608737242869e+04 2.281916169262e-02 4.497960724062e+02
4 2 2 0.62935005 0.38548271 3.12151110 0.60540575 1.23137999 2.248629538104e+01 4.106241429091e+00 1.608926660641e+04 2.039181221319e-02 4.356239740595e+02
4 3 2 0.62935005 0.38548271 3.12151110 0.60540575 1.23137999 2.302314839578e+01 4.035032553119e+00 1.493493845875e+04 1.213202493719e-02 4.174113880327e+02
4 4 2 0.62935005 0.38548271 3.12151110 0.60540575 1.23137999 2.126390295523e+01 3.968054404620e+00 1.509746855338e+04 4.850994809171e-03 3.965714329404e+02
4 5 2 0.62935005 0.38548271 3.12151110 0.60540575 1.23137999 2.230620245780e+01 3.905666117808e+00 1.385907735206e+04 5.757096261741e-03 3.774840675102e+02
4 6 2 0.62935005 0.38548271 3.12151110 0.60540575 1.23137999 1.932065690946e+01 3.846592992273e+00 1.407332960361e+04 1.569590140223e-02 3.636158069465e+02
4 7 2 0.62935005 0.38548271 3.12151110 0.60540575 1.23137999 1.967380298062e+01 3.788299802132e+00 1.293487291225e+04 2.070670976243e-02 3.511315039070e+02
4 8 2 0.62935005 0.38548271 3.12151110 0.60540575 1.23137999 1.654465660153e+01 3.727587851465e+00 1.303565500661e+04 3.047845501800e-02 3.378373722708e+02
4 9 2 0.62935005 0.38548271 3.12151110 0.60540575 1.23137999 1.754572697445e+01 3.661287887190e+00 1.216655834181e+04 3.956687417990e-02 3.263296883308e+02
4 10 2 0.62935005 0.38548271 3.12151110 0.60540575 1.23137999 1.591533462207e+01 3.586911573734e+00 1.213550077682e+04 6.159278695277e-02 3.133303517068e+02
4 11 2 0.62935005 0.38548271 3.12151110 0.60540575 1.23137999 1.703995599782e+01 3.503141580898e+00 1.139423085426e+04 7.003016371990e-02 2.970650186769e+02
4 12 2 0.62935005 0.38548271 3.12151110 0.60540575 1.23137999 1.574511396075e+01 3.410079049940e+00 1.127004298429e+04 6.366474479243e-02 2.831317709110e+02
4 13 2 0.62935005 0.38548271 3.12151110 0.60540575 1.23137999 1.556644724606e+01 3.309218200471e+00 1.076327704048e+04 3.842530378554e-02 2.741011615978e+02
4 14 2 0.62935005 0.38548271 3.12151110 0.60540575 1.23137999 1.493335878884e+01 3.203170446886e+00 1.048580132184e+04 2.389228076407e-02 2.662216444521e+02
4 15 2 0.62935005 0.38548271 3.12151110 0.60540575 1.23137999 1.446153232410e+01 3.095204570133e+00 1.023587075264e+04 1.798354574751e-02 2.578590695262e+02
4 16 2 0.62935005 0.38548271 3.12151110 0.60540575 1.23137999 1.525400219522e+01 2.988697733367e+00 9.754434464032e+03 1.515272846603e-02 2.518520536926e+02
4 17 2 0.62935005 0.38548271 3.12151110 0.60540575 1.23137999 1.407358751356e+01 2.886600669009e+00 9.702921428624e+03 1.179742027141e-02 2.429466941073e+02
4 18 2 0.62935005 0.38548271 3.12151110 0.60540575 1.23137999 1.477139354620e+01 2.791009508869e+00 9.196786901077e+03 1.378162891561e-02 2.374117781843e+02
4 19 2 0.62935005 0.38548271 3.12151110 0.60540575 1.23137999 1.243514435209e+01 2.702910365929e+00 9.264000145244e+03 1.676664023717e-02 2.332300902192e+02
4 20 2 0.62935005 0.38548271 3.12151110 0.60540575 1.23137999 1.326696392639e+01 2.622127229976e+00 8.688706615658e+03 1.968545985985e-02 2.260759708456e+02
4 21 2 0.62935005 0.38548271 3.12151110 0.60540575 1.23137999 1.136896576036e+01 2.547466288619e+00 8.881294552153e+03 1.475645028161e-02 2.205024076806e+02
4 22 2 0.62935005 0.38548271 3.12151110 0.60540575 1.23137999 1.278760389722e+01 2.477017188216e+00 8.268032009984e+03 4.912636676461e-03 2.101583570391e+02
4 23 2 0.62935005 0.38548271 3.12151110 0.60540575 1.23137999 1.131842726954e+01 2.408549065952e+00 8.549636769212e+03 2.930367385768e-03 2.079324023962e+02
4 24 2 0.62935005 0.38548271 3.12151110 0.60540575 1.23137999 1.221821016640e+01 2.339929094350e+00 8.034061192159e+03 1.370157269438e-02 2.078122828019e+02
4 25 2 0.62935005 0.38548271 3.12151110 0.60540575 1.23137999 1.113908409161e+01 2.269493954492e+00 8.230561049805e+03 1.979278391624e-02 2.078625312317e+02
4 26 2 0.62935005 0.38548271 3.12151110 0.60540575 1.23137999 1.169922974348e+01 2.196318120886e+00 7.818064803847e+03 2.724937545868e-02 2.057189221346e+02
4 27 2 0.62935005 0.38548271 3.12151110 0.60540575 1.23137999 1.173461809580e+01 2.120343674260e+00 8.047436118624e+03 2.745442903207e-02 2.030151490612e+02
4 28 2 0.62935005 0.38548271 3.12151110 0.60540575 1.23137999 1.185190559161e+01 2.042360504367e+00 7.713349611351e+03 3.396677702359e-02 1.993606707558e+02
4 29 2 0.62935005 0.38548271 3.12151110 0.60540575 1.23137999 1.237885038534e+01 1.963849301013e+00 7.895505449933e+03 3.165535285993e-02 1.930755324559e+02
4 30 2 0.62935005 0.38548271 3.12151110 0.60540575 1.23137999 1.158063799517e+01 1.886719429920e+00 7.741607159694e+03 1.905392070686e-02 1.857903754173e+02
4 31 2 0.62935005 0.38548271 3.12151110 0.60540575 1.23137999 1.247926980550e+01 1.812987422415e+00 7.750710324883e+03 1.048230090594e-02 1.803527939708e+02
4 32 2 0.62935005 0.38548271 3.12151110 0.60540575 1.23137999 1.133501111754e+01 1.744448210939e+00 7.832541584394e+03 7.564173411195e-03 1.942607015468e+02
4 33 2 0.62935005 0.38548271 3.12151110 0.60540575 1.23137999 1.260054520259e+01 1.682390214020e+00 7.797808165871e+03 1.387039374683e-02 2.071197457436e+02
4 34 2 0.62935005 0.38548271 3.12151110 0.60540575 1.23137999 1.122563049750e+01 1.627397497278e+00 7.961810461861e+03 2.370318873176e-02 2.111839961559e+02
4 35 2 0.62935005 0.38548271 3.12151110 0.60540575 1.23137999 1.240808225819e+01 1.579268705992e+00 7.860291544039e+03 2.595679934304e-02 2.124141662366e+02
4 36 2 0.62935005 0.38548271 3.12151110 0.60540575 1.23137999 1.139918134419e+01 1.537064962720e+00 8.207987512512e+03 2.024684227728e-02 2.116562764285e+02
4 37 2 0.62935005 0.38548271 3.12151110 0.60540575 1.23137999 1.276763778104e+01 1.499279538112e+00 8.010909450347e+03 2.035822005521e-02 2.132211190847e+02
4 38 2 0.62935005 0.38548271 3.12151110 0.60540575 1.23137999 1.262339542222e+01 1.464103240741e+00 8.520609692902e+03 1.498331446768e-02 2.140302901649e+02
4 39 2 0.62935005 0.38548271 3.12151110 0.60540575 1.23137999 1.354679956927e+01 1.429743707955e+00 8.300553282197e+03 1.018406394457e-02 2.168130828393e+02
4 40 2 0.62935005 0.38548271 3.12151110 0.60540575 1.23137999 1.378873928529e+01 1.394746602193e+00 8.834047017608e+03 2.952880891971e-03 2.237300350492e+02
4 41 2 0.62935005 0.38548271 3.12151110 0.60540575 1.23137999 1.400327577986e+01 1.358264156385e+00 8.645151002912e+03 7.729743297183e-03 2.347183670997e+02
4 42 2 0.62935005 0.38548271 3.12151110 0.60540575 1.23137999 1.525908091431e+01 1.320222708814e+00 9.294918169777e+03 2.192249214278e-02 2.429206342026e+02
4 43 2 0.62935005 0.38548271 3.12151110 0.60540575 1.23137999 1.526525433186e+01 1.281355675350e+00 9.102509964067e+03 2.831012425871e-02 2.474486895958e+02
4 44 2 0.62935005 0.38548271 3.12151110 0.60540575 1.23137999 1.711001510087e+01 1.243090150485e+00 9.759611145829e+03 2.497206395238e-02 2.537444633227e+02
4 45 2 0.62935005 0.38548271 3.12151110 0.60540575 1.23137999 1.601726266020e+01 1.207300836437e+00 9.663361925233e+03 2.110549786770e-02 2.595590767085e+02
4 46 2 0.62935005 0.38548271 3.12151110 0.60540575 1.23137999 1.745347166010e+01 1.175969969556e+00 1.025567639197e+04 1.569479002690e-02 2.713409746507e+02
4 47 2 0.62935005 0.38548271 3.12151110 0.60540575 1.23137999 1.607599334317e+01 1.150811603317e+00 1.036688838782e+04 1.794239704139e-02 2.799327263613e+02
4 48 2 0.62935005 0.38548271 3.12151110 0.60540575 1.23137999 1.825078313410e+01 1.132928746994e+00 1.085672624378e+04 1.672273123917e-02 2.901156148660e+02
4 49 2 0.62935005 0.38548271 3.12151110 0.60540575 1.23137999 1.792088679978e+01 1.122569605927e+00 1.110927428744e+04 1.969816259975e-02 3.025422709610e+02
4 50 2 0.62935005 0.38548271 3.12151110 0.60540575 1.23137999 2.014064869018e+01 1.119033887769e+00 1.147879590706e+04 3.078962107788e-02 3.129961178462e+02
4 51 2 0.62935005 0.38548271 3.12151110 0.60540575 1.23137999 1.986845292456e+01 1.120753796983e+00 1.197890606909e+04 5.447516819246e-02 3.306617329748e+02
4 52 2 0.62935005 0.38548271 3.12151110 0.60540575 1.23137999 2.106435721267e+01 1.125541374564e+00 1.219164896891e+04 6.107550799596e-02 3.454608606993e+02
4 53 2 0.62935005 0.38548271 3.12151110 0.60540575 1.23137999 2.185053588101e+01 1.130960461746e+00 1.297611449463e+04 5.351975269475e-02 3.588697770294e+02
4 54 2 0.62935005 0.38548271 3.12151110 0.60540575 1.23137999 2.325026965744e+01 1.134754593754e+00 1.293443702419e+04 3.326278106582e-02 3.682910670304e+02
4 55 2 0.62935005 0.38548271 3.12151110 0.60540575 1.23137999 2.579534180727e+01 1.135247573815e+00 1.394477545923e+04 2.612562450551e-02 3.820484596523e+02
4 56 2 0.62935005 0.38548271 3.12151110 0.60540575 1.23137999 2.624085581031e+01 1.131635175822e+00 1.386305397592e+04 1.836864622844e-02 3.957703681343e+02
4 57 2 0.62935005 0.38548271 3.12151110 0.60540575 1.23137999 2.845562952761e+01 1.124105035317e+00 1.504679643657e+04 1.444846600567e-02 4.112728561111e+02
4 58 2 0.62935005 0.38548271 3.12151110 0.60540575 1.23137999 2.706244432864e+01 1.113754413838e+00 1.482156290883e+04 6.856120540701e-03 4.287924675667e+02
4 59 2 0.62935005 0.38548271 3.12151110 0.60540575 1.23137999 2.950844317636e+01 1.102316082587e+00 1.617749844333e+04 9.455697924113e-03 4.485525049901e+02
4 60 2 0.62935005 0.38548271 3.12151110 0.60540575 1.23137999 2.842447602535e+01 1.091742921659e+00 1.588105857753e+04 2.022114574620e-02 4.626054578966e+02
4 61 2 0.62935005 0.38548271 3.12151110 0.60540575 1.23137999 3.213671140810e+01 1.083733401582e+00 1.731339469584e+04 3.047672371179e-02 4.724725112022e+02
4 62 2 0.62935005 0.38548271 3.12151110 0.60540575 1.23137999 3.139527500429e+01 1.079295757851e+00 1.723145222857e+04 3.087891527995e-02 4.869505165456e+02
4 63 2 0.62935005 0.38548271 3.12151110 0.60540575 1.23137999 3.465251013277e+01 1.078444303281e+00 1.843470566434e+04 3.447467284675e-02 4.984473065122e+02
10 0 2 0.72424380 0.33582066 0.85844784 0.35643863 0.56576523 3.602608951258e-05 6.250192153410e-02 1.089841043012e+02 7.581889333579e-01 2.407137938879e+01
10 1 2 0.72424380 0.33582066 0.85844784 0.35643863 0.56576523 1.690852498303e-03 5.753197804604e-02 8.101516885903e+01 1.217979243246e+00 2.303508013601e+01
10 2 2 0.72424380 0.33582066 0.85844784 0.35643863 0.56576523 2.279674838798e-03 5.183948001213e-02 9.771248629967e+01 1.754658254148e+00 2.191967646468e+01
10 3 2 0.72424380 0.33582066 0.85844784 0.35643863 0.56576523 2.398166309252e-03 4.688530039884e-02 1.199947106588e+02 2.342494045853e+00 2.067224767317e+01
10 4 2 0.72424380 0.33582066 0.85844784 0.35643863 0.56576523 1.902204633077e-05 4.360094729712e-02 1.136591466984e+02 2.936826761906e+00 1.994869586947e+01
10 5 2 0.72424380 0.33582066 0.85844784 0.35643863 0.56576523 5.815553179247e-04 4.180193407822e-02 8.044949326160e+01 3.379646168204e+00 1.933186647096e+01
10 6 2 0.72424380 0.33582066 0.85844784 0.35643863 0.56576523 2.512088269920e-03 4.042415315526e-02 6.973394134092e+01 3.646374921922e+00 1.842273986137e+01
10 7 2 0.72424380 0.33582066 0.85844784 0.35643863 0.56576523 2.376059048467e-03 3.833979555684e-02 8.870943854091e+01 3.813152602597e+00 1.688502803420e+01
10 8 2 0.72424380 0.33582066 0.85844784 0.35643863 0.56576523 3.810919261292e-04 3.513453536509e-02 1.038782776979e+02 3.867884028412e+00 1.582890289804e+01
10 9 2 0.72424380 0.33582066 0.85844784 0.35643863 0.56576523 3.387914352052e-04 3.131589646473e-02 8.689465706380e+01 3.758079899075e+00 1.532792614367e+01
10 10 2 0.72424380 0.33582066 0.85844784 0.35643863 0.56576523 3.265503906877e-03 2.786725432562e-02 6.156467580518e+01 3.445992319270e+00 1.466577522123e+01
10 11 2 0.72424380 0.33582066 0.85844784 0.35643863 0.56576523 3.113057531494e-03 2.552066327818e-02 6.215402085803e+01 3.096448921744e+00 1.400225677943e+01
10 12 2 0.72424380 0.33582066 0.85844784 0.35643863 0.56576523 2.094913246096e-03 2.427706210084e-02 8.175367298588e+01 2.644439881124e+00 1.302765432662e+01
10 13 2 0.72424380 0.33582066 0.85844784 0.35643863 0.56576523 4.784276597526e-04 2.347820675156e-02 8.567553081763e+01 2.146567322631e+00 1.261683724287e+01
10 14 2 0.72424380 0.33582066 0.85844784 0.35643863 0.56576523 3.609358204566e-03 2.232405996552e-02 6.582288646242e+01 1.612989818724e+00 1.221785473726e+01
10 15 2 0.72424380 0.33582066 0.85844784 0.35643863 0.56576523 3.737127392437e-03 2.043400473228e-02 5.060970851925e+01 1.104317764207e+00 1.173633199645e+01
10 16 2 0.72424380 0.33582066 0.85844784 0.35643863 0.56576523 5.519647673175e-03 1.806138610228e-02 5.677004762674e+01 7.121119434788e-01 1.138314697250e+01
10 17 2 0.72424380 0.33582066 0.85844784 0.35643863 0.56576523 1.394699221694e-03 1.584929059331e-02 7.506573679676e+01 4.183681203379e-01 1.126433185280e+01
10 18 2 0.72424380 0.33582066 0.85844784 0.35643863 0.56576523 3.463325482963e-03 1.434242914394e-02 7.017176383686e+01 2.310242712176e-01 1.067245834362e+01
10 19 2 0.72424380 0.33582066 0.85844784 0.35643863 0.56576523 3.683326777635e-03 1.361608401303e-02 5.082625997865e+01 1.510233287430e-01 1.028451154309e+01
10 20 2 0.72424380 0.33582066 0.85844784 0.35643863 0.56576523 8.672225232614e-03 1.326647143844e-02 4.368432787060e+01 2.004987560424e-01 1.000714319307e+01
10 21 2 0.72424380 0.33582066 0.85844784 0.35643863 0.56576523 3.266757106858e-03 1.273394910472e-02 5.661948435998e+01 3.303501374096e-01 9.737644599224e+00
10 22 2 0.72424380 0.33582066 0.85844784 0.35643863 0.56576523 4.193421500672e-03 1.170382746272e-02 6.633310223591e+01 5.329760747799e-01 9.314082019442e+00
10 23 2 0.72424380 0.33582066 0.85844784 0.35643863 0.56576523 3.217617794590e-03 1.029995676431e-02 5.784509296448e+01 8.241419076378e-01 8.908556788131e+00
10 24 2 0.72424380 0.33582066 0.85844784 0.35643863 0.56576523 9.060216148161e-03 8.955351240902e-03 4.262214120837e+01 1.143201514512e+00 8.808513371700e+00
10 25 2 0.72424380 0.33582066 0.85844784 0.35643863 0.56576523 5.822276825229e-03 8.077769264572e-03 4.092673656951e+01 1.468861675058e+00 8.356845619658e+00
10 26 2 0.72424380 0.33582066 0.85844784 0.35643863 0.56576523 6.297198473908e-03 7.760519172278e-03 5.733549419096e+01 1.729701153431e+00 7.936012768678e+00
10 27 2 0.72424380 0.33582066 0.85844784 0.35643863 0.56576523 3.055233966611e-03 7.737527239755e-03 6.131128431440e+01 1.950853123262e+00 7.816297217760e+00
10 28 2 0.72424380 0.33582066 0.85844784 0.35643863 0.56576523 6.785959492756e-03 7.596626221592e-03 4.947614054486e+01 2.103350107678e+00 8.009323795558e+00
10 29 2 0.72424380 0.33582066 0.85844784 0.35643863 0.56576523 8.027579042314e-03 7.083309416888e-03 3.692182645783e+01 2.164270122038e+00 8.068732645769e+00
10 30 2 0.72424380 0.33582066 0.85844784 0.35643863 0.56576523 8.172019735097e-03 6.273945573560e-03 4.581230777893e+01 2.118723550492e+00 7.849531210426e+00
10 31 2 0.72424380 0.33582066 0.85844784 0.35643863 0.56576523 4.183282226706e-03 5.501739910147e-03 5.679073553561e+01 1.980211551374e+00 7.581704724716e+00
10 32 2 0.72424380 0.33582066 0.85844784 0.35643863 0.56576523 4.197408633497e-03 5.099828861389e-03 5.940262550155e+01 1.836384466796e+00 8.350815285171e+00
10 33 2 0.72424380 0.33582066 0.85844784 0.35643863 0.56576523 8.394015133931e-03 5.154065843859e-03 4.454244636701e+01 1.608163346268e+00 8.929696515445e+00
10 34 2 0.72424380 0.33582066 0.85844784 0.35643863 0.56576523 8.064285074435e-03 5.445277917952e-03 3.772313510617e+01 1.316135071950e+00 8.929402956476e+00
10 35 2 0.72424380 0.33582066 0.85844784 0.35643863 0.56576523 6.855843656899e-03 5.619731710576e-03 5.091740119105e+01 1.008707860929e+00 9.087993604222e+00
10 36 2 0.72424380 0.33582066 0.85844784 0.35643863 0.56576523 3.054397941538e-03 5.459525133733e-03 6.346828759714e+01 7.329350009990e-01 9.489439523637e+00
10 37 2 0.72424380 0.33582066 0.85844784 0.35643863 0.56576523 6.620578544525e-03 5.051327873769e-03 5.744446840323e+01 5.009163739609e-01 1.009093971350e+01
10 38 2 0.72424380 0.33582066 0.85844784 0.35643863 0.56576523 6.050913874407e-03 4.725593690360e-03 4.248180614791e+01 3.291071375332e-01 1.059903362451e+01
10 39 2 0.72424380 0.33582066 0.85844784 0.35643863 0.56576523 9.366042415259e-03 4.807563442672e-03 4.469165003275e+01 2.603490126033e-01 1.081440951378e+01
10 40 2 0.72424380 0.33582066 0.85844784 0.35643863 0.56576523 3.252931561643e-03 5.364297323186e-03 5.952711962825e+01 3.003055530618e-01 1.100964489494e+01
10 41 2 0.72424380 0.33582066 0.85844784 0.35643863 0.56576523 4.424128680218e-03 6.141999521593e-03 7.080489591696e+01 4.504389137188e-01 1.147487585631e+01
10 42 2 0.72424380 0.33582066 0.85844784 0.35643863 0.56576523 3.501459027497e-03 6.751722601376e-03 5.831001420276e+01 6.670182623533e-01 1.168252310908e+01
10 43 2 0.72424380 0.33582066 0.85844784 0.35643863 0.56576523 9.150220737352e-03 6.973777265569e-03 4.579432621779e+01 9.741521813975e-01 1.205356807314e+01
10 44 2 0.72424380 0.33582066 0.85844784 0.35643863 0.56576523 3.824179716895e-03 6.950827910190e-03 5.391324940773e+01 1.386914882953e+00 1.229540793102e+01
10 45 2 0.72424380 0.33582066 0.85844784 0.35643863 0.56576523 3.609510941070e-03 7.109297990890e-03 7.618840691786e+01 1.811739069707e+00 1.286121745190e+01
10 46 2 0.72424380 0.33582066 0.85844784 0.35643863 0.56576523 1.512333070987e-03 7.847971713083e-03 7.734611679005e+01 2.240198416990e+00 1.313173742773e+01
10 47 2 0.72424380 0.33582066 0.85844784 0.35643863 0.56576523 5.892793254486e-03 9.218685915642e-03 6.083208851783e+01 2.648308944057e+00 1.342481543218e+01
10 48 2 0.72424380 0.33582066 0.85844784 0.35643863 0.56576523 3.941055386395e-03 1.085141677441e-02 5.376010907872e+01 3.037406564193e+00 1.402808680647e+01
10 49 2 0.72424380 0.33582066 0.85844784 0.35643863 0.56576523 3.779138849027e-03 1.220850789215e-02 7.040386595978e+01 3.277026509583e+00 1.462836275855e+01
10 50 2 0.72424380 0.33582066 0.85844784 0.35643863 0.56576523 4.907042486229e-04 1.300166967990e-02 9.276801723529e+01 3.356229354604e+00 1.525139601593e+01
10 51 2 0.72424380 0.33582066 0.85844784 0.35643863 0.56576523 2.206375971043e-03 1.345862506479e-02 8.665142652074e+01 3.304022519716e+00 1.611421446072e+01
10 52 2 0.72424380 0.33582066 0.85844784 0.35643863 0.56576523 3.233520795581e-03 1.421016722104e-02 6.589188017365e+01 3.144418118119e+00 1.685057689204e+01
10 53 2 0.72424380 0.33582066 0.85844784 0.35643863 0.56576523 3.419417736776e-03 1.584237774530e-02 6.617806244799e+01 2.898059144021e+00 1.735826490211e+01
10 54 2 0.72424380 0.33582066 0.85844784 0.35643863 0.56576523 3.209119845704e-04 1.842874157830e-02 9.479161210812e+01 2.536891825153e+00 1.806007824071e+01
10 55 2 0.72424380 0.33582066 0.85844784 0.35643863 0.56576523 3.461300587021e-04 2.141007017028e-02 1.106093339216e+02 2.079448855150e+00 1.868699984949e+01
10 56 2 0.72424380 0.33582066 0.85844784 0.35643863 0.56576523 2.336015205367e-03 2.395967858922e-02 9.504089415904e+01 1.653510581966e+00 2.004233237631e+01
10 57 2 0.72424380 0.33582066 0.85844784 0.35643863 0.56576523 2.498530805626e-03 2.560539766890e-02 7.381860163646e+01 1.255365444673e+00 2.056937336256e+01
10 58 2 0.72424380 0.33582066 0.85844784 0.35643863 0.56576523 5.091634058745e-04 2.665039984032e-02 8.800747453680e+01 8.790732638650e-01 2.061235933496e+01
10 59 2 0.72424380 0.33582066 0.85844784 0.35643863 0.56576523 2.254363336786e-06 2.803763505160e-02 1.215941601787e+02 6.297721558688e-01 2.083967258036e+01
10 60 2 0.72424380 0.33582066 0.85844784 0.35643863 0.56576523 2.319438779061e-03 3.069611511294e-02 1.301220165077e+02 5.904120930319e-01 2.182247070827e+01
10 61 2 0.72424380 0.33582066 0.85844784 0.35643863 0.56576523 2.070635617438e-03 3.481713024638e-02 1.028496750540e+02 7.362728075261e-01 2.252695562785e+01
10 62 2 0.72424380 0.33582066 0.85844784 0.35643863 0.56576523 1.440976648882e-03 3.961625118370e-02 8.715267092281e+01 1.053203601215e+00 2.278004472429e+01
10 63 2 0.72424380 0.33582066 0.85844784 0.35643863 0.56576523 2.360279215916e-05 4.382388101366e-02 1.182471988984e+02 1.545864356884e+00 2.278216113577e+01
13 0 2 0.62562134 0.33171182 1.55123015 0.41007914 0.66827645 3.974372742827e-03 8.623943413759e-02 1.063769626300e+03 4.107795642998e-02 3.835797709065e+01
13 1 2 0.62562134 0.33171182 1.55123015 0.41007914 0.66827645 7.124380411330e-05 8.179395964360e-02 1.176549236370e+03 4.968201345524e-02 3.694502158465e+01
13 2 2 0.62562134 0.33171182 1.55123015 0.41007914 0.66827645 8.433744104943e-03 7.749841279384e-02 9.837023037487e+02 3.849458078786e-02 3.627612095808e+01
13 3 2 0.62562134 0.33171182 1.55123015 0.41007914 0.66827645 1.179311247632e-03 7.343879073037e-02 1.087504479291e+03 4.324839496727e-02 3.596204579110e+01
13 4 2 0.62562134 0.33171182 1.55123015 0.41007914 0.66827645 1.207468765061e-02 6.968533666880e-02 9.287834889112e+02 4.677822975052e-02 3.527183594948e+01
13 5 2 0.62562134 0.33171182 1.55123015 0.41007914 0.66827645 3.105707221173e-03 6.628893483533e-02 9.907910742518e+02 6.009684914316e-02 3.417725841981e+01
13 6 2 0.62562134 0.33171182 1.55123015 0.41007914 0.66827645 1.301854586361e-02 6.327913953221e-02 8.872639688889e+02 5.458809859980e-02 3.306459384482e+01
13 7 2 0.62562134 0.33171182 1.55123015 0.41007914 0.66827645 4.386540043448e-03 6.066384169350e-02 8.934960783662e+02 5.336983118976e-02 3.149684348332e+01
13 8 2 0.62562134 0.33171182 1.55123015 0.41007914 0.66827645 1.086316887243e-02 5.843045701735e-02 8.559825687238e+02 4.022245360517e-02 3.137426387937e+01
13 9 2 0.62562134 0.33171182 1.55123015 0.41007914 0.66827645 4.775388201964e-03 5.654841950900e-02 8.002408832271e+02 3.845496707622e-02 3.070974657772e+01
13 10 2 0.62562134 0.33171182 1.55123015 0.41007914 0.66827645 6.941972244481e-03 5.497268921015e-02 8.260145174969e+02 3.277511830478e-02 2.918754266571e+01
13 11 2 0.62562134 0.33171182 1.55123015 0.41007914 0.66827645 4.954352220415e-03 5.364793661311e-02 7.232106147752e+02 2.388329816304e-02 2.766969427911e+01
13 12 2 0.62562134 0.33171182 1.55123015 0.41007914 0.66827645 3.317792512528e-03 5.251304980263e-02 7.862347272815e+02 1.159732852304e-02 2.689563481785e+01
13 13 2 0.62562134 0.33171182 1.55123015 0.41007914 0.66827645 5.453996193597e-03 5.150562220340e-02 6.672945124802e+02 7.663068304779e-03 2.633554357621e+01
13 14 2 0.62562134 0.33171182 1.55123015 0.41007914 0.66827645 1.334505381884e-03 5.056611528156e-02 7.384828469233e+02 7.935806881456e-03 2.601385082053e+01
13 15 2 0.62562134 0.33171182 1.55123015 0.41007914 0.66827645 5.935854510060e-03 4.964144627598e-02 6.269199386489e+02 1.278699330693e-02 2.541867146360e+01
13 16 2 0.62562134 0.33171182 1.55123015 0.41007914 0.66827645 9.025161172436e-04 4.868781955412e-02 6.876295758864e+02 1.020788141227e-02 2.471222979530e+01
13 17 2 0.62562134 0.33171182 1.55123015 0.41007914 0.66827645 5.529765634143e-03 4.767269458988e-02 6.010491353645e+02 1.174714093456e-02 2.397045059163e+01
13 18 2 0.62562134 0.33171182 1.55123015 0.41007914 0.66827645 1.005400084187e-03 4.657585712481e-02 6.324068922855e+02 1.494197998999e-02 2.243769237875e+01
13 19 2 0.62562134 0.33171182 1.55123015 0.41007914 0.66827645 3.841011652437e-03 4.538962685242e-02 5.895615074802e+02 2.084986275979e-02 2.163150712196e+01
13 20 2 0.62562134 0.33171182 1.55123015 0.41007914 0.66827645 8.530633595697e-04 4.411829024766e-02 5.774528435637e+02 2.013962251126e-02 2.073178900995e+01
13 21 2 0.62562134 0.33171182 1.55123015 0.41007914 0.66827645 1.607339451790e-03 4.277688778440e-02 5.831083291110e+02 2.538820030917e-02 2.033848667079e+01
13 22 2 0.62562134 0.33171182 1.55123015 0.41007914 0.66827645 6.241476950990e-04 4.138950928160e-02 5.333794932491e+02 2.646922364117e-02 1.993183707996e+01
13 23 2 0.62562134 0.33171182 1.55123015 0.41007914 0.66827645 3.353944800523e-04 3.998725971293e-02 5.735751151800e+02 3.666137462044e-02 1.917354091664e+01
13 24 2 0.62562134 0.33171182 1.55123015 0.41007914 0.66827645 1.195179478843e-03 3.860605220757e-02 5.032550544881e+02 4.605695149680e-02 1.865775232933e+01
13 25 2 0.62562134 0.33171182 1.55123015 0.41007914 0.66827645 1.179526157093e-03 3.728436805938e-02 5.616201871428e+02 4.932942582133e-02 1.807015857659e+01
13 26 2 0.62562134 0.33171182 1.55123015 0.41007914 0.66827645 3.167700559015e-03 3.606109900469e-02 4.859739459397e+02 4.008679723776e-02 1.734899944778e+01
13 27 2 0.62562134 0.33171182 1.55123015 0.41007914 0.66827645 3.982480947174e-03 3.497355879714e-02 5.467312887040e+02 3.423455444076e-02 1.692101486080e+01
13 28 2 0.62562134 0.33171182 1.55123015 0.41007914 0.66827645 6.078237727442e-03 3.405572302670e-02 4.842649911107e+02 2.513601293880e-02 1.681784759424e+01
13 29 2 0.62562134 0.33171182 1.55123015 0.41007914 0.66827645 7.257123470235e-03 3.333673145605e-02 5.267434800503e+02 1.691612031924e-02 1.645141765152e+01
13 30 2 0.62562134 0.33171182 1.55123015 0.41007914 0.66827645 8.488494900794e-03 3.283966824639e-02 4.969932615010e+02 7.224687137683e-03 1.570763023371e+01
13 31 2 0.62562134 0.33171182 1.55123015 0.41007914 0.66827645 9.139495751420e-03 3.258062357808e-02 5.070928013608e+02 1.667897069846e-03 1.512229241463e+01
13 32 2 0.62562134 0.33171182 1.55123015 0.41007914 0.66827645 8.927393358994e-03 3.256803541555e-02 5.161256029360e+02 1.581414437524e-03 1.683262018604e+01
13 33 2 0.62562134 0.33171182 1.55123015 0.41007914 0.66827645 8.613422621607e-03 3.280231147816e-02 4.950949775449e+02 7.102766844696e-03 1.836805077489e+01
13 34 2 0.62562134 0.33171182 1.55123015 0.41007914 0.66827645 6.983422414364e-03 3.327573688786e-02 5.372525313714e+02 1.699712184837e-02 1.869839944988e+01
13 35 2 0.62562134 0.33171182 1.55123015 0.41007914 0.66827645 6.126444541414e-03 3.397267986460e-02 4.915885503067e+02 2.561500457600e-02 1.898399157554e+01
13 36 2 0.62562134 0.33171182 1.55123015 0.41007914 0.66827645 3.711531435020e-03 3.487011336638e-02 5.603380521362e+02 3.539738317865e-02 1.927011028997e+01
13 37 2 0.62562134 0.33171182 1.55123015 0.41007914 0.66827645 3.176894736630e-03 3.593847199290e-02 4.981014779563e+02 4.187243791479e-02 2.009849578628e+01
13 38 2 0.62562134 0.33171182 1.55123015 0.41007914 0.66827645 1.003219796637e-03 3.714285858725e-02 5.815124813093e+02 5.202442412392e-02 2.062187216827e+01
13 39 2 0.62562134 0.33171182 1.55123015 0.41007914 0.66827645 1.206803004440e-03 3.844460243482e-02 5.200036079794e+02 4.919140122349e-02 2.085544429408e+01
13 40 2 0.62562134 0.33171182 1.55123015 0.41007914 0.66827645 3.317825175541e-04 3.980315052154e-02 5.971425133510e+02 3.941381213382e-02 2.134196470838e+01
13 41 2 0.62562134 0.33171182 1.55123015 0.41007914 0.66827645 6.492627059496e-04 4.117824593693e-02 5.577240390207e+02 2.873428452050e-02 2.182655128105e+01
13 42 2 0.62562134 0.33171182 1.55123015 0.41007914 0.66827645 1.782401038567e-03 4.253231534077e-02 6.099529091206e+02 2.718367064367e-02 2.189453607813e+01
13 43 2 0.62562134 0.33171182 1.55123015 0.41007914 0.66827645 8.622424567818e-04 4.383295363091e-02 6.074730976972e+02 2.123402849159e-02 2.285884530583e+01
13 44 2 0.62562134 0.33171182 1.55123015 0.41007914 0.66827645 4.105227822221e-03 4.505536245968e-02 6.228091471671e+02 2.147163996170e-02 2.360582452627e+01
13 45 2 0.62562134 0.33171182 1.55123015 0.41007914 0.66827645 9.744562219899e-04 4.618457429622e-02 6.673518986286e+02 1.493494921869e-02 2.437954381368e+01
13 46 2 0.62562134 0.33171182 1.55123015 0.41007914 0.66827645 5.750514459723e-03 4.721727944315e-02 6.380185583309e+02 1.125357187201e-02 2.495459767316e+01
13 47 2 0.62562134 0.33171182 1.55123015 0.41007914 0.66827645 8.905323430564e-04 4.816307330445e-02 7.317481666529e+02 9.611507193201e-03 2.493992772791e+01
13 48 2 0.62562134 0.33171182 1.55123015 0.41007914 0.66827645 6.037505540726e-03 4.904495773383e-02 6.645142988531e+02 1.245254533280e-02 2.534228641987e+01
13 49 2 0.62562134 0.33171182 1.55123015 0.41007914 0.66827645 1.514521514558e-03 4.989896448688e-02 7.903186121675e+02 7.954869151886e-03 2.561754276952e+01
13 50 2 0.62562134 0.33171182 1.55123015 0.41007914 0.66827645 5.477063797455e-03 5.077281999337e-02 7.106739127508e+02 8.552227484752e-03 2.651369743212e+01
13 51 2 0.62562134 0.33171182 1.55123015 0.41007914 0.66827645 3.897496996849e-03 5.172363639284e-02 8.397864132538e+02 1.341306571572e-02 2.741972976125e+01
13 52 2 0.62562134 0.33171182 1.55123015 0.41007914 0.66827645 5.009364908460e-03 5.281468983893e-02 7.753592314561e+02 2.746216029479e-02 2.898136492119e+01
13 53 2 0.62562134 0.33171182 1.55123015 0.41007914 0.66827645 8.007683560682e-03 5.411142779835e-02 8.831325157934e+02 3.742174358515e-02 3.026551831899e+01
13 54 2 0.62562134 0.33171182 1.55123015 0.41007914 0.66827645 4.927902370638e-03 5.567692569308e-02 8.569051732503e+02 4.335652676396e-02 3.061919167287e+01
13 55 2 0.62562134 0.33171182 1.55123015 0.41007914 0.66827645 1.226911014726e-02 5.756708246893e-02 9.199161101965e+02 4.482527703792e-02 3.085782924292e+01
13 56 2 0.62562134 0.33171182 1.55123015 0.41007914 0.66827645 4.587122288770e-03 5.982589734627e-02 9.551974280593e+02 5.835990604102e-02 3.247806116475e+01
13 57 2 0.62562134 0.33171182 1.55123015 0.41007914 0.66827645 1.442838063904e-02 6.248119972576e-02 9.539300756628e+02 5.864944561504e-02 3.398704875536e+01
13 58 2 0.62562134 0.33171182 1.55123015 0.41007914 0.66827645 3.243117656971e-03 6.554120602670e-02 1.060814044165e+03 6.375746597237e-02 3.491003410969e+01
13 59 2 0.62562134 0.33171182 1.55123015 0.41007914 0.66827645 1.314261173304e-02 6.899224821247e-02 9.981847514647e+02 4.856904101760e-02 3.616188091629e+01
13 60 2 0.62562134 0.33171182 1.55123015 0.41007914 0.66827645 1.211571695136e-03 7.279795839118e-02 1.162239172673e+03 4.375287037000e-02 3.677454949186e+01
13 61 2 0.62562134 0.33171182 1.55123015 0.41007914 0.66827645 8.995075813017e-03 7.690010441062e-02 1.060122009589e+03 3.792298333678e-02 3.867839120304e+01
13 62 2 0.62562134 0.33171182 1.55123015 0.41007914 0.66827645 1.027818951875e-04 8.122115767795e-02 1.256615981054e+03 4.943713493939e-02 4.105934501837e+01
13 63 2 0.62562134 0.33171182 1.55123015 0.41007914 0.66827645 4.111641742205e-03 8.566854396876e-02 1.142106568470e+03 4.049035589673e-02 4.380750715023e+01
25 0 2 0.75404097 0.40286288 2.07362058 0.54553321 1.16782637 8.747409695340e+02 4.062022892487e+00 3.548401398787e+03 4.807863709597e+00 3.669269304201e+02
25 1 2 0.75404097 0.40286288 2.07362058 0.54553321 1.16782637 6.536469846671e+02 3.938251187940e+00 3.419601807100e+03 4.789343466997e+00 3.532950681888e+02
25 2 2 0.75404097 0.40286288 2.07362058 0.54553321 1.16782637 9.155320678147e+02 3.824990753111e+00 3.236645387095e+03 4.595684540842e+00 3.400520962008e+02
25 3 2 0.75404097 0.40286288 2.07362058 0.54553321 1.16782637 6.491405534325e+02 3.702915895855e+00 3.200912653058e+03 4.432522719900e+00 3.312471715693e+02
25 4 2 0.75404097 0.40286288 2.07362058 0.54553321 1.16782637 8.772186496016e+02 3.559024837213e+00 3.043908012326e+03 4.204625127514e+00 3.194033736581e+02
25 5 2 0.75404097 0.40286288 2.07362058 0.54553321 1.16782637 7.138507468372e+02 3.376103113868e+00 2.929840378956e+03 3.975868091322e+00 3.058814165692e+02
25 6 2 0.75404097 0.40286288 2.07362058 0.54553321 1.16782637 7.912966883689e+02 3.179731503755e+00 2.867467640555e+03 3.721982859914e+00 2.913043178642e+02
25 7 2 0.75404097 0.40286288 2.07362058 0.54553321 1.16782637 8.045241523937e+02 3.023043934796e+00 2.710027718802e+03 3.441977303328e+00 2.759811913096e+02
25 8 2 0.75404097 0.40286288 2.07362058 0.54553321 1.16782637 7.068260643117e+02 2.894644373313e+00 2.656808762122e+03 3.253360915888e+00 2.722513500645e+02
25 9 2 0.75404097 0.40286288 2.07362058 0.54553321 1.16782637 8.680778560934e+02 2.742685010443e+00 2.562998374784e+03 3.094053202172e+00 2.654239392083e+02
25 10 2 0.75404097 0.40286288 2.07362058 0.54553321 1.16782637 6.685902244426e+02 2.579149219045e+00 2.443746170020e+03 2.986355570536e+00 2.551780379268e+02
25 11 2 0.75404097 0.40286288 2.07362058 0.54553321 1.16782637 8.705747512892e+02 2.453953814560e+00 2.395203786683e+03 2.905399854944e+00 2.468115095271e+02
25 12 2 0.75404097 0.40286288 2.07362058 0.54553321 1.16782637 6.948941718059e+02 2.365449644181e+00 2.293508919937e+03 2.813970262468e+00 2.428727573000e+02
25 13 2 0.75404097 0.40286288 2.07362058 0.54553321 1.16782637 8.152193378868e+02 2.282163801200e+00 2.229987706105e+03 2.745333502750e+00 2.404106483830e+02
25 14 2 0.75404097 0.40286288 2.07362058 0.54553321 1.16782637 7.656456797294e+02 2.197615396510e+00 2.162725195249e+03 2.620522703971e+00 2.388577445669e+02
25 15 2 0.75404097 0.40286288 2.07362058 0.54553321 1.16782637 7.390461187614e+02 2.116535795464e+00 2.071914038408e+03 2.407591596411e+00 2.320858458109e+02
25 16 2 0.75404097 0.40286288 2.07362058 0.54553321 1.16782637 8.333923686210e+02 2.046702463251e+00 2.034696398528e+03 2.288250117469e+00 2.236489055244e+02
25 17 2 0.75404097 0.40286288 2.07362058 0.54553321 1.16782637 6.890205843498e+02 2.008109339614e+00 1.977099362602e+03 2.197689816296e+00 2.172565302531e+02
25 18 2 0.75404097 0.40286288 2.07362058 0.54553321 1.16782637 8.550441726383e+02 1.997899488773e+00 1.895425282186e+03 2.169595939937e+00 2.063364801387e+02
25 19 2 0.75404097 0.40286288 2.07362058 0.54553321 1.16782637 6.932082996040e+02 1.981866403349e+00 1.873766574335e+03 2.272651162764e+00 1.975411461288e+02
25 20 2 0.75404097 0.40286288 2.07362058 0.54553321 1.16782637 8.218100285970e+02 1.957269492572e+00 1.815015148962e+03 2.258681262198e+00 1.895943990363e+02
25 21 2 0.75404097 0.40286288 2.07362058 0.54553321 1.16782637 7.449897380427e+02 1.960492122977e+00 1.769705310655e+03 2.297572381304e+00 1.851793642541e+02
25 22 2 0.75404097 0.40286288 2.07362058 0.54553321 1.16782637 7.584515390902e+02 1.994446086426e+00 1.750302764080e+03 2.346665836969e+00 1.797345013850e+02
25 23 2 0.75404097 0.40286288 2.07362058 0.54553321 1.16782637 8.090490442078e+02 2.021989122995e+00 1.688147419044e+03 2.217699089013e+00 1.774817870067e+02
25 24 2 0.75404097 0.40286288 2.07362058 0.54553321 1.16782637 7.032213707261e+02 2.029773597945e+00 1.680428588172e+03 2.191087007102e+00 1.758025268966e+02
25 25 2 0.75404097 0.40286288 2.07362058 0.54553321 1.16782637 8.450390642218e+02 2.033261753420e+00 1.657430418480e+03 2.160107400358e+00 1.707534633173e+02
25 26 2 0.75404097 0.40286288 2.07362058 0.54553321 1.16782637 6.888796259896e+02 2.039623349242e+00 1.613620342040e+03 2.051195728023e+00 1.658593464896e+02
25 27 2 0.75404097 0.40286288 2.07362058 0.54553321 1.16782637 8.313348348099e+02 2.050696989405e+00 1.623948447991e+03 2.033600118116e+00 1.605256967983e+02
25 28 2 0.75404097 0.40286288 2.07362058 0.54553321 1.16782637 7.252354732883e+02 2.066817043755e+00 1.592522679045e+03 1.886738117247e+00 1.572355796785e+02
25 29 2 0.75404097 0.40286288 2.07362058 0.54553321 1.16782637 7.751326041494e+02 2.071720051578e+00 1.582867261392e+03 1.613804015652e+00 1.552308317046e+02
25 30 2 0.75404097 0.40286288 2.07362058 0.54553321 1.16782637 7.912268139939e+02 2.059098222796e+00 1.610677259605e+03 1.460099697401e+00 1.512817960193e+02
25 31 2 0.75404097 0.40286288 2.07362058 0.54553321 1.16782637 7.096661109159e+02 2.059172770610e+00 1.556227812346e+03 1.246881592947e+00 1.470155732909e+02
25 32 2 0.75404097 0.40286288 2.07362058 0.54553321 1.16782637 8.445635555342e+02 2.089613431775e+00 1.602671132173e+03 1.092755105800e+00 1.581613535383e+02
25 33 2 0.75404097 0.40286288 2.07362058 0.54553321 1.16782637 6.771399724733e+02 2.119570522496e+00 1.607567598868e+03 1.147109109448e+00 1.681834638196e+02
25 34 2 0.75404097 0.40286288 2.07362058 0.54553321 1.16782637 8.476995349004e+02 2.126289391037e+00 1.591130552334e+03 1.166563276199e+00 1.700696397461e+02
25 35 2 0.75404097 0.40286288 2.07362058 0.54553321 1.16782637 7.015578492545e+02 2.132652806048e+00 1.642236252514e+03 1.310405660545e+00 1.743118558684e+02
25 36 2 0.75404097 0.40286288 2.07362058 0.54553321 1.16782637 7.957547826565e+02 2.159419509061e+00 1.639008693727e+03 1.465231567757e+00 1.788248364249e+02
25 37 2 0.75404097 0.40286288 2.07362058 0.54553321 1.16782637 7.708025059175e+02 2.199373660486e+00 1.670367043302e+03 1.451300660647e+00 1.822319203452e+02
25 38 2 0.75404097 0.40286288 2.07362058 0.54553321 1.16782637 7.201106443360e+02 2.246180865768e+00 1.714865223899e+03 1.521718229896e+00 1.847878213852e+02
25 39 2 0.75404097 0.40286288 2.07362058 0.54553321 1.16782637 8.416315665605e+02 2.297892862721e+00 1.717514877700e+03 1.563154893029e+00 1.868494667366e+02
25 40 2 0.75404097 0.40286288 2.07362058 0.54553321 1.16782637 6.666284247825e+02 2.351964047387e+00 1.778688427535e+03 1.537255841719e+00 1.874079339008e+02
25 41 2 0.75404097 0.40286288 2.07362058 0.54553321 1.16782637 8.681166493615e+02 2.429520005038e+00 1.818475419902e+03 1.604846795499e+00 1.939768414774e+02
25 42 2 0.75404097 0.40286288 2.07362058 0.54553321 1.16782637 6.694476091901e+02 2.555293064259e+00 1.847948346153e+03 1.597264268273e+00 1.999071658447e+02
25 43 2 0.75404097 0.40286288 2.07362058 0.54553321 1.16782637 8.324589912938e+02 2.703420521149e+00 1.922092671993e+03 1.523577959212e+00 2.067869857463e+02
25 44 2 0.75404097 0.40286288 2.07362058 0.54553321 1.16782637 7.317348853676e+02 2.833606344593e+00 1.950541495024e+03 1.501356105835e+00 2.135748400833e+02
25 45 2 0.75404097 0.40286288 2.07362058 0.54553321 1.16782637 7.516448639588e+02 2.965108104903e+00 2.021317990035e+03 1.360915328951e+00 2.205503006478e+02
25 46 2 0.75404097 0.40286288 2.07362058 0.54553321 1.16782637 8.215874298710e+02 3.135909286782e+00 2.099073869771e+03 1.232383071768e+00 2.244121088089e+02
25 47 2 0.75404097 0.40286288 2.07362058 0.54553321 1.16782637 6.677242631774e+02 3.329087011590e+00 2.133061241954e+03 1.222341511866e+00 2.258814990333e+02
25 48 2 0.75404097 0.40286288 2.07362058 0.54553321 1.16782637 8.874619958495e+02 3.510191724189e+00 2.220738514051e+03 1.203656861724e+00 2.310878220426e+02
25 49 2 0.75404097 0.40286288 2.07362058 0.54553321 1.16782637 6.309536936557e+02 3.679761084320e+00 2.308027051024e+03 1.277118004894e+00 2.318437323032e+02
25 50 2 0.75404097 0.40286288 2.07362058 0.54553321 1.16782637 8.862328220992e+02 3.848222830271e+00 2.361101574623e+03 1.334429874112e+00 2.358817862830e+02
25 51 2 0.75404097 0.40286288 2.07362058 0.54553321 1.16782637 6.709562824698e+02 4.026553899066e+00 2.468775318444e+03 1.345928733846e+00 2.438234323563e+02
25 52 2 0.75404097 0.40286288 2.07362058 0.54553321 1.16782637 8.107024327817e+02 4.236070786899e+00 2.533972891129e+03 1.386586242117e+00 2.567584323173e+02
25 53 2 0.75404097 0.40286288 2.07362058 0.54553321 1.16782637 7.735873506829e+02 4.459194585480e+00 2.634315022756e+03 1.388827924505e+00 2.695966545686e+02
25 54 2 0.75404097 0.40286288 2.07362058 0.54553321 1.16782637 6.983306493172e+02 4.638500798355e+00 2.753184076391e+03 1.398414523679e+00 2.791360325538e+02
25 55 2 0.75404097 0.40286288 2.07362058 0.54553321 1.16782637 8.827115523617e+02 4.780258554394e+00 2.805108670163e+03 1.439679592201e+00 2.873974758894e+02
25 56 2 0.75404097 0.40286288 2.07362058 0.54553321 1.16782637 6.120925430318e+02 4.953413743269e+00 2.944321845742e+03 1.523201754176e+00 3.056557246805e+02
25 57 2 0.75404097 0.40286288 2.07362058 0.54553321 1.16782637 9.330143125574e+02 5.155383587539e+00 3.056419597694e+03 1.664901465333e+00 3.239999937403e+02
25 58 2 0.75404097 0.40286288 2.07362058 0.54553321 1.16782637 6.051470719997e+02 5.314819513951e+00 3.125686891018e+03 1.800407364295e+00 3.341101603638e+02
25 59 2 0.75404097 0.40286288 2.07362058 0.54553321 1.16782637 8.931614545244e+02 5.425153567470e+00 3.310083621206e+03 1.930070004120e+00 3.473314165995e+02
25 60 2 0.75404097 0.40286288 2.07362058 0.54553321 1.16782637 6.895232856305e+02 5.541613251368e+00 3.365733573388e+03 2.077171751750e+00 3.560944617156e+02
25 61 2 0.75404097 0.40286288 2.07362058 0.54553321 1.16782637 7.786124939629e+02 5.689762268636e+00 3.505707304798e+03 2.198453734217e+00 3.697285554033e+02
25 62 2 0.75404097 0.40286288 2.07362058 0.54553321 1.16782637 8.259949185039e+02 5.874938576043e+00 3.688882455443e+03 2.322593341904e+00 3.863989483937e+02
25 63 2 0.75404097 0.40286288 2.07362058 0.54553321 1.16782637 6.431497573982e+02 6.094722503580e+00 3.741094393599e+03 2.349035721503e+00 4.023581049294e+02
