# environment=00161 local_bs=2 gain_scale=8.295191367093e-14
# ue subcarrier serving_bs phi0 phi1 phi2 phi3 phi4 gain0 gain1 gain2 gain3 gain4
0 0 2 0.93400878 0.89668845 1.95938290 0.71582079 0.67376509 2.109934719008e+00 2.478006068194e+00 6.599120452784e+01 9.863046463852e-01 3.438704924072e-01
0 1 2 0.93400878 0.89668845 1.95938290 0.71582079 0.67376509 1.565027608348e+00 2.390619240332e+00 6.772437426290e+01 9.454304245832e-01 3.297588580878e-01
0 2 2 0.93400878 0.89668845 1.95938290 0.71582079 0.67376509 1.594596379096e+00 2.273605788882e+00 6.719444104492e+01 9.101881437945e-01 3.164260693029e-01
0 3 2 0.93400878 0.89668845 1.95938290 0.71582079 0.67376509 1.925518780125e+00 2.217320261987e+00 6.339965568326e+01 8.624108528965e-01 3.075805132866e-01
0 4 2 0.93400878 0.89668845 1.95938290 0.71582079 0.67376509 2.191864737209e+00 2.142613861481e+00 5.685207106887e+01 8.461883707252e-01 3.036920671118e-01
0 5 2 0.93400878 0.89668845 1.95938290 0.71582079 0.67376509 2.704511342863e+00 2.053849826976e+00 4.883098411721e+01 8.174908291513e-01 3.038940420280e-01
0 6 2 0.93400878 0.89668845 1.95938290 0.71582079 0.67376509 3.121509689846e+00 1.998648559381e+00 4.058195094848e+01 7.537745268659e-01 3.030662556612e-01
0 7 2 0.93400878 0.89668845 1.95938290 0.71582079 0.67376509 3.110284103668e+00 1.935793732042e+00 3.339271571423e+01 7.349142077324e-01 2.958887294855e-01
0 8 2 0.93400878 0.89668845 1.95938290 0.71582079 0.67376509 3.049866068648e+00 1.871410374004e+00 2.795576951115e+01 7.162072106224e-01 2.841666787681e-01
0 9 2 0.93400878 0.89668845 1.95938290 0.71582079 0.67376509 2.906946934554e+00 1.807016153801e+00 2.491470401695e+01 7.115186815012e-01 2.727113916369e-01
0 10 2 0.93400878 0.89668845 1.95938290 0.71582079 0.67376509 2.255201816824e+00 1.745089158348e+00 2.413926145815e+01 6.868615956943e-01 2.630867781116e-01
0 11 2 0.93400878 0.89668845 1.95938290 0.71582079 0.67376509 1.672846911926e+00 1.676684452431e+00 2.615451343492e+01 6.671094702631e-01 2.558538638741e-01
0 12 2 0.93400878 0.89668845 1.95938290 0.71582079 0.67376509 1.401162147567e+00 1.599783611275e+00 2.943645478132e+01 6.237744700949e-01 2.510612913759e-01
0 13 2 0.93400878 0.89668845 1.95938290 0.71582079 0.67376509 1.100925289245e+00 1.547991770260e+00 3.310858540532e+01 5.921487581876e-01 2.457152171871e-01
0 14 2 0.93400878 0.89668845 1.95938290 0.71582079 0.67376509 9.940731553974e-01 1.472865927381e+00 3.685596568427e+01 5.902336228923e-01 2.375969655476e-01
0 15 2 0.93400878 0.89668845 1.95938290 0.71582079 0.67376509 1.260428938657e+00 1.392197818738e+00 3.984112381305e+01 5.743232542871e-01 2.283015997323e-01
0 16 2 0.93400878 0.89668845 1.95938290 0.71582079 0.67376509 1.481564806349e+00 1.363128797838e+00 4.073170952323e+01 5.700481088444e-01 2.188547630152e-01
0 17 2 0.93400878 0.89668845 1.95938290 0.71582079 0.67376509 1.688281421392e+00 1.311022799325e+00 3.992249144689e+01 5.486678080656e-01 2.085483486542e-01
0 18 2 0.93400878 0.89668845 1.95938290 0.71582079 0.67376509 2.019537955927e+00 1.248240046854e+00 3.746151047556e+01 5.371687570281e-01 1.984580068665e-01
0 19 2 0.93400878 0.89668845 1.95938290 0.71582079 0.67376509 2.154962720117e+00 1.213591742604e+00 3.367592684392e+01 5.081003945277e-01 1.898123780363e-01
0 20 2 0.93400878 0.89668845 1.95938290 0.71582079 0.67376509 2.022318738921e+00 1.165863850771e+00 2.897263712370e+01 4.827231731509e-01 1.814701376463e-01
0 21 2 0.93400878 0.89668845 1.95938290 0.71582079 0.67376509 1.910943744576e+00 1.133756478255e+00 2.435649777657e+01 4.639345304816e-01 1.729613289387e-01
0 22 2 0.93400878 0.89668845 1.95938290 0.71582079 0.67376509 1.665133694534e+00 1.108420430897e+00 2.031354072916e+01 4.559440063054e-01 1.654299790425e-01
0 23 2 0.93400878 0.89668845 1.95938290 0.71582079 0.67376509 1.221300746957e+00 1.075934102968e+00 1.754246311900e+01 4.666529182898e-01 1.588684432914e-01
0 24 2 0.93400878 0.89668845 1.95938290 0.71582079 0.67376509 9.521375273831e-01 1.056971936572e+00 1.619912819291e+01 4.580566894114e-01 1.532855179841e-01
0 25 2 0.93400878 0.89668845 1.95938290 0.71582079 0.67376509 8.460734790059e-01 1.008737756103e+00 1.664536017946e+01 4.629651400526e-01 1.501819700084e-01
0 26 2 0.93400878 0.89668845 1.95938290 0.71582079 0.67376509 7.662766203423e-01 9.727900561189e-01 1.856035193963e+01 4.542304608983e-01 1.491913419989e-01
0 27 2 0.93400878 0.89668845 1.95938290 0.71582079 0.67376509 9.167728477282e-01 9.781846219234e-01 2.124033569710e+01 4.456125653623e-01 1.474540651499e-01
0 28 2 0.93400878 0.89668845 1.95938290 0.71582079 0.67376509 1.209655220140e+00 9.734742415608e-01 2.469696501493e+01 4.249874079487e-01 1.436597467353e-01
0 29 2 0.93400878 0.89668845 1.95938290 0.71582079 0.67376509 1.406483068684e+00 9.808578669975e-01 2.819419321493e+01 4.074807286424e-01 1.386107043278e-01
0 30 2 0.93400878 0.89668845 1.95938290 0.71582079 0.67376509 1.595741434104e+00 9.600977046737e-01 3.077275095966e+01 3.910771773086e-01 1.335948802593e-01
0 31 2 0.93400878 0.89668845 1.95938290 0.71582079 0.67376509 1.751562786587e+00 9.269317718158e-01 3.176552230643e+01 3.787234661898e-01 1.313235474911e-01
0 32 2 0.93400878 0.89668845 1.95938290 0.71582079 0.67376509 1.775114004025e+00 9.912776077915e-01 3.223478446232e+01 4.169032175064e-01 1.344193545392e-01
0 33 2 0.93400878 0.89668845 1.95938290 0.71582079 0.67376509 1.693282564835e+00 1.048905246090e+00 3.105160473428e+01 4.376210818194e-01 1.414645717921e-01
0 34 2 0.93400878 0.89668845 1.95938290 0.71582079 0.67376509 1.527265513965e+00 1.041528724980e+00 2.821207188186e+01 4.662941065935e-01 1.486698025097e-01
0 35 2 0.93400878 0.89668845 1.95938290 0.71582079 0.67376509 1.192862419212e+00 1.060389735866e+00 2.493515496226e+01 4.612265479959e-01 1.541601661453e-01
0 36 2 0.93400878 0.89668845 1.95938290 0.71582079 0.67376509 9.133544221575e-01 1.083415786479e+00 2.176623644288e+01 4.730004354299e-01 1.575736643979e-01
0 37 2 0.93400878 0.89668845 1.95938290 0.71582079 0.67376509 8.491281391093e-01 1.125729095553e+00 1.886280814887e+01 4.575116574518e-01 1.593996742912e-01
0 38 2 0.93400878 0.89668845 1.95938290 0.71582079 0.67376509 8.415871864409e-01 1.188218251775e+00 1.692238011067e+01 4.600358957839e-01 1.622785076610e-01
0 39 2 0.93400878 0.89668845 1.95938290 0.71582079 0.67376509 9.645190278737e-01 1.204741939201e+00 1.674480560201e+01 4.617959535569e-01 1.683540621323e-01
0 40 2 0.93400878 0.89668845 1.95938290 0.71582079 0.67376509 1.357504302504e+00 1.226173303046e+00 1.820507825492e+01 4.642477098194e-01 1.763323293583e-01
0 41 2 0.93400878 0.89668845 1.95938290 0.71582079 0.67376509 1.657595769033e+00 1.261132127290e+00 2.127921785695e+01 4.821371138787e-01 1.846526355045e-01
0 42 2 0.93400878 0.89668845 1.95938290 0.71582079 0.67376509 1.874901126691e+00 1.290586014852e+00 2.570568103274e+01 5.051953850886e-01 1.935929260168e-01
0 43 2 0.93400878 0.89668845 1.95938290 0.71582079 0.67376509 2.171426384538e+00 1.343546498541e+00 3.079162998392e+01 5.386635116762e-01 2.025579158589e-01
0 44 2 0.93400878 0.89668845 1.95938290 0.71582079 0.67376509 2.264847942741e+00 1.383275764442e+00 3.585531114301e+01 5.511423133001e-01 2.107008761426e-01
0 45 2 0.93400878 0.89668845 1.95938290 0.71582079 0.67376509 2.058453622998e+00 1.430739414363e+00 3.996617014325e+01 5.645615779383e-01 2.192929020288e-01
0 46 2 0.93400878 0.89668845 1.95938290 0.71582079 0.67376509 1.897483017076e+00 1.487228231488e+00 4.277838150116e+01 5.688570963766e-01 2.287889366894e-01
0 47 2 0.93400878 0.89668845 1.95938290 0.71582079 0.67376509 1.646474777768e+00 1.509715277201e+00 4.363979961217e+01 5.777042925134e-01 2.374473716859e-01
0 48 2 0.93400878 0.89668845 1.95938290 0.71582079 0.67376509 1.243218185561e+00 1.572134944844e+00 4.223616454612e+01 5.980385711637e-01 2.450941632218e-01
0 49 2 0.93400878 0.89668845 1.95938290 0.71582079 0.67376509 1.099122709650e+00 1.647529311511e+00 3.905045321961e+01 6.031298030468e-01 2.523830139161e-01
0 50 2 0.93400878 0.89668845 1.95938290 0.71582079 0.67376509 1.247503119106e+00 1.675648203849e+00 3.526857215127e+01 6.522868847209e-01 2.577146211830e-01
0 51 2 0.93400878 0.89668845 1.95938290 0.71582079 0.67376509 1.389499001545e+00 1.726155387048e+00 3.089413371508e+01 6.780553070636e-01 2.609935948019e-01
0 52 2 0.93400878 0.89668845 1.95938290 0.71582079 0.67376509 1.866990243015e+00 1.781313503096e+00 2.706679991433e+01 7.119486355774e-01 2.657506182812e-01
0 53 2 0.93400878 0.89668845 1.95938290 0.71582079 0.67376509 2.585187794045e+00 1.817697070788e+00 2.546272965480e+01 7.089961004932e-01 2.736587536742e-01
0 54 2 0.93400878 0.89668845 1.95938290 0.71582079 0.67376509 2.936409749438e+00 1.866824363290e+00 2.639744720238e+01 7.364429648167e-01 2.833213959053e-01
0 55 2 0.93400878 0.89668845 1.95938290 0.71582079 0.67376509 3.173785533003e+00 1.918898300137e+00 2.981552469851e+01 7.519468719105e-01 2.936237036320e-01
0 56 2 0.93400878 0.89668845 1.95938290 0.71582079 0.67376509 3.475727914772e+00 1.976033989746e+00 3.607198411013e+01 7.917182958823e-01 3.017947598653e-01
0 57 2 0.93400878 0.89668845 1.95938290 0.71582079 0.67376509 3.282652702019e+00 2.030688440511e+00 4.431073527014e+01 8.576581235273e-01 3.040666752059e-01
0 58 2 0.93400878 0.89668845 1.95938290 0.71582079 0.67376509 2.792740152732e+00 2.107710488410e+00 5.359608566948e+01 8.785605185850e-01 3.029912651222e-01
0 59 2 0.93400878 0.89668845 1.95938290 0.71582079 0.67376509 2.429571528530e+00 2.192617629774e+00 6.228846084062e+01 9.064083412623e-01 3.057316838690e-01
0 60 2 0.93400878 0.89668845 1.95938290 0.71582079 0.67376509 1.951069956465e+00 2.243679767902e+00 6.903297023845e+01 9.263411776585e-01 3.149409457776e-01
0 61 2 0.93400878 0.89668845 1.95938290 0.71582079 0.67376509 1.598822980391e+00 2.342396762228e+00 7.276367482219e+01 9.902710916501e-01 3.290496870191e-01
0 62 2 0.93400878 0.89668845 1.95938290 0.71582079 0.67376509 1.847759284623e+00 2.441136280618e+00 7.352182920590e+01 9.957843597706e-01 3.455269427466e-01
0 63 2 0.93400878 0.89668845 1.95938290 0.71582079 0.67376509 2.331017893201e+00 2.490446193962e+00 7.065147961655e+01 1.028665064143e+00 3.588842695777e-01
6 0 2 1.00444014 0.81850828 1.04342721 0.87953797 0.66574311 5.538296728850e+00 1.987095495890e+00 4.397148808052e+00 2.215671913673e+00 9.978424744742e-05
6 1 2 1.00444014 0.81850828 1.04342721 0.87953797 0.66574311 5.242367987925e+00 2.037746681351e+00 4.184049724191e+00 2.244080779632e+00 4.941103728633e-05
6 2 2 1.00444014 0.81850828 1.04342721 0.87953797 0.66574311 4.544723625426e+00 1.906024000023e+00 4.002620247227e+00 1.836111107111e+00 1.961539845003e-05
6 3 2 1.00444014 0.81850828 1.04342721 0.87953797 0.66574311 3.450381365214e+00 1.638620569459e+00 3.810149948969e+00 2.292467948918e+00 1.354988498719e-05
6 4 2 1.00444014 0.81850828 1.04342721 0.87953797 0.66574311 2.552898141621e+00 1.348099918412e+00 3.745368460239e+00 1.686922176910e+00 3.165987433237e-05
6 5 2 1.00444014 0.81850828 1.04342721 0.87953797 0.66574311 1.934466911408e+00 1.119745514909e+00 3.621424515399e+00 2.079286714343e+00 7.007960750886e-05
6 6 2 1.00444014 0.81850828 1.04342721 0.87953797 0.66574311 1.812168129980e+00 9.969485059699e-01 3.522607144874e+00 1.758258618439e+00 1.205715346583e-04
6 7 2 1.00444014 0.81850828 1.04342721 0.87953797 0.66574311 2.177151566146e+00 9.949028773738e-01 3.340130541401e+00 1.670871517748e+00 1.725084044046e-04
6 8 2 1.00444014 0.81850828 1.04342721 0.87953797 0.66574311 2.745369334807e+00 1.095080888880e+00 3.167611821416e+00 1.828059808316e+00 2.161345423026e-04
6 9 2 1.00444014 0.81850828 1.04342721 0.87953797 0.66574311 3.462754091787e+00 1.253839492855e+00 2.959188332961e+00 1.380316362830e+00 2.455284244061e-04
6 10 2 1.00444014 0.81850828 1.04342721 0.87953797 0.66574311 3.821101747882e+00 1.387937951795e+00 2.871650619704e+00 1.707372456261e+00 2.598162596671e-04
6 11 2 1.00444014 0.81850828 1.04342721 0.87953797 0.66574311 3.788693925004e+00 1.424909740427e+00 2.791954504624e+00 1.273970329475e+00 2.621522467376e-04
6 12 2 1.00444014 0.81850828 1.04342721 0.87953797 0.66574311 3.421251514309e+00 1.356670963474e+00 2.745356898869e+00 1.458264191574e+00 2.571840912284e-04
6 13 2 1.00444014 0.81850828 1.04342721 0.87953797 0.66574311 2.646880955924e+00 1.198033670206e+00 2.695766476023e+00 1.376893133363e+00 2.484558560172e-04
6 14 2 1.00444014 0.81850828 1.04342721 0.87953797 0.66574311 1.950588172126e+00 1.005045192083e+00 2.639793073224e+00 1.193464543522e+00 2.370793813869e-04
6 15 2 1.00444014 0.81850828 1.04342721 0.87953797 0.66574311 1.448843990994e+00 8.399795472389e-01 2.559470405415e+00 1.479295514364e+00 2.221687294045e-04
6 16 2 1.00444014 0.81850828 1.04342721 0.87953797 0.66574311 1.219575260669e+00 7.234040786614e-01 2.509467595337e+00 1.105802616323e+00 2.025165483538e-04
6 17 2 1.00444014 0.81850828 1.04342721 0.87953797 0.66574311 1.430140589535e+00 6.941552310571e-01 2.463266612421e+00 1.366990685478e+00 1.783847674885e-04
6 18 2 1.00444014 0.81850828 1.04342721 0.87953797 0.66574311 1.828446123866e+00 7.709923797041e-01 2.382973734457e+00 1.092491290190e+00 1.523776857640e-04
6 19 2 1.00444014 0.81850828 1.04342721 0.87953797 0.66574311 2.342507827785e+00 9.009748637489e-01 2.318052441397e+00 1.157509029433e+00 1.290220779432e-04
6 20 2 1.00444014 0.81850828 1.04342721 0.87953797 0.66574311 2.707038934277e+00 1.010002703407e+00 2.271934150883e+00 1.221022897426e+00 1.134490797390e-04
6 21 2 1.00444014 0.81850828 1.04342721 0.87953797 0.66574311 2.701509209557e+00 1.053085254991e+00 2.216183922015e+00 9.771231859235e-01 1.099967136612e-04
6 22 2 1.00444014 0.81850828 1.04342721 0.87953797 0.66574311 2.540238378064e+00 1.021487742933e+00 2.172771327805e+00 1.258783914006e+00 1.214284535086e-04
6 23 2 1.00444014 0.81850828 1.04342721 0.87953797 0.66574311 2.153877888499e+00 9.229228817321e-01 2.117723609481e+00 9.397898461026e-01 1.489397884349e-04
6 24 2 1.00444014 0.81850828 1.04342721 0.87953797 0.66574311 1.695337251187e+00 7.873232765060e-01 2.047614522635e+00 1.123450037381e+00 1.925745253020e-04
6 25 2 1.00444014 0.81850828 1.04342721 0.87953797 0.66574311 1.303865464026e+00 6.592172106544e-01 1.966782312511e+00 1.012750157762e+00 2.514495400850e-04
6 26 2 1.00444014 0.81850828 1.04342721 0.87953797 0.66574311 1.009878761061e+00 5.751101220352e-01 1.937950542929e+00 9.584763865111e-01 3.234137814078e-04
6 27 2 1.00444014 0.81850828 1.04342721 0.87953797 0.66574311 1.106468274952e+00 5.618676952524e-01 1.881463201993e+00 1.093066569886e+00 4.042778678647e-04
6 28 2 1.00444014 0.81850828 1.04342721 0.87953797 0.66574311 1.385525751531e+00 6.228855959994e-01 1.851324101005e+00 8.208328735288e-01 4.872044785876e-04
6 29 2 1.00444014 0.81850828 1.04342721 0.87953797 0.66574311 1.764487303152e+00 7.194427587075e-01 1.809441664520e+00 1.086903478607e+00 5.629444340240e-04
6 30 2 1.00444014 0.81850828 1.04342721 0.87953797 0.66574311 2.131564079409e+00 7.936050341528e-01 1.798004915287e+00 8.309709825625e-01 6.212534173036e-04
6 31 2 1.00444014 0.81850828 1.04342721 0.87953797 0.66574311 2.266480156829e+00 8.462602152569e-01 1.791715150637e+00 9.292649668885e-01 6.532092056056e-04
6 32 2 1.00444014 0.81850828 1.04342721 0.87953797 0.66574311 2.407209482899e+00 8.966738840701e-01 1.861828271621e+00 9.914150178563e-01 6.536095928603e-04
6 33 2 1.00444014 0.81850828 1.04342721 0.87953797 0.66574311 2.261866679341e+00 8.850025568607e-01 1.913727803210e+00 9.035183282515e-01 6.224758583371e-04
6 34 2 1.00444014 0.81850828 1.04342721 0.87953797 0.66574311 1.822689529099e+00 7.844157349169e-01 1.966001146922e+00 1.162266621574e+00 5.650200756686e-04
6 35 2 1.00444014 0.81850828 1.04342721 0.87953797 0.66574311 1.420575230544e+00 6.693050517671e-01 2.017693722816e+00 8.684874874121e-01 4.900969474161e-04
6 36 2 1.00444014 0.81850828 1.04342721 0.87953797 0.66574311 1.070706447078e+00 6.041841026424e-01 2.067276974989e+00 1.182932393665e+00 4.078129710931e-04
6 37 2 1.00444014 0.81850828 1.04342721 0.87953797 0.66574311 1.077861047313e+00 6.076692558900e-01 2.099970766955e+00 1.000056010462e+00 3.272721680140e-04
6 38 2 1.00444014 0.81850828 1.04342721 0.87953797 0.66574311 1.321950342079e+00 6.798382416063e-01 2.151374301719e+00 1.045952210271e+00 2.552495909344e-04
6 39 2 1.00444014 0.81850828 1.04342721 0.87953797 0.66574311 1.705769429010e+00 8.074548871894e-01 2.201234553379e+00 1.180686547054e+00 1.960218816001e-04
6 40 2 1.00444014 0.81850828 1.04342721 0.87953797 0.66574311 2.266232175965e+00 9.528424590974e-01 2.209038027712e+00 9.663950041996e-01 1.519721779134e-04
6 41 2 1.00444014 0.81850828 1.04342721 0.87953797 0.66574311 2.694042747334e+00 1.063619116595e+00 2.240927488907e+00 1.288844740786e+00 1.242697171383e-04
6 42 2 1.00444014 0.81850828 1.04342721 0.87953797 0.66574311 2.959027168562e+00 1.100958412190e+00 2.280277908530e+00 9.851982710836e-01 1.130693109702e-04
6 43 2 1.00444014 0.81850828 1.04342721 0.87953797 0.66574311 2.839381823431e+00 1.049640307635e+00 2.317839693730e+00 1.264113621013e+00 1.171694325191e-04
6 44 2 1.00444014 0.81850828 1.04342721 0.87953797 0.66574311 2.357084250011e+00 9.356582014183e-01 2.369475746165e+00 1.174351941428e+00 1.335791337582e-04
6 45 2 1.00444014 0.81850828 1.04342721 0.87953797 0.66574311 1.883482648664e+00 8.196608088783e-01 2.436550778834e+00 1.170186557386e+00 1.576234479471e-04
6 46 2 1.00444014 0.81850828 1.04342721 0.87953797 0.66574311 1.453703809483e+00 7.601073555227e-01 2.482858417857e+00 1.450581768358e+00 1.839180708068e-04
6 47 2 1.00444014 0.81850828 1.04342721 0.87953797 0.66574311 1.342813102221e+00 7.750619862293e-01 2.535499763592e+00 1.138312628739e+00 2.079338663046e-04
6 48 2 1.00444014 0.81850828 1.04342721 0.87953797 0.66574311 1.612568642901e+00 8.635386272866e-01 2.633431427447e+00 1.507124051597e+00 2.273466645215e-04
6 49 2 1.00444014 0.81850828 1.04342721 0.87953797 0.66574311 2.139644201051e+00 1.039326523421e+00 2.691600648786e+00 1.258208019292e+00 2.423128006827e-04
6 50 2 1.00444014 0.81850828 1.04342721 0.87953797 0.66574311 2.962485112068e+00 1.255467445129e+00 2.784361751269e+00 1.492274197649e+00 2.543404504901e-04
6 51 2 1.00444014 0.81850828 1.04342721 0.87953797 0.66574311 3.612765238618e+00 1.424552937092e+00 2.891646818206e+00 1.591345181389e+00 2.642763657458e-04
6 52 2 1.00444014 0.81850828 1.04342721 0.87953797 0.66574311 3.950347850442e+00 1.502476170493e+00 3.034042561387e+00 1.440348663628e+00 2.705820578433e-04
6 53 2 1.00444014 0.81850828 1.04342721 0.87953797 0.66574311 4.004915898569e+00 1.462187348895e+00 3.182160351918e+00 1.937307700791e+00 2.690762891889e-04
6 54 2 1.00444014 0.81850828 1.04342721 0.87953797 0.66574311 3.529436765851e+00 1.328547349625e+00 3.424711303946e+00 1.519628670532e+00 2.545802441969e-04
6 55 2 1.00444014 0.81850828 1.04342721 0.87953797 0.66574311 2.919673488248e+00 1.174034976885e+00 3.590691849601e+00 1.998771370548e+00 2.237935535236e-04
6 56 2 1.00444014 0.81850828 1.04342721 0.87953797 0.66574311 2.338870436496e+00 1.061078526955e+00 3.699816490214e+00 1.796701674238e+00 1.779053261726e-04
6 57 2 1.00444014 0.81850828 1.04342721 0.87953797 0.66574311 1.962704187570e+00 1.056861661239e+00 3.798720145701e+00 1.884072919799e+00 1.234422525889e-04
6 58 2 1.00444014 0.81850828 1.04342721 0.87953797 0.66574311 2.149707627671e+00 1.203302195429e+00 3.892474403581e+00 2.161488244186e+00 7.074424635235e-05
6 59 2 1.00444014 0.81850828 1.04342721 0.87953797 0.66574311 2.738968585931e+00 1.486199141021e+00 4.006561560410e+00 1.745493328197e+00 3.075202913378e-05
6 60 2 1.00444014 0.81850828 1.04342721 0.87953797 0.66574311 3.797544627013e+00 1.828682396433e+00 4.201810030032e+00 2.403531271559e+00 1.171854959377e-05
6 61 2 1.00444014 0.81850828 1.04342721 0.87953797 0.66574311 4.872563421206e+00 2.107388922707e+00 4.440795245390e+00 1.919977994125e+00 1.743238293791e-05
6 62 2 1.00444014 0.81850828 1.04342721 0.87953797 0.66574311 5.648998167197e+00 2.229612629150e+00 4.583725937313e+00 2.387241439896e+00 4.755776640224e-05
6 63 2 1.00444014 0.81850828 1.04342721 0.87953797 0.66574311 6.020171323331e+00 2.194919944583e+00 4.783491271670e+00 2.366771722372e+00 9.936197919533e-05
14 0 2 0.90322980 0.82350892 1.43601948 0.72456046 0.63947784 3.262661290802e+00 1.699742126837e+00 2.298991162051e+01 1.194711704297e+00 5.978900658571e-03
14 1 2 0.90322980 0.82350892 1.43601948 0.72456046 0.63947784 2.696521674117e+00 1.653331520176e+00 2.212907809310e+01 8.660158691347e-01 6.358117141184e-03
14 2 2 0.90322980 0.82350892 1.43601948 0.72456046 0.63947784 1.749486423290e+00 1.589198272460e+00 1.985487972688e+01 1.119426076160e+00 6.586282927230e-03
14 3 2 0.90322980 0.82350892 1.43601948 0.72456046 0.63947784 1.475341772497e+00 1.470452777786e+00 1.700107622166e+01 7.659281821699e-01 6.792840141313e-03
14 4 2 0.90322980 0.82350892 1.43601948 0.72456046 0.63947784 1.311244546141e+00 1.389019792784e+00 1.403964629296e+01 1.027741730192e+00 6.844192548760e-03
14 5 2 0.90322980 0.82350892 1.43601948 0.72456046 0.63947784 1.263567227504e+00 1.366944245141e+00 1.145637533129e+01 6.871405985406e-01 6.814305303653e-03
14 6 2 0.90322980 0.82350892 1.43601948 0.72456046 0.63947784 1.881048254859e+00 1.307319718877e+00 9.432191713059e+00 9.431941870447e-01 6.657687010195e-03
14 7 2 0.90322980 0.82350892 1.43601948 0.72456046 0.63947784 2.218158401587e+00 1.238020635463e+00 8.029824498281e+00 6.870282638512e-01 5.911644128161e-03
14 8 2 0.90322980 0.82350892 1.43601948 0.72456046 0.63947784 2.365249508171e+00 1.209904977881e+00 7.191287780012e+00 8.889286135399e-01 4.607339146909e-03
14 9 2 0.90322980 0.82350892 1.43601948 0.72456046 0.63947784 2.771293265798e+00 1.185898766270e+00 7.045045939621e+00 6.694215477490e-01 3.439492178179e-03
14 10 2 0.90322980 0.82350892 1.43601948 0.72456046 0.63947784 2.596265776833e+00 1.156069631003e+00 7.627204476958e+00 7.835850869762e-01 2.812905943405e-03
14 11 2 0.90322980 0.82350892 1.43601948 0.72456046 0.63947784 2.105742936239e+00 1.122164622764e+00 8.726270575454e+00 6.298425459110e-01 2.757493411635e-03
14 12 2 0.90322980 0.82350892 1.43601948 0.72456046 0.63947784 1.847518568250e+00 1.093249478275e+00 1.024167075243e+01 6.499213851342e-01 3.272760769755e-03
14 13 2 0.90322980 0.82350892 1.43601948 0.72456046 0.63947784 1.262362877687e+00 1.075922000765e+00 1.171324137430e+01 5.952042479714e-01 4.027424187531e-03
14 14 2 0.90322980 0.82350892 1.43601948 0.72456046 0.63947784 8.620524683619e-01 1.045313129194e+00 1.272631851665e+01 5.986134613380e-01 4.557732816266e-03
14 15 2 0.90322980 0.82350892 1.43601948 0.72456046 0.63947784 9.176011233390e-01 1.016731908923e+00 1.303942278891e+01 6.248699363205e-01 4.875999204564e-03
14 16 2 0.90322980 0.82350892 1.43601948 0.72456046 0.63947784 8.995328032004e-01 1.000144442767e+00 1.262835872370e+01 5.592825443866e-01 5.112335073826e-03
14 17 2 0.90322980 0.82350892 1.43601948 0.72456046 0.63947784 1.161343081905e+00 9.767497460909e-01 1.191119303733e+01 6.327720824197e-01 5.114996764021e-03
14 18 2 0.90322980 0.82350892 1.43601948 0.72456046 0.63947784 1.625219858323e+00 9.630127684557e-01 1.090106015670e+01 5.032765755456e-01 4.922683569878e-03
14 19 2 0.90322980 0.82350892 1.43601948 0.72456046 0.63947784 1.682198028316e+00 9.435489069091e-01 9.560739840048e+00 6.176258907763e-01 4.780674019501e-03
14 20 2 0.90322980 0.82350892 1.43601948 0.72456046 0.63947784 1.812145689765e+00 9.005831182261e-01 8.045843480158e+00 4.655951824008e-01 4.638564187121e-03
14 21 2 0.90322980 0.82350892 1.43601948 0.72456046 0.63947784 1.890724314372e+00 8.695636773344e-01 6.441746583088e+00 6.064090798226e-01 4.400984859326e-03
14 22 2 0.90322980 0.82350892 1.43601948 0.72456046 0.63947784 1.514311713189e+00 8.449229026143e-01 5.181856212790e+00 4.396542008828e-01 4.230972388158e-03
14 23 2 0.90322980 0.82350892 1.43601948 0.72456046 0.63947784 1.237498889705e+00 8.134881280647e-01 4.539680720157e+00 5.660165334971e-01 4.148127175998e-03
14 24 2 0.90322980 0.82350892 1.43601948 0.72456046 0.63947784 1.071156675117e+00 7.928681579241e-01 4.458224684802e+00 4.015596302844e-01 4.032402227732e-03
14 25 2 0.90322980 0.82350892 1.43601948 0.72456046 0.63947784 7.070924583105e-01 7.686500643564e-01 4.857677171312e+00 5.268313706554e-01 4.015024344670e-03
14 26 2 0.90322980 0.82350892 1.43601948 0.72456046 0.63947784 6.668774547367e-01 7.360588295091e-01 5.606413052590e+00 4.112814051421e-01 4.143926433410e-03
14 27 2 0.90322980 0.82350892 1.43601948 0.72456046 0.63947784 8.020990343638e-01 7.147410854102e-01 6.550552201077e+00 5.059782639110e-01 4.064887012009e-03
14 28 2 0.90322980 0.82350892 1.43601948 0.72456046 0.63947784 8.872528852836e-01 7.092723472017e-01 7.537178410239e+00 4.099262393750e-01 3.525270650152e-03
14 29 2 0.90322980 0.82350892 1.43601948 0.72456046 0.63947784 1.234273276536e+00 7.036867935882e-01 8.562629512775e+00 4.525735298246e-01 2.639677041579e-03
14 30 2 0.90322980 0.82350892 1.43601948 0.72456046 0.63947784 1.448557159635e+00 6.711413033697e-01 9.397271645588e+00 3.957872500498e-01 1.636439329410e-03
14 31 2 0.90322980 0.82350892 1.43601948 0.72456046 0.63947784 1.396046817302e+00 6.536570559825e-01 9.856266695688e+00 4.080722152524e-01 9.092609637074e-04
14 32 2 0.90322980 0.82350892 1.43601948 0.72456046 0.63947784 1.608482175615e+00 7.081046398167e-01 1.005254492013e+01 4.395180338770e-01 9.301814910124e-04
14 33 2 0.90322980 0.82350892 1.43601948 0.72456046 0.63947784 1.591682687935e+00 7.689880013598e-01 9.681132391471e+00 4.456271906020e-01 1.688221709379e-03
14 34 2 0.90322980 0.82350892 1.43601948 0.72456046 0.63947784 1.196195206271e+00 7.792865268358e-01 8.723640596373e+00 5.164618563387e-01 2.708982526279e-03
14 35 2 0.90322980 0.82350892 1.43601948 0.72456046 0.63947784 1.002022358811e+00 7.843814746222e-01 7.635122675377e+00 4.406568053005e-01 3.608941333704e-03
14 36 2 0.90322980 0.82350892 1.43601948 0.72456046 0.63947784 7.975001158400e-01 8.092475956485e-01 6.558274044262e+00 5.479850085469e-01 4.153847459382e-03
14 37 2 0.90322980 0.82350892 1.43601948 0.72456046 0.63947784 6.150962313794e-01 8.394118011600e-01 5.629801953541e+00 4.163139431552e-01 4.233613860238e-03
14 38 2 0.90322980 0.82350892 1.43601948 0.72456046 0.63947784 8.287570296604e-01 8.583111646172e-01 4.958418517906e+00 5.678318912386e-01 4.124236538544e-03
14 39 2 0.90322980 0.82350892 1.43601948 0.72456046 0.63947784 1.005363461716e+00 8.665981229546e-01 4.590028501515e+00 4.313854903576e-01 4.176046302959e-03
14 40 2 0.90322980 0.82350892 1.43601948 0.72456046 0.63947784 1.240777167340e+00 8.853624257707e-01 4.683369295895e+00 6.227603904392e-01 4.319393073229e-03
14 41 2 0.90322980 0.82350892 1.43601948 0.72456046 0.63947784 1.751424685037e+00 9.025514692142e-01 5.446810923749e+00 4.448418165540e-01 4.430301135414e-03
14 42 2 0.90322980 0.82350892 1.43601948 0.72456046 0.63947784 1.910628879648e+00 9.154465330148e-01 6.868522309761e+00 6.312183398029e-01 4.634180262721e-03
14 43 2 0.90322980 0.82350892 1.43601948 0.72456046 0.63947784 1.872116326383e+00 9.406768814593e-01 8.538128450265e+00 4.568548575614e-01 4.886656208355e-03
14 44 2 0.90322980 0.82350892 1.43601948 0.72456046 0.63947784 1.942587601639e+00 9.489708213941e-01 1.022772151847e+01 6.399782068805e-01 5.023919338384e-03
14 45 2 0.90322980 0.82350892 1.43601948 0.72456046 0.63947784 1.575668589426e+00 9.469745395366e-01 1.171423546714e+01 4.979801038871e-01 5.168229837513e-03
14 46 2 0.90322980 0.82350892 1.43601948 0.72456046 0.63947784 1.133493522022e+00 9.676039754384e-01 1.280852915130e+01 6.529766423658e-01 5.366404966759e-03
14 47 2 0.90322980 0.82350892 1.43601948 0.72456046 0.63947784 1.049886811435e+00 9.897166124169e-01 1.360818278893e+01 5.402411835290e-01 5.364854665794e-03
14 48 2 0.90322980 0.82350892 1.43601948 0.72456046 0.63947784 8.578998124071e-01 1.017756329513e+00 1.382811546579e+01 6.482604697520e-01 5.144215092677e-03
14 49 2 0.90322980 0.82350892 1.43601948 0.72456046 0.63947784 9.921854004123e-01 1.056493993394e+00 1.336957217418e+01 6.039721041163e-01 4.841089592894e-03
14 50 2 0.90322980 0.82350892 1.43601948 0.72456046 0.63947784 1.544578710109e+00 1.082775594774e+00 1.238303297272e+01 6.777451516522e-01 4.281632855794e-03
14 51 2 0.90322980 0.82350892 1.43601948 0.72456046 0.63947784 1.858552095487e+00 1.119557058506e+00 1.091247270376e+01 7.327033980697e-01 3.470251917035e-03
14 52 2 0.90322980 0.82350892 1.43601948 0.72456046 0.63947784 2.347902471912e+00 1.169749257694e+00 9.343860440456e+00 7.396737768597e-01 2.920375071394e-03
14 53 2 0.90322980 0.82350892 1.43601948 0.72456046 0.63947784 2.863094145317e+00 1.213801488156e+00 8.001924364815e+00 8.475211466281e-01 2.978538152577e-03
14 54 2 0.90322980 0.82350892 1.43601948 0.72456046 0.63947784 2.710698700173e+00 1.261324177715e+00 7.317631588368e+00 7.270893169168e-01 3.660602077495e-03
14 55 2 0.90322980 0.82350892 1.43601948 0.72456046 0.63947784 2.644159199383e+00 1.317059445256e+00 7.559925878466e+00 9.218703865887e-01 4.938235923082e-03
14 56 2 0.90322980 0.82350892 1.43601948 0.72456046 0.63947784 2.473379552625e+00 1.401836880652e+00 8.508893384683e+00 7.215807524762e-01 6.338496216985e-03
14 57 2 0.90322980 0.82350892 1.43601948 0.72456046 0.63947784 1.740972496014e+00 1.485903352270e+00 1.014853632245e+01 9.902365799115e-01 7.118839981692e-03
14 58 2 0.90322980 0.82350892 1.43601948 0.72456046 0.63947784 1.426461326488e+00 1.525712927615e+00 1.248290020422e+01 7.798104813278e-01 7.287644816717e-03
14 59 2 0.90322980 0.82350892 1.43601948 0.72456046 0.63947784 1.453689334104e+00 1.606095496578e+00 1.550884341445e+01 1.132369157025e+00 7.326267082114e-03
14 60 2 0.90322980 0.82350892 1.43601948 0.72456046 0.63947784 1.398748823212e+00 1.729275462279e+00 1.894312709754e+01 8.487399667726e-01 7.256033318407e-03
14 61 2 0.90322980 0.82350892 1.43601948 0.72456046 0.63947784 2.105004069970e+00 1.782694395795e+00 2.214432298383e+01 1.208251572951e+00 7.021687108611e-03
14 62 2 0.90322980 0.82350892 1.43601948 0.72456046 0.63947784 2.877296328736e+00 1.806112022981e+00 2.420094699692e+01 9.247023445401e-01 6.766842917089e-03
14 63 2 0.90322980 0.82350892 1.43601948 0.72456046 0.63947784 3.302754959128e+00 1.878652625356e+00 2.439156205968e+01 1.234689964257e+00 6.335174422547e-03
15 0 2 0.94858391 0.84870272 1.42548526 0.76031766 0.65781234 6.103618284093e+00 2.136756086023e+00 2.129830684400e+01 1.317403669611e+00 4.832504418977e-03
15 1 2 0.94858391 0.84870272 1.42548526 0.76031766 0.65781234 2.293700623955e+00 2.055480018690e+00 1.938387978672e+01 1.091769033673e+00 3.829245066572e-03
15 2 2 0.94858391 0.84870272 1.42548526 0.76031766 0.65781234 2.086477799281e+00 1.863609285840e+00 1.683591140077e+01 1.264600292374e+00 3.318755318324e-03
15 3 2 0.94858391 0.84870272 1.42548526 0.76031766 0.65781234 4.507600932550e+00 1.688924380009e+00 1.408324353865e+01 9.678638308873e-01 3.433077442715e-03
15 4 2 0.94858391 0.84870272 1.42548526 0.76031766 0.65781234 3.819627512484e+00 1.632468803436e+00 1.147888502580e+01 1.216634872947e+00 3.806424106705e-03
15 5 2 0.94858391 0.84870272 1.42548526 0.76031766 0.65781234 4.628960120515e-01 1.617886164569e+00 9.367072638418e+00 8.630480561789e-01 4.160448651462e-03
15 6 2 0.94858391 0.84870272 1.42548526 0.76031766 0.65781234 1.220072763469e+00 1.542487262879e+00 7.820764705774e+00 1.169210249243e+00 4.322673454854e-03
15 7 2 0.94858391 0.84870272 1.42548526 0.76031766 0.65781234 5.908459651818e+00 1.468181777492e+00 7.044925114618e+00 8.448810947185e-01 3.981414002049e-03
15 8 2 0.94858391 0.84870272 1.42548526 0.76031766 0.65781234 7.156509635161e+00 1.413446046368e+00 7.130981862252e+00 1.101946197434e+00 3.270667157203e-03
15 9 2 0.94858391 0.84870272 1.42548526 0.76031766 0.65781234 3.730936752334e+00 1.325056851579e+00 7.756212917562e+00 7.779154581433e-01 2.776654309158e-03
15 10 2 0.94858391 0.84870272 1.42548526 0.76031766 0.65781234 1.335319582922e+00 1.224791166815e+00 8.777629190138e+00 9.712591597339e-01 2.700200426701e-03
15 11 2 0.94858391 0.84870272 1.42548526 0.76031766 0.65781234 2.798014575951e+00 1.152903449990e+00 1.001063041524e+01 7.290451970868e-01 2.881584804117e-03
15 12 2 0.94858391 0.84870272 1.42548526 0.76031766 0.65781234 4.199846886036e+00 1.147047219108e+00 1.124009557995e+01 8.383118047205e-01 3.219040264082e-03
15 13 2 0.94858391 0.84870272 1.42548526 0.76031766 0.65781234 1.974435898457e+00 1.189062472322e+00 1.232387796139e+01 7.049140091521e-01 3.428839433064e-03
15 14 2 0.94858391 0.84870272 1.42548526 0.76031766 0.65781234 4.292956902857e-02 1.188932658797e+00 1.302591502790e+01 7.594458000491e-01 3.210133825866e-03
15 15 2 0.94858391 0.84870272 1.42548526 0.76031766 0.65781234 2.383113510145e+00 1.136285415428e+00 1.302231259536e+01 7.180103793528e-01 2.808303871779e-03
15 16 2 0.94858391 0.84870272 1.42548526 0.76031766 0.65781234 4.807342378168e+00 1.077551318410e+00 1.228507436107e+01 6.881569983303e-01 2.623112031215e-03
15 17 2 0.94858391 0.84870272 1.42548526 0.76031766 0.65781234 2.997888397821e+00 1.042967351059e+00 1.113219253762e+01 7.305370737488e-01 2.642743654955e-03
15 18 2 0.94858391 0.84870272 1.42548526 0.76031766 0.65781234 2.887512252146e-01 1.054172678750e+00 9.767016729047e+00 6.153428685475e-01 2.769977650945e-03
15 19 2 0.94858391 0.84870272 1.42548526 0.76031766 0.65781234 1.237147437811e+00 1.068325064707e+00 8.412758597242e+00 7.175419275796e-01 2.989824689175e-03
15 20 2 0.94858391 0.84870272 1.42548526 0.76031766 0.65781234 4.151592473364e+00 1.049900980011e+00 7.082582374314e+00 5.623396285360e-01 3.110873658644e-03
15 21 2 0.94858391 0.84870272 1.42548526 0.76031766 0.65781234 3.990547279981e+00 1.021796846963e+00 5.805610040528e+00 7.243236240056e-01 3.028894607593e-03
15 22 2 0.94858391 0.84870272 1.42548526 0.76031766 0.65781234 1.192132047320e+00 9.757781244529e-01 4.922210125059e+00 5.484794081577e-01 2.947019749944e-03
15 23 2 0.94858391 0.84870272 1.42548526 0.76031766 0.65781234 9.788536512027e-01 9.208984279058e-01 4.430227323463e+00 7.054637209327e-01 2.975455239864e-03
15 24 2 0.94858391 0.84870272 1.42548526 0.76031766 0.65781234 3.360760226701e+00 8.901597487372e-01 4.362701742410e+00 4.973015640913e-01 3.097441415862e-03
15 25 2 0.94858391 0.84870272 1.42548526 0.76031766 0.65781234 3.255001532837e+00 8.651560990571e-01 4.799569865154e+00 6.358356639965e-01 3.450035626127e-03
15 26 2 0.94858391 0.84870272 1.42548526 0.76031766 0.65781234 6.845962395426e-01 8.413369022384e-01 5.608439969327e+00 4.814507403925e-01 3.963839686760e-03
15 27 2 0.94858391 0.84870272 1.42548526 0.76031766 0.65781234 4.233472168423e-01 8.356352607478e-01 6.657175050846e+00 6.031289330806e-01 4.122204161693e-03
15 28 2 0.94858391 0.84870272 1.42548526 0.76031766 0.65781234 3.289722659680e+00 8.331834680140e-01 7.653782608689e+00 4.922331866612e-01 3.567969119517e-03
15 29 2 0.94858391 0.84870272 1.42548526 0.76031766 0.65781234 4.696560724823e+00 8.036513160356e-01 8.501930849752e+00 5.651288599943e-01 2.457022561726e-03
15 30 2 0.94858391 0.84870272 1.42548526 0.76031766 0.65781234 2.334197555485e+00 7.372605549893e-01 9.050647070674e+00 4.942497538721e-01 1.185407474087e-03
15 31 2 0.94858391 0.84870272 1.42548526 0.76031766 0.65781234 4.570059004784e-01 7.130251537949e-01 9.300038756570e+00 5.107570089932e-01 2.984017236432e-04
15 32 2 0.94858391 0.84870272 1.42548526 0.76031766 0.65781234 2.343702627010e+00 7.997475304273e-01 9.573404661313e+00 5.382402089499e-01 3.218421163352e-04
15 33 2 0.94858391 0.84870272 1.42548526 0.76031766 0.65781234 3.894287686621e+00 8.987232622760e-01 9.463888757750e+00 5.330322251972e-01 1.241803958061e-03
15 34 2 0.94858391 0.84870272 1.42548526 0.76031766 0.65781234 1.870022734082e+00 9.144058512293e-01 8.745213957258e+00 6.108606482260e-01 2.525724576095e-03
15 35 2 0.94858391 0.84870272 1.42548526 0.76031766 0.65781234 3.204493594313e-02 8.937604467433e-01 7.756915170263e+00 5.167199906256e-01 3.639318142437e-03
15 36 2 0.94858391 0.84870272 1.42548526 0.76031766 0.65781234 1.677836235294e+00 8.946468502099e-01 6.613320124967e+00 6.553538215152e-01 4.185572085715e-03
15 37 2 0.94858391 0.84870272 1.42548526 0.76031766 0.65781234 3.868874774549e+00 9.248175099633e-01 5.592235852670e+00 5.110285501374e-01 4.015988789736e-03
15 38 2 0.94858391 0.84870272 1.42548526 0.76031766 0.65781234 2.712961711004e+00 9.594879074843e-01 4.872407169452e+00 7.054665509655e-01 3.513558582278e-03
15 39 2 0.94858391 0.84870272 1.42548526 0.76031766 0.65781234 2.173751095375e-01 9.825387815366e-01 4.532865044044e+00 5.336462405044e-01 3.197613392787e-03
15 40 2 0.94858391 0.84870272 1.42548526 0.76031766 0.65781234 1.197927304818e+00 1.011122480580e+00 4.624754188003e+00 7.444796199140e-01 3.115841067444e-03
15 41 2 0.94858391 0.84870272 1.42548526 0.76031766 0.65781234 4.184430003766e+00 1.026114512824e+00 5.109794421572e+00 5.266052524836e-01 3.122195062624e-03
15 42 2 0.94858391 0.84870272 1.42548526 0.76031766 0.65781234 3.833850092002e+00 1.015148984469e+00 6.111870153387e+00 7.296759430116e-01 3.222553972314e-03
15 43 2 0.94858391 0.84870272 1.42548526 0.76031766 0.65781234 1.221466533732e+00 1.010820554676e+00 7.422605005554e+00 5.554180484583e-01 3.284656412249e-03
15 44 2 0.94858391 0.84870272 1.42548526 0.76031766 0.65781234 1.411403765262e+00 1.006791413122e+00 8.928609272108e+00 7.556388202875e-01 3.119679479478e-03
15 45 2 0.94858391 0.84870272 1.42548526 0.76031766 0.65781234 3.973739623415e+00 1.014851484537e+00 1.066535846565e+01 6.283540194871e-01 2.873962235470e-03
15 46 2 0.94858391 0.84870272 1.42548526 0.76031766 0.65781234 4.137275149811e+00 1.068835673872e+00 1.225761385255e+01 7.659463303500e-01 2.749610919582e-03
15 47 2 0.94858391 0.84870272 1.42548526 0.76031766 0.65781234 1.206555766697e+00 1.130075079392e+00 1.340162214212e+01 6.917796635169e-01 2.760331255677e-03
15 48 2 0.94858391 0.84870272 1.42548526 0.76031766 0.65781234 2.045331089183e-01 1.163707960491e+00 1.384416919514e+01 7.635055641056e-01 3.013251613471e-03
15 49 2 0.94858391 0.84870272 1.42548526 0.76031766 0.65781234 3.321063648013e+00 1.166933893508e+00 1.357086404324e+01 7.909741556320e-01 3.484339317347e-03
15 50 2 0.94858391 0.84870272 1.42548526 0.76031766 0.65781234 5.103953712110e+00 1.164688959870e+00 1.288414813960e+01 7.886221631057e-01 3.707825939117e-03
15 51 2 0.94858391 0.84870272 1.42548526 0.76031766 0.65781234 2.690721574165e+00 1.234707295177e+00 1.190106947214e+01 9.288740114275e-01 3.439315719430e-03
15 52 2 0.94858391 0.84870272 1.42548526 0.76031766 0.65781234 1.261588448155e+00 1.369668496489e+00 1.064768218660e+01 8.441302877558e-01 3.034881188224e-03
15 53 2 0.94858391 0.84870272 1.42548526 0.76031766 0.65781234 3.819438459372e+00 1.486393948247e+00 9.296780133902e+00 1.065776827737e+00 2.819755710559e-03
15 54 2 0.94858391 0.84870272 1.42548526 0.76031766 0.65781234 5.944258146128e+00 1.558130698541e+00 8.148634965906e+00 8.575653680920e-01 2.929502164909e-03
15 55 2 0.94858391 0.84870272 1.42548526 0.76031766 0.65781234 3.823393696629e+00 1.591926105334e+00 7.430214777393e+00 1.157140343195e+00 3.522443221821e-03
15 56 2 0.94858391 0.84870272 1.42548526 0.76031766 0.65781234 5.754030817220e-01 1.641261330553e+00 7.501318364045e+00 8.641296977424e-01 4.320715273878e-03
15 57 2 0.94858391 0.84870272 1.42548526 0.76031766 0.65781234 1.820686046577e+00 1.718558483712e+00 8.473242059867e+00 1.191198114809e+00 4.678662415469e-03
15 58 2 0.94858391 0.84870272 1.42548526 0.76031766 0.65781234 5.223182936772e+00 1.753960585878e+00 1.012969689376e+01 9.257357683688e-01 4.484850496645e-03
15 59 2 0.94858391 0.84870272 1.42548526 0.76031766 0.65781234 4.178613585296e+00 1.810265395040e+00 1.252011152443e+01 1.318001346161e+00 4.072556693855e-03
15 60 2 0.94858391 0.84870272 1.42548526 0.76031766 0.65781234 7.614404739074e-01 1.958498553560e+00 1.540056055269e+01 1.045806459894e+00 3.629512549168e-03
15 61 2 0.94858391 0.84870272 1.42548526 0.76031766 0.65781234 1.698244435599e+00 2.074971268429e+00 1.839175358427e+01 1.374471693412e+00 3.501412628040e-03
15 62 2 0.94858391 0.84870272 1.42548526 0.76031766 0.65781234 5.767886039961e+00 2.059814797016e+00 2.110927115123e+01 1.189088885670e+00 4.087832128301e-03
15 63 2 0.94858391 0.84870272 1.42548526 0.76031766 0.65781234 6.722845397159e+00 1.967965282932e+00 2.330226774878e+01 1.417655376865e+00 5.210195933283e-03
20 0 2 1.04781059 0.88554688 1.29320533 0.85458316 0.69235156 8.861897474309e+00 2.701154879044e+00 8.073285926300e+00 1.803861448463e+00 1.965740060116e-03
20 1 2 1.04781059 0.88554688 1.29320533 0.85458316 0.69235156 8.317875979980e+00 3.100520771275e+00 6.920287255575e+00 2.163100863120e+00 2.241111520807e-03
20 2 2 1.04781059 0.88554688 1.29320533 0.85458316 0.69235156 6.720563501013e+00 3.095870507337e+00 6.401518040785e+00 1.569021292181e+00 2.561695690130e-03
20 3 2 1.04781059 0.88554688 1.29320533 0.85458316 0.69235156 4.692079264378e+00 2.786483834119e+00 6.014721113079e+00 1.999245175363e+00 2.808044120439e-03
20 4 2 1.04781059 0.88554688 1.29320533 0.85458316 0.69235156 2.620807678406e+00 2.351070668876e+00 5.776186298341e+00 1.453048985038e+00 2.989008597910e-03
20 5 2 1.04781059 0.88554688 1.29320533 0.85458316 0.69235156 1.447468730580e+00 1.877294778521e+00 5.715828230989e+00 1.794938960625e+00 3.217273928576e-03
20 6 2 1.04781059 0.88554688 1.29320533 0.85458316 0.69235156 1.272273651724e+00 1.454513932279e+00 5.992906499975e+00 1.467795368698e+00 3.506885867865e-03
20 7 2 1.04781059 0.88554688 1.29320533 0.85458316 0.69235156 2.062102851225e+00 1.255330202506e+00 6.742838508384e+00 1.621345215742e+00 3.622015903430e-03
20 8 2 1.04781059 0.88554688 1.29320533 0.85458316 0.69235156 3.672794936252e+00 1.356016956635e+00 7.789700670281e+00 1.465414484570e+00 3.244646259751e-03
20 9 2 1.04781059 0.88554688 1.29320533 0.85458316 0.69235156 5.040129804687e+00 1.617645471424e+00 9.005661978702e+00 1.373211748791e+00 2.368847457016e-03
20 10 2 1.04781059 0.88554688 1.29320533 0.85458316 0.69235156 5.953262251834e+00 1.834950209809e+00 9.761012713272e+00 1.426013235929e+00 1.424479867532e-03
20 11 2 1.04781059 0.88554688 1.29320533 0.85458316 0.69235156 6.031631492761e+00 1.886747326815e+00 9.827922728834e+00 1.178143135374e+00 8.797341507608e-04
20 12 2 1.04781059 0.88554688 1.29320533 0.85458316 0.69235156 4.980777848886e+00 1.752748381224e+00 9.400285767785e+00 1.413393157070e+00 7.910961534563e-04
20 13 2 1.04781059 0.88554688 1.29320533 0.85458316 0.69235156 3.716328215619e+00 1.490912000496e+00 8.951752576477e+00 1.074517830665e+00 8.832170362864e-04
20 14 2 1.04781059 0.88554688 1.29320533 0.85458316 0.69235156 2.356899806675e+00 1.198483829397e+00 8.365537609533e+00 1.362163365486e+00 9.870367161511e-04
20 15 2 1.04781059 0.88554688 1.29320533 0.85458316 0.69235156 1.175557387941e+00 9.717029464913e-01 7.863140812496e+00 9.935577433820e-01 1.185736835188e-03
20 16 2 1.04781059 0.88554688 1.29320533 0.85458316 0.69235156 8.359245341460e-01 8.828009375260e-01 7.243974929940e+00 1.276196693709e+00 1.541010606742e-03
20 17 2 1.04781059 0.88554688 1.29320533 0.85458316 0.69235156 1.197482240573e+00 9.636322158526e-01 6.350902338987e+00 9.819099091882e-01 1.901318054086e-03
20 18 2 1.04781059 0.88554688 1.29320533 0.85458316 0.69235156 2.132901763345e+00 1.202436749372e+00 5.259073961328e+00 1.139203410381e+00 2.054765498117e-03
20 19 2 1.04781059 0.88554688 1.29320533 0.85458316 0.69235156 3.328581172690e+00 1.520300711612e+00 4.228213153442e+00 9.856566315357e-01 1.920379130301e-03
20 20 2 1.04781059 0.88554688 1.29320533 0.85458316 0.69235156 4.069887666006e+00 1.764130371767e+00 3.445174779508e+00 1.033601166057e+00 1.537245471247e-03
20 21 2 1.04781059 0.88554688 1.29320533 0.85458316 0.69235156 4.441868005537e+00 1.813768517344e+00 3.103617264059e+00 1.029944541496e+00 1.026906563201e-03
20 22 2 1.04781059 0.88554688 1.29320533 0.85458316 0.69235156 4.179177360484e+00 1.663888634019e+00 3.129858032587e+00 8.776083145579e-01 6.424337413019e-04
20 23 2 1.04781059 0.88554688 1.29320533 0.85458316 0.69235156 3.198874665091e+00 1.357734177713e+00 3.381522086409e+00 1.015380071047e+00 6.889655643244e-04
20 24 2 1.04781059 0.88554688 1.29320533 0.85458316 0.69235156 2.157526891072e+00 9.625664339174e-01 3.654218082819e+00 8.080405220197e-01 1.251785905681e-03
20 25 2 1.04781059 0.88554688 1.29320533 0.85458316 0.69235156 1.172680850463e+00 6.138458071335e-01 3.881405554416e+00 1.054217093844e+00 2.070486246606e-03
20 26 2 1.04781059 0.88554688 1.29320533 0.85458316 0.69235156 6.246644784709e-01 4.512586751255e-01 4.161428208703e+00 7.883296160117e-01 2.755524482493e-03
20 27 2 1.04781059 0.88554688 1.29320533 0.85458316 0.69235156 8.329300146461e-01 5.366733738938e-01 4.630840806484e+00 9.978550486516e-01 3.042068382022e-03
20 28 2 1.04781059 0.88554688 1.29320533 0.85458316 0.69235156 1.484326357585e+00 8.355497801650e-01 5.293420028115e+00 7.715268717818e-01 2.800239626572e-03
20 29 2 1.04781059 0.88554688 1.29320533 0.85458316 0.69235156 2.465054643992e+00 1.196857699282e+00 6.002078592928e+00 9.280599419489e-01 2.008834121475e-03
20 30 2 1.04781059 0.88554688 1.29320533 0.85458316 0.69235156 3.331937682669e+00 1.463630601915e+00 6.483328754262e+00 7.784926778142e-01 9.181706592235e-04
20 31 2 1.04781059 0.88554688 1.29320533 0.85458316 0.69235156 3.701390885621e+00 1.633467215931e+00 6.568934963622e+00 8.077169152682e-01 1.116709752313e-04
20 32 2 1.04781059 0.88554688 1.29320533 0.85458316 0.69235156 3.907116686585e+00 1.725608053144e+00 6.501940697623e+00 8.684834018590e-01 1.258293339193e-04
20 33 2 1.04781059 0.88554688 1.29320533 0.85458316 0.69235156 3.482231736718e+00 1.617129306448e+00 6.177004506638e+00 8.540554999386e-01 9.526843696409e-04
20 34 2 1.04781059 0.88554688 1.29320533 0.85458316 0.69235156 2.434952573094e+00 1.255307087926e+00 5.764637061063e+00 9.948220467348e-01 2.050275297389e-03
20 35 2 1.04781059 0.88554688 1.29320533 0.85458316 0.69235156 1.469626279627e+00 8.260416650978e-01 5.402612816376e+00 8.091999292470e-01 2.843305887473e-03
20 36 2 1.04781059 0.88554688 1.29320533 0.85458316 0.69235156 7.500198797256e-01 5.470631917239e-01 5.120557136186e+00 1.059720562195e+00 3.084763191558e-03
20 37 2 1.04781059 0.88554688 1.29320533 0.85458316 0.69235156 6.809791597651e-01 5.031916609207e-01 4.673209837754e+00 8.059853615802e-01 2.789579071062e-03
20 38 2 1.04781059 0.88554688 1.29320533 0.85458316 0.69235156 1.301203963779e+00 6.861711903284e-01 4.104417289995e+00 1.059664973567e+00 2.090918289723e-03
20 39 2 1.04781059 0.88554688 1.29320533 0.85458316 0.69235156 2.238003027516e+00 1.017465915281e+00 3.467265649088e+00 8.185808282350e-01 1.272414486515e-03
20 40 2 1.04781059 0.88554688 1.29320533 0.85458316 0.69235156 3.451057253404e+00 1.386048206521e+00 3.026424157873e+00 1.078830250475e+00 7.315772311518e-04
20 41 2 1.04781059 0.88554688 1.29320533 0.85458316 0.69235156 4.365986684693e+00 1.700674007120e+00 2.988377606572e+00 9.371086498348e-01 7.078992862602e-04
20 42 2 1.04781059 0.88554688 1.29320533 0.85458316 0.69235156 4.598498629711e+00 1.859034676597e+00 3.350733011208e+00 1.096465879070e+00 1.092648618762e-03
20 43 2 1.04781059 0.88554688 1.29320533 0.85458316 0.69235156 4.390504244083e+00 1.785898716966e+00 4.046164370057e+00 1.040695305164e+00 1.589478148659e-03
20 44 2 1.04781059 0.88554688 1.29320533 0.85458316 0.69235156 3.422595592026e+00 1.537703449531e+00 4.867411723930e+00 1.038837549021e+00 1.974096255128e-03
20 45 2 1.04781059 0.88554688 1.29320533 0.85458316 0.69235156 2.168184668882e+00 1.246917072547e+00 5.697081720558e+00 1.186476422423e+00 2.132327367379e-03
20 46 2 1.04781059 0.88554688 1.29320533 0.85458316 0.69235156 1.257779771501e+00 1.012501079158e+00 6.539691295498e+00 1.043200177481e+00 2.004225438736e-03
20 47 2 1.04781059 0.88554688 1.29320533 0.85458316 0.69235156 8.335754391661e-01 9.106584373040e-01 7.364149161106e+00 1.322494333811e+00 1.653777745503e-03
20 48 2 1.04781059 0.88554688 1.29320533 0.85458316 0.69235156 1.334225468896e+00 1.000604243485e+00 8.363959169550e+00 1.047518137780e+00 1.294274863428e-03
20 49 2 1.04781059 0.88554688 1.29320533 0.85458316 0.69235156 2.515969675861e+00 1.275814678091e+00 9.408522484447e+00 1.448084942033e+00 1.078855231846e-03
20 50 2 1.04781059 0.88554688 1.29320533 0.85458316 0.69235156 3.990787865770e+00 1.647640143620e+00 1.020285809452e+01 1.125280890092e+00 9.435726225054e-04
20 51 2 1.04781059 0.88554688 1.29320533 0.85458316 0.69235156 5.694388425612e+00 1.965764643121e+00 1.051104953465e+01 1.509833920594e+00 8.225307267200e-04
20 52 2 1.04781059 0.88554688 1.29320533 0.85458316 0.69235156 6.597492571013e+00 2.086595328299e+00 1.039527755527e+01 1.262842069448e+00 9.219579070445e-04
20 53 2 1.04781059 0.88554688 1.29320533 0.85458316 0.69235156 6.340066892731e+00 1.965433163107e+00 9.615482306222e+00 1.575895370165e+00 1.532910848315e-03
20 54 2 1.04781059 0.88554688 1.29320533 0.85458316 0.69235156 5.404604056753e+00 1.690403033624e+00 8.645542866171e+00 1.508710932721e+00 2.568047978968e-03
20 55 2 1.04781059 0.88554688 1.29320533 0.85458316 0.69235156 3.665671111451e+00 1.450526343127e+00 7.925210114486e+00 1.581523650711e+00 3.512819344236e-03
20 56 2 1.04781059 0.88554688 1.29320533 0.85458316 0.69235156 2.108648025040e+00 1.417590803579e+00 7.375650082420e+00 1.730992098763e+00 3.917362490900e-03
20 57 2 1.04781059 0.88554688 1.29320533 0.85458316 0.69235156 1.357416014519e+00 1.613606175682e+00 6.928150989902e+00 1.526754697104e+00 3.793464912441e-03
20 58 2 1.04781059 0.88554688 1.29320533 0.85458316 0.69235156 1.518512469437e+00 1.979961206988e+00 6.435049014535e+00 1.940195392113e+00 3.468248539622e-03
20 59 2 1.04781059 0.88554688 1.29320533 0.85458316 0.69235156 2.999826531314e+00 2.503675615553e+00 6.071742972284e+00 1.597458426357e+00 3.188562182719e-03
20 60 2 1.04781059 0.88554688 1.29320533 0.85458316 0.69235156 5.188691071587e+00 3.088678652935e+00 5.960927802866e+00 2.201721665302e+00 2.963357178652e-03
20 61 2 1.04781059 0.88554688 1.29320533 0.85458316 0.69235156 7.450984698655e+00 3.443294770046e+00 6.440068400216e+00 1.718574592996e+00 2.703404119232e-03
20 62 2 1.04781059 0.88554688 1.29320533 0.85458316 0.69235156 9.224490940574e+00 3.320079136788e+00 7.627977971053e+00 2.378601600931e+00 2.399383148041e-03
20 63 2 1.04781059 0.88554688 1.29320533 0.85458316 0.69235156 9.357436572692e+00 2.772882344751e+00 9.627380690710e+00 1.918754080723e+00 2.143083873271e-03
21 0 2 0.78084474 0.70996487 1.12045024 0.65713077 0.57117974 1.963684900865e+00 9.852013374210e-01 8.730182190454e+00 6.394345917765e-01 2.109364607852e-03
21 1 2 0.78084474 0.70996487 1.12045024 0.65713077 0.57117974 1.778662645741e+00 9.451448344008e-01 8.565759758490e+00 5.934559569201e-01 2.098348013242e-03
21 2 2 0.78084474 0.70996487 1.12045024 0.65713077 0.57117974 1.319705057343e+00 9.076146734365e-01 7.968151192579e+00 6.081029877322e-01 2.171080812192e-03
21 3 2 0.78084474 0.70996487 1.12045024 0.65713077 0.57117974 8.617444743193e-01 8.593063445509e-01 7.029447418917e+00 5.758450870389e-01 2.392160875554e-03
21 4 2 0.78084474 0.70996487 1.12045024 0.65713077 0.57117974 7.462300680616e-01 8.209617003384e-01 5.894876037912e+00 5.563122929839e-01 2.640241672188e-03
21 5 2 0.78084474 0.70996487 1.12045024 0.65713077 0.57117974 6.428172031945e-01 7.947341065858e-01 4.732388801533e+00 5.229276670315e-01 2.887588810646e-03
21 6 2 0.78084474 0.70996487 1.12045024 0.65713077 0.57117974 7.884032376904e-01 7.519486281347e-01 3.699705136967e+00 5.095562798642e-01 3.064295335577e-03
21 7 2 0.78084474 0.70996487 1.12045024 0.65713077 0.57117974 1.119279635508e+00 7.136543490322e-01 2.918790019665e+00 4.919486489814e-01 2.868020472184e-03
21 8 2 0.78084474 0.70996487 1.12045024 0.65713077 0.57117974 1.234470744956e+00 6.882967944458e-01 2.462866781290e+00 4.616878564616e-01 2.256423218638e-03
21 9 2 0.78084474 0.70996487 1.12045024 0.65713077 0.57117974 1.458013208211e+00 6.619575424470e-01 2.354096158471e+00 4.647282869012e-01 1.593410559561e-03
21 10 2 0.78084474 0.70996487 1.12045024 0.65713077 0.57117974 1.547179933048e+00 6.412090701528e-01 2.566457653638e+00 4.412891356497e-01 1.126638475150e-03
21 11 2 0.78084474 0.70996487 1.12045024 0.65713077 0.57117974 1.264364062219e+00 6.196043762556e-01 3.030323354788e+00 4.393375810294e-01 9.044533211793e-04
21 12 2 0.78084474 0.70996487 1.12045024 0.65713077 0.57117974 1.056230624020e+00 6.031361036429e-01 3.639930727558e+00 4.085043397062e-01 9.769496976011e-04
21 13 2 0.78084474 0.70996487 1.12045024 0.65713077 0.57117974 8.400189667039e-01 5.966778823490e-01 4.267435934511e+00 4.027396896862e-01 1.231101542127e-03
21 14 2 0.78084474 0.70996487 1.12045024 0.65713077 0.57117974 5.189113634308e-01 5.793165585532e-01 4.784760593066e+00 3.760382415530e-01 1.450601820228e-03
21 15 2 0.78084474 0.70996487 1.12045024 0.65713077 0.57117974 4.538310815259e-01 5.631711233884e-01 5.088907302463e+00 3.672581347051e-01 1.636432684038e-03
21 16 2 0.78084474 0.70996487 1.12045024 0.65713077 0.57117974 4.551236903256e-01 5.579014987818e-01 5.122480816577e+00 3.649944417416e-01 1.839368346667e-03
21 17 2 0.78084474 0.70996487 1.12045024 0.65713077 0.57117974 5.399035134034e-01 5.463896584302e-01 4.882210587011e+00 3.597122946209e-01 1.948094827189e-03
21 18 2 0.78084474 0.70996487 1.12045024 0.65713077 0.57117974 8.107470413883e-01 5.336323761398e-01 4.413696729506e+00 3.590713046780e-01 1.948530261020e-03
21 19 2 0.78084474 0.70996487 1.12045024 0.65713077 0.57117974 9.221461848012e-01 5.168729399387e-01 3.796488961778e+00 3.359914198331e-01 1.950848514400e-03
21 20 2 0.78084474 0.70996487 1.12045024 0.65713077 0.57117974 9.594030944430e-01 4.923939661994e-01 3.126119120936e+00 3.323902117086e-01 1.921899047234e-03
21 21 2 0.78084474 0.70996487 1.12045024 0.65713077 0.57117974 1.034214231617e+00 4.760266332254e-01 2.498024789358e+00 3.167725321726e-01 1.817007817244e-03
21 22 2 0.78084474 0.70996487 1.12045024 0.65713077 0.57117974 8.698360317171e-01 4.608061202425e-01 1.994814049431e+00 3.234297140022e-01 1.742292271279e-03
21 23 2 0.78084474 0.70996487 1.12045024 0.65713077 0.57117974 6.667305156009e-01 4.414386776032e-01 1.676209137995e+00 3.082118073834e-01 1.722984031020e-03
21 24 2 0.78084474 0.70996487 1.12045024 0.65713077 0.57117974 5.692827561888e-01 4.237176645855e-01 1.571513075025e+00 2.992359911877e-01 1.695355719429e-03
21 25 2 0.78084474 0.70996487 1.12045024 0.65713077 0.57117974 3.803683083655e-01 4.001145349136e-01 1.676142402304e+00 2.935572912488e-01 1.728399238775e-03
21 26 2 0.78084474 0.70996487 1.12045024 0.65713077 0.57117974 3.275397225509e-01 3.807936097500e-01 1.954218779585e+00 2.896463725384e-01 1.846121840666e-03
21 27 2 0.78084474 0.70996487 1.12045024 0.65713077 0.57117974 4.053842170320e-01 3.755604797370e-01 2.347337179902e+00 2.922829767986e-01 1.847766409169e-03
21 28 2 0.78084474 0.70996487 1.12045024 0.65713077 0.57117974 4.639545507442e-01 3.741501750935e-01 2.786710880568e+00 2.840610053209e-01 1.588284852376e-03
21 29 2 0.78084474 0.70996487 1.12045024 0.65713077 0.57117974 6.560910648543e-01 3.729032837073e-01 3.204395461692e+00 2.892730986941e-01 1.131833386403e-03
21 30 2 0.78084474 0.70996487 1.12045024 0.65713077 0.57117974 8.127460472512e-01 3.658423511434e-01 3.540633693495e+00 2.696591141270e-01 6.057114058867e-04
21 31 2 0.78084474 0.70996487 1.12045024 0.65713077 0.57117974 8.095844816749e-01 3.632012853557e-01 3.747598987739e+00 2.735924498882e-01 2.205380948859e-04
21 32 2 0.78084474 0.70996487 1.12045024 0.65713077 0.57117974 8.997571624215e-01 3.846000696707e-01 3.792357060574e+00 2.806056637334e-01 2.287253750668e-04
21 33 2 0.78084474 0.70996487 1.12045024 0.65713077 0.57117974 8.529671570900e-01 4.080105713274e-01 3.661606645913e+00 2.997603269245e-01 6.255390215061e-04
21 34 2 0.78084474 0.70996487 1.12045024 0.65713077 0.57117974 6.340302999011e-01 4.170902846606e-01 3.367851532655e+00 3.004719339744e-01 1.158480673064e-03
21 35 2 0.78084474 0.70996487 1.12045024 0.65713077 0.57117974 5.262201418380e-01 4.270829244825e-01 2.953454958903e+00 2.981750694102e-01 1.621775217050e-03
21 36 2 0.78084474 0.70996487 1.12045024 0.65713077 0.57117974 3.980298907166e-01 4.420259644539e-01 2.488240918300e+00 3.062897550341e-01 1.883813544470e-03
21 37 2 0.78084474 0.70996487 1.12045024 0.65713077 0.57117974 3.255041313554e-01 4.649652226776e-01 2.058821629162e+00 3.025692919593e-01 1.882057839364e-03
21 38 2 0.78084474 0.70996487 1.12045024 0.65713077 0.57117974 4.592700684859e-01 4.890410374707e-01 1.751978966290e+00 3.199310174493e-01 1.773603840568e-03
21 39 2 0.78084474 0.70996487 1.12045024 0.65713077 0.57117974 5.728148449272e-01 4.995398808260e-01 1.637300559597e+00 3.224958275605e-01 1.757031515947e-03
21 40 2 0.78084474 0.70996487 1.12045024 0.65713077 0.57117974 7.746108082555e-01 5.073860332324e-01 1.754021327976e+00 3.402152441910e-01 1.797007415922e-03
21 41 2 0.78084474 0.70996487 1.12045024 0.65713077 0.57117974 1.067239414504e+00 5.153993935475e-01 2.104278738214e+00 3.319889689731e-01 1.828795497206e-03
21 42 2 0.78084474 0.70996487 1.12045024 0.65713077 0.57117974 1.108631661185e+00 5.213100888791e-01 2.652211039784e+00 3.466618638966e-01 1.919016821322e-03
21 43 2 0.78084474 0.70996487 1.12045024 0.65713077 0.57117974 1.116754030324e+00 5.350220581366e-01 3.327614244365e+00 3.565782441516e-01 2.028767918041e-03
21 44 2 0.78084474 0.70996487 1.12045024 0.65713077 0.57117974 1.087154779541e+00 5.434657637778e-01 4.034134229769e+00 3.680106062327e-01 2.051075016750e-03
21 45 2 0.78084474 0.70996487 1.12045024 0.65713077 0.57117974 8.021126775734e-01 5.443529749766e-01 4.663062427415e+00 3.783949659723e-01 2.045068875821e-03
21 46 2 0.78084474 0.70996487 1.12045024 0.65713077 0.57117974 5.991120132248e-01 5.512047420627e-01 5.112612045293e+00 3.759086862718e-01 2.042665096969e-03
21 47 2 0.78084474 0.70996487 1.12045024 0.65713077 0.57117974 5.431760039320e-01 5.578031058249e-01 5.309192570382e+00 3.948752539772e-01 1.930024779317e-03
21 48 2 0.78084474 0.70996487 1.12045024 0.65713077 0.57117974 4.731459463399e-01 5.735905512720e-01 5.224275405211e+00 4.034002209845e-01 1.732141212650e-03
21 49 2 0.78084474 0.70996487 1.12045024 0.65713077 0.57117974 6.833230038166e-01 5.977004206262e-01 4.880897702004e+00 4.438018055555e-01 1.553320491154e-03
21 50 2 0.78084474 0.70996487 1.12045024 0.65713077 0.57117974 9.507788930278e-01 6.112411070850e-01 4.348183951430e+00 4.486811049048e-01 1.321002075041e-03
21 51 2 0.78084474 0.70996487 1.12045024 0.65713077 0.57117974 1.171747656951e+00 6.334080987358e-01 3.727655660157e+00 4.735594187087e-01 1.043108486433e-03
21 52 2 0.78084474 0.70996487 1.12045024 0.65713077 0.57117974 1.572221474516e+00 6.674862180395e-01 3.137513737931e+00 4.834686909498e-01 9.604339090226e-04
21 53 2 0.78084474 0.70996487 1.12045024 0.65713077 0.57117974 1.693936640206e+00 6.963252703684e-01 2.698750212238e+00 4.999265025303e-01 1.192918493755e-03
21 54 2 0.78084474 0.70996487 1.12045024 0.65713077 0.57117974 1.533002693468e+00 7.298143498685e-01 2.522171774080e+00 5.149463777866e-01 1.698066087636e-03
21 55 2 0.78084474 0.70996487 1.12045024 0.65713077 0.57117974 1.480238095521e+00 7.642299088447e-01 2.692816191866e+00 5.362481351810e-01 2.425024550674e-03
21 56 2 0.78084474 0.70996487 1.12045024 0.65713077 0.57117974 1.182857200113e+00 8.016572745452e-01 3.250719076258e+00 5.790066290880e-01 3.085446920636e-03
21 57 2 0.78084474 0.70996487 1.12045024 0.65713077 0.57117974 8.226741875369e-01 8.442825932662e-01 4.172887793909e+00 5.818728517548e-01 3.288903436320e-03
21 58 2 0.78084474 0.70996487 1.12045024 0.65713077 0.57117974 7.907378625433e-01 8.687401714092e-01 5.365513328732e+00 6.231712657508e-01 3.100057083280e-03
21 59 2 0.78084474 0.70996487 1.12045024 0.65713077 0.57117974 7.552379363556e-01 8.968837117807e-01 6.673604704131e+00 6.394532615892e-01 2.834077841007e-03
21 60 2 0.78084474 0.70996487 1.12045024 0.65713077 0.57117974 1.022454789620e+00 9.411438740032e-01 7.907842831205e+00 6.716984599786e-01 2.555520977613e-03
21 61 2 0.78084474 0.70996487 1.12045024 0.65713077 0.57117974 1.541366861937e+00 9.695256668735e-01 8.880666370570e+00 6.688494932394e-01 2.311264236762e-03
21 62 2 0.78084474 0.70996487 1.12045024 0.65713077 0.57117974 1.848921205385e+00 9.945697040769e-01 9.440947461538e+00 7.085031880412e-01 2.232644221528e-03
21 63 2 0.78084474 0.70996487 1.12045024 0.65713077 0.57117974 2.275777681196e+00 1.022899203730e+00 9.500224326008e+00 7.563543597982e-01 2.240855447993e-03
26 0 2 1.51512369 1.65192516 5.61823476 0.94128074 1.01457640 1.850496879355e+01 3.056430276481e+01 2.703322398710e+03 3.113260383827e+00 3.359365851349e+00
26 1 2 1.51512369 1.65192516 5.61823476 0.94128074 1.01457640 1.803263784283e+01 2.822086764090e+01 2.619749751322e+03 2.856423659811e+00 3.248904458493e+00
26 2 2 1.51512369 1.65192516 5.61823476 0.94128074 1.01457640 1.741433814962e+01 2.662555947556e+01 2.533350009814e+03 2.673887584384e+00 3.156284421961e+00
26 3 2 1.51512369 1.65192516 5.61823476 0.94128074 1.01457640 1.746922350565e+01 2.436660930102e+01 2.450201179830e+03 2.490081676629e+00 3.074508055651e+00
26 4 2 1.51512369 1.65192516 5.61823476 0.94128074 1.01457640 1.614995734007e+01 2.254496356232e+01 2.369327725627e+03 2.310169180450e+00 2.996793822474e+00
26 5 2 1.51512369 1.65192516 5.61823476 0.94128074 1.01457640 1.590762412184e+01 2.036831931911e+01 2.287606090159e+03 2.124946381163e+00 2.908258451719e+00
26 6 2 1.51512369 1.65192516 5.61823476 0.94128074 1.01457640 1.523577986173e+01 1.864492751729e+01 2.210773217913e+03 2.012080635028e+00 2.788807204209e+00
26 7 2 1.51512369 1.65192516 5.61823476 0.94128074 1.01457640 1.464362002030e+01 1.720858326249e+01 2.134509507667e+03 1.836590474725e+00 2.646372166258e+00
26 8 2 1.51512369 1.65192516 5.61823476 0.94128074 1.01457640 1.376600584422e+01 1.637851810504e+01 2.061992429082e+03 1.706724755732e+00 2.511356841799e+00
26 9 2 1.51512369 1.65192516 5.61823476 0.94128074 1.01457640 1.351023903959e+01 1.520714086484e+01 1.992997649082e+03 1.675840100316e+00 2.399484559148e+00
26 10 2 1.51512369 1.65192516 5.61823476 0.94128074 1.01457640 1.335889587667e+01 1.422719574416e+01 1.925925901480e+03 1.513597908094e+00 2.311649893623e+00
26 11 2 1.51512369 1.65192516 5.61823476 0.94128074 1.01457640 1.214162034843e+01 1.351573800431e+01 1.864631782260e+03 1.469897184339e+00 2.246845209213e+00
26 12 2 1.51512369 1.65192516 5.61823476 0.94128074 1.01457640 1.216586893330e+01 1.292394643532e+01 1.804508178712e+03 1.456708688624e+00 2.190629167641e+00
26 13 2 1.51512369 1.65192516 5.61823476 0.94128074 1.01457640 1.167022136776e+01 1.263099175879e+01 1.750246171459e+03 1.393367993960e+00 2.120665377195e+00
26 14 2 1.51512369 1.65192516 5.61823476 0.94128074 1.01457640 1.143024448481e+01 1.226787562693e+01 1.696690397478e+03 1.399956188057e+00 2.032155195645e+00
26 15 2 1.51512369 1.65192516 5.61823476 0.94128074 1.01457640 1.049454260410e+01 1.226697443141e+01 1.649664314460e+03 1.389533961942e+00 1.932990041150e+00
26 16 2 1.51512369 1.65192516 5.61823476 0.94128074 1.01457640 1.088195548640e+01 1.188708428409e+01 1.602009745532e+03 1.414269157768e+00 1.827712518374e+00
26 17 2 1.51512369 1.65192516 5.61823476 0.94128074 1.01457640 1.057854767532e+01 1.199001834022e+01 1.560415788055e+03 1.427762283595e+00 1.726887661274e+00
26 18 2 1.51512369 1.65192516 5.61823476 0.94128074 1.01457640 1.031806847153e+01 1.187373575499e+01 1.519334805114e+03 1.448703270075e+00 1.647176320448e+00
26 19 2 1.51512369 1.65192516 5.61823476 0.94128074 1.01457640 9.863236512945e+00 1.229346838614e+01 1.482170133588e+03 1.461465259073e+00 1.590281150357e+00
26 20 2 1.51512369 1.65192516 5.61823476 0.94128074 1.01457640 1.011274951039e+01 1.232837743410e+01 1.446791089880e+03 1.473018019357e+00 1.545148761990e+00
26 21 2 1.51512369 1.65192516 5.61823476 0.94128074 1.01457640 9.688092129684e+00 1.282858143518e+01 1.414777365855e+03 1.518046531298e+00 1.506506762507e+00
26 22 2 1.51512369 1.65192516 5.61823476 0.94128074 1.01457640 9.202625443423e+00 1.313362810201e+01 1.384678303667e+03 1.479651734997e+00 1.472336437976e+00
26 23 2 1.51512369 1.65192516 5.61823476 0.94128074 1.01457640 9.086009492475e+00 1.339144371376e+01 1.358438965571e+03 1.482965208931e+00 1.439705515530e+00
26 24 2 1.51512369 1.65192516 5.61823476 0.94128074 1.01457640 8.977581524578e+00 1.355987596018e+01 1.334215032160e+03 1.518323337133e+00 1.413965029300e+00
26 25 2 1.51512369 1.65192516 5.61823476 0.94128074 1.01457640 8.810559588640e+00 1.390732911691e+01 1.313808094563e+03 1.467883950221e+00 1.400877980750e+00
26 26 2 1.51512369 1.65192516 5.61823476 0.94128074 1.01457640 8.321942457853e+00 1.419323010496e+01 1.297223773773e+03 1.479650333926e+00 1.390347139733e+00
26 27 2 1.51512369 1.65192516 5.61823476 0.94128074 1.01457640 8.553721336643e+00 1.442466459041e+01 1.282702751106e+03 1.486826051273e+00 1.368502625862e+00
26 28 2 1.51512369 1.65192516 5.61823476 0.94128074 1.01457640 8.213622636243e+00 1.467344210915e+01 1.273853170062e+03 1.451212979615e+00 1.336566115477e+00
26 29 2 1.51512369 1.65192516 5.61823476 0.94128074 1.01457640 8.136165107040e+00 1.480152312067e+01 1.266907148706e+03 1.504020906364e+00 1.305825288960e+00
26 30 2 1.51512369 1.65192516 5.61823476 0.94128074 1.01457640 8.015037995942e+00 1.490332554284e+01 1.265655118440e+03 1.498683037369e+00 1.290762504366e+00
26 31 2 1.51512369 1.65192516 5.61823476 0.94128074 1.01457640 8.218007668453e+00 1.469981109452e+01 1.265235555583e+03 1.478514328338e+00 1.307795078619e+00
26 32 2 1.51512369 1.65192516 5.61823476 0.94128074 1.01457640 8.180757920001e+00 1.522408233940e+01 1.272947635251e+03 1.543710923417e+00 1.358840766163e+00
26 33 2 1.51512369 1.65192516 5.61823476 0.94128074 1.01457640 8.368029587059e+00 1.529139413074e+01 1.278824159526e+03 1.569545007490e+00 1.421648648995e+00
26 34 2 1.51512369 1.65192516 5.61823476 0.94128074 1.01457640 8.611046680140e+00 1.542068114781e+01 1.292661411069e+03 1.549539027740e+00 1.472201736749e+00
26 35 2 1.51512369 1.65192516 5.61823476 0.94128074 1.01457640 8.816480687612e+00 1.509961353140e+01 1.306886672800e+03 1.583018906803e+00 1.504024818971e+00
26 36 2 1.51512369 1.65192516 5.61823476 0.94128074 1.01457640 8.815372589838e+00 1.516706008690e+01 1.325232259132e+03 1.629164997863e+00 1.521682736571e+00
26 37 2 1.51512369 1.65192516 5.61823476 0.94128074 1.01457640 8.975997500600e+00 1.483393110927e+01 1.345554603606e+03 1.586922241709e+00 1.536595126703e+00
26 38 2 1.51512369 1.65192516 5.61823476 0.94128074 1.01457640 9.431257987918e+00 1.472912789487e+01 1.369832574932e+03 1.609818484266e+00 1.565495262326e+00
26 39 2 1.51512369 1.65192516 5.61823476 0.94128074 1.01457640 9.203207276042e+00 1.446674191198e+01 1.394584953216e+03 1.602720949768e+00 1.612945633644e+00
26 40 2 1.51512369 1.65192516 5.61823476 0.94128074 1.01457640 9.540007756814e+00 1.432061250205e+01 1.424026585428e+03 1.543234945238e+00 1.666638241457e+00
26 41 2 1.51512369 1.65192516 5.61823476 0.94128074 1.01457640 9.713262349635e+00 1.386951071220e+01 1.453596107269e+03 1.559488689524e+00 1.719986920572e+00
26 42 2 1.51512369 1.65192516 5.61823476 0.94128074 1.01457640 1.022843437211e+01 1.348821422913e+01 1.487960971247e+03 1.502797312107e+00 1.778855898380e+00
26 43 2 1.51512369 1.65192516 5.61823476 0.94128074 1.01457640 9.841715358536e+00 1.325415273092e+01 1.522565222146e+03 1.458028716080e+00 1.846070973790e+00
26 44 2 1.51512369 1.65192516 5.61823476 0.94128074 1.01457640 1.024661559836e+01 1.307079913271e+01 1.562047764679e+03 1.436251519422e+00 1.921959465752e+00
26 45 2 1.51512369 1.65192516 5.61823476 0.94128074 1.01457640 1.059566103623e+01 1.286274727421e+01 1.602652937008e+03 1.402810795039e+00 2.008752291022e+00
26 46 2 1.51512369 1.65192516 5.61823476 0.94128074 1.01457640 1.087783690505e+01 1.281034326810e+01 1.647629476274e+03 1.395164259122e+00 2.096851444810e+00
26 47 2 1.51512369 1.65192516 5.61823476 0.94128074 1.01457640 1.082342366010e+01 1.285453634740e+01 1.695206494698e+03 1.379248502721e+00 2.168055170946e+00
26 48 2 1.51512369 1.65192516 5.61823476 0.94128074 1.01457640 1.160483774083e+01 1.264228303409e+01 1.745726808948e+03 1.391782299672e+00 2.219589343416e+00
26 49 2 1.51512369 1.65192516 5.61823476 0.94128074 1.01457640 1.234029265412e+01 1.282810665370e+01 1.800994671636e+03 1.414055616458e+00 2.260983687145e+00
26 50 2 1.51512369 1.65192516 5.61823476 0.94128074 1.01457640 1.249640988927e+01 1.282634740849e+01 1.857935978789e+03 1.484562960709e+00 2.297643062833e+00
26 51 2 1.51512369 1.65192516 5.61823476 0.94128074 1.01457640 1.295741321687e+01 1.347778364243e+01 1.918851562765e+03 1.537855435860e+00 2.341237660756e+00
26 52 2 1.51512369 1.65192516 5.61823476 0.94128074 1.01457640 1.364738486411e+01 1.388533984451e+01 1.983463495657e+03 1.570510882327e+00 2.411408162331e+00
26 53 2 1.51512369 1.65192516 5.61823476 0.94128074 1.01457640 1.444976767023e+01 1.490416635490e+01 2.049164145003e+03 1.732035024585e+00 2.509633399622e+00
26 54 2 1.51512369 1.65192516 5.61823476 0.94128074 1.01457640 1.415233221234e+01 1.581595138972e+01 2.118756803110e+03 1.835251436586e+00 2.618823358270e+00
26 55 2 1.51512369 1.65192516 5.61823476 0.94128074 1.01457640 1.545465517851e+01 1.688041163426e+01 2.190325120753e+03 1.895389307357e+00 2.725481893184e+00
26 56 2 1.51512369 1.65192516 5.61823476 0.94128074 1.01457640 1.576316363985e+01 1.820483300378e+01 2.262203096283e+03 2.094041400703e+00 2.815341983612e+00
26 57 2 1.51512369 1.65192516 5.61823476 0.94128074 1.01457640 1.655809880792e+01 2.030326491955e+01 2.339512507334e+03 2.229771518057e+00 2.873734569100e+00
26 58 2 1.51512369 1.65192516 5.61823476 0.94128074 1.01457640 1.662105823785e+01 2.226141335245e+01 2.412859428887e+03 2.373168279981e+00 2.914269932071e+00
26 59 2 1.51512369 1.65192516 5.61823476 0.94128074 1.01457640 1.778689752161e+01 2.429146014973e+01 2.494743670930e+03 2.586284743884e+00 2.971251127337e+00
26 60 2 1.51512369 1.65192516 5.61823476 0.94128074 1.01457640 1.795305552643e+01 2.617503966995e+01 2.572089209058e+03 2.736719436061e+00 3.057570597709e+00
26 61 2 1.51512369 1.65192516 5.61823476 0.94128074 1.01457640 1.835078915083e+01 2.823237366600e+01 2.657186382051e+03 2.946159794116e+00 3.165613233556e+00
26 62 2 1.51512369 1.65192516 5.61823476 0.94128074 1.01457640 1.925562814187e+01 3.050195923381e+01 2.739987087306e+03 3.198762436528e+00 3.288784019562e+00
26 63 2 1.51512369 1.65192516 5.61823476 0.94128074 1.01457640 2.030621261848e+01 3.284549391589e+01 2.832073558299e+03 3.405365704279e+00 3.412282024426e+00
27 0 2 0.92185810 0.85798381 1.63736713 0.72335204 0.65605510 3.695160160857e+00 1.878583878464e+00 3.591259053406e+01 1.021421071944e+00 2.047414751690e-02
27 1 2 0.92185810 0.85798381 1.63736713 0.72335204 0.65605510 1.635014974023e+00 1.812089717361e+00 3.536324677362e+01 9.773041698693e-01 1.935662603493e-02
27 2 2 0.92185810 0.85798381 1.63736713 0.72335204 0.65605510 1.712336170796e+00 1.813894046116e+00 3.373985785503e+01 9.284080040691e-01 1.725766129975e-02
27 3 2 0.92185810 0.85798381 1.63736713 0.72335204 0.65605510 1.906714853089e+00 1.751287932910e+00 3.057050075705e+01 8.804073449374e-01 1.513344750072e-02
27 4 2 0.92185810 0.85798381 1.63736713 0.72335204 0.65605510 1.014069179569e+00 1.654473631298e+00 2.634980844721e+01 8.738193720958e-01 1.345927173123e-02
27 5 2 0.92185810 0.85798381 1.63736713 0.72335204 0.65605510 2.194587033463e+00 1.635398462278e+00 2.184395424771e+01 8.433132337026e-01 1.273334829485e-02
27 6 2 0.92185810 0.85798381 1.63736713 0.72335204 0.65605510 2.815100062861e+00 1.597016997284e+00 1.769036173744e+01 8.236422554028e-01 1.274971004525e-02
27 7 2 0.92185810 0.85798381 1.63736713 0.72335204 0.65605510 2.002783616689e+00 1.527092246023e+00 1.440566932000e+01 7.927636348765e-01 1.244864562258e-02
27 8 2 0.92185810 0.85798381 1.63736713 0.72335204 0.65605510 3.195301708660e+00 1.502095084709e+00 1.238586414052e+01 7.491148078291e-01 1.162981867520e-02
27 9 2 0.92185810 0.85798381 1.63736713 0.72335204 0.65605510 3.507200468460e+00 1.481728566870e+00 1.172817022943e+01 7.000536852871e-01 1.106134200824e-02
27 10 2 0.92185810 0.85798381 1.63736713 0.72335204 0.65605510 1.934787076628e+00 1.444132382177e+00 1.247051800280e+01 6.838980689000e-01 1.103346682924e-02
27 11 2 0.92185810 0.85798381 1.63736713 0.72335204 0.65605510 2.179603045426e+00 1.394546751367e+00 1.385355449279e+01 6.856467676800e-01 1.150152908551e-02
27 12 2 0.92185810 0.85798381 1.63736713 0.72335204 0.65605510 2.137570628153e+00 1.340587011342e+00 1.572656973620e+01 6.687347130845e-01 1.253008029988e-02
27 13 2 0.92185810 0.85798381 1.63736713 0.72335204 0.65605510 7.670901248646e-01 1.306044911878e+00 1.790566048694e+01 6.568948195211e-01 1.363050949749e-02
27 14 2 0.92185810 0.85798381 1.63736713 0.72335204 0.65605510 1.149659105016e+00 1.260345820175e+00 1.991987110520e+01 6.292721691916e-01 1.418279388142e-02
27 15 2 0.92185810 0.85798381 1.63736713 0.72335204 0.65605510 1.321851600121e+00 1.206963249237e+00 2.101515152825e+01 6.028426226281e-01 1.439721120666e-02
27 16 2 0.92185810 0.85798381 1.63736713 0.72335204 0.65605510 7.283834531049e-01 1.182404889518e+00 2.095826064382e+01 5.670355047018e-01 1.454752157440e-02
27 17 2 0.92185810 0.85798381 1.63736713 0.72335204 0.65605510 1.829227647911e+00 1.156994718849e+00 2.011908206625e+01 5.533504169840e-01 1.434972870364e-02
27 18 2 0.92185810 0.85798381 1.63736713 0.72335204 0.65605510 2.125947458601e+00 1.116807674230e+00 1.846125701716e+01 5.320359940565e-01 1.383675419242e-02
27 19 2 0.92185810 0.85798381 1.63736713 0.72335204 0.65605510 1.348071767325e+00 1.074709859168e+00 1.630929923471e+01 5.273563630008e-01 1.335114022918e-02
27 20 2 0.92185810 0.85798381 1.63736713 0.72335204 0.65605510 2.292488264454e+00 1.033745765286e+00 1.376708904978e+01 5.126310823059e-01 1.273644665956e-02
27 21 2 0.92185810 0.85798381 1.63736713 0.72335204 0.65605510 2.333444206120e+00 1.006941758403e+00 1.135923558502e+01 5.077947207412e-01 1.182801535002e-02
27 22 2 0.92185810 0.85798381 1.63736713 0.72335204 0.65605510 1.089289135773e+00 9.798341503946e-01 9.404340034041e+00 4.965879746268e-01 1.093824337615e-02
27 23 2 0.92185810 0.85798381 1.63736713 0.72335204 0.65605510 1.461293796375e+00 9.373039425901e-01 8.113947332482e+00 4.854758782379e-01 1.016816769983e-02
27 24 2 0.92185810 0.85798381 1.63736713 0.72335204 0.65605510 1.371260436836e+00 8.930977364480e-01 7.712860718699e+00 4.721125554136e-01 9.422752925325e-03
27 25 2 0.92185810 0.85798381 1.63736713 0.72335204 0.65605510 4.451169808596e-01 8.610252978347e-01 8.052173037014e+00 4.692159145162e-01 9.003235972202e-03
27 26 2 0.92185810 0.85798381 1.63736713 0.72335204 0.65605510 1.013949237118e+00 8.501055026513e-01 9.042873229721e+00 4.766182073580e-01 9.007601587058e-03
27 27 2 0.92185810 0.85798381 1.63736713 0.72335204 0.65605510 1.034453005785e+00 8.409166101568e-01 1.070118160463e+01 4.618452337996e-01 8.841683737271e-03
27 28 2 0.92185810 0.85798381 1.63736713 0.72335204 0.65605510 6.630470250124e-01 8.306340513949e-01 1.264641452841e+01 4.485031206038e-01 8.063824040645e-03
27 29 2 0.92185810 0.85798381 1.63736713 0.72335204 0.65605510 1.775453194111e+00 8.310940879647e-01 1.437398571013e+01 4.219023095417e-01 6.792149611081e-03
27 30 2 0.92185810 0.85798381 1.63736713 0.72335204 0.65605510 1.744549266400e+00 8.006708065986e-01 1.555412929494e+01 4.090514154698e-01 5.318458281324e-03
27 31 2 0.92185810 0.85798381 1.63736713 0.72335204 0.65605510 1.085994265143e+00 7.758694816704e-01 1.604895259377e+01 3.946715860256e-01 4.249405517617e-03
27 32 2 0.92185810 0.85798381 1.63736713 0.72335204 0.65605510 2.136797702121e+00 8.357753720407e-01 1.636310793234e+01 4.350345102608e-01 4.345591343113e-03
27 33 2 0.92185810 0.85798381 1.63736713 0.72335204 0.65605510 1.984349881784e+00 8.975537162788e-01 1.589715259576e+01 4.560560641328e-01 5.560986715146e-03
27 34 2 0.92185810 0.85798381 1.63736713 0.72335204 0.65605510 9.016419006986e-01 8.993829619950e-01 1.445115313648e+01 4.873537182518e-01 7.102183161789e-03
27 35 2 0.92185810 0.85798381 1.63736713 0.72335204 0.65605510 1.380464156040e+00 9.096963506554e-01 1.262595822007e+01 4.802937576782e-01 8.389251085395e-03
27 36 2 0.92185810 0.85798381 1.63736713 0.72335204 0.65605510 1.096760881174e+00 9.338809693532e-01 1.076972587731e+01 4.926357106714e-01 9.143849960715e-03
27 37 2 0.92185810 0.85798381 1.63736713 0.72335204 0.65605510 4.069227519353e-01 9.542432819749e-01 9.312044129467e+00 4.686586278755e-01 9.287725300534e-03
27 38 2 0.92185810 0.85798381 1.63736713 0.72335204 0.65605510 1.191148286809e+00 9.924689891740e-01 8.280728847655e+00 4.820994678189e-01 9.332332735056e-03
27 39 2 0.92185810 0.85798381 1.63736713 0.72335204 0.65605510 1.053431410779e+00 1.034665533454e+00 7.875918018746e+00 4.855674988984e-01 9.864843923002e-03
27 40 2 0.92185810 0.85798381 1.63736713 0.72335204 0.65605510 9.365905562561e-01 1.063163433792e+00 8.408183896784e+00 5.098012642470e-01 1.072729691084e-02
27 41 2 0.92185810 0.85798381 1.63736713 0.72335204 0.65605510 2.306888483900e+00 1.076541027808e+00 9.865611584104e+00 5.066731087362e-01 1.161414530380e-02
27 42 2 0.92185810 0.85798381 1.63736713 0.72335204 0.65605510 2.093271588244e+00 1.088506147675e+00 1.199286061119e+01 5.260644662984e-01 1.261450520821e-02
27 43 2 0.92185810 0.85798381 1.63736713 0.72335204 0.65605510 1.558757631761e+00 1.117734997501e+00 1.466313786802e+01 5.306356908860e-01 1.356741174308e-02
27 44 2 0.92185810 0.85798381 1.63736713 0.72335204 0.65605510 2.688713170056e+00 1.147627953862e+00 1.732758448318e+01 5.511722262910e-01 1.416171106324e-02
27 45 2 0.92185810 0.85798381 1.63736713 0.72335204 0.65605510 2.126071634936e+00 1.170016475055e+00 1.977831358862e+01 5.713307406582e-01 1.462675449690e-02
27 46 2 0.92185810 0.85798381 1.63736713 0.72335204 0.65605510 1.014908478204e+00 1.187175265066e+00 2.164640710682e+01 5.943984790412e-01 1.512271679324e-02
27 47 2 0.92185810 0.85798381 1.63736713 0.72335204 0.65605510 1.636739246927e+00 1.204650933865e+00 2.259682327077e+01 6.239232962934e-01 1.530321875705e-02
27 48 2 0.92185810 0.85798381 1.63736713 0.72335204 0.65605510 1.135697920662e+00 1.250133115920e+00 2.239083763698e+01 6.465587840520e-01 1.518639202947e-02
27 49 2 0.92185810 0.85798381 1.63736713 0.72335204 0.65605510 6.563379521364e-01 1.295634170332e+00 2.091460117129e+01 6.661800741333e-01 1.502676445450e-02
27 50 2 0.92185810 0.85798381 1.63736713 0.72335204 0.65605510 1.860952071579e+00 1.318726961844e+00 1.896504661532e+01 6.651160919556e-01 1.445233703707e-02
27 51 2 0.92185810 0.85798381 1.63736713 0.72335204 0.65605510 1.664230118161e+00 1.360405766079e+00 1.679375010980e+01 6.897731732287e-01 1.327414734195e-02
27 52 2 0.92185810 0.85798381 1.63736713 0.72335204 0.65605510 1.821309232881e+00 1.404571665065e+00 1.465491704254e+01 6.918440771984e-01 1.219491608148e-02
27 53 2 0.92185810 0.85798381 1.63736713 0.72335204 0.65605510 3.603788410533e+00 1.432320675458e+00 1.281790769140e+01 7.338084745753e-01 1.170590807025e-02
27 54 2 0.92185810 0.85798381 1.63736713 0.72335204 0.65605510 3.103492714531e+00 1.462348068618e+00 1.221182707625e+01 7.755444451948e-01 1.175662263447e-02
27 55 2 0.92185810 0.85798381 1.63736713 0.72335204 0.65605510 2.424349864755e+00 1.503095536384e+00 1.318456001720e+01 8.422404331844e-01 1.241848314005e-02
27 56 2 0.92185810 0.85798381 1.63736713 0.72335204 0.65605510 3.648652219984e+00 1.584004236527e+00 1.558376313485e+01 8.422559943166e-01 1.331638075276e-02
27 57 2 0.92185810 0.85798381 1.63736713 0.72335204 0.65605510 2.653266985350e+00 1.655010851962e+00 1.935195292824e+01 8.766861235311e-01 1.363619933476e-02
27 58 2 0.92185810 0.85798381 1.63736713 0.72335204 0.65605510 1.383045171283e+00 1.690787578567e+00 2.396510800447e+01 8.906536798087e-01 1.369849242607e-02
27 59 2 0.92185810 0.85798381 1.63736713 0.72335204 0.65605510 2.184616331764e+00 1.793705319929e+00 2.888341420448e+01 9.291163204544e-01 1.461471122241e-02
27 60 2 0.92185810 0.85798381 1.63736713 0.72335204 0.65605510 1.516869628035e+00 1.893054260564e+00 3.331466526659e+01 9.624737145830e-01 1.649707022153e-02
27 61 2 0.92185810 0.85798381 1.63736713 0.72335204 0.65605510 1.347134900530e+00 1.915171586784e+00 3.663905773311e+01 1.037562315391e+00 1.879822841590e-02
27 62 2 0.92185810 0.85798381 1.63736713 0.72335204 0.65605510 3.203651534358e+00 2.009999841988e+00 3.871885235800e+01 1.062568681301e+00 2.098801744210e-02
27 63 2 0.92185810 0.85798381 1.63736713 0.72335204 0.65605510 2.933012345327e+00 2.158640780832e+00 3.906873412444e+01 1.089073481443e+00 2.201463873270e-02
