# environment=00035 local_bs=4 gain_scale=2.133854696122e-14
# ue subcarrier serving_bs phi0 phi1 phi2 phi3 phi4 gain0 gain1 gain2 gain3 gain4
3 0 4 2.24925466 0.81889294 1.20671372 0.58917509 4.30950238 2.009161940762e-01 9.747318844086e-03 4.037275976389e-05 1.254037351467e-01 4.440004858330e+03
3 1 4 2.24925466 0.81889294 1.20671372 0.58917509 4.30950238 2.889407862675e-01 1.045425569300e-02 4.133354646886e-05 1.390556555146e-01 4.183628229033e+03
3 2 4 2.24925466 0.81889294 1.20671372 0.58917509 4.30950238 2.904432688921e-01 8.131824370554e-03 1.896932035435e-04 1.333599902009e-01 3.727487808544e+03
3 3 4 2.24925466 0.81889294 1.20671372 0.58917509 4.30950238 3.456336635087e-01 6.823935550727e-03 1.759763548215e-04 1.146369689498e-01 3.322863897716e+03
3 4 4 2.24925466 0.81889294 1.20671372 0.58917509 4.30950238 2.756553100813e-01 8.384587573638e-03 5.286778482493e-04 1.070857532094e-01 3.166227284700e+03
3 5 4 2.24925466 0.81889294 1.20671372 0.58917509 4.30950238 2.975322971786e-01 9.104976141322e-03 9.148693896961e-04 1.133404076754e-01 3.214698230172e+03
3 6 4 2.24925466 0.81889294 1.20671372 0.58917509 4.30950238 1.730842814887e-01 7.147917437210e-03 7.253253261050e-04 1.135963489566e-01 3.332150024298e+03
3 7 4 2.24925466 0.81889294 1.20671372 0.58917509 4.30950238 1.529004634265e-01 5.911727974075e-03 6.091145428470e-04 9.999527292793e-02 3.426683932085e+03
3 8 4 2.24925466 0.81889294 1.20671372 0.58917509 4.30950238 1.600336708235e-01 7.203167408185e-03 3.209582780781e-04 8.922067776251e-02 3.396617563582e+03
3 9 4 2.24925466 0.81889294 1.20671372 0.58917509 4.30950238 2.755285676283e-01 7.908533127149e-03 6.777826440752e-05 9.452139042036e-02 3.163049068475e+03
3 10 4 2.24925466 0.81889294 1.20671372 0.58917509 4.30950238 3.212036473286e-01 6.261116724572e-03 7.356370045503e-06 1.032028535673e-01 2.800631638416e+03
3 11 4 2.24925466 0.81889294 1.20671372 0.58917509 4.30950238 2.765969122423e-01 5.113723893585e-03 9.596449964795e-05 9.576503244054e-02 2.513783160191e+03
3 12 4 2.24925466 0.81889294 1.20671372 0.58917509 4.30950238 2.112012844617e-01 6.184026340292e-03 4.849073636588e-04 7.687516842703e-02 2.413286885392e+03
3 13 4 2.24925466 0.81889294 1.20671372 0.58917509 4.30950238 9.111613666218e-02 6.855441147351e-03 6.451255562263e-04 6.972417991034e-02 2.458360634662e+03
3 14 4 2.24925466 0.81889294 1.20671372 0.58917509 4.30950238 8.973109436506e-02 5.464384086021e-03 8.546462558457e-04 8.152875229840e-02 2.553784428584e+03
3 15 4 2.24925466 0.81889294 1.20671372 0.58917509 4.30950238 1.177432009382e-01 4.413223081823e-03 7.590139325550e-04 9.205129492133e-02 2.627266689296e+03
3 16 4 2.24925466 0.81889294 1.20671372 0.58917509 4.30950238 2.485041598212e-01 5.306803263115e-03 2.414231259741e-04 8.262680400218e-02 2.590129651152e+03
3 17 4 2.24925466 0.81889294 1.20671372 0.58917509 4.30950238 2.647250582603e-01 5.934396171689e-03 1.844549468076e-04 6.306713369160e-02 2.401334934100e+03
3 18 4 2.24925466 0.81889294 1.20671372 0.58917509 4.30950238 2.796144551639e-01 4.750853261836e-03 2.112680155609e-04 5.741869315689e-02 2.150635006492e+03
3 19 4 2.24925466 0.81889294 1.20671372 0.58917509 4.30950238 1.794161683086e-01 3.794843188860e-03 4.580593567715e-04 6.988360401388e-02 1.977085282720e+03
3 20 4 2.24925466 0.81889294 1.20671372 0.58917509 4.30950238 1.065956739067e-01 4.551091301139e-03 2.104316315323e-04 7.988140216675e-02 1.939062593742e+03
3 21 4 2.24925466 0.81889294 1.20671372 0.58917509 4.30950238 7.761384326457e-02 5.133305633839e-03 7.101348244793e-05 7.180232743185e-02 1.990983595883e+03
3 22 4 2.24925466 0.81889294 1.20671372 0.58917509 4.30950238 8.744113729774e-02 4.114632556216e-03 7.182623639914e-05 5.592203536963e-02 2.087835037898e+03
3 23 4 2.24925466 0.81889294 1.20671372 0.58917509 4.30950238 1.327748376831e-01 3.245521327271e-03 6.780197923458e-04 5.212714323647e-02 2.169021835446e+03
3 24 4 2.24925466 0.81889294 1.20671372 0.58917509 4.30950238 1.479351477393e-01 3.897636949842e-03 8.594299586931e-04 6.199843159635e-02 2.154033204984e+03
3 25 4 2.24925466 0.81889294 1.20671372 0.58917509 4.30950238 1.843636020567e-01 4.440252963303e-03 6.129891129622e-04 6.883503295147e-02 2.013489983354e+03
3 26 4 2.24925466 0.81889294 1.20671372 0.58917509 4.30950238 1.318997230257e-01 3.551499075551e-03 1.476308555101e-04 6.272706944234e-02 1.829498907665e+03
3 27 4 2.24925466 0.81889294 1.20671372 0.58917509 4.30950238 1.450026851847e-01 2.755361760775e-03 3.438559260272e-04 5.315059020307e-02 1.718187405864e+03
3 28 4 2.24925466 0.81889294 1.20671372 0.58917509 4.30950238 1.316765881205e-01 3.329401841226e-03 6.468064581483e-04 5.293005769855e-02 1.712625900542e+03
3 29 4 2.24925466 0.81889294 1.20671372 0.58917509 4.30950238 1.679127457865e-01 3.844348968166e-03 8.657182778498e-04 5.962876182981e-02 1.788473663781e+03
3 30 4 2.24925466 0.81889294 1.20671372 0.58917509 4.30950238 1.224071440334e-01 3.059443847181e-03 7.763834427369e-04 6.140217109236e-02 1.909187348956e+03
3 31 4 2.24925466 0.81889294 1.20671372 0.58917509 4.30950238 7.711795695803e-02 2.318287523971e-03 1.199058208381e-03 5.607173300323e-02 2.021215631160e+03
3 32 4 2.24925466 0.81889294 1.20671372 0.58917509 4.30950238 7.508924856274e-02 2.832441631277e-03 1.198099985792e-03 5.350502473416e-02 2.042197791886e+03
3 33 4 2.24925466 0.81889294 1.20671372 0.58917509 4.30950238 1.207340394538e-01 3.336429829000e-03 8.124177640217e-04 5.875303099691e-02 1.948407990992e+03
3 34 4 2.24925466 0.81889294 1.20671372 0.58917509 4.30950238 1.655921437608e-01 2.639035449138e-03 9.142901041759e-04 6.340143760068e-02 1.815866884611e+03
3 35 4 2.24925466 0.81889294 1.20671372 0.58917509 4.30950238 1.344343161729e-01 1.932463249064e-03 6.748626366447e-04 5.927307582347e-02 1.745336585617e+03
3 36 4 2.24925466 0.81889294 1.20671372 0.58917509 4.30950238 1.507885898171e-01 2.396565975554e-03 3.496728000638e-04 5.287722271284e-02 1.775709989182e+03
3 37 4 2.24925466 0.81889294 1.20671372 0.58917509 4.30950238 1.390463425455e-01 2.909570560350e-03 1.602448177660e-04 5.655793981084e-02 1.901634037397e+03
3 38 4 2.24925466 0.81889294 1.20671372 0.58917509 4.30950238 1.922952228875e-01 2.293579542336e-03 6.312766220272e-04 6.842005356176e-02 2.090006406223e+03
3 39 4 2.24925466 0.81889294 1.20671372 0.58917509 4.30950238 1.513284798988e-01 1.600467312194e-03 8.609322216102e-04 7.274203427153e-02 2.249213396782e+03
3 40 4 2.24925466 0.81889294 1.20671372 0.58917509 4.30950238 1.348762459574e-01 2.015754408676e-03 6.573514777903e-04 6.312527381318e-02 2.283872670859e+03
3 41 4 2.24925466 0.81889294 1.20671372 0.58917509 4.30950238 8.695997540351e-02 2.559393125357e-03 5.854149815777e-05 5.435255409001e-02 2.189721014419e+03
3 42 4 2.24925466 0.81889294 1.20671372 0.58917509 4.30950238 8.250134786002e-02 2.029062476292e-03 8.128838979739e-05 6.254403401983e-02 2.073488840008e+03
3 43 4 2.24925466 0.81889294 1.20671372 0.58917509 4.30950238 1.145060337161e-01 1.329203181723e-03 2.227395226934e-04 8.050049062611e-02 2.026330696178e+03
3 44 4 2.24925466 0.81889294 1.20671372 0.58917509 4.30950238 1.933432486278e-01 1.688314710973e-03 4.579950753307e-04 8.575611291422e-02 2.093529010553e+03
3 45 4 2.24925466 0.81889294 1.20671372 0.58917509 4.30950238 2.932751722019e-01 2.284159492166e-03 1.907342604353e-04 7.261136705368e-02 2.288570966687e+03
3 46 4 2.24925466 0.81889294 1.20671372 0.58917509 4.30950238 2.769657001581e-01 1.853878467413e-03 1.833979879449e-04 6.201889772564e-02 2.562902064558e+03
3 47 4 2.24925466 0.81889294 1.20671372 0.58917509 4.30950238 2.571288244712e-01 1.129552063109e-03 2.698970572835e-04 7.268742183057e-02 2.782242288867e+03
3 48 4 2.24925466 0.81889294 1.20671372 0.58917509 4.30950238 1.207083155018e-01 1.416782536325e-03 8.338023218450e-04 9.375376492641e-02 2.821786072336e+03
3 49 4 2.24925466 0.81889294 1.20671372 0.58917509 4.30950238 9.540879097195e-02 2.084651311374e-03 8.952191958490e-04 9.953006939625e-02 2.719102845526e+03
3 50 4 2.24925466 0.81889294 1.20671372 0.58917509 4.30950238 9.998777073802e-02 1.778351233138e-03 6.628837993167e-04 8.626478686448e-02 2.603910872635e+03
3 51 4 2.24925466 0.81889294 1.20671372 0.58917509 4.30950238 2.290648763367e-01 1.015781082248e-03 4.813374012286e-04 7.745173780465e-02 2.584801340310e+03
3 52 4 2.24925466 0.81889294 1.20671372 0.58917509 4.30950238 2.944743415941e-01 1.207573181617e-03 8.863804152724e-05 8.950747816759e-02 2.711785528302e+03
3 53 4 2.24925466 0.81889294 1.20671372 0.58917509 4.30950238 3.412098982647e-01 1.963849077196e-03 8.474254685506e-06 1.083782039929e-01 3.001332063632e+03
3 54 4 2.24925466 0.81889294 1.20671372 0.58917509 4.30950238 2.861255690628e-01 1.814071911991e-03 7.718544468283e-05 1.115777130712e-01 3.363583243043e+03
3 55 4 2.24925466 0.81889294 1.20671372 0.58917509 4.30950238 1.657925156621e-01 1.004732826933e-03 3.487809970613e-04 1.018585420837e-01 3.607468452896e+03
3 56 4 2.24925466 0.81889294 1.20671372 0.58917509 4.30950238 1.595345511090e-01 1.070407898157e-03 6.648811884271e-04 1.013253283453e-01 3.626781372473e+03
3 57 4 2.24925466 0.81889294 1.20671372 0.58917509 4.30950238 1.911459712324e-01 1.926434126788e-03 7.891251618216e-04 1.159705333120e-01 3.496761602443e+03
3 58 4 2.24925466 0.81889294 1.20671372 0.58917509 4.30950238 3.254363318708e-01 1.973085132240e-03 9.798933169009e-04 1.268021786345e-01 3.365658695087e+03
3 59 4 2.24925466 0.81889294 1.20671372 0.58917509 4.30950238 2.998477976839e-01 1.114832591666e-03 5.427837091584e-04 1.219040253667e-01 3.342302423129e+03
3 60 4 2.24925466 0.81889294 1.20671372 0.58917509 4.30950238 3.661974214260e-01 1.017547602541e-03 1.859733145964e-04 1.176102179874e-01 3.529485011791e+03
3 61 4 2.24925466 0.81889294 1.20671372 0.58917509 4.30950238 2.999847573966e-01 1.978146178203e-03 1.976621501947e-04 1.322655388871e-01 3.944733110876e+03
3 62 4 2.24925466 0.81889294 1.20671372 0.58917509 4.30950238 2.989568651969e-01 2.266963769429e-03 3.254678898830e-05 1.529875344188e-01 4.423768649407e+03
3 63 4 2.24925466 0.81889294 1.20671372 0.58917509 4.30950238 2.088458161479e-01 1.364958702824e-03 5.727383178013e-05 1.522892762381e-01 4.706130659295e+03
10 0 4 0.59072595 0.63538769 0.54666789 1.02388742 0.44781110 3.265221294899e-01 5.785644232632e-05 2.965402982267e-04 2.239542286098e-04 4.280967081789e-01
10 1 4 0.59072595 0.63538769 0.54666789 1.02388742 0.44781110 3.115555191943e-01 4.928730523837e-05 2.926334326472e-04 3.019188936917e-04 4.119529348349e-01
10 2 4 0.59072595 0.63538769 0.54666789 1.02388742 0.44781110 2.937406143566e-01 6.830890215811e-05 2.794905342343e-04 2.060067116560e-04 3.928407785657e-01
10 3 4 0.59072595 0.63538769 0.54666789 1.02388742 0.44781110 2.604466006263e-01 5.457268728739e-05 2.089903144720e-04 1.661243033710e-04 3.723404751651e-01
10 4 4 0.59072595 0.63538769 0.54666789 1.02388742 0.44781110 2.069228566228e-01 5.290009232248e-05 1.320225119343e-04 2.363701087954e-04 3.507510810494e-01
10 5 4 0.59072595 0.63538769 0.54666789 1.02388742 0.44781110 1.458885833332e-01 4.704871195293e-05 1.117250054393e-04 2.223880662980e-04 3.313419604672e-01
10 6 4 0.59072595 0.63538769 0.54666789 1.02388742 0.44781110 9.194196129272e-02 5.184189623674e-05 1.316654083527e-04 1.459467231974e-04 3.139228827243e-01
10 7 4 0.59072595 0.63538769 0.54666789 1.02388742 0.44781110 5.403232741956e-02 4.737606385481e-05 1.514629087954e-04 7.197213694922e-05 2.982920731515e-01
10 8 4 0.59072595 0.63538769 0.54666789 1.02388742 0.44781110 4.293145370003e-02 4.953571094372e-05 1.612044681597e-04 1.380300683503e-04 2.840076246542e-01
10 9 4 0.59072595 0.63538769 0.54666789 1.02388742 0.44781110 6.017217735719e-02 3.953257547496e-05 1.778942696325e-04 9.478310438858e-05 2.700720018348e-01
10 10 4 0.59072595 0.63538769 0.54666789 1.02388742 0.44781110 9.891883477122e-02 3.943962888463e-05 1.533559707733e-04 6.495056272408e-05 2.585548373278e-01
10 11 4 0.59072595 0.63538769 0.54666789 1.02388742 0.44781110 1.473198226292e-01 4.760085277341e-05 1.378470740058e-04 6.511617993957e-05 2.496514044066e-01
10 12 4 0.59072595 0.63538769 0.54666789 1.02388742 0.44781110 1.922549712291e-01 4.274266030534e-05 1.418253997434e-04 1.221241392095e-04 2.444764480626e-01
10 13 4 0.59072595 0.63538769 0.54666789 1.02388742 0.44781110 2.256593693212e-01 3.050868897519e-05 1.593940529784e-04 1.222750041437e-04 2.421834715863e-01
10 14 4 0.59072595 0.63538769 0.54666789 1.02388742 0.44781110 2.365799619315e-01 3.477712621930e-05 1.394662598426e-04 7.533707584306e-05 2.409018581285e-01
10 15 4 0.59072595 0.63538769 0.54666789 1.02388742 0.44781110 2.232684650179e-01 4.871131512311e-05 1.217573576039e-04 1.430223259352e-04 2.403093062260e-01
10 16 4 0.59072595 0.63538769 0.54666789 1.02388742 0.44781110 1.893311868604e-01 3.235694024887e-05 9.820895379935e-05 1.541217304203e-04 2.392094366395e-01
10 17 4 0.59072595 0.63538769 0.54666789 1.02388742 0.44781110 1.492806529216e-01 2.464426334699e-05 7.380549592138e-05 1.683053765852e-04 2.389007699545e-01
10 18 4 0.59072595 0.63538769 0.54666789 1.02388742 0.44781110 1.120236962771e-01 3.635744078473e-05 6.879842903550e-05 7.810507679427e-05 2.392584418508e-01
10 19 4 0.59072595 0.63538769 0.54666789 1.02388742 0.44781110 8.634953035776e-02 4.596969044445e-05 1.072934481623e-04 1.268346000586e-04 2.399242927746e-01
10 20 4 0.59072595 0.63538769 0.54666789 1.02388742 0.44781110 7.796546402083e-02 2.173321684735e-05 1.378299911701e-04 1.175040156208e-04 2.403505856820e-01
10 21 4 0.59072595 0.63538769 0.54666789 1.02388742 0.44781110 8.373106747156e-02 2.424989431372e-05 1.490123104020e-04 9.907611858089e-05 2.388434565267e-01
10 22 4 0.59072595 0.63538769 0.54666789 1.02388742 0.44781110 9.640629300011e-02 4.002495236305e-05 1.435442993866e-04 4.274895346816e-05 2.361573981342e-01
10 23 4 0.59072595 0.63538769 0.54666789 1.02388742 0.44781110 1.064039505305e-01 3.845551176150e-05 1.206203457298e-04 5.456245950830e-05 2.322731927780e-01
10 24 4 0.59072595 0.63538769 0.54666789 1.02388742 0.44781110 1.092466501717e-01 1.482239052137e-05 7.914785138016e-05 8.335901851940e-05 2.286675605196e-01
10 25 4 0.59072595 0.63538769 0.54666789 1.02388742 0.44781110 1.023442576105e-01 2.858624821829e-05 5.670387779543e-05 3.545882070574e-05 2.259108496658e-01
10 26 4 0.59072595 0.63538769 0.54666789 1.02388742 0.44781110 8.943851194863e-02 4.197280207514e-05 6.716058142901e-05 5.396987706416e-05 2.234236873276e-01
10 27 4 0.59072595 0.63538769 0.54666789 1.02388742 0.44781110 7.383370284560e-02 2.836298195900e-05 8.135025542355e-05 7.099614691908e-05 2.213440520763e-01
10 28 4 0.59072595 0.63538769 0.54666789 1.02388742 0.44781110 5.964604976498e-02 1.399537878973e-05 9.417414605907e-05 1.185227263829e-04 2.185891072522e-01
10 29 4 0.59072595 0.63538769 0.54666789 1.02388742 0.44781110 5.338406271273e-02 3.503338342774e-05 1.049079154622e-04 6.435443114750e-05 2.162631888557e-01
10 30 4 0.59072595 0.63538769 0.54666789 1.02388742 0.44781110 5.527491491816e-02 4.037595994707e-05 1.051172673211e-04 8.851766520739e-05 2.148239308122e-01
10 31 4 0.59072595 0.63538769 0.54666789 1.02388742 0.44781110 6.293677616325e-02 1.917383562702e-05 9.044009385834e-05 1.312854428842e-04 2.149068054046e-01
10 32 4 0.59072595 0.63538769 0.54666789 1.02388742 0.44781110 7.329171253023e-02 1.939662850678e-05 9.067475334419e-05 1.287900903074e-04 2.168039702759e-01
10 33 4 0.59072595 0.63538769 0.54666789 1.02388742 0.44781110 8.343180330382e-02 4.061025587806e-05 1.041953675782e-04 8.808353167057e-05 2.190421258469e-01
10 34 4 0.59072595 0.63538769 0.54666789 1.02388742 0.44781110 8.549648165804e-02 3.556323170643e-05 1.044174934947e-04 6.356321208811e-05 2.215623641875e-01
10 35 4 0.59072595 0.63538769 0.54666789 1.02388742 0.44781110 7.574200119234e-02 1.415127362600e-05 9.387353225850e-05 1.195886904496e-04 2.234192173525e-01
10 36 4 0.59072595 0.63538769 0.54666789 1.02388742 0.44781110 5.774121140815e-02 2.921289767540e-05 8.290199302500e-05 6.884847361169e-05 2.254573894299e-01
10 37 4 0.59072595 0.63538769 0.54666789 1.02388742 0.44781110 3.573817671501e-02 4.307825349445e-05 6.886194474312e-05 5.297860758514e-05 2.284241742187e-01
10 38 4 0.59072595 0.63538769 0.54666789 1.02388742 0.44781110 1.668948505880e-02 2.956310600231e-05 5.986627150884e-05 3.823775495135e-05 2.321615354613e-01
10 39 4 0.59072595 0.63538769 0.54666789 1.02388742 0.44781110 7.411581060742e-03 1.539386598591e-05 8.419846062518e-05 8.612136219267e-05 2.369883063329e-01
10 40 4 0.59072595 0.63538769 0.54666789 1.02388742 0.44781110 1.233587110124e-02 4.018927732118e-05 1.274076521082e-04 5.774931028780e-05 2.412990602791e-01
10 41 4 0.59072595 0.63538769 0.54666789 1.02388742 0.44781110 2.992209147451e-02 4.180568249054e-05 1.505482400470e-04 4.527394581738e-05 2.454985765421e-01
10 42 4 0.59072595 0.63538769 0.54666789 1.02388742 0.44781110 5.413645891004e-02 2.543934428804e-05 1.558109223249e-04 1.097271009476e-04 2.497664470129e-01
10 43 4 0.59072595 0.63538769 0.54666789 1.02388742 0.44781110 7.771855519162e-02 2.303046563296e-05 1.437024399666e-04 1.252493639320e-04 2.552265737729e-01
10 44 4 0.59072595 0.63538769 0.54666789 1.02388742 0.44781110 9.290771483385e-02 4.854807456998e-05 1.103795975548e-04 1.350295377747e-04 2.634194400545e-01
10 45 4 0.59072595 0.63538769 0.54666789 1.02388742 0.44781110 9.811470535386e-02 3.852065340871e-05 7.112158438053e-05 8.372848054514e-05 2.735894971171e-01
10 46 4 0.59072595 0.63538769 0.54666789 1.02388742 0.44781110 9.041924837039e-02 2.610693751617e-05 7.764143993230e-05 1.801031590510e-04 2.859876784599e-01
10 47 4 0.59072595 0.63538769 0.54666789 1.02388742 0.44781110 7.360690688484e-02 3.466774957709e-05 1.056537787211e-04 1.623899698474e-04 2.989759343999e-01
10 48 4 0.59072595 0.63538769 0.54666789 1.02388742 0.44781110 5.378573276461e-02 5.176956232287e-05 1.310117613996e-04 1.468419580399e-04 3.128415343067e-01
10 49 4 0.59072595 0.63538769 0.54666789 1.02388742 0.44781110 3.831845360975e-02 3.725664465380e-05 1.524982383414e-04 7.936637389910e-05 3.284926703728e-01
10 50 4 0.59072595 0.63538769 0.54666789 1.02388742 0.44781110 3.021173178169e-02 3.252388065779e-05 1.723362733450e-04 1.275340915654e-04 3.460278249489e-01
10 51 4 0.59072595 0.63538769 0.54666789 1.02388742 0.44781110 3.065352816960e-02 4.602316471505e-05 1.528123183465e-04 1.277439372954e-04 3.665145691066e-01
10 52 4 0.59072595 0.63538769 0.54666789 1.02388742 0.44781110 3.889356567641e-02 5.076567026140e-05 1.464615435669e-04 6.449610482829e-05 3.873898075995e-01
10 53 4 0.59072595 0.63538769 0.54666789 1.02388742 0.44781110 4.779335112459e-02 4.252300473459e-05 1.628615422631e-04 7.213608298591e-05 4.077992067131e-01
10 54 4 0.59072595 0.63538769 0.54666789 1.02388742 0.44781110 5.087203271504e-02 4.229103742754e-05 1.864292672627e-04 1.045351473620e-04 4.261003555734e-01
10 55 4 0.59072595 0.63538769 0.54666789 1.02388742 0.44781110 4.292103431262e-02 5.339141468792e-05 1.696328794572e-04 1.490771437782e-04 4.422636786370e-01
10 56 4 0.59072595 0.63538769 0.54666789 1.02388742 0.44781110 2.710133808217e-02 5.068437226552e-05 1.605093932566e-04 7.985027559272e-05 4.584401957529e-01
10 57 4 0.59072595 0.63538769 0.54666789 1.02388742 0.44781110 1.002097816474e-02 5.593131982516e-05 1.413590389934e-04 1.627181525520e-04 4.740207213298e-01
10 58 4 0.59072595 0.63538769 0.54666789 1.02388742 0.44781110 9.470776419473e-04 5.040323655785e-05 1.211768484530e-04 2.454988495723e-04 4.901831044637e-01
10 59 4 0.59072595 0.63538769 0.54666789 1.02388742 0.44781110 8.065391523118e-03 5.692369356169e-05 1.453985276379e-04 2.520252530060e-04 5.041975639921e-01
10 60 4 0.59072595 0.63538769 0.54666789 1.02388742 0.44781110 3.484700623789e-02 5.861143046310e-05 2.283007798917e-04 1.791365766243e-04 5.155628192565e-01
10 61 4 0.59072595 0.63538769 0.54666789 1.02388742 0.44781110 7.491844858720e-02 7.346719621665e-05 3.007363664831e-04 2.212645372855e-04 5.250755297700e-01
10 62 4 0.59072595 0.63538769 0.54666789 1.02388742 0.44781110 1.195733612430e-01 5.283499829982e-05 3.131613116066e-04 3.216435352835e-04 5.336416281121e-01
10 63 4 0.59072595 0.63538769 0.54666789 1.02388742 0.44781110 1.582718021400e-01 6.206801481538e-05 3.144515262118e-04 2.301793003521e-04 5.453072263037e-01
15 0 4 0.89896785 0.52420458 0.66538529 0.42363247 2.17388639 7.101231702914e+00 3.090087518206e-04 2.005152117270e-02 2.984681623107e-01 2.970906731249e+02
15 1 4 0.89896785 0.52420458 0.66538529 0.42363247 2.17388639 6.552746161535e+00 7.286143389006e-05 2.877678712782e-02 2.895970027177e-01 2.905003817206e+02
15 2 4 0.89896785 0.52420458 0.66538529 0.42363247 2.17388639 5.934687052224e+00 6.321880133850e-05 2.969088481447e-02 2.798377777486e-01 2.783067462902e+02
15 3 4 0.89896785 0.52420458 0.66538529 0.42363247 2.17388639 5.857979555634e+00 2.046880735254e-04 1.520233727627e-02 2.663434860055e-01 2.690691008412e+02
15 4 4 0.89896785 0.52420458 0.66538529 0.42363247 2.17388639 5.971991736727e+00 2.753329793224e-04 2.126565501089e-02 2.551070269230e-01 2.598160144781e+02
15 5 4 0.89896785 0.52420458 0.66538529 0.42363247 2.17388639 6.216895854707e+00 1.812450540653e-04 3.550831338285e-02 2.402908365482e-01 2.476323936524e+02
15 6 4 0.89896785 0.52420458 0.66538529 0.42363247 2.17388639 6.285453169918e+00 3.917425325245e-05 2.121385938654e-02 2.284663387870e-01 2.389379057098e+02
15 7 4 0.89896785 0.52420458 0.66538529 0.42363247 2.17388639 5.951169029029e+00 6.303403540733e-06 1.468444363439e-02 2.166387926360e-01 2.309857541666e+02
15 8 4 0.89896785 0.52420458 0.66538529 0.42363247 2.17388639 5.519098274476e+00 3.971113694445e-05 3.160684073327e-02 2.056173186826e-01 2.243222422466e+02
15 9 4 0.89896785 0.52420458 0.66538529 0.42363247 2.17388639 5.080102803996e+00 4.906229393591e-05 2.689733918499e-02 1.956236383040e-01 2.192134390094e+02
15 10 4 0.89896785 0.52420458 0.66538529 0.42363247 2.17388639 4.966234770352e+00 4.003055842568e-05 1.094961725030e-02 1.868809329325e-01 2.095618416997e+02
15 11 4 0.89896785 0.52420458 0.66538529 0.42363247 2.17388639 4.945409024145e+00 3.166971819999e-05 2.149506990869e-02 1.782518401071e-01 2.018648580801e+02
15 12 4 0.89896785 0.52420458 0.66538529 0.42363247 2.17388639 5.138388102837e+00 2.072778940217e-05 2.720520001219e-02 1.722439233178e-01 1.947292254856e+02
15 13 4 0.89896785 0.52420458 0.66538529 0.42363247 2.17388639 4.977850279602e+00 1.576953835009e-05 1.215035028804e-02 1.682082456712e-01 1.869872868315e+02
15 14 4 0.89896785 0.52420458 0.66538529 0.42363247 2.17388639 4.765579309322e+00 3.745115684172e-05 1.118122681066e-02 1.652890238539e-01 1.826207467254e+02
15 15 4 0.89896785 0.52420458 0.66538529 0.42363247 2.17388639 4.304762736663e+00 4.979861154992e-05 2.650390731734e-02 1.660789067074e-01 1.776569980089e+02
15 16 4 0.89896785 0.52420458 0.66538529 0.42363247 2.17388639 4.025752632946e+00 2.546259078548e-05 2.064359818461e-02 1.660538399974e-01 1.717201499399e+02
15 17 4 0.89896785 0.52420458 0.66538529 0.42363247 2.17388639 3.857304119755e+00 2.333166671948e-05 9.387313656366e-03 1.674153369570e-01 1.672797510805e+02
15 18 4 0.89896785 0.52420458 0.66538529 0.42363247 2.17388639 3.923713429446e+00 4.502382093124e-05 1.936281523456e-02 1.676774800513e-01 1.623790809260e+02
15 19 4 0.89896785 0.52420458 0.66538529 0.42363247 2.17388639 3.978859265367e+00 3.539500094401e-05 2.101605214793e-02 1.672491116264e-01 1.589903259796e+02
15 20 4 0.89896785 0.52420458 0.66538529 0.42363247 2.17388639 3.874385125698e+00 7.692668973820e-06 9.314525849208e-03 1.651882488895e-01 1.539385557478e+02
15 21 4 0.89896785 0.52420458 0.66538529 0.42363247 2.17388639 3.667912308437e+00 2.437666757009e-06 1.092405994609e-02 1.639257536566e-01 1.494302224957e+02
15 22 4 0.89896785 0.52420458 0.66538529 0.42363247 2.17388639 3.281835176637e+00 2.981107994374e-05 1.855133921657e-02 1.605239060469e-01 1.481279946951e+02
15 23 4 0.89896785 0.52420458 0.66538529 0.42363247 2.17388639 3.097050930396e+00 3.778313042334e-05 1.203864071264e-02 1.586963081333e-01 1.441030500694e+02
15 24 4 0.89896785 0.52420458 0.66538529 0.42363247 2.17388639 3.019127284443e+00 3.830731215295e-06 7.335998837008e-03 1.559824801121e-01 1.416141202513e+02
15 25 4 0.89896785 0.52420458 0.66538529 0.42363247 2.17388639 3.128459138368e+00 2.785283003009e-05 1.464896377909e-02 1.530128114130e-01 1.401729707021e+02
15 26 4 0.89896785 0.52420458 0.66538529 0.42363247 2.17388639 3.324324641253e+00 1.218771492751e-04 1.631290980795e-02 1.504341226657e-01 1.378176265888e+02
15 27 4 0.89896785 0.52420458 0.66538529 0.42363247 2.17388639 3.233056429652e+00 1.564681619167e-04 1.015436767070e-02 1.472964206425e-01 1.378954405430e+02
15 28 4 0.89896785 0.52420458 0.66538529 0.42363247 2.17388639 3.220575716828e+00 9.321203829797e-05 1.330517396814e-02 1.444522929935e-01 1.364220536280e+02
15 29 4 0.89896785 0.52420458 0.66538529 0.42363247 2.17388639 2.833405040323e+00 3.293912639714e-05 1.462437474725e-02 1.427432998873e-01 1.350452248710e+02
15 30 4 0.89896785 0.52420458 0.66538529 0.42363247 2.17388639 2.853119811901e+00 1.049275377359e-04 8.576460765159e-03 1.419939560014e-01 1.344556820601e+02
15 31 4 0.89896785 0.52420458 0.66538529 0.42363247 2.17388639 2.702429699391e+00 2.546787224191e-04 9.455878540273e-03 1.420425871989e-01 1.317881826188e+02
15 32 4 0.89896785 0.52420458 0.66538529 0.42363247 2.17388639 3.106522248110e+00 2.507422154335e-04 1.563687166587e-02 1.444774045798e-01 1.348943775711e+02
15 33 4 0.89896785 0.52420458 0.66538529 0.42363247 2.17388639 3.180400158631e+00 1.001698301926e-04 1.377581666200e-02 1.457172956359e-01 1.372828570801e+02
15 34 4 0.89896785 0.52420458 0.66538529 0.42363247 2.17388639 3.443624921143e+00 3.483232560138e-05 1.362054119779e-02 1.485715797698e-01 1.371837699148e+02
15 35 4 0.89896785 0.52420458 0.66538529 0.42363247 2.17388639 3.346530833063e+00 9.878371592281e-05 1.936170490502e-02 1.500635160685e-01 1.388722307294e+02
15 36 4 0.89896785 0.52420458 0.66538529 0.42363247 2.17388639 3.218495618165e+00 1.601263831404e-04 1.430759820703e-02 1.513756198127e-01 1.393576873411e+02
15 37 4 0.89896785 0.52420458 0.66538529 0.42363247 2.17388639 3.147470228755e+00 1.210141401208e-04 1.000612422560e-02 1.521335744438e-01 1.410445734851e+02
15 38 4 0.89896785 0.52420458 0.66538529 0.42363247 2.17388639 3.215003933437e+00 2.587176814038e-05 1.796730748569e-02 1.535024987488e-01 1.444180876257e+02
15 39 4 0.89896785 0.52420458 0.66538529 0.42363247 2.17388639 3.527469914612e+00 4.999622792598e-06 1.986566215180e-02 1.539530965898e-01 1.464193726002e+02
15 40 4 0.89896785 0.52420458 0.66538529 0.42363247 2.17388639 3.820166789064e+00 3.881498418645e-05 1.192631442047e-02 1.563962229535e-01 1.510447475848e+02
15 41 4 0.89896785 0.52420458 0.66538529 0.42363247 2.17388639 4.085860014031e+00 2.835651625621e-05 1.952128401165e-02 1.581763474702e-01 1.534541419291e+02
15 42 4 0.89896785 0.52420458 0.66538529 0.42363247 2.17388639 4.104472308375e+00 1.847745992546e-06 2.766823639526e-02 1.605311396830e-01 1.573292466430e+02
15 43 4 0.89896785 0.52420458 0.66538529 0.42363247 2.17388639 4.015015372994e+00 8.687002149307e-06 1.612114840735e-02 1.641120355346e-01 1.631270575024e+02
15 44 4 0.89896785 0.52420458 0.66538529 0.42363247 2.17388639 3.989397929436e+00 3.584126803435e-05 1.633688147295e-02 1.672961120328e-01 1.669407925011e+02
15 45 4 0.89896785 0.52420458 0.66538529 0.42363247 2.17388639 4.081189226907e+00 4.391830110390e-05 3.238502744503e-02 1.728077016216e-01 1.708828217184e+02
15 46 4 0.89896785 0.52420458 0.66538529 0.42363247 2.17388639 4.451195390297e+00 2.372030090968e-05 2.378251543790e-02 1.801014752680e-01 1.767013393593e+02
15 47 4 0.89896785 0.52420458 0.66538529 0.42363247 2.17388639 4.771040557047e+00 3.082594913207e-05 1.188584967041e-02 1.899404353306e-01 1.820581801876e+02
15 48 4 0.89896785 0.52420458 0.66538529 0.42363247 2.17388639 5.043366952780e+00 5.486160794906e-05 2.661709969909e-02 2.019187792440e-01 1.880160985448e+02
15 49 4 0.89896785 0.52420458 0.66538529 0.42363247 2.17388639 5.055962829375e+00 3.707974521397e-05 3.285718650283e-02 2.173956842301e-01 1.932368678817e+02
15 50 4 0.89896785 0.52420458 0.66538529 0.42363247 2.17388639 4.925754500870e+00 1.491948606927e-05 1.717616995400e-02 2.314206866507e-01 2.012966270588e+02
15 51 4 0.89896785 0.52420458 0.66538529 0.42363247 2.17388639 4.883942980456e+00 2.387868017184e-05 2.340150311082e-02 2.484303787263e-01 2.094427120545e+02
15 52 4 0.89896785 0.52420458 0.66538529 0.42363247 2.17388639 5.070682466937e+00 3.749562793305e-05 4.349742586934e-02 2.626174914808e-01 2.168778477124e+02
15 53 4 0.89896785 0.52420458 0.66538529 0.42363247 2.17388639 5.443807281868e+00 4.660790314034e-05 2.907000855420e-02 2.769258735843e-01 2.248104088941e+02
15 54 4 0.89896785 0.52420458 0.66538529 0.42363247 2.17388639 5.891680656920e+00 5.481426908074e-05 1.853765169986e-02 2.905061042379e-01 2.313684183342e+02
15 55 4 0.89896785 0.52420458 0.66538529 0.42363247 2.17388639 6.143148663291e+00 4.132673895566e-05 3.953676574666e-02 3.036391844498e-01 2.372079346952e+02
15 56 4 0.89896785 0.52420458 0.66538529 0.42363247 2.17388639 6.056668218673e+00 4.809964482798e-06 4.079591597906e-02 3.155750831937e-01 2.471434988145e+02
15 57 4 0.89896785 0.52420458 0.66538529 0.42363247 2.17388639 5.888959534850e+00 4.692181377285e-05 2.138090752163e-02 3.288267587163e-01 2.577074085051e+02
15 58 4 0.89896785 0.52420458 0.66538529 0.42363247 2.17388639 5.803861086121e+00 2.042666091506e-04 3.146578641747e-02 3.391397220091e-01 2.689680819655e+02
15 59 4 0.89896785 0.52420458 0.66538529 0.42363247 2.17388639 6.094385460842e+00 2.996543418813e-04 4.664960306981e-02 3.490221804368e-01 2.791744688242e+02
15 60 4 0.89896785 0.52420458 0.66538529 0.42363247 2.17388639 6.669957534326e+00 2.148364406290e-04 3.336788983611e-02 3.590599171278e-01 2.873849022398e+02
15 61 4 0.89896785 0.52420458 0.66538529 0.42363247 2.17388639 7.382703647286e+00 6.204545869852e-05 3.201429138599e-02 3.659939735615e-01 2.983492378386e+02
15 62 4 0.89896785 0.52420458 0.66538529 0.42363247 2.17388639 7.698009184924e+00 8.462115638830e-05 5.586795835868e-02 3.773272309027e-01 3.078733554827e+02
15 63 4 0.89896785 0.52420458 0.66538529 0.42363247 2.17388639 7.718091803075e+00 3.448754678093e-04 5.087370254055e-02 3.885865866937e-01 3.182325942745e+02
21 0 4 0.97775359 0.55459469 0.63915424 0.50981723 1.17301318 2.073303334283e-03 1.432749318961e-02 3.918054270382e-02 9.033512897530e-07 8.657428866048e+00
21 1 4 0.97775359 0.55459469 0.63915424 0.50981723 1.17301318 3.907863271591e-03 1.104576003793e-02 5.370637585768e-02 7.914645204926e-07 5.241808031451e+00
21 2 4 0.97775359 0.55459469 0.63915424 0.50981723 1.17301318 4.372876212507e-03 8.327495490770e-03 7.315146492525e-02 7.194435819396e-07 2.686583231311e+00
21 3 4 0.97775359 0.55459469 0.63915424 0.50981723 1.17301318 8.534959404797e-04 6.780191052233e-03 7.832281488536e-02 7.116450115919e-07 2.890086149967e+00
21 4 4 0.97775359 0.55459469 0.63915424 0.50981723 1.17301318 9.122331843435e-05 4.912431692531e-03 6.135064775960e-02 7.488694227982e-07 5.132404674675e+00
21 5 4 0.97775359 0.55459469 0.63915424 0.50981723 1.17301318 5.403240226278e-04 3.185095696781e-03 4.325441006418e-02 7.841925782735e-07 7.268227445798e+00
21 6 4 0.97775359 0.55459469 0.63915424 0.50981723 1.17301318 1.769795858478e-03 3.734834481129e-03 4.240397718899e-02 7.760106999749e-07 7.220818923352e+00
21 7 4 0.97775359 0.55459469 0.63915424 0.50981723 1.17301318 1.561749161598e-03 6.138289421231e-03 4.511259036060e-02 7.151845885840e-07 5.056191804441e+00
21 8 4 0.97775359 0.55459469 0.63915424 0.50981723 1.17301318 5.687953070902e-03 7.670420130765e-03 3.356366034133e-02 6.287591439852e-07 2.568819727083e+00
21 9 4 0.97775359 0.55459469 0.63915424 0.50981723 1.17301318 1.030857293937e-02 7.796309577499e-03 1.601670311306e-02 5.594994332231e-07 1.680664809993e+00
21 10 4 0.97775359 0.55459469 0.63915424 0.50981723 1.17301318 1.214823038936e-02 7.793299870726e-03 8.230132248363e-03 5.365100166225e-07 2.918818592040e+00
21 11 4 0.97775359 0.55459469 0.63915424 0.50981723 1.17301318 6.486813171209e-03 7.813440444705e-03 1.170404986363e-02 5.569706604588e-07 4.897215441763e+00
21 12 4 0.97775359 0.55459469 0.63915424 0.50981723 1.17301318 6.062351921809e-03 6.968880804755e-03 2.231489337880e-02 5.902330741118e-07 5.788289526536e+00
21 13 4 0.97775359 0.55459469 0.63915424 0.50981723 1.17301318 5.506203459521e-03 5.543200279714e-03 3.687222374592e-02 5.999826987709e-07 4.739711666276e+00
21 14 4 0.97775359 0.55459469 0.63915424 0.50981723 1.17301318 4.201782541959e-03 4.843539034324e-03 4.768746696705e-02 5.685968044895e-07 2.676925706078e+00
21 15 4 0.97775359 0.55459469 0.63915424 0.50981723 1.17301318 2.797428031008e-03 5.266722266902e-03 5.077794238003e-02 5.075218280157e-07 1.314463554351e+00
21 16 4 0.97775359 0.55459469 0.63915424 0.50981723 1.17301318 2.249238408252e-03 5.935840592555e-03 5.648335742074e-02 4.478121048392e-07 1.673255562575e+00
21 17 4 0.97775359 0.55459469 0.63915424 0.50981723 1.17301318 7.802631568980e-03 5.417449799789e-03 7.320523283461e-02 4.183854696812e-07 3.229113752025e+00
21 18 4 0.97775359 0.55459469 0.63915424 0.50981723 1.17301318 1.218808697754e-02 3.591584572012e-03 8.767486120489e-02 4.270773654921e-07 4.516697848755e+00
21 19 4 0.97775359 0.55459469 0.63915424 0.50981723 1.17301318 1.164238922109e-02 2.037503362916e-03 8.103734912476e-02 4.567363029138e-07 4.335214184750e+00
21 20 4 0.97775359 0.55459469 0.63915424 0.50981723 1.17301318 8.012813860807e-03 1.971169513733e-03 5.673631205381e-02 4.779808132848e-07 2.888104418097e+00
21 21 4 0.97775359 0.55459469 0.63915424 0.50981723 1.17301318 5.029710123204e-03 2.927720258643e-03 3.450355222925e-02 4.692638924105e-07 1.417100859361e+00
21 22 4 0.97775359 0.55459469 0.63915424 0.50981723 1.17301318 1.979539474871e-03 4.227060550355e-03 2.607476361976e-02 4.306943194251e-07 1.095561203242e+00
21 23 4 0.97775359 0.55459469 0.63915424 0.50981723 1.17301318 2.252205503371e-03 6.140175420548e-03 3.088438767286e-02 3.829134527779e-07 2.141223035264e+00
21 24 4 0.97775359 0.55459469 0.63915424 0.50981723 1.17301318 1.873429622545e-03 7.981363206291e-03 4.273964635539e-02 3.525261986109e-07 3.476311523270e+00
21 25 4 0.97775359 0.55459469 0.63915424 0.50981723 1.17301318 5.046892001113e-04 7.928266466549e-03 5.020272288714e-02 3.542512480841e-07 4.042091407912e+00
21 26 4 0.97775359 0.55459469 0.63915424 0.50981723 1.17301318 5.051601855242e-04 5.634127333222e-03 4.555944820781e-02 3.816069140980e-07 3.219004031696e+00
21 27 4 0.97775359 0.55459469 0.63915424 0.50981723 1.17301318 2.211113360137e-03 3.103834828673e-03 3.847223861412e-02 4.118931539873e-07 1.817788241522e+00
21 28 4 0.97775359 0.55459469 0.63915424 0.50981723 1.17301318 3.151495026400e-03 2.149473787952e-03 4.399185873705e-02 4.217172085999e-07 1.012366340980e+00
21 29 4 0.97775359 0.55459469 0.63915424 0.50981723 1.17301318 2.606751023367e-03 2.529890970425e-03 5.805174899205e-02 4.025788836333e-07 1.448340457484e+00
21 30 4 0.97775359 0.55459469 0.63915424 0.50981723 1.17301318 1.273588358104e-03 3.258625599574e-03 6.292590864948e-02 3.662856252510e-07 2.834148254281e+00
21 31 4 0.97775359 0.55459469 0.63915424 0.50981723 1.17301318 1.930362587243e-04 3.705868585894e-03 5.336306339261e-02 3.368236479835e-07 3.840480070374e+00
21 32 4 0.97775359 0.55459469 0.63915424 0.50981723 1.17301318 1.741162861338e-04 3.695793276581e-03 4.149806730922e-02 3.342098893526e-07 3.794314329733e+00
21 33 4 0.97775359 0.55459469 0.63915424 0.50981723 1.17301318 1.263450932168e-03 3.232649269670e-03 4.008411019420e-02 3.610424536509e-07 2.555706794440e+00
21 34 4 0.97775359 0.55459469 0.63915424 0.50981723 1.17301318 2.616767337349e-03 2.483123525536e-03 5.191714152689e-02 4.006571058285e-07 1.311769665209e+00
21 35 4 0.97775359 0.55459469 0.63915424 0.50981723 1.17301318 3.098684373560e-03 2.093502455186e-03 7.047489764365e-02 4.281812116121e-07 1.184798742656e+00
21 36 4 0.97775359 0.55459469 0.63915424 0.50981723 1.17301318 2.152505546276e-03 3.091323966491e-03 8.323606322542e-02 4.272665366862e-07 2.347552669832e+00
21 37 4 0.97775359 0.55459469 0.63915424 0.50981723 1.17301318 4.645510332431e-04 5.725814184443e-03 8.132561207404e-02 4.014022136600e-07 3.976936625447e+00
21 38 4 0.97775359 0.55459469 0.63915424 0.50981723 1.17301318 5.025824248108e-04 8.117050983834e-03 7.190623165638e-02 3.720768473786e-07 4.549687481335e+00
21 39 4 0.97775359 0.55459469 0.63915424 0.50981723 1.17301318 1.964219232595e-03 8.190035291173e-03 7.107461892151e-02 3.646431590074e-07 3.733339426218e+00
21 40 4 0.97775359 0.55459469 0.63915424 0.50981723 1.17301318 2.399771833820e-03 6.318969827206e-03 7.941228361810e-02 3.910349878111e-07 2.131444082818e+00
21 41 4 0.97775359 0.55459469 0.63915424 0.50981723 1.17301318 2.232486183681e-03 4.354202910476e-03 7.911123014986e-02 4.409713553407e-07 1.297076201273e+00
21 42 4 0.97775359 0.55459469 0.63915424 0.50981723 1.17301318 5.467959963379e-03 2.987848048236e-03 6.116786271405e-02 4.880380881482e-07 2.149599367893e+00
21 43 4 0.97775359 0.55459469 0.63915424 0.50981723 1.17301318 8.520208873125e-03 1.976975966771e-03 3.910684204379e-02 5.072069649391e-07 4.110423177211e+00
21 44 4 0.97775359 0.55459469 0.63915424 0.50981723 1.17301318 1.227557156299e-02 2.059134339869e-03 3.045844294817e-02 4.923345415851e-07 5.671680380304e+00
21 45 4 0.97775359 0.55459469 0.63915424 0.50981723 1.17301318 1.272464103773e-02 3.688401013802e-03 3.903857089770e-02 4.615393899048e-07 5.421225086575e+00
21 46 4 0.97775359 0.55459469 0.63915424 0.50981723 1.17301318 7.980841076933e-03 5.552461773971e-03 5.676177682585e-02 4.459928546594e-07 3.688937990677e+00
21 47 4 0.97775359 0.55459469 0.63915424 0.50981723 1.17301318 2.144956689183e-03 6.027875867329e-03 7.116410262232e-02 4.688753461158e-07 2.038064417133e+00
21 48 4 0.97775359 0.55459469 0.63915424 0.50981723 1.17301318 3.011271581767e-03 5.267792083419e-03 7.514826205028e-02 5.285471776661e-07 2.176856453001e+00
21 49 4 0.97775359 0.55459469 0.63915424 0.50981723 1.17301318 4.746626516434e-03 4.807618025285e-03 7.816757184387e-02 5.980131097745e-07 4.303276993145e+00
21 50 4 0.97775359 0.55459469 0.63915424 0.50981723 1.17301318 6.161981551534e-03 5.589247908909e-03 9.803867693679e-02 6.422067550929e-07 6.869576140839e+00
21 51 4 0.97775359 0.55459469 0.63915424 0.50981723 1.17301318 6.707533871969e-03 7.175202521254e-03 1.333982732345e-01 6.422124810737e-07 7.776163298144e+00
21 52 4 0.97775359 0.55459469 0.63915424 0.50981723 1.17301318 7.062825125094e-03 8.150011693725e-03 1.569273291254e-01 6.098429401163e-07 6.327437953409e+00
21 53 4 0.97775359 0.55459469 0.63915424 0.50981723 1.17301318 1.306864009746e-02 8.186946478357e-03 1.465028867981e-01 5.815408003023e-07 3.828761281525e+00
21 54 4 0.97775359 0.55459469 0.63915424 0.50981723 1.17301318 1.095563322023e-02 8.206900310467e-03 1.130099460784e-01 5.943525935834e-07 2.729003192319e+00
21 55 4 0.97775359 0.55459469 0.63915424 0.50981723 1.17301318 5.957895490020e-03 7.986825500727e-03 8.619905537357e-02 6.596426388689e-07 4.461985385934e+00
21 56 4 0.97775359 0.55459469 0.63915424 0.50981723 1.17301318 1.559335223183e-03 6.233158609619e-03 8.163389114786e-02 7.530452569003e-07 7.995835944646e+00
21 57 4 0.97775359 0.55459469 0.63915424 0.50981723 1.17301318 1.731916479431e-03 3.662669461222e-03 9.226693983213e-02 8.290649080031e-07 1.075018148756e+01
21 58 4 0.97775359 0.55459469 0.63915424 0.50981723 1.17301318 4.901423328480e-04 3.162915714972e-03 1.013218061844e-01 8.518548459049e-07 1.029780771766e+01
21 59 4 0.97775359 0.55459469 0.63915424 0.50981723 1.17301318 1.484492229506e-04 5.043701171845e-03 9.394947147683e-02 8.215096607641e-07 7.276160519478e+00
21 60 4 0.97775359 0.55459469 0.63915424 0.50981723 1.17301318 9.428283119793e-04 6.988805620154e-03 7.138469312202e-02 7.767742225039e-07 4.391313183580e+00
21 61 4 0.97775359 0.55459469 0.63915424 0.50981723 1.17301318 4.621881923518e-03 8.584061091595e-03 5.713781203950e-02 7.703943226423e-07 4.821188735992e+00
21 62 4 0.97775359 0.55459469 0.63915424 0.50981723 1.17301318 4.139351929719e-03 1.136583383879e-02 6.895968114324e-02 8.325704231776e-07 8.958352559313e+00
21 63 4 0.97775359 0.55459469 0.63915424 0.50981723 1.17301318 2.247631001935e-03 1.465763420730e-02 8.926630529229e-02 9.476839765307e-07 1.386703856027e+01
26 0 4 0.95224228 0.55278245 0.62871597 0.51700198 1.07793171 1.094944933811e-03 8.955701680125e-01 1.219966432286e-01 8.992407208275e-07 1.124755751152e+01
26 1 4 0.95224228 0.55278245 0.62871597 0.51700198 1.07793171 5.085345276255e-03 8.587123858667e-01 1.084353236981e-01 8.648625220922e-07 1.122803357191e+01
26 2 4 0.95224228 0.55278245 0.62871597 0.51700198 1.07793171 1.225932550702e-02 8.402682024925e-01 9.540681386873e-02 8.927520442162e-07 1.234214783660e+01
26 3 4 0.95224228 0.55278245 0.62871597 0.51700198 1.07793171 2.019309762682e-02 8.162901567659e-01 5.223750670265e-02 9.406257062443e-07 1.374716937677e+01
26 4 4 0.95224228 0.55278245 0.62871597 0.51700198 1.07793171 2.216385842040e-02 7.790046495219e-01 2.025334692826e-02 9.580316038043e-07 1.446974618918e+01
26 5 4 0.95224228 0.55278245 0.62871597 0.51700198 1.07793171 2.187731913785e-02 7.485475033330e-01 5.521158748430e-02 9.170259388639e-07 1.415808561946e+01
26 6 4 0.95224228 0.55278245 0.62871597 0.51700198 1.07793171 1.448924010346e-02 7.373093671337e-01 1.159454777406e-01 8.272165831490e-07 1.262455606548e+01
26 7 4 0.95224228 0.55278245 0.62871597 0.51700198 1.07793171 1.224432985900e-02 7.297423771178e-01 1.169831541000e-01 7.273415062885e-07 1.075114051085e+01
26 8 4 0.95224228 0.55278245 0.62871597 0.51700198 1.07793171 1.360322339322e-02 7.114393649587e-01 6.241868608810e-02 6.601054923140e-07 9.092921827176e+00
26 9 4 0.95224228 0.55278245 0.62871597 0.51700198 1.07793171 6.268582196916e-03 6.860602608154e-01 2.955027538381e-02 6.464704716371e-07 8.352629427483e+00
26 10 4 0.95224228 0.55278245 0.62871597 0.51700198 1.07793171 1.676418314950e-03 6.622217866043e-01 4.243845767465e-02 6.747284555924e-07 8.505160743648e+00
26 11 4 0.95224228 0.55278245 0.62871597 0.51700198 1.07793171 7.083982162432e-05 6.397062638170e-01 5.861094732537e-02 7.097773691925e-07 9.252094926667e+00
26 12 4 0.95224228 0.55278245 0.62871597 0.51700198 1.07793171 5.097340348405e-04 6.131701231861e-01 6.601842070843e-02 7.156343111296e-07 1.008316580518e+01
26 13 4 0.95224228 0.55278245 0.62871597 0.51700198 1.07793171 8.333320791075e-04 5.846129930022e-01 9.249892482362e-02 6.768844771036e-07 1.042894483476e+01
26 14 4 0.95224228 0.55278245 0.62871597 0.51700198 1.07793171 1.162437189567e-03 5.620701850898e-01 1.216940089884e-01 6.064334316033e-07 1.019749568116e+01
26 15 4 0.95224228 0.55278245 0.62871597 0.51700198 1.07793171 2.593162765148e-03 5.534885128593e-01 1.004745454481e-01 5.359378670766e-07 9.259314832289e+00
26 16 4 0.95224228 0.55278245 0.62871597 0.51700198 1.07793171 7.375571922661e-03 5.571510355643e-01 4.037444944448e-02 4.957740757672e-07 8.055605142127e+00
26 17 4 0.95224228 0.55278245 0.62871597 0.51700198 1.07793171 6.495556820407e-03 5.579482741095e-01 1.767064898842e-02 4.970884508554e-07 6.956589312999e+00
26 18 4 0.95224228 0.55278245 0.62871597 0.51700198 1.07793171 3.841923463214e-03 5.450984654811e-01 5.598585475391e-02 5.263816951277e-07 6.358041357649e+00
26 19 4 0.95224228 0.55278245 0.62871597 0.51700198 1.07793171 1.018536943621e-03 5.245691208715e-01 9.523939202323e-02 5.550044632955e-07 6.479113462736e+00
26 20 4 0.95224228 0.55278245 0.62871597 0.51700198 1.07793171 9.156157806485e-04 5.085297055193e-01 9.400058430229e-02 5.570341870457e-07 7.097574890918e+00
26 21 4 0.95224228 0.55278245 0.62871597 0.51700198 1.07793171 2.240322600318e-03 4.969640560851e-01 7.822688237814e-02 5.245084220612e-07 7.866758191420e+00
26 22 4 0.95224228 0.55278245 0.62871597 0.51700198 1.07793171 5.322665149918e-03 4.824286241437e-01 6.928655093604e-02 4.712149248206e-07 8.288597397122e+00
26 23 4 0.95224228 0.55278245 0.62871597 0.51700198 1.07793171 7.026961010139e-03 4.701699191588e-01 4.814632718675e-02 4.234431304949e-07 8.148262139875e+00
26 24 4 0.95224228 0.55278245 0.62871597 0.51700198 1.07793171 4.370025487657e-03 4.708517379144e-01 1.823568200445e-02 4.038008031015e-07 7.418317131877e+00
26 25 4 0.95224228 0.55278245 0.62871597 0.51700198 1.07793171 5.583372525223e-03 4.808932943419e-01 2.439970662105e-02 4.179246093214e-07 6.540553111899e+00
26 26 4 0.95224228 0.55278245 0.62871597 0.51700198 1.07793171 6.518141186585e-03 4.852093275495e-01 7.379087026689e-02 4.517529509576e-07 5.740483160145e+00
26 27 4 0.95224228 0.55278245 0.62871597 0.51700198 1.07793171 8.311490442299e-03 4.773485508829e-01 1.072157728400e-01 4.805422137324e-07 5.469649447992e+00
26 28 4 0.95224228 0.55278245 0.62871597 0.51700198 1.07793171 7.146039199855e-03 4.667564059448e-01 8.728439580829e-02 4.839247726778e-07 5.707601445579e+00
26 29 4 0.95224228 0.55278245 0.62871597 0.51700198 1.07793171 4.083710850756e-03 4.623537781993e-01 5.284455223723e-02 4.579836706971e-07 6.298302213395e+00
26 30 4 0.95224228 0.55278245 0.62871597 0.51700198 1.07793171 1.289026711034e-03 4.640546956663e-01 4.744185257046e-02 4.173153967341e-07 7.122675289564e+00
26 31 4 0.95224228 0.55278245 0.62871597 0.51700198 1.07793171 3.751024791228e-05 4.684833856885e-01 5.542499364516e-02 3.860524189123e-07 7.549298366654e+00
26 32 4 0.95224228 0.55278245 0.62871597 0.51700198 1.07793171 2.738513895677e-05 4.736959413862e-01 5.218243583068e-02 3.832849982789e-07 7.718978836080e+00
26 33 4 0.95224228 0.55278245 0.62871597 0.51700198 1.07793171 1.342804887994e-03 4.809727642053e-01 5.580254826563e-02 4.115455790859e-07 7.237004635719e+00
26 34 4 0.95224228 0.55278245 0.62871597 0.51700198 1.07793171 4.224273542263e-03 4.904699148239e-01 7.777970329997e-02 4.551881238927e-07 6.484413435826e+00
26 35 4 0.95224228 0.55278245 0.62871597 0.51700198 1.07793171 7.252403747776e-03 4.983496448198e-01 8.097817153999e-02 4.896848229289e-07 5.821979631940e+00
26 36 4 0.95224228 0.55278245 0.62871597 0.51700198 1.07793171 8.418165030694e-03 4.991693702179e-01 4.343734287947e-02 4.964162406060e-07 5.524033849392e+00
26 37 4 0.95224228 0.55278245 0.62871597 0.51700198 1.07793171 6.571882846680e-03 4.948975843579e-01 1.133819478825e-02 4.741817569293e-07 5.984616431306e+00
26 38 4 0.95224228 0.55278245 0.62871597 0.51700198 1.07793171 5.649004239596e-03 4.994849289145e-01 3.042949150814e-02 4.404167653723e-07 6.912983195186e+00
26 39 4 0.95224228 0.55278245 0.62871597 0.51700198 1.07793171 4.341161874578e-03 5.206584999120e-01 7.236241966281e-02 4.210723712566e-07 8.044261133172e+00
26 40 4 0.95224228 0.55278245 0.62871597 0.51700198 1.07793171 6.958882929006e-03 5.475496601874e-01 8.591438916569e-02 4.349074199755e-07 8.844261980775e+00
26 41 4 0.95224228 0.55278245 0.62871597 0.51700198 1.07793171 5.230156560828e-03 5.660338314316e-01 7.543242189508e-02 4.815566955922e-07 8.981144992530e+00
26 42 4 0.95224228 0.55278245 0.62871597 0.51700198 1.07793171 2.190627558734e-03 5.773869886884e-01 7.006113493049e-02 5.408648559170e-07 8.497057664013e+00
26 43 4 0.95224228 0.55278245 0.62871597 0.51700198 1.07793171 9.991577533801e-04 5.914226154502e-01 6.021475183983e-02 5.844590541431e-07 7.678068394696e+00
26 44 4 0.95224228 0.55278245 0.62871597 0.51700198 1.07793171 1.234571322977e-03 6.049598963541e-01 3.035604873915e-02 5.930621102702e-07 7.003645836007e+00
26 45 4 0.95224228 0.55278245 0.62871597 0.51700198 1.07793171 4.382498473090e-03 6.096908287540e-01 1.599686171454e-02 5.691224171539e-07 6.912338096017e+00
26 46 4 0.95224228 0.55278245 0.62871597 0.51700198 1.07793171 7.253826326740e-03 6.130424221957e-01 5.482627948574e-02 5.365969707951e-07 7.631576950867e+00
26 47 4 0.95224228 0.55278245 0.62871597 0.51700198 1.07793171 8.131480694346e-03 6.312273264768e-01 1.089374580118e-01 5.271985923018e-07 8.976293747349e+00
26 48 4 0.95224228 0.55278245 0.62871597 0.51700198 1.07793171 2.833716285379e-03 6.682149723254e-01 1.105223243293e-01 5.608410300851e-07 1.063636083147e+01
26 49 4 0.95224228 0.55278245 0.62871597 0.51700198 1.07793171 1.148472405007e-03 7.099245678697e-01 6.475373230396e-02 6.322027753949e-07 1.183843792167e+01
26 50 4 0.95224228 0.55278245 0.62871597 0.51700198 1.07793171 8.029705740190e-04 7.425202846645e-01 3.270467175222e-02 7.123363911813e-07 1.222322623764e+01
26 51 4 0.95224228 0.55278245 0.62871597 0.51700198 1.07793171 4.613413500827e-04 7.644610352167e-01 3.115997797382e-02 7.654002723057e-07 1.156992485715e+01
26 52 4 0.95224228 0.55278245 0.62871597 0.51700198 1.07793171 4.826638795692e-05 7.818088330500e-01 2.969155536430e-02 7.710094358450e-07 1.028201003611e+01
26 53 4 0.95224228 0.55278245 0.62871597 0.51700198 1.07793171 2.019331139092e-03 8.019864852312e-01 3.034442858762e-02 7.384028075397e-07 9.263793393163e+00
26 54 4 0.95224228 0.55278245 0.62871597 0.51700198 1.07793171 7.128668769355e-03 8.235327423851e-01 6.057994495530e-02 7.027662365941e-07 9.192013910161e+00
26 55 4 0.95224228 0.55278245 0.62871597 0.51700198 1.07793171 1.516799601993e-02 8.411317628276e-01 9.516279597575e-02 7.046823871160e-07 1.060625623403e+01
26 56 4 0.95224228 0.55278245 0.62871597 0.51700198 1.07793171 1.363141783261e-02 8.612364951333e-01 7.846801995706e-02 7.645423050984e-07 1.295404483864e+01
26 57 4 0.95224228 0.55278245 0.62871597 0.51700198 1.07793171 1.574503112561e-02 8.983385843747e-01 2.636645909642e-02 8.679160075837e-07 1.553794260070e+01
26 58 4 0.95224228 0.55278245 0.62871597 0.51700198 1.07793171 2.341180068387e-02 9.518610006901e-01 1.535759609763e-02 9.721224816834e-07 1.711418961746e+01
26 59 4 0.95224228 0.55278245 0.62871597 0.51700198 1.07793171 2.317593261867e-02 9.975962909862e-01 6.200569606246e-02 1.031445830121e-06 1.721644865129e+01
26 60 4 0.95224228 0.55278245 0.62871597 0.51700198 1.07793171 2.083762861744e-02 1.025286886886e+00 1.003835913880e-01 1.026262677032e-06 1.593083827821e+01
26 61 4 0.95224228 0.55278245 0.62871597 0.51700198 1.07793171 1.245102472732e-02 1.057630837200e+00 9.283617664611e-02 9.776650539270e-07 1.396615389570e+01
26 62 4 0.95224228 0.55278245 0.62871597 0.51700198 1.07793171 5.104079843654e-03 1.109344798016e+00 7.519949202447e-02 9.370420951049e-07 1.269957528979e+01
26 63 4 0.95224228 0.55278245 0.62871597 0.51700198 1.07793171 1.057022495395e-03 1.160253142406e+00 6.962612067171e-02 9.553752376677e-07 1.289380696489e+01
27 0 4 1.86197306 0.90060047 1.48735002 0.59095296 2.04273184 4.158383643383e-01 3.242090384055e-02 2.273310199498e-02 1.378701184214e+00 1.750833606849e+02
27 1 4 1.86197306 0.90060047 1.48735002 0.59095296 2.04273184 4.520729450215e-01 2.839087017052e-02 2.472890524812e-02 1.318231198683e+00 2.029472629963e+02
27 2 4 1.86197306 0.90060047 1.48735002 0.59095296 2.04273184 5.619758974793e-01 2.681797888173e-02 2.347366921578e-02 1.265392138279e+00 2.531153713821e+02
27 3 4 1.86197306 0.90060047 1.48735002 0.59095296 2.04273184 5.930445139138e-01 2.793911313709e-02 2.036601354876e-02 1.208205768219e+00 2.950493670903e+02
27 4 4 1.86197306 0.90060047 1.48735002 0.59095296 2.04273184 7.205455201301e-01 2.501296343064e-02 2.357525618793e-02 1.154543707019e+00 3.269300381696e+02
27 5 4 1.86197306 0.90060047 1.48735002 0.59095296 2.04273184 7.230523514898e-01 2.582708774947e-02 1.839651550047e-02 1.099647865948e+00 3.431426869640e+02
27 6 4 1.86197306 0.90060047 1.48735002 0.59095296 2.04273184 7.030936982160e-01 1.564064726815e-02 2.124220423483e-02 1.051106098926e+00 3.203631192025e+02
27 7 4 1.86197306 0.90060047 1.48735002 0.59095296 2.04273184 6.625588763166e-01 1.481812550515e-02 1.817973884326e-02 9.957632150244e-01 2.543627887508e+02
27 8 4 1.86197306 0.90060047 1.48735002 0.59095296 2.04273184 6.216334132011e-01 1.329839914571e-02 1.870083763616e-02 9.520269202041e-01 1.846909679114e+02
27 9 4 1.86197306 0.90060047 1.48735002 0.59095296 2.04273184 6.168548579875e-01 1.442051552216e-02 1.736933875411e-02 9.040244675808e-01 1.542528256084e+02
27 10 4 1.86197306 0.90060047 1.48735002 0.59095296 2.04273184 5.046851546599e-01 1.122268247889e-02 1.725534004968e-02 8.612896981953e-01 1.556879296536e+02
27 11 4 1.86197306 0.90060047 1.48735002 0.59095296 2.04273184 4.831692922618e-01 6.591930743281e-03 1.627706132064e-02 8.225549653403e-01 1.461262930433e+02
27 12 4 1.86197306 0.90060047 1.48735002 0.59095296 2.04273184 4.523141043642e-01 9.191874447269e-03 1.555936658840e-02 7.859979782878e-01 1.095361013218e+02
27 13 4 1.86197306 0.90060047 1.48735002 0.59095296 2.04273184 5.208006343048e-01 9.729646353601e-03 1.624929393026e-02 7.525343694736e-01 7.563680822058e+01
27 14 4 1.86197306 0.90060047 1.48735002 0.59095296 2.04273184 4.761524158185e-01 1.235858592709e-02 1.321451454425e-02 7.232295108442e-01 7.449586784048e+01
27 15 4 1.86197306 0.90060047 1.48735002 0.59095296 2.04273184 5.102360744242e-01 9.838979910705e-03 1.626238861332e-02 6.977583168706e-01 9.913177763567e+01
27 16 4 1.86197306 0.90060047 1.48735002 0.59095296 2.04273184 4.664098616833e-01 1.019359641697e-02 1.212271758761e-02 6.711720642255e-01 1.252322395546e+02
27 17 4 1.86197306 0.90060047 1.48735002 0.59095296 2.04273184 4.705981961049e-01 1.408059712142e-02 1.446654541005e-02 6.534187676796e-01 1.450019230405e+02
27 18 4 1.86197306 0.90060047 1.48735002 0.59095296 2.04273184 4.043967517099e-01 1.382236716558e-02 1.303940620542e-02 6.317027093299e-01 1.607657652779e+02
27 19 4 1.86197306 0.90060047 1.48735002 0.59095296 2.04273184 3.595974935968e-01 1.716510223553e-02 1.174269947453e-02 6.160473890527e-01 1.621718879725e+02
27 20 4 1.86197306 0.90060047 1.48735002 0.59095296 2.04273184 3.569195928604e-01 1.353011871578e-02 1.378240012514e-02 6.004872818483e-01 1.367274151719e+02
27 21 4 1.86197306 0.90060047 1.48735002 0.59095296 2.04273184 3.560923672295e-01 1.589905311189e-02 1.067843164213e-02 5.877879423423e-01 9.776792671450e+01
27 22 4 1.86197306 0.90060047 1.48735002 0.59095296 2.04273184 3.766254709812e-01 1.316544372037e-02 1.252418808047e-02 5.747666610741e-01 7.762631740075e+01
27 23 4 1.86197306 0.90060047 1.48735002 0.59095296 2.04273184 3.293927638621e-01 1.430565458299e-02 1.151278239381e-02 5.666264427803e-01 8.784506962909e+01
27 24 4 1.86197306 0.90060047 1.48735002 0.59095296 2.04273184 3.640091737549e-01 1.422041846578e-02 1.068101752704e-02 5.580101519396e-01 1.042290693089e+02
27 25 4 1.86197306 0.90060047 1.48735002 0.59095296 2.04273184 3.283916104374e-01 1.237541659949e-02 1.182863076354e-02 5.514673211355e-01 1.015383839546e+02
27 26 4 1.86197306 0.90060047 1.48735002 0.59095296 2.04273184 3.550949689725e-01 1.113524748858e-02 1.058705960323e-02 5.500188184589e-01 8.773456525117e+01
27 27 4 1.86197306 0.90060047 1.48735002 0.59095296 2.04273184 2.781192482805e-01 6.839526030216e-03 1.047765200615e-02 5.468549970433e-01 8.901027744485e+01
27 28 4 1.86197306 0.90060047 1.48735002 0.59095296 2.04273184 2.702998892776e-01 9.036317096098e-03 1.177502815779e-02 5.497864636011e-01 1.123643823224e+02
27 29 4 1.86197306 0.90060047 1.48735002 0.59095296 2.04273184 2.148919153231e-01 7.464138920614e-03 9.346446181237e-03 5.533098432831e-01 1.413284208294e+02
27 30 4 1.86197306 0.90060047 1.48735002 0.59095296 2.04273184 1.771514556478e-01 7.925548460281e-03 1.182910537778e-02 5.609943528544e-01 1.635653328659e+02
27 31 4 1.86197306 0.90060047 1.48735002 0.59095296 2.04273184 1.376220136713e-01 4.815424645749e-03 1.021720739876e-02 5.688000051978e-01 1.817451670663e+02
27 32 4 1.86197306 0.90060047 1.48735002 0.59095296 2.04273184 1.401082486041e-01 4.742870401920e-03 1.032634190514e-02 5.833446173227e-01 1.934367132500e+02
27 33 4 1.86197306 0.90060047 1.48735002 0.59095296 2.04273184 1.790816769816e-01 8.054734703404e-03 1.185067150290e-02 5.955127956079e-01 1.822404389936e+02
27 34 4 1.86197306 0.90060047 1.48735002 0.59095296 2.04273184 2.206848214181e-01 7.501031909891e-03 9.526737677741e-03 6.131825268007e-01 1.433451429410e+02
27 35 4 1.86197306 0.90060047 1.48735002 0.59095296 2.04273184 2.750152906270e-01 9.164831938326e-03 1.195985402582e-02 6.324707082961e-01 1.020769000985e+02
27 36 4 1.86197306 0.90060047 1.48735002 0.59095296 2.04273184 2.854896439507e-01 7.073822729077e-03 1.073958126189e-02 6.517675046885e-01 8.833039129689e+01
27 37 4 1.86197306 0.90060047 1.48735002 0.59095296 2.04273184 3.635475132556e-01 1.129377465550e-02 1.090132423813e-02 6.751704539413e-01 9.983891848026e+01
27 38 4 1.86197306 0.90060047 1.48735002 0.59095296 2.04273184 3.384838341207e-01 1.290136298025e-02 1.220732274502e-02 6.989335693895e-01 1.078572042379e+02
27 39 4 1.86197306 0.90060047 1.48735002 0.59095296 2.04273184 3.772048692384e-01 1.454109596154e-02 1.112014027437e-02 7.249793019419e-01 9.742626232510e+01
27 40 4 1.86197306 0.90060047 1.48735002 0.59095296 2.04273184 3.419906763663e-01 1.503449380276e-02 1.197918645085e-02 7.511086553935e-01 8.473641631981e+01
27 41 4 1.86197306 0.90060047 1.48735002 0.59095296 2.04273184 3.944433868297e-01 1.367557976828e-02 1.313117280807e-02 7.834360473039e-01 9.028915191850e+01
27 42 4 1.86197306 0.90060047 1.48735002 0.59095296 2.04273184 3.714351840443e-01 1.664530708854e-02 1.120926197302e-02 8.111554772635e-01 1.120072991357e+02
27 43 4 1.86197306 0.90060047 1.48735002 0.59095296 2.04273184 3.771107262248e-01 1.425618423639e-02 1.452890345078e-02 8.478867106356e-01 1.351150288826e+02
27 44 4 1.86197306 0.90060047 1.48735002 0.59095296 2.04273184 3.789580289517e-01 1.798298991421e-02 1.242039753240e-02 8.828268506001e-01 1.539558665556e+02
27 45 4 1.86197306 0.90060047 1.48735002 0.59095296 2.04273184 4.319005295394e-01 1.480138732284e-02 1.381679019677e-02 9.215320172795e-01 1.683418820991e+02
27 46 4 1.86197306 0.90060047 1.48735002 0.59095296 2.04273184 5.000428741980e-01 1.472380296996e-02 1.537902629930e-02 9.635222037878e-01 1.670141049756e+02
27 47 4 1.86197306 0.90060047 1.48735002 0.59095296 2.04273184 4.983829201315e-01 1.095271522804e-02 1.290646334982e-02 1.008557054412e+00 1.366989760911e+02
27 48 4 1.86197306 0.90060047 1.48735002 0.59095296 2.04273184 5.420419255204e-01 1.034379970442e-02 1.735507670551e-02 1.054661445578e+00 9.101992443755e+01
27 49 4 1.86197306 0.90060047 1.48735002 0.59095296 2.04273184 5.057882959825e-01 1.322860993953e-02 1.410785562257e-02 1.104506040049e+00 6.857099274073e+01
27 50 4 1.86197306 0.90060047 1.48735002 0.59095296 2.04273184 5.524489047680e-01 1.035761653646e-02 1.741342713329e-02 1.158751601978e+00 8.936582461435e+01
27 51 4 1.86197306 0.90060047 1.48735002 0.59095296 2.04273184 4.803742205331e-01 9.708931679983e-03 1.661859870183e-02 1.207918098877e+00 1.294987898540e+02
27 52 4 1.86197306 0.90060047 1.48735002 0.59095296 2.04273184 5.172169110078e-01 7.168144052404e-03 1.752443026338e-02 1.268242075209e+00 1.537936687769e+02
27 53 4 1.86197306 0.90060047 1.48735002 0.59095296 2.04273184 5.394688418118e-01 1.179420199263e-02 1.842237062153e-02 1.320612533662e+00 1.610371178092e+02
27 54 4 1.86197306 0.90060047 1.48735002 0.59095296 2.04273184 6.644423811252e-01 1.557006811410e-02 1.875946048293e-02 1.378875813609e+00 1.790436060110e+02
27 55 4 1.86197306 0.90060047 1.48735002 0.59095296 2.04273184 6.657766219904e-01 1.402781770560e-02 1.997614597821e-02 1.434979882530e+00 2.219749153080e+02
27 56 4 1.86197306 0.90060047 1.48735002 0.59095296 2.04273184 7.138850076581e-01 1.592668854968e-02 1.964334180767e-02 1.493806107562e+00 2.749582071236e+02
27 57 4 1.86197306 0.90060047 1.48735002 0.59095296 2.04273184 7.527112384769e-01 1.675952211954e-02 2.273898545431e-02 1.547549103593e+00 3.208370593133e+02
27 58 4 1.86197306 0.90060047 1.48735002 0.59095296 2.04273184 7.777075948704e-01 2.744402439114e-02 1.984101012244e-02 1.608273279878e+00 3.559303126250e+02
27 59 4 1.86197306 0.90060047 1.48735002 0.59095296 2.04273184 7.704664204659e-01 2.695248493825e-02 2.529111980091e-02 1.665655383047e+00 3.710792610556e+02
27 60 4 1.86197306 0.90060047 1.48735002 0.59095296 2.04273184 6.352854795127e-01 2.965009905127e-02 2.190463212175e-02 1.721359639560e+00 3.433889689420e+02
27 61 4 1.86197306 0.90060047 1.48735002 0.59095296 2.04273184 5.981501649992e-01 2.901245517091e-02 2.521508508113e-02 1.787925907714e+00 2.695728573129e+02
27 62 4 1.86197306 0.90060047 1.48735002 0.59095296 2.04273184 4.805035154544e-01 3.003162681632e-02 2.654368120634e-02 1.844513796787e+00 1.956427719320e+02
27 63 4 1.86197306 0.90060047 1.48735002 0.59095296 2.04273184 4.427843772849e-01 3.484450798371e-02 2.443624776368e-02 1.912761723904e+00 1.824664859706e+02
28 0 4 1.77983070 0.71740392 0.96293026 0.55902055 5.15552138 1.335016471513e+02 2.196942531602e+00 6.790598877674e-02 7.443348574718e-01 9.034132444628e+03
28 1 4 1.77983070 0.71740392 0.96293026 0.55902055 5.15552138 1.278590638636e+02 2.030798985125e+00 7.572848031772e-02 7.167575228871e-01 8.261910856722e+03
28 2 4 1.77983070 0.71740392 0.96293026 0.55902055 5.15552138 1.243332089881e+02 1.941415238990e+00 1.714731403432e-01 6.854408758602e-01 7.422089584031e+03
28 3 4 1.77983070 0.71740392 0.96293026 0.55902055 5.15552138 1.191203870373e+02 1.844548151381e+00 8.076924377050e-02 6.572504736810e-01 6.755406100945e+03
28 4 4 1.77983070 0.71740392 0.96293026 0.55902055 5.15552138 1.148408240244e+02 1.728234375119e+00 4.549877035479e-02 6.292901627226e-01 6.004606527876e+03
28 5 4 1.77983070 0.71740392 0.96293026 0.55902055 5.15552138 1.098298547965e+02 1.566431689815e+00 1.686292611010e-01 6.034222477305e-01 5.423001187053e+03
28 6 4 1.77983070 0.71740392 0.96293026 0.55902055 5.15552138 1.047437946648e+02 1.423411913471e+00 1.202928277768e-01 5.744378837545e-01 5.139877759249e+03
28 7 4 1.77983070 0.71740392 0.96293026 0.55902055 5.15552138 1.006248987472e+02 1.309449263221e+00 1.624733054880e-02 5.512099384794e-01 4.892146470485e+03
28 8 4 1.77983070 0.71740392 0.96293026 0.55902055 5.15552138 9.543007445265e+01 1.223411623875e+00 1.170752275838e-01 5.242448546375e-01 4.905609944755e+03
28 9 4 1.77983070 0.71740392 0.96293026 0.55902055 5.15552138 9.227815320304e+01 1.124319123182e+00 1.541577834699e-01 5.008472921394e-01 5.105038508745e+03
28 10 4 1.77983070 0.71740392 0.96293026 0.55902055 5.15552138 8.792795372877e+01 1.010182135121e+00 2.996106436690e-02 4.792818723234e-01 5.222569652381e+03
28 11 4 1.77983070 0.71740392 0.96293026 0.55902055 5.15552138 8.515812527348e+01 8.974201396391e-01 5.724566955730e-02 4.578578388375e-01 5.464745636421e+03
28 12 4 1.77983070 0.71740392 0.96293026 0.55902055 5.15552138 8.170055901148e+01 8.110097720713e-01 1.442397947766e-01 4.398538815886e-01 5.702259164551e+03
28 13 4 1.77983070 0.71740392 0.96293026 0.55902055 5.15552138 7.918120994173e+01 7.420146109239e-01 5.834670329823e-02 4.242689086229e-01 5.735371962000e+03
28 14 4 1.77983070 0.71740392 0.96293026 0.55902055 5.15552138 7.684709184576e+01 6.734565954276e-01 2.298376452755e-02 4.092535974089e-01 5.778927031075e+03
28 15 4 1.77983070 0.71740392 0.96293026 0.55902055 5.15552138 7.453296827683e+01 5.876366449729e-01 1.084987353843e-01 3.978137271340e-01 5.698583916350e+03
28 16 4 1.77983070 0.71740392 0.96293026 0.55902055 5.15552138 7.293009957251e+01 5.019250677753e-01 7.656168018857e-02 3.880135504616e-01 5.378222102013e+03
28 17 4 1.77983070 0.71740392 0.96293026 0.55902055 5.15552138 7.082101864496e+01 4.239326671808e-01 1.010134654197e-02 3.777799302687e-01 5.077648906665e+03
28 18 4 1.77983070 0.71740392 0.96293026 0.55902055 5.15552138 6.947125218275e+01 3.683154500010e-01 7.548031538615e-02 3.718499085776e-01 4.710721748429e+03
28 19 4 1.77983070 0.71740392 0.96293026 0.55902055 5.15552138 6.776917510773e+01 3.162715687585e-01 9.337568740802e-02 3.637806945023e-01 4.213784851052e+03
28 20 4 1.77983070 0.71740392 0.96293026 0.55902055 5.15552138 6.607046761961e+01 2.708113064490e-01 1.411134572731e-02 3.581767395298e-01 3.855820838189e+03
28 21 4 1.77983070 0.71740392 0.96293026 0.55902055 5.15552138 6.426638268013e+01 2.206140688051e-01 3.981505672826e-02 3.526645026634e-01 3.539726203247e+03
28 22 4 1.77983070 0.71740392 0.96293026 0.55902055 5.15552138 6.250912974452e+01 1.792702461895e-01 9.929050220372e-02 3.479203492566e-01 3.247606757812e+03
28 23 4 1.77983070 0.71740392 0.96293026 0.55902055 5.15552138 6.104969439806e+01 1.377788140857e-01 3.925250828470e-02 3.427210416867e-01 3.184141773094e+03
28 24 4 1.77983070 0.71740392 0.96293026 0.55902055 5.15552138 5.962591039105e+01 1.022001716320e-01 1.136211945083e-02 3.410772488801e-01 3.176592396334e+03
28 25 4 1.77983070 0.71740392 0.96293026 0.55902055 5.15552138 5.810487736938e+01 6.810390727001e-02 7.851410203351e-02 3.365365142456e-01 3.225653855848e+03
28 26 4 1.77983070 0.71740392 0.96293026 0.55902055 5.15552138 5.733175322290e+01 4.389220685673e-02 6.539419049653e-02 3.371566551533e-01 3.460993089945e+03
28 27 4 1.77983070 0.71740392 0.96293026 0.55902055 5.15552138 5.599633670230e+01 2.813780062229e-02 9.007662425069e-03 3.362548636574e-01 3.658172985175e+03
28 28 4 1.77983070 0.71740392 0.96293026 0.55902055 5.15552138 5.624208454497e+01 1.817833875260e-02 4.504911823748e-02 3.383869001784e-01 3.856663548903e+03
28 29 4 1.77983070 0.71740392 0.96293026 0.55902055 5.15552138 5.514090858891e+01 8.798086136516e-03 6.610702212530e-02 3.410871388113e-01 4.123363208020e+03
28 30 4 1.77983070 0.71740392 0.96293026 0.55902055 5.15552138 5.589973422854e+01 1.318459585850e-03 1.945878136694e-02 3.467369183732e-01 4.236766074881e+03
28 31 4 1.77983070 0.71740392 0.96293026 0.55902055 5.15552138 5.556605516014e+01 8.024105802098e-04 3.061952362279e-02 3.508565313552e-01 4.301946697335e+03
28 32 4 1.77983070 0.71740392 0.96293026 0.55902055 5.15552138 5.721972682494e+01 8.861737233153e-03 6.581059181050e-02 3.602297861956e-01 4.385711701478e+03
28 33 4 1.77983070 0.71740392 0.96293026 0.55902055 5.15552138 5.788722065815e+01 1.932957805474e-02 2.782779508683e-02 3.662405863168e-01 4.283534970452e+03
28 34 4 1.77983070 0.71740392 0.96293026 0.55902055 5.15552138 5.932650958639e+01 3.119729539660e-02 2.781586268041e-02 3.763367414214e-01 4.122996723783e+03
28 35 4 1.77983070 0.71740392 0.96293026 0.55902055 5.15552138 6.062237688331e+01 4.260195221975e-02 8.424329311124e-02 3.851956896913e-01 3.967968066199e+03
28 36 4 1.77983070 0.71740392 0.96293026 0.55902055 5.15552138 6.194903830633e+01 6.635826302165e-02 4.857813480698e-02 3.952655633347e-01 3.689397511790e+03
28 37 4 1.77983070 0.71740392 0.96293026 0.55902055 5.15552138 6.400622903103e+01 9.821245185524e-02 1.487657738422e-02 4.048336817611e-01 3.465819424048e+03
28 38 4 1.77983070 0.71740392 0.96293026 0.55902055 5.15552138 6.520806392183e+01 1.412061222246e-01 9.064505395592e-02 4.169581098127e-01 3.349305225085e+03
28 39 4 1.77983070 0.71740392 0.96293026 0.55902055 5.15552138 6.714015267005e+01 1.799517944901e-01 9.205793463491e-02 4.261534672006e-01 3.220734255260e+03
28 40 4 1.77983070 0.71740392 0.96293026 0.55902055 5.15552138 6.832985318901e+01 2.231837397592e-01 1.319236964140e-02 4.400120698499e-01 3.259974547674e+03
28 41 4 1.77983070 0.71740392 0.96293026 0.55902055 5.15552138 7.043519521753e+01 2.660233808377e-01 6.468090945516e-02 4.518484955652e-01 3.452064516371e+03
28 42 4 1.77983070 0.71740392 0.96293026 0.55902055 5.15552138 7.211671840242e+01 3.175755929044e-01 1.262508604997e-01 4.659026937379e-01 3.670501053301e+03
28 43 4 1.77983070 0.71740392 0.96293026 0.55902055 5.15552138 7.380029155575e+01 3.697024065596e-01 4.149436295748e-02 4.819031538569e-01 4.069479287552e+03
28 44 4 1.77983070 0.71740392 0.96293026 0.55902055 5.15552138 7.561391759337e+01 4.278624809647e-01 3.423509784022e-02 4.982819467729e-01 4.525278977343e+03
28 45 4 1.77983070 0.71740392 0.96293026 0.55902055 5.15552138 7.763072942451e+01 4.968613209061e-01 1.293474226467e-01 5.160920348074e-01 4.906432888846e+03
28 46 4 1.77983070 0.71740392 0.96293026 0.55902055 5.15552138 8.005897835660e+01 5.807530148685e-01 7.991173827885e-02 5.367806983791e-01 5.372748006050e+03
28 47 4 1.77983070 0.71740392 0.96293026 0.55902055 5.15552138 8.307618161787e+01 6.720715692058e-01 2.286681012036e-02 5.561389535079e-01 5.744364119394e+03
28 48 4 1.77983070 0.71740392 0.96293026 0.55902055 5.15552138 8.589067302281e+01 7.515382033292e-01 1.256026514471e-01 5.777561563696e-01 5.935613475007e+03
28 49 4 1.77983070 0.71740392 0.96293026 0.55902055 5.15552138 8.987269252842e+01 8.209793988470e-01 1.235269068808e-01 6.005900546280e-01 6.113367588961e+03
28 50 4 1.77983070 0.71740392 0.96293026 0.55902055 5.15552138 9.309006628867e+01 8.934359618162e-01 2.285349709102e-02 6.200994341904e-01 6.119198183757e+03
28 51 4 1.77983070 0.71740392 0.96293026 0.55902055 5.15552138 9.789617706940e+01 9.941325703680e-01 1.083465491196e-01 6.438364083570e-01 5.952202765843e+03
28 52 4 1.77983070 0.71740392 0.96293026 0.55902055 5.15552138 1.014089013324e+02 1.115461856940e+00 1.718333679671e-01 6.633212140351e-01 5.809716773960e+03
28 53 4 1.77983070 0.71740392 0.96293026 0.55902055 5.15552138 1.064362799155e+02 1.233418295235e+00 4.514081930504e-02 6.840172527189e-01 5.572559562197e+03
28 54 4 1.77983070 0.71740392 0.96293026 0.55902055 5.15552138 1.109890857426e+02 1.331536139694e+00 6.072767109625e-02 7.039123762527e-01 5.302823223194e+03
28 55 4 1.77983070 0.71740392 0.96293026 0.55902055 5.15552138 1.155581724832e+02 1.424783684864e+00 1.932964231111e-01 7.243157204493e-01 5.219286185729e+03
28 56 4 1.77983070 0.71740392 0.96293026 0.55902055 5.15552138 1.205456543624e+02 1.549377872941e+00 1.074131236486e-01 7.414525963896e-01 5.236461566876e+03
28 57 4 1.77983070 0.71740392 0.96293026 0.55902055 5.15552138 1.243722655712e+02 1.701331168861e+00 2.770570508445e-02 7.655874675356e-01 5.411945596804e+03
28 58 4 1.77983070 0.71740392 0.96293026 0.55902055 5.15552138 1.299092592496e+02 1.853024575070e+00 1.625940860713e-01 7.819823269820e-01 5.885133435153e+03
28 59 4 1.77983070 0.71740392 0.96293026 0.55902055 5.15552138 1.332189147121e+02 1.962927901898e+00 1.608887417304e-01 8.073808693287e-01 6.449765698537e+03
28 60 4 1.77983070 0.71740392 0.96293026 0.55902055 5.15552138 1.382803956917e+02 2.055213650328e+00 3.948853657138e-02 8.285078843751e-01 7.145686992609e+03
28 61 4 1.77983070 0.71740392 0.96293026 0.55902055 5.15552138 1.416092890107e+02 2.179024126806e+00 1.209627040072e-01 8.535978817342e-01 8.042874695706e+03
28 62 4 1.77983070 0.71740392 0.96293026 0.55902055 5.15552138 1.466477183447e+02 2.364507462608e+00 1.781607320910e-01 8.770790805536e-01 8.829842981437e+03
28 63 4 1.77983070 0.71740392 0.96293026 0.55902055 5.15552138 1.520750434773e+02 2.583089077409e+00 6.331032280067e-02 9.057390726527e-01 9.560637398590e+03
29 0 4 0.81564487 0.49925352 0.56565722 0.46816681 0.98603185 2.439697593712e-03 5.402300805227e-01 3.959207825728e-04 8.013682512036e-07 6.857457002063e+00
29 1 4 0.81564487 0.49925352 0.56565722 0.46816681 0.98603185 3.379245736058e-03 5.358083032119e-01 3.567412327209e-03 8.111729416619e-07 7.794015493809e+00
29 2 4 0.81564487 0.49925352 0.56565722 0.46816681 0.98603185 4.551546112700e-03 5.253868115652e-01 6.999291037502e-03 8.301603304795e-07 8.958910469666e+00
29 3 4 0.81564487 0.49925352 0.56565722 0.46816681 0.98603185 3.401177991251e-03 5.135456560378e-01 7.937298170419e-03 8.464177452334e-07 1.030256392547e+01
29 4 4 0.81564487 0.49925352 0.56565722 0.46816681 0.98603185 2.370714883359e-03 4.997200364126e-01 5.941587717669e-03 8.497763846010e-07 1.157783641142e+01
29 5 4 0.81564487 0.49925352 0.56565722 0.46816681 0.98603185 3.526140571384e-03 4.814460426110e-01 2.399859405921e-03 8.339476279312e-07 1.276829695882e+01
29 6 4 0.81564487 0.49925352 0.56565722 0.46816681 0.98603185 7.179048094912e-03 4.592359318824e-01 1.003118565021e-04 7.976280432249e-07 1.368652396910e+01
29 7 4 0.81564487 0.49925352 0.56565722 0.46816681 0.98603185 9.185347821053e-03 4.351242872912e-01 8.486394740838e-04 7.444072282028e-07 1.429285516265e+01
29 8 4 0.81564487 0.49925352 0.56565722 0.46816681 0.98603185 6.306039863719e-03 4.087220883862e-01 3.076702440507e-03 6.815943369003e-07 1.454739794383e+01
29 9 4 0.81564487 0.49925352 0.56565722 0.46816681 0.98603185 4.386204374873e-03 3.781529453015e-01 3.949576181618e-03 6.183114185037e-07 1.436288045476e+01
29 10 4 0.81564487 0.49925352 0.56565722 0.46816681 0.98603185 4.316457654153e-03 3.441003265258e-01 2.844560194784e-03 5.633363144137e-07 1.384772947792e+01
29 11 4 0.81564487 0.49925352 0.56565722 0.46816681 0.98603185 8.257167540897e-03 3.102832058191e-01 1.110950230238e-03 5.231930244768e-07 1.291850070020e+01
29 12 4 0.81564487 0.49925352 0.56565722 0.46816681 0.98603185 8.129617470240e-03 2.800159562109e-01 9.058927655487e-05 5.008903784680e-07 1.176355136148e+01
29 13 4 0.81564487 0.49925352 0.56565722 0.46816681 0.98603185 5.123093518972e-03 2.541999207658e-01 2.665694535592e-04 4.955324274200e-07 1.035052043296e+01
29 14 4 0.81564487 0.49925352 0.56565722 0.46816681 0.98603185 2.639699890615e-03 2.328727061108e-01 9.365589965123e-04 5.028131615035e-07 8.888230106254e+00
29 15 4 0.81564487 0.49925352 0.56565722 0.46816681 0.98603185 1.855488129258e-03 2.171090425002e-01 9.151458526847e-04 5.162138607243e-07 7.385118118996e+00
29 16 4 0.81564487 0.49925352 0.56565722 0.46816681 0.98603185 3.311628875604e-03 2.084998983598e-01 2.538668731726e-04 5.285848386638e-07 6.024001984761e+00
29 17 4 0.81564487 0.49925352 0.56565722 0.46816681 0.98603185 2.472511661111e-03 2.073304519200e-01 5.669336265826e-05 5.337387606972e-07 4.831690473078e+00
29 18 4 0.81564487 0.49925352 0.56565722 0.46816681 0.98603185 1.739941655442e-03 2.120383166967e-01 5.606882391034e-04 5.277136962411e-07 3.909504033763e+00
29 19 4 0.81564487 0.49925352 0.56565722 0.46816681 0.98603185 6.139919930921e-04 2.206204390375e-01 9.894287450125e-04 5.094650713150e-07 3.296109231159e+00
29 20 4 0.81564487 0.49925352 0.56565722 0.46816681 0.98603185 7.166483906645e-04 2.321978118726e-01 8.709826707779e-04 4.808877327997e-07 2.980015175344e+00
29 21 4 0.81564487 0.49925352 0.56565722 0.46816681 0.98603185 1.211034305868e-03 2.466262187371e-01 3.481051553386e-04 4.462179588462e-07 3.009166872595e+00
29 22 4 0.81564487 0.49925352 0.56565722 0.46816681 0.98603185 1.420124429840e-03 2.626232592987e-01 5.707830106985e-07 4.109887054981e-07 3.265274144375e+00
29 23 4 0.81564487 0.49925352 0.56565722 0.46816681 0.98603185 1.715784583253e-03 2.774224613482e-01 6.309934330857e-04 3.807871083376e-07 3.817826962833e+00
29 24 4 0.81564487 0.49925352 0.56565722 0.46816681 0.98603185 6.352922090165e-04 2.890801485717e-01 2.143967526625e-03 3.600814072117e-07 4.466916588749e+00
29 25 4 0.81564487 0.49925352 0.56565722 0.46816681 0.98603185 5.928251353036e-04 2.980932320901e-01 3.136868941223e-03 3.513481050548e-07 5.298999781043e+00
29 26 4 0.81564487 0.49925352 0.56565722 0.46816681 0.98603185 6.724724817388e-04 3.054695102458e-01 2.593972000305e-03 3.546527147030e-07 6.122977349643e+00
29 27 4 0.81564487 0.49925352 0.56565722 0.46816681 0.98603185 1.521078185437e-03 3.101885552244e-01 1.111206775210e-03 3.677383053919e-07 6.937659154290e+00
29 28 4 0.81564487 0.49925352 0.56565722 0.46816681 0.98603185 1.118944353181e-03 3.103632928882e-01 6.309265493556e-05 3.865758994845e-07 7.735952056142e+00
29 29 4 0.81564487 0.49925352 0.56565722 0.46816681 0.98603185 3.171761960969e-04 3.061446755720e-01 5.345270213260e-04 4.062474606392e-07 8.284581828775e+00
29 30 4 0.81564487 0.49925352 0.56565722 0.46816681 0.98603185 8.458171227749e-06 2.992069632670e-01 2.575425742954e-03 4.219782157891e-07 8.853389963010e+00
29 31 4 0.81564487 0.49925352 0.56565722 0.46816681 0.98603185 2.524483217550e-04 2.896393082685e-01 4.568326182648e-03 4.301164138868e-07 9.017937409665e+00
29 32 4 0.81564487 0.49925352 0.56565722 0.46816681 0.98603185 2.514270602575e-04 2.757986663316e-01 4.486050166699e-03 4.288753301027e-07 9.155976843420e+00
29 33 4 0.81564487 0.49925352 0.56565722 0.46816681 0.98603185 8.679157250355e-06 2.575108063636e-01 2.411594479556e-03 4.186994470349e-07 8.937776269105e+00
29 34 4 0.81564487 0.49925352 0.56565722 0.46816681 0.98603185 3.148015115851e-04 2.371217814500e-01 4.389568085663e-04 4.021858313697e-07 8.547215915620e+00
29 35 4 0.81564487 0.49925352 0.56565722 0.46816681 0.98603185 1.094944940177e-03 2.167382427918e-01 1.029645630965e-04 3.835720455013e-07 8.000505697430e+00
29 36 4 0.81564487 0.49925352 0.56565722 0.46816681 0.98603185 1.508360753570e-03 1.964473142565e-01 1.240506932203e-03 3.678814970417e-07 7.188651846479e+00
29 37 4 0.81564487 0.49925352 0.56565722 0.46816681 0.98603185 6.576731912901e-04 1.761369779585e-01 2.700288400438e-03 3.598836235723e-07 6.416696179182e+00
29 38 4 0.81564487 0.49925352 0.56565722 0.46816681 0.98603185 5.829809767359e-04 1.573103648184e-01 3.121847315741e-03 3.630682495510e-07 5.472960901317e+00
29 39 4 0.81564487 0.49925352 0.56565722 0.46816681 0.98603185 6.117930928091e-04 1.418697367387e-01 2.024808445865e-03 3.788417193720e-07 4.690044865788e+00
29 40 4 0.81564487 0.49925352 0.56565722 0.46816681 0.98603185 1.681025060914e-03 1.301964316988e-01 5.315732023785e-04 4.061221447832e-07 3.965691353876e+00
29 41 4 0.81564487 0.49925352 0.56565722 0.46816681 0.98603185 1.398558022273e-03 1.215533152651e-01 2.146812129999e-06 4.414435716895e-07 3.489427314775e+00
29 42 4 0.81564487 0.49925352 0.56565722 0.46816681 0.98603185 1.210731978080e-03 1.158091812839e-01 4.119276506217e-04 4.795826917251e-07 3.291035473294e+00
29 43 4 0.81564487 0.49925352 0.56565722 0.46816681 0.98603185 7.259534593380e-04 1.138601605331e-01 9.165449057377e-04 5.146127843670e-07 3.409962177229e+00
29 44 4 0.81564487 0.49925352 0.56565722 0.46816681 0.98603185 6.527656822420e-04 1.164491944199e-01 9.729995729123e-04 5.411891347746e-07 3.924381457397e+00
29 45 4 0.81564487 0.49925352 0.56565722 0.46816681 0.98603185 1.903936280351e-03 1.231105962346e-01 5.021089001924e-04 5.558011219414e-07 4.756104930259e+00
29 46 4 0.81564487 0.49925352 0.56565722 0.46816681 0.98603185 2.766021361183e-03 1.325537375185e-01 4.140734520779e-05 5.577079796602e-07 5.976170336117e+00
29 47 4 0.81564487 0.49925352 0.56565722 0.46816681 0.98603185 3.659579211531e-03 1.440604909040e-01 3.393410614327e-04 5.493186538477e-07 7.417321301928e+00
29 48 4 0.81564487 0.49925352 0.56565722 0.46816681 0.98603185 2.076791443008e-03 1.580705327448e-01 1.025647979469e-03 5.358791280285e-07 9.114462155900e+00
29 49 4 0.81564487 0.49925352 0.56565722 0.46816681 0.98603185 2.949106582068e-03 1.748850696563e-01 9.601983785908e-04 5.244765373244e-07 1.086695728589e+01
29 50 4 0.81564487 0.49925352 0.56565722 0.46816681 0.98603185 5.723791781282e-03 1.932072428626e-01 2.342945149706e-04 5.225292048915e-07 1.265492933830e+01
29 51 4 0.81564487 0.49925352 0.56565722 0.46816681 0.98603185 8.944780589341e-03 2.109817628998e-01 1.509200167734e-04 5.360690399211e-07 1.430068395222e+01
29 52 4 0.81564487 0.49925352 0.56565722 0.46816681 0.98603185 9.038688688304e-03 2.274321319343e-01 1.362760256362e-03 5.682019715865e-07 1.573966960161e+01
29 53 4 0.81564487 0.49925352 0.56565722 0.46816681 0.98603185 4.725976712627e-03 2.426926957450e-01 3.233328284691e-03 6.181275118544e-07 1.685654787173e+01
29 54 4 0.81564487 0.49925352 0.56565722 0.46816681 0.98603185 4.787906461868e-03 2.552207870648e-01 4.273123328153e-03 6.810019260802e-07 1.755257677949e+01
29 55 4 0.81564487 0.49925352 0.56565722 0.46816681 0.98603185 6.878336009885e-03 2.616357550408e-01 3.153324072494e-03 7.487543868293e-07 1.782965150841e+01
29 56 4 0.81564487 0.49925352 0.56565722 0.46816681 0.98603185 9.858574693518e-03 2.602236278755e-01 7.645832913275e-04 8.117463773613e-07 1.755273950590e+01
29 57 4 0.81564487 0.49925352 0.56565722 0.46816681 0.98603185 7.713163227104e-03 2.527881049808e-01 1.729507184723e-04 8.609506492231e-07 1.687854816739e+01
29 58 4 0.81564487 0.49925352 0.56565722 0.46816681 0.98603185 3.806663347701e-03 2.417002100620e-01 2.819887476189e-03 8.901703045544e-07 1.568921351348e+01
29 59 4 0.81564487 0.49925352 0.56565722 0.46816681 0.98603185 2.588726341273e-03 2.271953943984e-01 6.570825540417e-03 8.977651454078e-07 1.424270251044e+01
29 60 4 0.81564487 0.49925352 0.56565722 0.46816681 0.98603185 3.690845047861e-03 2.095139649401e-01 8.463485598548e-03 8.874243644042e-07 1.255057186195e+01
29 61 4 0.81564487 0.49925352 0.56565722 0.46816681 0.98603185 4.890994645333e-03 1.914263666209e-01 7.190188972863e-03 8.677160589717e-07 1.086671023414e+01
29 62 4 0.81564487 0.49925352 0.56565722 0.46816681 0.98603185 3.715197325990e-03 1.756379094062e-01 3.457631075724e-03 8.504187542577e-07 9.373044964041e+00
29 63 4 0.81564487 0.49925352 0.56565722 0.46816681 0.98603185 2.741488340846e-03 1.611552766317e-01 3.010998035994e-04 8.479378352460e-07 8.256613050904e+00
