# environment=00021 local_bs=0 gain_scale=2.426182362792e-12
# ue subcarrier serving_bs phi0 phi1 phi2 phi3 phi4 gain0 gain1 gain2 gain3 gain4
0 0 0 8.54632599 1.32385156 1.93604268 3.18351834 3.42206668 3.670385797006e+02 2.961037571255e-01 8.747775503323e-01 1.133264272079e+01 1.231153861976e+01
0 1 0 8.54632599 1.32385156 1.93604268 3.18351834 3.42206668 3.317219066460e+02 2.889225799287e-01 7.688835580891e-01 1.085566708884e+01 1.096667967646e+01
0 2 0 8.54632599 1.32385156 1.93604268 3.18351834 3.42206668 3.036335083600e+02 2.822916190073e-01 6.877887004341e-01 1.046618934323e+01 1.045549890852e+01
0 3 0 8.54632599 1.32385156 1.93604268 3.18351834 3.42206668 2.824070321367e+02 2.759041170490e-01 6.365225046733e-01 1.009277055555e+01 1.037317084295e+01
0 4 0 8.54632599 1.32385156 1.93604268 3.18351834 3.42206668 2.695753661838e+02 2.695892372757e-01 6.180871736092e-01 9.671846218193e+00 1.030710291270e+01
0 5 0 8.54632599 1.32385156 1.93604268 3.18351834 3.42206668 2.662900886681e+02 2.626773251545e-01 6.305647439333e-01 9.248078251712e+00 1.008861056754e+01
0 6 0 8.54632599 1.32385156 1.93604268 3.18351834 3.42206668 2.693940885966e+02 2.542096927139e-01 6.662887681002e-01 8.909956153567e+00 9.832895006673e+00
0 7 0 8.54632599 1.32385156 1.93604268 3.18351834 3.42206668 2.768329993465e+02 2.439070216462e-01 7.143838179038e-01 8.661000258982e+00 9.759635710052e+00
0 8 0 8.54632599 1.32385156 1.93604268 3.18351834 3.42206668 2.881696899996e+02 2.327952529291e-01 7.643724337369e-01 8.416203574981e+00 9.950577899816e+00
0 9 0 8.54632599 1.32385156 1.93604268 3.18351834 3.42206668 2.997781134953e+02 2.226563776923e-01 8.078992260914e-01 8.119486129417e+00 1.023784675347e+01
0 10 0 8.54632599 1.32385156 1.93604268 3.18351834 3.42206668 3.083351755807e+02 2.147230360622e-01 8.382507017103e-01 7.809255785623e+00 1.030500498356e+01
0 11 0 8.54632599 1.32385156 1.93604268 3.18351834 3.42206668 3.134688019024e+02 2.088447401162e-01 8.498062764022e-01 7.552844927897e+00 9.914177189806e+00
0 12 0 8.54632599 1.32385156 1.93604268 3.18351834 3.42206668 3.133313096880e+02 2.038436835013e-01 8.390638790786e-01 7.356812541318e+00 9.079035791390e+00
0 13 0 8.54632599 1.32385156 1.93604268 3.18351834 3.42206668 3.060298799708e+02 1.985753773856e-01 8.064518616471e-01 7.169633142336e+00 8.053370676459e+00
0 14 0 8.54632599 1.32385156 1.93604268 3.18351834 3.42206668 2.933816283873e+02 1.926380086671e-01 7.568975483606e-01 6.952244001106e+00 7.152186872212e+00
0 15 0 8.54632599 1.32385156 1.93604268 3.18351834 3.42206668 2.769215320281e+02 1.862416368537e-01 6.983968529622e-01 6.717766607240e+00 6.547727390380e+00
0 16 0 8.54632599 1.32385156 1.93604268 3.18351834 3.42206668 2.565627823979e+02 1.796815668181e-01 6.398166246732e-01 6.504303340013e+00 6.191577666939e+00
0 17 0 8.54632599 1.32385156 1.93604268 3.18351834 3.42206668 2.346900122617e+02 1.731111106142e-01 5.894598981621e-01 6.326321582879e+00 5.907686436528e+00
0 18 0 8.54632599 1.32385156 1.93604268 3.18351834 3.42206668 2.142872003805e+02 1.667430119337e-01 5.544740688708e-01 6.159355961996e+00 5.569579636965e+00
0 19 0 8.54632599 1.32385156 1.93604268 3.18351834 3.42206668 1.960356514929e+02 1.610241824621e-01 5.400606709555e-01 5.970769689646e+00 5.219819311134e+00
0 20 0 8.54632599 1.32385156 1.93604268 3.18351834 3.42206668 1.813452947543e+02 1.564191107837e-01 5.480805953587e-01 5.763506047200e+00 5.045409370410e+00
0 21 0 8.54632599 1.32385156 1.93604268 3.18351834 3.42206668 1.721411813577e+02 1.530042838130e-01 5.760718352951e-01 5.580989140960e+00 5.237409910116e+00
0 22 0 8.54632599 1.32385156 1.93604268 3.18351834 3.42206668 1.676872550624e+02 1.503651790789e-01 6.179056475378e-01 5.458179124582e+00 5.846282668437e+00
0 23 0 8.54632599 1.32385156 1.93604268 3.18351834 3.42206668 1.670483808713e+02 1.479453049161e-01 6.658704960355e-01 5.375120441322e+00 6.739055886267e+00
0 24 0 8.54632599 1.32385156 1.93604268 3.18351834 3.42206668 1.708009105124e+02 1.454667545104e-01 7.125975552625e-01 5.280384751709e+00 7.683368800184e+00
0 25 0 8.54632599 1.32385156 1.93604268 3.18351834 3.42206668 1.779701604358e+02 1.429800814628e-01 7.516446319869e-01 5.161221711050e+00 8.491989577246e+00
0 26 0 8.54632599 1.32385156 1.93604268 3.18351834 3.42206668 1.866885569600e+02 1.405720304790e-01 7.773054048362e-01 5.061752510595e+00 9.124190719812e+00
0 27 0 8.54632599 1.32385156 1.93604268 3.18351834 3.42206668 1.964253229825e+02 1.381759162788e-01 7.851836111082e-01 5.016862249189e+00 9.677464346204e+00
0 28 0 8.54632599 1.32385156 1.93604268 3.18351834 3.42206668 2.057102405552e+02 1.357771943622e-01 7.739948794371e-01 4.997350873548e+00 1.028249665681e+01
0 29 0 8.54632599 1.32385156 1.93604268 3.18351834 3.42206668 2.122944705922e+02 1.337663974118e-01 7.471110845086e-01 4.954243926573e+00 1.097967229711e+01
0 30 0 8.54632599 1.32385156 1.93604268 3.18351834 3.42206668 2.164279642010e+02 1.329246738518e-01 7.118953149053e-01 4.901371264682e+00 1.166459024887e+01
0 31 0 8.54632599 1.32385156 1.93604268 3.18351834 3.42206668 2.188913941437e+02 1.338901906690e-01 6.766869880078e-01 4.908089077468e+00 1.214023582154e+01
0 32 0 8.54632599 1.32385156 1.93604268 3.18351834 3.42206668 2.185248204961e+02 1.365629266994e-01 6.475880934701e-01 5.003248405059e+00 1.223950741973e+01
0 33 0 8.54632599 1.32385156 1.93604268 3.18351834 3.42206668 2.149827263079e+02 1.400610936042e-01 6.274791825233e-01 5.129105744668e+00 1.193311601945e+01
0 34 0 8.54632599 1.32385156 1.93604268 3.18351834 3.42206668 2.090933579538e+02 1.433296455365e-01 6.175371619088e-01 5.216000715463e+00 1.134722915574e+01
0 35 0 8.54632599 1.32385156 1.93604268 3.18351834 3.42206668 2.006754148844e+02 1.458528505856e-01 6.191367193092e-01 5.271252042648e+00 1.067753581571e+01
0 36 0 8.54632599 1.32385156 1.93604268 3.18351834 3.42206668 1.906975380886e+02 1.478371808888e-01 6.338805982002e-01 5.356012836437e+00 1.006021284783e+01
0 37 0 8.54632599 1.32385156 1.93604268 3.18351834 3.42206668 1.820551300824e+02 1.497944004824e-01 6.617100160758e-01 5.490711262146e+00 9.493416349496e+00
0 38 0 8.54632599 1.32385156 1.93604268 3.18351834 3.42206668 1.758888377385e+02 1.520452521697e-01 6.991979537088e-01 5.630170843136e+00 8.868561347698e+00
0 39 0 8.54632599 1.32385156 1.93604268 3.18351834 3.42206668 1.722185650337e+02 1.546480056717e-01 7.399565513040e-01 5.738031452690e+00 8.089660168798e+00
0 40 0 8.54632599 1.32385156 1.93604268 3.18351834 3.42206668 1.726720333784e+02 1.576960707047e-01 7.768993614946e-01 5.843488069598e+00 7.189578245546e+00
0 41 0 8.54632599 1.32385156 1.93604268 3.18351834 3.42206668 1.780756845413e+02 1.614966770674e-01 8.043486326217e-01 5.998563925692e+00 6.349058273936e+00
0 42 0 8.54632599 1.32385156 1.93604268 3.18351834 3.42206668 1.877085839016e+02 1.663346115197e-01 8.185014865916e-01 6.203759093430e+00 5.795534152899e+00
0 43 0 8.54632599 1.32385156 1.93604268 3.18351834 3.42206668 2.020309200983e+02 1.720857865671e-01 8.167769277052e-01 6.407748912141e+00 5.653363576138e+00
0 44 0 8.54632599 1.32385156 1.93604268 3.18351834 3.42206668 2.206726112568e+02 1.781781248163e-01 7.976654813102e-01 6.574040024419e+00 5.860859525077e+00
0 45 0 8.54632599 1.32385156 1.93604268 3.18351834 3.42206668 2.406828967389e+02 1.840054059339e-01 7.617152286660e-01 6.721419623106e+00 6.223049902147e+00
0 46 0 8.54632599 1.32385156 1.93604268 3.18351834 3.42206668 2.604069165824e+02 1.893581596726e-01 7.125587988025e-01 6.893986217583e+00 6.563739379066e+00
0 47 0 8.54632599 1.32385156 1.93604268 3.18351834 3.42206668 2.793242213372e+02 1.944211666588e-01 6.565804600862e-01 7.108092451260e+00 6.858279827752e+00
0 48 0 8.54632599 1.32385156 1.93604268 3.18351834 3.42206668 2.947928302579e+02 1.994328495903e-01 6.012738611739e-01 7.338551285208e+00 7.238243220655e+00
0 49 0 8.54632599 1.32385156 1.93604268 3.18351834 3.42206668 3.051581854709e+02 2.045209054414e-01 5.536856729632e-01 7.553670764286e+00 7.858440403960e+00
0 50 0 8.54632599 1.32385156 1.93604268 3.18351834 3.42206668 3.112821631684e+02 2.099553630167e-01 5.198953712228e-01 7.759399499408e+00 8.729338370104e+00
0 51 0 8.54632599 1.32385156 1.93604268 3.18351834 3.42206668 3.123921646329e+02 2.164054444704e-01 5.049067147924e-01 8.001980125248e+00 9.652872812122e+00
0 52 0 8.54632599 1.32385156 1.93604268 3.18351834 3.42206668 3.079009803761e+02 2.246213083252e-01 5.117977320158e-01 8.315352221520e+00 1.032476251257e+01
0 53 0 8.54632599 1.32385156 1.93604268 3.18351834 3.42206668 3.008381068210e+02 2.346262686540e-01 5.403182248242e-01 8.669359500263e+00 1.053678602321e+01
0 54 0 8.54632599 1.32385156 1.93604268 3.18351834 3.42206668 2.932970306720e+02 2.452707973231e-01 5.865729622714e-01 8.996783854639e+00 1.032897305003e+01
0 55 0 8.54632599 1.32385156 1.93604268 3.18351834 3.42206668 2.854816779725e+02 2.548555553273e-01 6.448090633682e-01 9.284390354662e+00 9.972089524249e+00
0 56 0 8.54632599 1.32385156 1.93604268 3.18351834 3.42206668 2.803657166210e+02 2.624540002380e-01 7.100396512094e-01 9.605332064190e+00 9.785933333919e+00
0 57 0 8.54632599 1.32385156 1.93604268 3.18351834 3.42206668 2.807123870983e+02 2.687090889583e-01 7.791035296660e-01 1.002703170855e+01 9.925662709125e+00
0 58 0 8.54632599 1.32385156 1.93604268 3.18351834 3.42206668 2.862128343325e+02 2.752992264460e-01 8.495266129706e-01 1.051071819560e+01 1.029920218241e+01
0 59 0 8.54632599 1.32385156 1.93604268 3.18351834 3.42206668 2.984351147340e+02 2.836144318023e-01 9.183271710952e-01 1.095539856862e+01 1.068544484474e+01
0 60 0 8.54632599 1.32385156 1.93604268 3.18351834 3.42206668 3.192808578362e+02 2.939772706796e-01 9.831396053599e-01 1.133662027406e+01 1.096983441452e+01
0 61 0 8.54632599 1.32385156 1.93604268 3.18351834 3.42206668 3.461163713811e+02 3.060625601785e-01 1.045009552625e+00 1.173737470123e+01 1.131420864755e+01
0 62 0 8.54632599 1.32385156 1.93604268 3.18351834 3.42206668 3.770160851641e+02 3.197845486542e-01 1.109473718704e+00 1.221906544560e+01 1.211249327297e+01
0 63 0 8.54632599 1.32385156 1.93604268 3.18351834 3.42206668 4.123803826539e+02 3.354497384357e-01 1.183838716944e+00 1.272478083271e+01 1.373875976230e+01
7 0 0 12.75480421 1.44982746 2.15990304 2.69824229 4.43493708 1.302878851984e+03 4.611500233287e-01 1.767276705273e+00 6.227130436180e+00 4.091450921282e+01
7 1 0 12.75480421 1.44982746 2.15990304 2.69824229 4.43493708 1.183631283016e+03 4.438868203662e-01 1.805975662003e+00 6.016569836684e+00 4.179756689686e+01
7 2 0 12.75480421 1.44982746 2.15990304 2.69824229 4.43493708 1.079753287592e+03 4.277394964498e-01 1.845842172847e+00 5.842812664572e+00 4.327638751630e+01
7 3 0 12.75480421 1.44982746 2.15990304 2.69824229 4.43493708 9.909493553669e+02 4.125888471663e-01 1.866559172353e+00 5.653137496722e+00 4.464419573866e+01
7 4 0 12.75480421 1.44982746 2.15990304 2.69824229 4.43493708 9.282149224998e+02 3.971482046866e-01 1.857430752874e+00 5.421513748814e+00 4.500422295137e+01
7 5 0 12.75480421 1.44982746 2.15990304 2.69824229 4.43493708 8.925599066879e+02 3.797464629637e-01 1.813594404213e+00 5.172445505463e+00 4.390910541588e+01
7 6 0 12.75480421 1.44982746 2.15990304 2.69824229 4.43493708 8.750925457994e+02 3.604561147244e-01 1.733216423678e+00 4.947907445562e+00 4.167411063250e+01
7 7 0 12.75480421 1.44982746 2.15990304 2.69824229 4.43493708 8.712071205148e+02 3.417991625229e-01 1.619289077483e+00 4.766745006199e+00 3.910286126479e+01
7 8 0 12.75480421 1.44982746 2.15990304 2.69824229 4.43493708 8.868728735580e+02 3.269855968364e-01 1.483037366187e+00 4.616766908370e+00 3.685503403283e+01
7 9 0 12.75480421 1.44982746 2.15990304 2.69824229 4.43493708 9.200865951031e+02 3.175009441560e-01 1.343630004719e+00 4.473163909194e+00 3.499079952491e+01
7 10 0 12.75480421 1.44982746 2.15990304 2.69824229 4.43493708 9.532420892901e+02 3.122403143875e-01 1.222722615876e+00 4.318566286166e+00 3.304393270871e+01
7 11 0 12.75480421 1.44982746 2.15990304 2.69824229 4.43493708 9.810457621837e+02 3.084567468368e-01 1.137418719631e+00 4.152587520132e+00 3.050714508654e+01
7 12 0 12.75480421 1.44982746 2.15990304 2.69824229 4.43493708 1.006298314001e+03 3.033641200704e-01 1.096183628592e+00 3.988894658832e+00 2.730544559648e+01
7 13 0 12.75480421 1.44982746 2.15990304 2.69824229 4.43493708 1.013894987657e+03 2.954747663718e-01 1.098999770244e+00 3.840933299157e+00 2.389917540423e+01
7 14 0 12.75480421 1.44982746 2.15990304 2.69824229 4.43493708 9.924360903947e+02 2.853111340140e-01 1.139750475620e+00 3.707022282393e+00 2.097168047799e+01
7 15 0 12.75480421 1.44982746 2.15990304 2.69824229 4.43493708 9.509780701524e+02 2.750678926049e-01 1.208522549037e+00 3.571647465893e+00 1.896418106492e+01
7 16 0 12.75480421 1.44982746 2.15990304 2.69824229 4.43493708 8.965263536354e+02 2.670301783613e-01 1.293274469752e+00 3.424107100413e+00 1.781860468556e+01
7 17 0 12.75480421 1.44982746 2.15990304 2.69824229 4.43493708 8.297417723440e+02 2.617257609985e-01 1.381367063305e+00 3.273264335936e+00 1.711080853203e+01
7 18 0 12.75480421 1.44982746 2.15990304 2.69824229 4.43493708 7.582720509150e+02 2.575447060059e-01 1.460940010347e+00 3.140589865564e+00 1.643814775843e+01
7 19 0 12.75480421 1.44982746 2.15990304 2.69824229 4.43493708 6.953592665577e+02 2.523763033368e-01 1.521598013667e+00 3.040337523930e+00 1.573516025817e+01
7 20 0 12.75480421 1.44982746 2.15990304 2.69824229 4.43493708 6.478849188975e+02 2.456752317470e-01 1.554597342976e+00 2.969019530196e+00 1.528280313287e+01
7 21 0 12.75480421 1.44982746 2.15990304 2.69824229 4.43493708 6.114653502628e+02 2.388793329938e-01 1.553709758945e+00 2.911330321401e+00 1.543952593176e+01
7 22 0 12.75480421 1.44982746 2.15990304 2.69824229 4.43493708 5.848852724953e+02 2.339568384408e-01 1.517384005363e+00 2.852026165532e+00 1.632327390519e+01
7 23 0 12.75480421 1.44982746 2.15990304 2.69824229 4.43493708 5.746785899227e+02 2.317725712902e-01 1.450857088092e+00 2.784702985236e+00 1.768405687114e+01
7 24 0 12.75480421 1.44982746 2.15990304 2.69824229 4.43493708 5.779151813238e+02 2.317014938513e-01 1.365830817527e+00 2.716162277952e+00 1.905475777149e+01
7 25 0 12.75480421 1.44982746 2.15990304 2.69824229 4.43493708 5.883566725688e+02 2.322214569935e-01 1.276967778972e+00 2.662897905149e+00 2.006205206063e+01
7 26 0 12.75480421 1.44982746 2.15990304 2.69824229 4.43493708 6.109510222957e+02 2.315086355048e-01 1.197449700791e+00 2.635948670803e+00 2.065761785811e+01
7 27 0 12.75480421 1.44982746 2.15990304 2.69824229 4.43493708 6.459314732779e+02 2.279522077101e-01 1.136899702579e+00 2.625479829316e+00 2.109523309447e+01
7 28 0 12.75480421 1.44982746 2.15990304 2.69824229 4.43493708 6.825620324645e+02 2.211412857202e-01 1.102571864512e+00 2.606991842137e+00 2.168891389846e+01
7 29 0 12.75480421 1.44982746 2.15990304 2.69824229 4.43493708 7.148290324053e+02 2.129377584794e-01 1.101142381827e+00 2.570203178895e+00 2.255375102917e+01
7 30 0 12.75480421 1.44982746 2.15990304 2.69824229 4.43493708 7.421338558734e+02 2.071304185287e-01 1.137600179205e+00 2.538200827329e+00 2.351416213927e+01
7 31 0 12.75480421 1.44982746 2.15990304 2.69824229 4.43493708 7.613354923790e+02 2.070257852487e-01 1.210888631360e+00 2.547866531392e+00 2.421782266346e+01
7 32 0 12.75480421 1.44982746 2.15990304 2.69824229 4.43493708 7.658361121904e+02 2.127081033289e-01 1.310052277693e+00 2.608937826935e+00 2.436431666781e+01
7 33 0 12.75480421 1.44982746 2.15990304 2.69824229 4.43493708 7.522331130399e+02 2.206593003463e-01 1.415325929107e+00 2.690234398399e+00 2.390642566065e+01
7 34 0 12.75480421 1.44982746 2.15990304 2.69824229 4.43493708 7.270826813599e+02 2.263662584725e-01 1.504778018091e+00 2.751728443078e+00 2.309101178602e+01
7 35 0 12.75480421 1.44982746 2.15990304 2.69824229 4.43493708 6.959227899324e+02 2.275719675254e-01 1.562309708488e+00 2.785273880429e+00 2.228697998965e+01
7 36 0 12.75480421 1.44982746 2.15990304 2.69824229 4.43493708 6.583176420930e+02 2.253377113413e-01 1.581682643404e+00 2.817340890118e+00 2.170496011033e+01
7 37 0 12.75480421 1.44982746 2.15990304 2.69824229 4.43493708 6.236953435122e+02 2.225183255444e-01 1.564865723301e+00 2.875129702737e+00 2.123419190788e+01
7 38 0 12.75480421 1.44982746 2.15990304 2.69824229 4.43493708 6.033900952301e+02 2.216349794183e-01 1.517745384650e+00 2.958924435034e+00 2.055297017270e+01
7 39 0 12.75480421 1.44982746 2.15990304 2.69824229 4.43493708 5.932773278959e+02 2.239151156146e-01 1.447576174329e+00 3.048638684580e+00 1.943428944391e+01
7 40 0 12.75480421 1.44982746 2.15990304 2.69824229 4.43493708 5.901866395520e+02 2.293825210614e-01 1.363565309105e+00 3.128898249923e+00 1.799063680515e+01
7 41 0 12.75480421 1.44982746 2.15990304 2.69824229 4.43493708 6.013016096314e+02 2.370449436369e-01 1.278150092095e+00 3.202484246282e+00 1.665301696015e+01
7 42 0 12.75480421 1.44982746 2.15990304 2.69824229 4.43493708 6.287536320097e+02 2.451375553171e-01 1.205834158174e+00 3.284502094957e+00 1.589785855199e+01
7 43 0 12.75480421 1.44982746 2.15990304 2.69824229 4.43493708 6.687313089643e+02 2.520690211646e-01 1.159272316650e+00 3.389845683372e+00 1.592864968726e+01
7 44 0 12.75480421 1.44982746 2.15990304 2.69824229 4.43493708 7.210972308481e+02 2.577712316640e-01 1.145320641019e+00 3.523367324733e+00 1.655498202563e+01
7 45 0 12.75480421 1.44982746 2.15990304 2.69824229 4.43493708 7.885273364782e+02 2.639709071055e-01 1.163834591368e+00 3.674647646848e+00 1.737469710420e+01
7 46 0 12.75480421 1.44982746 2.15990304 2.69824229 4.43493708 8.656567667217e+02 2.726232279645e-01 1.209419945223e+00 3.821992451035e+00 1.813314761304e+01
7 47 0 12.75480421 1.44982746 2.15990304 2.69824229 4.43493708 9.367390604006e+02 2.838866085145e-01 1.274135028637e+00 3.948489657047e+00 1.897035081970e+01
7 48 0 12.75480421 1.44982746 2.15990304 2.69824229 4.43493708 9.950085655776e+02 2.958172072142e-01 1.349364623915e+00 4.057633624690e+00 2.033276350921e+01
7 49 0 12.75480421 1.44982746 2.15990304 2.69824229 4.43493708 1.042122311160e+03 3.061826494621e-01 1.426735426600e+00 4.169645097438e+00 2.260085002028e+01
7 50 0 12.75480421 1.44982746 2.15990304 2.69824229 4.43493708 1.065809749428e+03 3.145469525404e-01 1.498718269021e+00 4.299936437998e+00 2.573124736877e+01
7 51 0 12.75480421 1.44982746 2.15990304 2.69824229 4.43493708 1.057719232934e+03 3.227166987859e-01 1.558950254208e+00 4.444206516871e+00 2.921021003216e+01
7 52 0 12.75480421 1.44982746 2.15990304 2.69824229 4.43493708 1.032841661781e+03 3.334946387965e-01 1.601957474689e+00 4.586803617436e+00 3.237263043866e+01
7 53 0 12.75480421 1.44982746 2.15990304 2.69824229 4.43493708 1.002009837210e+03 3.490001098292e-01 1.622953663265e+00 4.720439242068e+00 3.485700312159e+01
7 54 0 12.75480421 1.44982746 2.15990304 2.69824229 4.43493708 9.648621314973e+02 3.694936379020e-01 1.619298131876e+00 4.855124968288e+00 3.684505408106e+01
7 55 0 12.75480421 1.44982746 2.15990304 2.69824229 4.43493708 9.310891599601e+02 3.929931614797e-01 1.593879567807e+00 5.010537704247e+00 3.887374828635e+01
7 56 0 12.75480421 1.44982746 2.15990304 2.69824229 4.43493708 9.149873737854e+02 4.160226361094e-01 1.557779803670e+00 5.200576848222e+00 4.134148770714e+01
7 57 0 12.75480421 1.44982746 2.15990304 2.69824229 4.43493708 9.198572932675e+02 4.356185085723e-01 1.528644134929e+00 5.418821276761e+00 4.410551412862e+01
7 58 0 12.75480421 1.44982746 2.15990304 2.69824229 4.43493708 9.394340711055e+02 4.514035870070e-01 1.524500008129e+00 5.634992803426e+00 4.651282729662e+01
7 59 0 12.75480421 1.44982746 2.15990304 2.69824229 4.43493708 9.760165822021e+02 4.657073019560e-01 1.557530748933e+00 5.815149421476e+00 4.784403024603e+01
7 60 0 12.75480421 1.44982746 2.15990304 2.69824229 4.43493708 1.043979778729e+03 4.813358449816e-01 1.632933614111e+00 5.957921456160e+00 4.781921077509e+01
7 61 0 12.75480421 1.44982746 2.15990304 2.69824229 4.43493708 1.139725876680e+03 4.993166805782e-01 1.752750886304e+00 6.106316999293e+00 4.679695599676e+01
7 62 0 12.75480421 1.44982746 2.15990304 2.69824229 4.43493708 1.248849457137e+03 5.190587576512e-01 1.918786376944e+00 6.306165161981e+00 4.553455210214e+01
7 63 0 12.75480421 1.44982746 2.15990304 2.69824229 4.43493708 1.378967972739e+03 5.402103529981e-01 2.129505428517e+00 6.549317675435e+00 4.465780845413e+01
13 0 0 7.14229019 1.28761204 1.85163856 3.32594650 3.16877776 1.652930015740e+02 2.695836411143e-01 5.864912084914e-01 1.348088730046e+01 4.101105863425e+00
13 1 0 7.14229019 1.28761204 1.85163856 3.32594650 3.16877776 1.537323858395e+02 2.658589472390e-01 6.109746906865e-01 1.288197105291e+01 4.542568659492e+00
13 2 0 7.14229019 1.28761204 1.85163856 3.32594650 3.16877776 1.477263402690e+02 2.611249197156e-01 6.352416241386e-01 1.229829949049e+01 5.293781696585e+00
13 3 0 7.14229019 1.28761204 1.85163856 3.32594650 3.16877776 1.471636321306e+02 2.556065401387e-01 6.704913592637e-01 1.174798095577e+01 6.106122295687e+00
13 4 0 7.14229019 1.28761204 1.85163856 3.32594650 3.16877776 1.513973424505e+02 2.495647690783e-01 7.028615434391e-01 1.124203685934e+01 6.806381409462e+00
13 5 0 7.14229019 1.28761204 1.85163856 3.32594650 3.16877776 1.593177960454e+02 2.430337098561e-01 7.056204381288e-01 1.077509783918e+01 7.368985739580e+00
13 6 0 7.14229019 1.28761204 1.85163856 3.32594650 3.16877776 1.693700412728e+02 2.361355005655e-01 6.696466142627e-01 1.033508484370e+01 7.876972965761e+00
13 7 0 7.14229019 1.28761204 1.85163856 3.32594650 3.16877776 1.798132276862e+02 2.294494697701e-01 6.133401008177e-01 9.921005625209e+00 8.411803690151e+00
13 8 0 7.14229019 1.28761204 1.85163856 3.32594650 3.16877776 1.890509129129e+02 2.238004674161e-01 5.605536869193e-01 9.546053896589e+00 8.958643787074e+00
13 9 0 7.14229019 1.28761204 1.85163856 3.32594650 3.16877776 1.957164665761e+02 2.195413569258e-01 5.153123215512e-01 9.222602652600e+00 9.390698793577e+00
13 10 0 7.14229019 1.28761204 1.85163856 3.32594650 3.16877776 1.987116008612e+02 2.160775215854e-01 4.640619051425e-01 8.948733446738e+00 9.538267560565e+00
13 11 0 7.14229019 1.28761204 1.85163856 3.32594650 3.16877776 1.973802011042e+02 2.122094402976e-01 3.999737558061e-01 8.711492578070e+00 9.299469109629e+00
13 12 0 7.14229019 1.28761204 1.85163856 3.32594650 3.16877776 1.916168688760e+02 2.070293864724e-01 3.369822857594e-01 8.498705212696e+00 8.722747633651e+00
13 13 0 7.14229019 1.28761204 1.85163856 3.32594650 3.16877776 1.818214245588e+02 2.005338852174e-01 2.964017555522e-01 8.302608106820e+00 7.996852224540e+00
13 14 0 7.14229019 1.28761204 1.85163856 3.32594650 3.16877776 1.687925746251e+02 1.934243312582e-01 2.844012564572e-01 8.114462472005e+00 7.341084990096e+00
13 15 0 7.14229019 1.28761204 1.85163856 3.32594650 3.16877776 1.535584617846e+02 1.863977393595e-01 2.889430428059e-01 7.923356207378e+00 6.872114978827e+00
13 16 0 7.14229019 1.28761204 1.85163856 3.32594650 3.16877776 1.372196282721e+02 1.796769008986e-01 2.987959916788e-01 7.723613224758e+00 6.553306537052e+00
13 17 0 7.14229019 1.28761204 1.85163856 3.32594650 3.16877776 1.209541351832e+02 1.731656027521e-01 3.193858526303e-01 7.519331864816e+00 6.264446862962e+00
13 18 0 7.14229019 1.28761204 1.85163856 3.32594650 3.16877776 1.060532044839e+02 1.669066662107e-01 3.652006345439e-01 7.317823698465e+00 5.926747675511e+00
13 19 0 7.14229019 1.28761204 1.85163856 3.32594650 3.16877776 9.374396808683e+01 1.612529308176e-01 4.385071470536e-01 7.120902443956e+00 5.580672416564e+00
13 20 0 7.14229019 1.28761204 1.85163856 3.32594650 3.16877776 8.487092998415e+01 1.565662434336e-01 5.211583693867e-01 6.926251331966e+00 5.364591554594e+00
13 21 0 7.14229019 1.28761204 1.85163856 3.32594650 3.16877776 7.970705125531e+01 1.528214850718e-01 5.899613850302e-01 6.735214822439e+00 5.418821908556e+00
13 22 0 7.14229019 1.28761204 1.85163856 3.32594650 3.16877776 7.804900579896e+01 1.495792510587e-01 6.374858225197e-01 6.553987042461e+00 5.784099725434e+00
13 23 0 7.14229019 1.28761204 1.85163856 3.32594650 3.16877776 7.952722271251e+01 1.463517789978e-01 6.741592744526e-01 6.386943060148e+00 6.363487345424e+00
13 24 0 7.14229019 1.28761204 1.85163856 3.32594650 3.16877776 8.383265711737e+01 1.429555303227e-01 7.102836924794e-01 6.233791838228e+00 6.977276448246e+00
13 25 0 7.14229019 1.28761204 1.85163856 3.32594650 3.16877776 9.060895635918e+01 1.395001324262e-01 7.400491731961e-01 6.095091197068e+00 7.475065342481e+00
13 26 0 7.14229019 1.28761204 1.85163856 3.32594650 3.16877776 9.917194777494e+01 1.361061566660e-01 7.462310151559e-01 5.976084600406e+00 7.821715208376e+00
13 27 0 7.14229019 1.28761204 1.85163856 3.32594650 3.16877776 1.084298019002e+02 1.327447018370e-01 7.193760274314e-01 5.881885863678e+00 8.093840690975e+00
13 28 0 7.14229019 1.28761204 1.85163856 3.32594650 3.16877776 1.171401571121e+02 1.294111035949e-01 6.689236125338e-01 5.812809106651e+00 8.398987557774e+00
13 29 0 7.14229019 1.28761204 1.85163856 3.32594650 3.16877776 1.243748153815e+02 1.264075625973e-01 6.141993251663e-01 5.769663518295e+00 8.786611635164e+00
13 30 0 7.14229019 1.28761204 1.85163856 3.32594650 3.16877776 1.298531854138e+02 1.243317109694e-01 5.667199538810e-01 5.761428813577e+00 9.209853923315e+00
13 31 0 7.14229019 1.28761204 1.85163856 3.32594650 3.16877776 1.337047354971e+02 1.236697406482e-01 5.238452684880e-01 5.800357433011e+00 9.549774708973e+00
13 32 0 7.14229019 1.28761204 1.85163856 3.32594650 3.16877776 1.357748873932e+02 1.243487633592e-01 4.788151061276e-01 5.887054364704e+00 9.681153028332e+00
13 33 0 7.14229019 1.28761204 1.85163856 3.32594650 3.16877776 1.353625649785e+02 1.257037784059e-01 4.329910048515e-01 6.005167779057e+00 9.546626617582e+00
13 34 0 7.14229019 1.28761204 1.85163856 3.32594650 3.16877776 1.318540575670e+02 1.269291537549e-01 3.955302261366e-01 6.134414845537e+00 9.196121361145e+00
13 35 0 7.14229019 1.28761204 1.85163856 3.32594650 3.16877776 1.254702361993e+02 1.276104392901e-01 3.727978999840e-01 6.266059932334e+00 8.755908058834e+00
13 36 0 7.14229019 1.28761204 1.85163856 3.32594650 3.16877776 1.172409618001e+02 1.278687084787e-01 3.623592173951e-01 6.402558540933e+00 8.339900496370e+00
13 37 0 7.14229019 1.28761204 1.85163856 3.32594650 3.16877776 1.084105305162e+02 1.280579355593e-01 3.590983058449e-01 6.545805116552e+00 7.972894887345e+00
13 38 0 7.14229019 1.28761204 1.85163856 3.32594650 3.16877776 9.998189367153e+01 1.283944819968e-01 3.642335777805e-01 6.692192140918e+00 7.593237001586e+00
13 39 0 7.14229019 1.28761204 1.85163856 3.32594650 3.16877776 9.266639045367e+01 1.289030447320e-01 3.840209315163e-01 6.838928473295e+00 7.131280523420e+00
13 40 0 7.14229019 1.28761204 1.85163856 3.32594650 3.16877776 8.710845191860e+01 1.296549201987e-01 4.191617931735e-01 6.988535360146e+00 6.593343374446e+00
13 41 0 7.14229019 1.28761204 1.85163856 3.32594650 3.16877776 8.411411651345e+01 1.309276451754e-01 4.595327280359e-01 7.143923526521e+00 6.083960247689e+00
13 42 0 7.14229019 1.28761204 1.85163856 3.32594650 3.16877776 8.457230209072e+01 1.330260794885e-01 4.929516316531e-01 7.303376177997e+00 5.754763933357e+00
13 43 0 7.14229019 1.28761204 1.85163856 3.32594650 3.16877776 8.906471650043e+01 1.359391856955e-01 5.178087402156e-01 7.464545282521e+00 5.717487882183e+00
13 44 0 7.14229019 1.28761204 1.85163856 3.32594650 3.16877776 9.754928426316e+01 1.392466073848e-01 5.424941774271e-01 7.630650633676e+00 5.975746508208e+00
13 45 0 7.14229019 1.28761204 1.85163856 3.32594650 3.16877776 1.093928570410e+02 1.424312627641e-01 5.706546505470e-01 7.807979120240e+00 6.421383527310e+00
13 46 0 7.14229019 1.28761204 1.85163856 3.32594650 3.16877776 1.236514130281e+02 1.452803355487e-01 5.909636998795e-01 7.998611663860e+00 6.905322576762e+00
13 47 0 7.14229019 1.28761204 1.85163856 3.32594650 3.16877776 1.393353622150e+02 1.479307325289e-01 5.866559207831e-01 8.201071090180e+00 7.336716075515e+00
13 48 0 7.14229019 1.28761204 1.85163856 3.32594650 3.16877776 1.554590708358e+02 1.505204802460e-01 5.552934174100e-01 8.419054111036e+00 7.733126206292e+00
13 49 0 7.14229019 1.28761204 1.85163856 3.32594650 3.16877776 1.709224933244e+02 1.528946584051e-01 5.141243366912e-01 8.664721515621e+00 8.180993521539e+00
13 50 0 7.14229019 1.28761204 1.85163856 3.32594650 3.16877776 1.845167926377e+02 1.547893188913e-01 4.824861537738e-01 8.950754969735e+00 8.741068620080e+00
13 51 0 7.14229019 1.28761204 1.85163856 3.32594650 3.16877776 1.951572183309e+02 1.563514100924e-01 4.618424632181e-01 9.282409800057e+00 9.372681101785e+00
13 52 0 7.14229019 1.28761204 1.85163856 3.32594650 3.16877776 2.021092999389e+02 1.583782364056e-01 4.386571089671e-01 9.659792398614e+00 9.926485210441e+00
13 53 0 7.14229019 1.28761204 1.85163856 3.32594650 3.16877776 2.050794501180e+02 1.618716746573e-01 4.070537076002e-01 1.008342673220e+01 1.020869451104e+01
13 54 0 7.14229019 1.28761204 1.85163856 3.32594650 3.16877776 2.042332076082e+02 1.672373478447e-01 3.819803095962e-01 1.055107241962e+01 1.008591389589e+01
13 55 0 7.14229019 1.28761204 1.85163856 3.32594650 3.16877776 2.001222207547e+02 1.739126859433e-01 3.845558733298e-01 1.104979570695e+01 9.573623699322e+00
13 56 0 7.14229019 1.28761204 1.85163856 3.32594650 3.16877776 1.935793073269e+02 1.808273849750e-01 4.175343025480e-01 1.155885345369e+01 8.840903644104e+00
13 57 0 7.14229019 1.28761204 1.85163856 3.32594650 3.16877776 1.857349169339e+02 1.872553238900e-01 4.634788476027e-01 1.206534167903e+01 8.106912247852e+00
13 58 0 7.14229019 1.28761204 1.85163856 3.32594650 3.16877776 1.779822559248e+02 1.932337251616e-01 5.097868071570e-01 1.257383609670e+01 7.494988965519e+00
13 59 0 7.14229019 1.28761204 1.85163856 3.32594650 3.16877776 1.716929205474e+02 1.992368751900e-01 5.682580176420e-01 1.309539508032e+01 6.963344130626e+00
13 60 0 7.14229019 1.28761204 1.85163856 3.32594650 3.16877776 1.679951211226e+02 2.056134624779e-01 6.613852069081e-01 1.362803207801e+01 6.377346116684e+00
13 61 0 7.14229019 1.28761204 1.85163856 3.32594650 3.16877776 1.678128404740e+02 2.124781481970e-01 7.905209224373e-01 1.415343444790e+01 5.668952068870e+00
13 62 0 7.14229019 1.28761204 1.85163856 3.32594650 3.16877776 1.718315792841e+02 2.200907917985e-01 9.276062921749e-01 1.465371101094e+01 4.953168062029e+00
13 63 0 7.14229019 1.28761204 1.85163856 3.32594650 3.16877776 1.803676056910e+02 2.290765488782e-01 1.044620329682e+00 1.512545542054e+01 4.500494773151e+00
15 0 0 17.43725917 1.50098343 2.32768767 2.58188195 5.06888757 2.685143452521e+03 5.497672039993e-01 3.632215013865e+00 5.325612401587e+00 6.258619379731e+01
15 1 0 17.43725917 1.50098343 2.32768767 2.58188195 5.06888757 2.610062781607e+03 5.357642840425e-01 3.589484853963e+00 5.180073034993e+00 5.573842109957e+01
15 2 0 17.43725917 1.50098343 2.32768767 2.58188195 5.06888757 2.520606092730e+03 5.244534159105e-01 3.284335221381e+00 5.009070686373e+00 5.086524223525e+01
15 3 0 17.43725917 1.50098343 2.32768767 2.58188195 5.06888757 2.420296826289e+03 5.146630597154e-01 2.768244479417e+00 4.800259494635e+00 4.767278856599e+01
15 4 0 17.43725917 1.50098343 2.32768767 2.58188195 5.06888757 2.336224664054e+03 5.037434780552e-01 2.154987149690e+00 4.588964859246e+00 4.544355790949e+01
15 5 0 17.43725917 1.50098343 2.32768767 2.58188195 5.06888757 2.268176222412e+03 4.893342796311e-01 1.590777237735e+00 4.418563603757e+00 4.375904197444e+01
15 6 0 17.43725917 1.50098343 2.32768767 2.58188195 5.06888757 2.200543051274e+03 4.712858455584e-01 1.210373724114e+00 4.291758842584e+00 4.280520442541e+01
15 7 0 17.43725917 1.50098343 2.32768767 2.58188195 5.06888757 2.139968872588e+03 4.513387751955e-01 1.096740453594e+00 4.171736197382e+00 4.307575113505e+01
15 8 0 17.43725917 1.50098343 2.32768767 2.58188195 5.06888757 2.096131553974e+03 4.312127708707e-01 1.258994919094e+00 4.026489789550e+00 4.479001759658e+01
15 9 0 17.43725917 1.50098343 2.32768767 2.58188195 5.06888757 2.057249872071e+03 4.117680462041e-01 1.633111685289e+00 3.858010559063e+00 4.751013934403e+01
15 10 0 17.43725917 1.50098343 2.32768767 2.58188195 5.06888757 2.014826951850e+03 3.938761643238e-01 2.101575790121e+00 3.688013941052e+00 5.022612049189e+01
15 11 0 17.43725917 1.50098343 2.32768767 2.58188195 5.06888757 1.983572152395e+03 3.788122003676e-01 2.525460380046e+00 3.530748350849e+00 5.184256588127e+01
15 12 0 17.43725917 1.50098343 2.32768767 2.58188195 5.06888757 1.973346456952e+03 3.668548777855e-01 2.781749567301e+00 3.387661717293e+00 5.175914697457e+01
15 13 0 17.43725917 1.50098343 2.32768767 2.58188195 5.06888757 1.969027858519e+03 3.560839501512e-01 2.796936934567e+00 3.257320655316e+00 5.015797676947e+01
15 14 0 17.43725917 1.50098343 2.32768767 2.58188195 5.06888757 1.957010842504e+03 3.438247643450e-01 2.566912449105e+00 3.137549949808e+00 4.776894432763e+01
15 15 0 17.43725917 1.50098343 2.32768767 2.58188195 5.06888757 1.938112425080e+03 3.296086275588e-01 2.156534965976e+00 3.021161157668e+00 4.527223739411e+01
15 16 0 17.43725917 1.50098343 2.32768767 2.58188195 5.06888757 1.903479542355e+03 3.159311214542e-01 1.679576841383e+00 2.901176711112e+00 4.282522552780e+01
15 17 0 17.43725917 1.50098343 2.32768767 2.58188195 5.06888757 1.836946979478e+03 3.055381201726e-01 1.266241155297e+00 2.782161114653e+00 4.010530338223e+01
15 18 0 17.43725917 1.50098343 2.32768767 2.58188195 5.06888757 1.744718667553e+03 2.984174317100e-01 1.027725527880e+00 2.678833225913e+00 3.678959473666e+01
15 19 0 17.43725917 1.50098343 2.32768767 2.58188195 5.06888757 1.649886569232e+03 2.920996087944e-01 1.026407299431e+00 2.600271177212e+00 3.301859384896e+01
15 20 0 17.43725917 1.50098343 2.32768767 2.58188195 5.06888757 1.562958384668e+03 2.846918221915e-01 1.258906774035e+00 2.539769416746e+00 2.945522699151e+01
15 21 0 17.43725917 1.50098343 2.32768767 2.58188195 5.06888757 1.483875065907e+03 2.768726730553e-01 1.657524007148e+00 2.482366896667e+00 2.691635452728e+01
15 22 0 17.43725917 1.50098343 2.32768767 2.58188195 5.06888757 1.421858582670e+03 2.708183648839e-01 2.110951427777e+00 2.418867022037e+00 2.586916084760e+01
15 23 0 17.43725917 1.50098343 2.32768767 2.58188195 5.06888757 1.386409967020e+03 2.678953390390e-01 2.497724125327e+00 2.351355622597e+00 2.615909355364e+01
15 24 0 17.43725917 1.50098343 2.32768767 2.58188195 5.06888757 1.370975111528e+03 2.677846123106e-01 2.720146944300e+00 2.289675506186e+00 2.716685048592e+01
15 25 0 17.43725917 1.50098343 2.32768767 2.58188195 5.06888757 1.369605120809e+03 2.691469976469e-01 2.727392643433e+00 2.244858945396e+00 2.827351666993e+01
15 26 0 17.43725917 1.50098343 2.32768767 2.58188195 5.06888757 1.390502818134e+03 2.702037094909e-01 2.523513789506e+00 2.220840737300e+00 2.926037540910e+01
15 27 0 17.43725917 1.50098343 2.32768767 2.58188195 5.06888757 1.435075404906e+03 2.688964411237e-01 2.163005309992e+00 2.207933268751e+00 3.032745523211e+01
15 28 0 17.43725917 1.50098343 2.32768767 2.58188195 5.06888757 1.488450999807e+03 2.638522801185e-01 1.737940795273e+00 2.188697756646e+00 3.176113141733e+01
15 29 0 17.43725917 1.50098343 2.32768767 2.58188195 5.06888757 1.539232191303e+03 2.561867017460e-01 1.357934279304e+00 2.157528825777e+00 3.357188666914e+01
15 30 0 17.43725917 1.50098343 2.32768767 2.58188195 5.06888757 1.585437912314e+03 2.498874169761e-01 1.123390007364e+00 2.133265486191e+00 3.538597726283e+01
15 31 0 17.43725917 1.50098343 2.32768767 2.58188195 5.06888757 1.619591172278e+03 2.491355766939e-01 1.096955884137e+00 2.144167163884e+00 3.662503973687e+01
15 32 0 17.43725917 1.50098343 2.32768767 2.58188195 5.06888757 1.627016359758e+03 2.545426359650e-01 1.283675862493e+00 2.197204849837e+00 3.682742311272e+01
15 33 0 17.43725917 1.50098343 2.32768767 2.58188195 5.06888757 1.603812871871e+03 2.622828725732e-01 1.629765199942e+00 2.267786375091e+00 3.592637349311e+01
15 34 0 17.43725917 1.50098343 2.32768767 2.58188195 5.06888757 1.562328876116e+03 2.673519880369e-01 2.041226130600e+00 2.324252648866e+00 3.431341343363e+01
15 35 0 17.43725917 1.50098343 2.32768767 2.58188195 5.06888757 1.512570959252e+03 2.676975184425e-01 2.413070380286e+00 2.358932525748e+00 3.259958257247e+01
15 36 0 17.43725917 1.50098343 2.32768767 2.58188195 5.06888757 1.458383461148e+03 2.652242447087e-01 2.656360481592e+00 2.390701588223e+00 3.120819851683e+01
15 37 0 17.43725917 1.50098343 2.32768767 2.58188195 5.06888757 1.414314357484e+03 2.634208887491e-01 2.715672319211e+00 2.440605380840e+00 3.013212568525e+01
15 38 0 17.43725917 1.50098343 2.32768767 2.58188195 5.06888757 1.396004544891e+03 2.647279105999e-01 2.577494200342e+00 2.511681859064e+00 2.908984152195e+01
15 39 0 17.43725917 1.50098343 2.32768767 2.58188195 5.06888757 1.398831717229e+03 2.699100351250e-01 2.272754998393e+00 2.591593998099e+00 2.794592066664e+01
15 40 0 17.43725917 1.50098343 2.32768767 2.58188195 5.06888757 1.414666116268e+03 2.786305701017e-01 1.873233488017e+00 2.667309645752e+00 2.700573771194e+01
15 41 0 17.43725917 1.50098343 2.32768767 2.58188195 5.06888757 1.452553580444e+03 2.896330203713e-01 1.478299446589e+00 2.734738420294e+00 2.691763826375e+01
15 42 0 17.43725917 1.50098343 2.32768767 2.58188195 5.06888757 1.520487148196e+03 3.008650245254e-01 1.191006955560e+00 2.800213227709e+00 2.825850171611e+01
15 43 0 17.43725917 1.50098343 2.32768767 2.58188195 5.06888757 1.608922161936e+03 3.107626379931e-01 1.089532140455e+00 2.876973518055e+00 3.111316852412e+01
15 44 0 17.43725917 1.50098343 2.32768767 2.58188195 5.06888757 1.707430767421e+03 3.199272793272e-01 1.204455415980e+00 2.975887827453e+00 3.495219092973e+01
15 45 0 17.43725917 1.50098343 2.32768767 2.58188195 5.06888757 1.814277240848e+03 3.307763179909e-01 1.510001042994e+00 3.094222377950e+00 3.891902741647e+01
15 46 0 17.43725917 1.50098343 2.32768767 2.58188195 5.06888757 1.917045215870e+03 3.447656389436e-01 1.930662317438e+00 3.215664891551e+00 4.235002072266e+01
15 47 0 17.43725917 1.50098343 2.32768767 2.58188195 5.06888757 1.991232673976e+03 3.602880420520e-01 2.359630376543e+00 3.326080618039e+00 4.513684996887e+01
15 48 0 17.43725917 1.50098343 2.32768767 2.58188195 5.06888757 2.031317322853e+03 3.741692752683e-01 2.684513724138e+00 3.427633248223e+00 4.762699945988e+01
15 49 0 17.43725917 1.50098343 2.32768767 2.58188195 5.06888757 2.053545235105e+03 3.852994272914e-01 2.816113214109e+00 3.533364189370e+00 5.014408096916e+01
15 50 0 17.43725917 1.50098343 2.32768767 2.58188195 5.06888757 2.065227757761e+03 3.959984309773e-01 2.714382934641e+00 3.650909729904e+00 5.254597005621e+01
15 51 0 17.43725917 1.50098343 2.32768767 2.58188195 5.06888757 2.066287758247e+03 4.094181476629e-01 2.403528229405e+00 3.777723559489e+00 5.419337450398e+01
15 52 0 17.43725917 1.50098343 2.32768767 2.58188195 5.06888757 2.072429809822e+03 4.262192683491e-01 1.969518238933e+00 3.909015488027e+00 5.435636289094e+01
15 53 0 17.43725917 1.50098343 2.32768767 2.58188195 5.06888757 2.100214436240e+03 4.443781141138e-01 1.539144235546e+00 4.039991458934e+00 5.277635492534e+01
15 54 0 17.43725917 1.50098343 2.32768767 2.58188195 5.06888757 2.140884258188e+03 4.616835491238e-01 1.246357071401e+00 4.160410202904e+00 5.000421530938e+01
15 55 0 17.43725917 1.50098343 2.32768767 2.58188195 5.06888757 2.179864404389e+03 4.773607805127e-01 1.194944129158e+00 4.261293812733e+00 4.723769176057e+01
15 56 0 17.43725917 1.50098343 2.32768767 2.58188195 5.06888757 2.226186598196e+03 4.913244112966e-01 1.426892618042e+00 4.354885625313e+00 4.567583597519e+01
15 57 0 17.43725917 1.50098343 2.32768767 2.58188195 5.06888757 2.291325520665e+03 5.032542555830e-01 1.905618143206e+00 4.475321774932e+00 4.580790317629e+01
15 58 0 17.43725917 1.50098343 2.32768767 2.58188195 5.06888757 2.364698017173e+03 5.134733263830e-01 2.522138463192e+00 4.643595486437e+00 4.722149881228e+01
15 59 0 17.43725917 1.50098343 2.32768767 2.58188195 5.06888757 2.443227770926e+03 5.241955149346e-01 3.126369505206e+00 4.836019101961e+00 4.915132532634e+01
15 60 0 17.43725917 1.50098343 2.32768767 2.58188195 5.06888757 2.543103080941e+03 5.386442515457e-01 3.574373706940e+00 5.004369130747e+00 5.132772937272e+01
15 61 0 17.43725917 1.50098343 2.32768767 2.58188195 5.06888757 2.657206197432e+03 5.585780777188e-01 3.772800064268e+00 5.130744945149e+00 5.436492702062e+01
15 62 0 17.43725917 1.50098343 2.32768767 2.58188195 5.06888757 2.755486863396e+03 5.832263487281e-01 3.703169404354e+00 5.249242499835e+00 5.929807776359e+01
15 63 0 17.43725917 1.50098343 2.32768767 2.58188195 5.06888757 2.834933990062e+03 6.107164485731e-01 3.421236614913e+00 5.406634737065e+00 6.660727575211e+01
21 0 0 6.82705879 1.54778572 2.04569376 2.28787405 4.78235917 1.816438770433e+02 8.664967300260e-02 1.833292171662e+00 2.826659573667e+00 6.922967973063e+01
21 1 0 6.82705879 1.54778572 2.04569376 2.28787405 4.78235917 1.535436822848e+02 8.339193542252e-02 1.754865298629e+00 2.754432454113e+00 6.662302373901e+01
21 2 0 6.82705879 1.54778572 2.04569376 2.28787405 4.78235917 1.318416872593e+02 7.993225207569e-02 1.694441762289e+00 2.678609314742e+00 6.112114538416e+01
21 3 0 6.82705879 1.54778572 2.04569376 2.28787405 4.78235917 1.171221285096e+02 7.622978943424e-02 1.641475519477e+00 2.583427889656e+00 5.320955070573e+01
21 4 0 6.82705879 1.54778572 2.04569376 2.28787405 4.78235917 1.047204002177e+02 7.230084309266e-02 1.587447324659e+00 2.466966555221e+00 4.475373725880e+01
21 5 0 6.82705879 1.54778572 2.04569376 2.28787405 4.78235917 9.553515945691e+01 6.833076257104e-02 1.533525040530e+00 2.347086377541e+00 3.764478315251e+01
21 6 0 6.82705879 1.54778572 2.04569376 2.28787405 4.78235917 9.217212043488e+01 6.469179276603e-02 1.485685271390e+00 2.249535770728e+00 3.272714704155e+01
21 7 0 6.82705879 1.54778572 2.04569376 2.28787405 4.78235917 9.178443282489e+01 6.181250739819e-02 1.444926429056e+00 2.186869951749e+00 2.980865552357e+01
21 8 0 6.82705879 1.54778572 2.04569376 2.28787405 4.78235917 9.152141874305e+01 5.995315692188e-02 1.405482274265e+00 2.148329889417e+00 2.831317339804e+01
21 9 0 6.82705879 1.54778572 2.04569376 2.28787405 4.78235917 9.252529675254e+01 5.902293164808e-02 1.361685386387e+00 2.109962942496e+00 2.772699849197e+01
21 10 0 6.82705879 1.54778572 2.04569376 2.28787405 4.78235917 9.516117722275e+01 5.856819014083e-02 1.313589211265e+00 2.053655644774e+00 2.758255730465e+01
21 11 0 6.82705879 1.54778572 2.04569376 2.28787405 4.78235917 9.783273778254e+01 5.796340659789e-02 1.265525951127e+00 1.977201194150e+00 2.731980186252e+01
21 12 0 6.82705879 1.54778572 2.04569376 2.28787405 4.78235917 9.990337233277e+01 5.670980307381e-02 1.221315180764e+00 1.890173276291e+00 2.635485675667e+01
21 13 0 6.82705879 1.54778572 2.04569376 2.28787405 4.78235917 1.015604426875e+02 5.467348259361e-02 1.181853110374e+00 1.804660814420e+00 2.437029381381e+01
21 14 0 6.82705879 1.54778572 2.04569376 2.28787405 4.78235917 1.031401444324e+02 5.212522983866e-02 1.146129727623e+00 1.730064999185e+00 2.163411898681e+01
21 15 0 6.82705879 1.54778572 2.04569376 2.28787405 4.78235917 1.047565324622e+02 4.956119883146e-02 1.113320384608e+00 1.671777608313e+00 1.908603159900e+01
21 16 0 6.82705879 1.54778572 2.04569376 2.28787405 4.78235917 1.049330442884e+02 4.741462226439e-02 1.083775654859e+00 1.629509423088e+00 1.798285658568e+01
21 17 0 6.82705879 1.54778572 2.04569376 2.28787405 4.78235917 1.025762838206e+02 4.583156833184e-02 1.058098574851e+00 1.595994723432e+00 1.916645754653e+01
21 18 0 6.82705879 1.54778572 2.04569376 2.28787405 4.78235917 9.955921456907e+01 4.463993657847e-02 1.035211779396e+00 1.560470743623e+00 2.239944137471e+01
21 19 0 6.82705879 1.54778572 2.04569376 2.28787405 4.78235917 9.719370452247e+01 4.351869332473e-02 1.011828470413e+00 1.516490936452e+00 2.633022086244e+01
21 20 0 6.82705879 1.54778572 2.04569376 2.28787405 4.78235917 9.393653272161e+01 4.225040015390e-02 9.846304505404e-01 1.466943582088e+00 2.926270844701e+01
21 21 0 6.82705879 1.54778572 2.04569376 2.28787405 4.78235917 9.013055751562e+01 4.089077389371e-02 9.529354725142e-01 1.420942046209e+00 3.024431204991e+01
21 22 0 6.82705879 1.54778572 2.04569376 2.28787405 4.78235917 8.896924205016e+01 3.974353348208e-02 9.186191610100e-01 1.386105751841e+00 2.962063427988e+01
21 23 0 6.82705879 1.54778572 2.04569376 2.28787405 4.78235917 9.094537794442e+01 3.915244348705e-02 8.837640103594e-01 1.364199231149e+00 2.857793234339e+01
21 24 0 6.82705879 1.54778572 2.04569376 2.28787405 4.78235917 9.390182046922e+01 3.923919292617e-02 8.495597678797e-01 1.352676059389e+00 2.809429699337e+01
21 25 0 6.82705879 1.54778572 2.04569376 2.28787405 4.78235917 9.811642745180e+01 3.975472018960e-02 8.174567339655e-01 1.347375809020e+00 2.828821144094e+01
21 26 0 6.82705879 1.54778572 2.04569376 2.28787405 4.78235917 1.053136818092e+02 4.014916998749e-02 7.896509208320e-01 1.342436907303e+00 2.872513708626e+01
21 27 0 6.82705879 1.54778572 2.04569376 2.28787405 4.78235917 1.142858792179e+02 3.983828926208e-02 7.674824873762e-01 1.330329510721e+00 2.921845139356e+01
21 28 0 6.82705879 1.54778572 2.04569376 2.28787405 4.78235917 1.219905962521e+02 3.852589265058e-02 7.508561973605e-01 1.306700633038e+00 3.016516448634e+01
21 29 0 6.82705879 1.54778572 2.04569376 2.28787405 4.78235917 1.275008234351e+02 3.640163025694e-02 7.409996179360e-01 1.277455233074e+00 3.203349375907e+01
21 30 0 6.82705879 1.54778572 2.04569376 2.28787405 4.78235917 1.321250812915e+02 3.409479026508e-02 7.428482889295e-01 1.258907308640e+00 3.459502027253e+01
21 31 0 6.82705879 1.54778572 2.04569376 2.28787405 4.78235917 1.360949751259e+02 3.239498084532e-02 7.619681007156e-01 1.266734399237e+00 3.679333826633e+01
21 32 0 6.82705879 1.54778572 2.04569376 2.28787405 4.78235917 1.372305738500e+02 3.187773067161e-02 7.981278915323e-01 1.302209670145e+00 3.747675070210e+01
21 33 0 6.82705879 1.54778572 2.04569376 2.28787405 4.78235917 1.342732355136e+02 3.262732251575e-02 8.435122370080e-01 1.349532069849e+00 3.631823058305e+01
21 34 0 6.82705879 1.54778572 2.04569376 2.28787405 4.78235917 1.291639526349e+02 3.420036616888e-02 8.886039079371e-01 1.388055957732e+00 3.403775837260e+01
21 35 0 6.82705879 1.54778572 2.04569376 2.28787405 4.78235917 1.232443294092e+02 3.584769267885e-02 9.290680025927e-01 1.408129224565e+00 3.174839106033e+01
21 36 0 6.82705879 1.54778572 2.04569376 2.28787405 4.78235917 1.151240715590e+02 3.687704186893e-02 9.660674902390e-01 1.416052551351e+00 3.013148319486e+01
21 37 0 6.82705879 1.54778572 2.04569376 2.28787405 4.78235917 1.056089408763e+02 3.696773439764e-02 1.001332348039e+00 1.425664578770e+00 2.924393372126e+01
21 38 0 6.82705879 1.54778572 2.04569376 2.28787405 4.78235917 9.874077067028e+01 3.627934543714e-02 1.034186382978e+00 1.447055937419e+00 2.896393712879e+01
21 39 0 6.82705879 1.54778572 2.04569376 2.28787405 4.78235917 9.529131985876e+01 3.531163809780e-02 1.063214917838e+00 1.482735636013e+00 2.934507636516e+01
21 40 0 6.82705879 1.54778572 2.04569376 2.28787405 4.78235917 9.259774897743e+01 3.460833380576e-02 1.088433633069e+00 1.530767731065e+00 3.036649244200e+01
21 41 0 6.82705879 1.54778572 2.04569376 2.28787405 4.78235917 9.117043576981e+01 3.447720150394e-02 1.110672309640e+00 1.587531369744e+00 3.144077713974e+01
21 42 0 6.82705879 1.54778572 2.04569376 2.28787405 4.78235917 9.332388368024e+01 3.487934040525e-02 1.130374953386e+00 1.647186946178e+00 3.145303226240e+01
21 43 0 6.82705879 1.54778572 2.04569376 2.28787405 4.78235917 9.739497648940e+01 3.553433841748e-02 1.148632064919e+00 1.702301729201e+00 2.953509330687e+01
21 44 0 6.82705879 1.54778572 2.04569376 2.28787405 4.78235917 1.005003475458e+02 3.615840615680e-02 1.168703328795e+00 1.749015949584e+00 2.590747662543e+01
21 45 0 6.82705879 1.54778572 2.04569376 2.28787405 4.78235917 1.030126852048e+02 3.667660304503e-02 1.194802225409e+00 1.792213558823e+00 2.194386829808e+01
21 46 0 6.82705879 1.54778572 2.04569376 2.28787405 4.78235917 1.057998994541e+02 3.727295484262e-02 1.229034253292e+00 1.843431662291e+00 1.931496995266e+01
21 47 0 6.82705879 1.54778572 2.04569376 2.28787405 4.78235917 1.078943922092e+02 3.824901275861e-02 1.270302914960e+00 1.911831328586e+00 1.891693003036e+01
21 48 0 6.82705879 1.54778572 2.04569376 2.28787405 4.78235917 1.085022216500e+02 3.978588372044e-02 1.316292346046e+00 1.996924857547e+00 2.044861039933e+01
21 49 0 6.82705879 1.54778572 2.04569376 2.28787405 4.78235917 1.078051323836e+02 4.176901975579e-02 1.365808884756e+00 2.089707837057e+00 2.286336654786e+01
21 50 0 6.82705879 1.54778572 2.04569376 2.28787405 4.78235917 1.066380961320e+02 4.379802858086e-02 1.419024400378e+00 2.179243404110e+00 2.517401135595e+01
21 51 0 6.82705879 1.54778572 2.04569376 2.28787405 4.78235917 1.058955389788e+02 4.538783264047e-02 1.475936756687e+00 2.257534985214e+00 2.694969912385e+01
21 52 0 6.82705879 1.54778572 2.04569376 2.28787405 4.78235917 1.045364698654e+02 4.624539594137e-02 1.534884326895e+00 2.321253758879e+00 2.828170025570e+01
21 53 0 6.82705879 1.54778572 2.04569376 2.28787405 4.78235917 1.012067687917e+02 4.645544971153e-02 1.592960412812e+00 2.374307763570e+00 2.943296580016e+01
21 54 0 6.82705879 1.54778572 2.04569376 2.28787405 4.78235917 9.815829165995e+01 4.646181805806e-02 1.649052471389e+00 2.430965951879e+00 3.051581122937e+01
21 55 0 6.82705879 1.54778572 2.04569376 2.28787405 4.78235917 9.773441507498e+01 4.685442326927e-02 1.707021580597e+00 2.512057001380e+00 3.149523886178e+01
21 56 0 6.82705879 1.54778572 2.04569376 2.28787405 4.78235917 9.790588882330e+01 4.808732105633e-02 1.774106699229e+00 2.630713909583e+00 3.261080132489e+01
21 57 0 6.82705879 1.54778572 2.04569376 2.28787405 4.78235917 9.807301320312e+01 5.028777885297e-02 1.853993443130e+00 2.778326578787e+00 3.483498530420e+01
21 58 0 6.82705879 1.54778572 2.04569376 2.28787405 4.78235917 1.026099824635e+02 5.325136131715e-02 1.942455510631e+00 2.927140041621e+00 3.963463626243e+01
21 59 0 6.82705879 1.54778572 2.04569376 2.28787405 4.78235917 1.131691202245e+02 5.659924889192e-02 2.033000958629e+00 3.051392102552e+00 4.778843836944e+01
21 60 0 6.82705879 1.54778572 2.04569376 2.28787405 4.78235917 1.267522544194e+02 5.998098257434e-02 2.126871318897e+00 3.148281505528e+00 5.816607219280e+01
21 61 0 6.82705879 1.54778572 2.04569376 2.28787405 4.78235917 1.437195168298e+02 6.319726884412e-02 2.233394027953e+00 3.238588961090e+00 6.786960592841e+01
21 62 0 6.82705879 1.54778572 2.04569376 2.28787405 4.78235917 1.673267937109e+02 6.619222509277e-02 2.358231972263e+00 3.347815864538e+00 7.406177140117e+01
21 63 0 6.82705879 1.54778572 2.04569376 2.28787405 4.78235917 1.955414438054e+02 6.896401379154e-02 2.494468994919e+00 3.487691616555e+00 7.605225752312e+01
24 0 0 2.47744364 2.06079720 1.68431438 1.41136960 3.40671342 4.450878399929e+00 1.898169901176e+00 9.978077813362e-05 2.309802619115e-01 6.938722119334e-04
24 1 0 2.47744364 2.06079720 1.68431438 1.41136960 3.40671342 4.078244619662e+00 1.838811345083e+00 9.690956557840e-05 2.285208291487e-01 8.435121705956e-04
24 2 0 2.47744364 2.06079720 1.68431438 1.41136960 3.40671342 3.848408915963e+00 1.772285945158e+00 9.220169212263e-05 2.260736553877e-01 9.289917529086e-04
24 3 0 2.47744364 2.06079720 1.68431438 1.41136960 3.40671342 3.815860207371e+00 1.698721861113e+00 8.591665634560e-05 2.237571821434e-01 9.208473066514e-04
24 4 0 2.47744364 2.06079720 1.68431438 1.41136960 3.40671342 3.871371138921e+00 1.620971158239e+00 7.836431568049e-05 2.216420339616e-01 8.224911114432e-04
24 5 0 2.47744364 2.06079720 1.68431438 1.41136960 3.40671342 3.845161384635e+00 1.544313332738e+00 6.988746685296e-05 2.197376943578e-01 6.766556510790e-04
24 6 0 2.47744364 2.06079720 1.68431438 1.41136960 3.40671342 3.651377397627e+00 1.473853758488e+00 6.084438374712e-05 2.179981847455e-01 5.475496652681e-04
24 7 0 2.47744364 2.06079720 1.68431438 1.41136960 3.40671342 3.352101264246e+00 1.411954872870e+00 5.159213176763e-05 2.163438135959e-01 4.874503608153e-04
24 8 0 2.47744364 2.06079720 1.68431438 1.41136960 3.40671342 3.095304542770e+00 1.357974469152e+00 4.247137115698e-05 2.146918575943e-01 5.086349018029e-04
24 9 0 2.47744364 2.06079720 1.68431438 1.41136960 3.40671342 2.987757393507e+00 1.310335112482e+00 3.379322710437e-05 2.129870493229e-01 5.788392956495e-04
24 10 0 2.47744364 2.06079720 1.68431438 1.41136960 3.40671342 3.010915336308e+00 1.268765868579e+00 2.582865102094e-05 2.112233651173e-01 6.428438210509e-04
24 11 0 2.47744364 2.06079720 1.68431438 1.41136960 3.40671342 3.044080867369e+00 1.234510444773e+00 1.880053467212e-05 2.094514845912e-01 6.556662506735e-04
24 12 0 2.47744364 2.06079720 1.68431438 1.41136960 3.40671342 2.968754741721e+00 1.208345895187e+00 1.287867645462e-05 2.077704963111e-01 6.061859722566e-04
24 13 0 2.47744364 2.06079720 1.68431438 1.41136960 3.40671342 2.765453638093e+00 1.188408387769e+00 8.177545857180e-06 2.063067310980e-01 5.178191755523e-04
24 14 0 2.47744364 2.06079720 1.68431438 1.41136960 3.40671342 2.525145508586e+00 1.170070740801e+00 4.756655826574e-06 2.051858592904e-01 4.287964438377e-04
24 15 0 2.47744364 2.06079720 1.68431438 1.41136960 3.40671342 2.369392782701e+00 1.148282873735e+00 2.623239675925e-06 2.045058053575e-01 3.672234660707e-04
24 16 0 2.47744364 2.06079720 1.68431438 1.41136960 3.40671342 2.348159176725e+00 1.120589046306e+00 1.736843868744e-06 2.043173763404e-01 3.372921533769e-04
24 17 0 2.47744364 2.06079720 1.68431438 1.41136960 3.40671342 2.401507069958e+00 1.088439450800e+00 2.015393112136e-06 2.046170984083e-01 3.232652249509e-04
24 18 0 2.47744364 2.06079720 1.68431438 1.41136960 3.40671342 2.415844595448e+00 1.055865213289e+00 3.342260348441e-06 2.053533650177e-01 3.051277555495e-04
24 19 0 2.47744364 2.06079720 1.68431438 1.41136960 3.40671342 2.323426451380e+00 1.026719106865e+00 5.573880190761e-06 2.064435681678e-01 2.731499134548e-04
24 20 0 2.47744364 2.06079720 1.68431438 1.41136960 3.40671342 2.157493808700e+00 1.002646727815e+00 8.547477118474e-06 2.077972855884e-01 2.317747873263e-04
24 21 0 2.47744364 2.06079720 1.68431438 1.41136960 3.40671342 2.017532338455e+00 9.830543576358e-01 1.208853488747e-05 2.093394159548e-01 1.926281344448e-04
24 22 0 2.47744364 2.06079720 1.68431438 1.41136960 3.40671342 1.980174848858e+00 9.665473063133e-01 1.601770555592e-05 2.110275673543e-01 1.644742955663e-04
24 23 0 2.47744364 2.06079720 1.68431438 1.41136960 3.40671342 2.036098333261e+00 9.522560287494e-01 2.015693900577e-05 2.128597775992e-01 1.489153547123e-04
24 24 0 2.47744364 2.06079720 1.68431438 1.41136960 3.40671342 2.103768433536e+00 9.399563675294e-01 2.433470029468e-05 2.148712373009e-01 1.446249750774e-04
24 25 0 2.47744364 2.06079720 1.68431438 1.41136960 3.40671342 2.100498657543e+00 9.292846101592e-01 2.839022619047e-05 2.171214141052e-01 1.551726236431e-04
24 26 0 2.47744364 2.06079720 1.68431438 1.41136960 3.40671342 2.006818263379e+00 9.192597687360e-01 3.217684796515e-05 2.196751908820e-01 1.921842912617e-04
24 27 0 2.47744364 2.06079720 1.68431438 1.41136960 3.40671342 1.875251043194e+00 9.089265789628e-01 3.556447001650e-05 2.225828644440e-01 2.691822417086e-04
24 28 0 2.47744364 2.06079720 1.68431438 1.41136960 3.40671342 1.785176287180e+00 8.986690166183e-01 3.844133941231e-05 2.258639009007e-01 3.891217227524e-04
24 29 0 2.47744364 2.06079720 1.68431438 1.41136960 3.40671342 1.783938670206e+00 8.908648125602e-01 4.071526770056e-05 2.294982817780e-01 5.345314633136e-04
24 30 0 2.47744364 2.06079720 1.68431438 1.41136960 3.40671342 1.856446462888e+00 8.889379592558e-01 4.231447251695e-05 2.334274029594e-01 6.687016512051e-04
24 31 0 2.47744364 2.06079720 1.68431438 1.41136960 3.40671342 1.940658318965e+00 8.952287558407e-01 4.318819340821e-05 2.375642503672e-01 7.495558860612e-04
24 32 0 2.47744364 2.06079720 1.68431438 1.41136960 3.40671342 1.975982758233e+00 9.092388341320e-01 4.330720609202e-05 2.418104591914e-01 7.492572706449e-04
24 33 0 2.47744364 2.06079720 1.68431438 1.41136960 3.40671342 1.950640795050e+00 9.276791528761e-01 4.266431558022e-05 2.460763047298e-01 6.681668883848e-04
24 34 0 2.47744364 2.06079720 1.68431438 1.41136960 3.40671342 1.912093974879e+00 9.463964147489e-01 4.127485570121e-05 2.502989867759e-01 5.346910036973e-04
24 35 0 2.47744364 2.06079720 1.68431438 1.41136960 3.40671342 1.927961104856e+00 9.627891221035e-01 3.917716575114e-05 2.544548984183e-01 3.910584273349e-04
24 36 0 2.47744364 2.06079720 1.68431438 1.41136960 3.40671342 2.024655238453e+00 9.769767571648e-01 3.643295977548e-05 2.585628620078e-01 2.735946384174e-04
24 37 0 2.47744364 2.06079720 1.68431438 1.41136960 3.40671342 2.156560932600e+00 9.910390663333e-01 3.312745574391e-05 2.626773271174e-01 1.989829503601e-04
24 38 0 2.47744364 2.06079720 1.68431438 1.41136960 3.40671342 2.239540853003e+00 1.007186970459e+00 2.936909557628e-05 2.668728563919e-01 1.634717516551e-04
24 39 0 2.47744364 2.06079720 1.68431438 1.41136960 3.40671342 2.225973595103e+00 1.026443733012e+00 2.528866671926e-05 2.712233778909e-01 1.532075662770e-04
24 40 0 2.47744364 2.06079720 1.68431438 1.41136960 3.40671342 2.154523900093e+00 1.048731136153e+00 2.103763474013e-05 2.757811534058e-01 1.569344910406e-04
24 41 0 2.47744364 2.06079720 1.68431438 1.41136960 3.40671342 2.124131819053e+00 1.073850716725e+00 1.678551579759e-05 2.805607996835e-01 1.719367886596e-04
24 42 0 2.47744364 2.06079720 1.68431438 1.41136960 3.40671342 2.209895727775e+00 1.102050333237e+00 1.271615794724e-05 2.855328099922e-01 2.003160131107e-04
24 43 0 2.47744364 2.06079720 1.68431438 1.41136960 3.40671342 2.395159662560e+00 1.133429196365e+00 9.022859536190e-06 2.906289489891e-01 2.406829929362e-04
24 44 0 2.47744364 2.06079720 1.68431438 1.41136960 3.40671342 2.582627093577e+00 1.166818632700e+00 5.902328404510e-06 2.957590322555e-01 2.839425694365e-04
24 45 0 2.47744364 2.06079720 1.68431438 1.41136960 3.40671342 2.676662145732e+00 1.199598892812e+00 3.547572822537e-06 3.008356011632e-01 3.181477380875e-04
24 46 0 2.47744364 2.06079720 1.68431438 1.41136960 3.40671342 2.665243656166e+00 1.229243105728e+00 2.139908497869e-06 3.058006288204e-01 3.391543455635e-04
24 47 0 2.47744364 2.06079720 1.68431438 1.41136960 3.40671342 2.630968042910e+00 1.255695800990e+00 1.840359214334e-06 3.106473371887e-01 3.576274237447e-04
24 48 0 2.47744364 2.06079720 1.68431438 1.41136960 3.40671342 2.682143259338e+00 1.282556345235e+00 2.780814920963e-06 3.154308918337e-01 3.943307542114e-04
24 49 0 2.47744364 2.06079720 1.68431438 1.41136960 3.40671342 2.861559299625e+00 1.315676781033e+00 5.055383577410e-06 3.202641674834e-01 4.644128083054e-04
24 50 0 2.47744364 2.06079720 1.68431438 1.41136960 3.40671342 3.107834645838e+00 1.359854607433e+00 8.712425435133e-06 3.252984632690e-01 5.612781507972e-04
24 51 0 2.47744364 2.06079720 1.68431438 1.41136960 3.40671342 3.302015955091e+00 1.416036680558e+00 1.374778522362e-05 3.306931051149e-01 6.535243137249e-04
24 52 0 2.47744364 2.06079720 1.68431438 1.41136960 3.40671342 3.364605647208e+00 1.481201850728e+00 2.009973472872e-05 3.365812157935e-01 7.007829062396e-04
24 53 0 2.47744364 2.06079720 1.68431438 1.41136960 3.40671342 3.325852667278e+00 1.550910914918e+00 2.764610292054e-05 3.430405571379e-01 6.805560428335e-04
24 54 0 2.47744364 2.06079720 1.68431438 1.41136960 3.40671342 3.308420041158e+00 1.622262899669e+00 3.620400240087e-05 3.500776331307e-01 6.081937459863e-04
24 55 0 2.47744364 2.06079720 1.68431438 1.41136960 3.40671342 3.429375010708e+00 1.694729229270e+00 4.553246080075e-05 3.576301704308e-01 5.342779954636e-04
24 56 0 2.47744364 2.06079720 1.68431438 1.41136960 3.40671342 3.698423393618e+00 1.768369018452e+00 5.533813722235e-05 3.655883207681e-01 5.178258936605e-04
24 57 0 2.47744364 2.06079720 1.68431438 1.41136960 3.40671342 4.001018563106e+00 1.841429301066e+00 6.528415220771e-05 3.738296657590e-01 5.906648696891e-04
24 58 0 2.47744364 2.06079720 1.68431438 1.41136960 3.40671342 4.189160829261e+00 1.909946522076e+00 7.500189211062e-05 3.822588126283e-01 7.358062489199e-04
24 59 0 2.47744364 2.06079720 1.68431438 1.41136960 3.40671342 4.208761165021e+00 1.970041918752e+00 8.410547366962e-05 3.908403659667e-01 8.944526466519e-04
24 60 0 2.47744364 2.06079720 1.68431438 1.41136960 3.40671342 4.153429102369e+00 2.020925701669e+00 9.220838157628e-05 3.996151178763e-01 9.974747153527e-04
24 61 0 2.47744364 2.06079720 1.68431438 1.41136960 3.40671342 4.191684382120e+00 2.065801002240e+00 9.894163097616e-05 4.086933679220e-01 1.001008858772e-03
24 62 0 2.47744364 2.06079720 1.68431438 1.41136960 3.40671342 4.423422160585e+00 2.109800368735e+00 1.039726681815e-04 4.182254368876e-01 9.040636182570e-04
24 63 0 2.47744364 2.06079720 1.68431438 1.41136960 3.40671342 4.787469210181e+00 2.156995419939e+00 1.070241158621e-04 4.283560620399e-01 7.399839528031e-04
