# environment=00187 local_bs=3 gain_scale=6.270862217175e-14
# ue subcarrier serving_bs phi0 phi1 phi2 phi3 phi4 gain0 gain1 gain2 gain3 gain4
3 0 3 0.58959997 0.94719746 0.45927766 9.55567944 1.38701305 6.052519466480e-01 3.202963364924e+00 2.356683445528e-01 2.061779754064e+04 8.182236140373e-06
3 1 3 0.58959997 0.94719746 0.45927766 9.55567944 1.38701305 5.735348786104e-01 3.354078037941e+00 2.222086194281e-01 1.957267612943e+04 2.468508276259e-06
3 2 3 0.58959997 0.94719746 0.45927766 9.55567944 1.38701305 5.541073456033e-01 3.481342023154e+00 2.127240239937e-01 1.907219178514e+04 9.799904713432e-06
3 3 3 0.58959997 0.94719746 0.45927766 9.55567944 1.38701305 5.274427050149e-01 3.159696235558e+00 2.069699537847e-01 1.898326481844e+04 4.740270661648e-05
3 4 3 0.58959997 0.94719746 0.45927766 9.55567944 1.38701305 5.156040077406e-01 2.516866509331e+00 2.008848504269e-01 1.885938875527e+04 4.010364524535e-05
3 5 3 0.58959997 0.94719746 0.45927766 9.55567944 1.38701305 4.915228232641e-01 2.117647930380e+00 1.904341179327e-01 1.833149000452e+04 6.254690740292e-06
3 6 3 0.58959997 0.94719746 0.45927766 9.55567944 1.38701305 4.784153245371e-01 2.438618228254e+00 1.822993086183e-01 1.738874213475e+04 1.005449693554e-07
3 7 3 0.58959997 0.94719746 0.45927766 9.55567944 1.38701305 4.582305719771e-01 3.454638713793e+00 1.739899120709e-01 1.637031495309e+04 3.908322150865e-07
3 8 3 0.58959997 0.94719746 0.45927766 9.55567944 1.38701305 4.401675838836e-01 4.623289513290e+00 1.671930095840e-01 1.566750796314e+04 1.318793789335e-05
3 9 3 0.58959997 0.94719746 0.45927766 9.55567944 1.38701305 4.223979302572e-01 5.235902424241e+00 1.612458450350e-01 1.540430741798e+04 2.335903434736e-05
3 10 3 0.58959997 0.94719746 0.45927766 9.55567944 1.38701305 4.022114296499e-01 4.862306007666e+00 1.577271103064e-01 1.537726917351e+04 8.622839649424e-06
3 11 3 0.58959997 0.94719746 0.45927766 9.55567944 1.38701305 3.926664482902e-01 3.619340095916e+00 1.501233076958e-01 1.522281829974e+04 7.261666344069e-06
3 12 3 0.58959997 0.94719746 0.45927766 9.55567944 1.38701305 3.737776698404e-01 2.127005585838e+00 1.427755317585e-01 1.471120499400e+04 1.243816905412e-05
3 13 3 0.58959997 0.94719746 0.45927766 9.55567944 1.38701305 3.698595161590e-01 1.123477718431e+00 1.383029241313e-01 1.393773728313e+04 1.123909615244e-05
3 14 3 0.58959997 0.94719746 0.45927766 9.55567944 1.38701305 3.561388286227e-01 9.842565686599e-01 1.366988552717e-01 1.321099624922e+04 2.278803876941e-05
3 15 3 0.58959997 0.94719746 0.45927766 9.55567944 1.38701305 3.533287443284e-01 1.605944565952e+00 1.296269917920e-01 1.279484053157e+04 1.864633507721e-05
3 16 3 0.58959997 0.94719746 0.45927766 9.55567944 1.38701305 3.406497774264e-01 2.471998659704e+00 1.215357558337e-01 1.271304663882e+04 1.704366825142e-06
3 17 3 0.58959997 0.94719746 0.45927766 9.55567944 1.38701305 3.347470667829e-01 3.031036303752e+00 1.163100184725e-01 1.274471194033e+04 1.705848849715e-06
3 18 3 0.58959997 0.94719746 0.45927766 9.55567944 1.38701305 3.241934155087e-01 3.043185181642e+00 1.149286934539e-01 1.261180460834e+04 4.163796817438e-06
3 19 3 0.58959997 0.94719746 0.45927766 9.55567944 1.38701305 3.145196721990e-01 2.638813038158e+00 1.105065695193e-01 1.219115462415e+04 1.732066040343e-05
3 20 3 0.58959997 0.94719746 0.45927766 9.55567944 1.38701305 3.054441022581e-01 2.192560217930e+00 1.060470161947e-01 1.160961128651e+04 3.198175105825e-05
3 21 3 0.58959997 0.94719746 0.45927766 9.55567944 1.38701305 2.972271042255e-01 1.978172188930e+00 1.030078728284e-01 1.114136793200e+04 1.872680732325e-05
3 22 3 0.58959997 0.94719746 0.45927766 9.55567944 1.38701305 2.906793369573e-01 2.036917071008e+00 1.025084264019e-01 1.097219820027e+04 7.886253278164e-06
3 23 3 0.58959997 0.94719746 0.45927766 9.55567944 1.38701305 2.835535748610e-01 2.158086410694e+00 1.006991210645e-01 1.105668455132e+04 4.240051377294e-06
3 24 3 0.58959997 0.94719746 0.45927766 9.55567944 1.38701305 2.782919092080e-01 2.059750442747e+00 9.985301155264e-02 1.117266941420e+04 1.839496776547e-06
3 25 3 0.58959997 0.94719746 0.45927766 9.55567944 1.38701305 2.727855328102e-01 1.664157600050e+00 9.798711207318e-02 1.110266776484e+04 2.732174101223e-05
3 26 3 0.58959997 0.94719746 0.45927766 9.55567944 1.38701305 2.667327218536e-01 1.146241372000e+00 9.571829727341e-02 1.079542345736e+04 3.643882953675e-05
3 27 3 0.58959997 0.94719746 0.45927766 9.55567944 1.38701305 2.605466332075e-01 8.749330287549e-01 9.309974723981e-02 1.040590538218e+04 9.614105842644e-06
3 28 3 0.58959997 0.94719746 0.45927766 9.55567944 1.38701305 2.570207474344e-01 1.097043981579e+00 9.372420799853e-02 1.017943174049e+04 1.133786014269e-06
3 29 3 0.58959997 0.94719746 0.45927766 9.55567944 1.38701305 2.521197153788e-01 1.775680556957e+00 9.357194963252e-02 1.023583705031e+04 2.240076923671e-06
3 30 3 0.58959997 0.94719746 0.45927766 9.55567944 1.38701305 2.527415278550e-01 2.601041704807e+00 9.187856505973e-02 1.048046985626e+04 2.326990468271e-05
3 31 3 0.58959997 0.94719746 0.45927766 9.55567944 1.38701305 2.513270151506e-01 3.169413502710e+00 9.050344264317e-02 1.070531336776e+04 8.032408311210e-05
3 32 3 0.58959997 0.94719746 0.45927766 9.55567944 1.38701305 2.584744888778e-01 3.222638596209e+00 9.388882402248e-02 1.072893367934e+04 8.081960331841e-05
3 33 3 0.58959997 0.94719746 0.45927766 9.55567944 1.38701305 2.596973161538e-01 2.673336811127e+00 9.712620981366e-02 1.053877748482e+04 2.394868548741e-05
3 34 3 0.58959997 0.94719746 0.45927766 9.55567944 1.38701305 2.685964319108e-01 1.797163525146e+00 9.802912687189e-02 1.032667312339e+04 2.339627562417e-06
3 35 3 0.58959997 0.94719746 0.45927766 9.55567944 1.38701305 2.722017614205e-01 1.081071646977e+00 9.791829090880e-02 1.031874089288e+04 8.685887337929e-07
3 36 3 0.58959997 0.94719746 0.45927766 9.55567944 1.38701305 2.789836521775e-01 8.712721466385e-01 1.010417654738e-01 1.059553400555e+04 9.714011589240e-06
3 37 3 0.58959997 0.94719746 0.45927766 9.55567944 1.38701305 2.826071390026e-01 1.202084322622e+00 1.038772779538e-01 1.103182018653e+04 3.742182909032e-05
3 38 3 0.58959997 0.94719746 0.45927766 9.55567944 1.38701305 2.861997702437e-01 1.750115257042e+00 1.054824630895e-01 1.138176126459e+04 2.809628988590e-05
3 39 3 0.58959997 0.94719746 0.45927766 9.55567944 1.38701305 2.930607681978e-01 2.147319076652e+00 1.063859859974e-01 1.148369570798e+04 1.886907302950e-06
3 40 3 0.58959997 0.94719746 0.45927766 9.55567944 1.38701305 2.950353822709e-01 2.230123922995e+00 1.088715737919e-01 1.139458820167e+04 4.424988832351e-06
3 41 3 0.58959997 0.94719746 0.45927766 9.55567944 1.38701305 3.047111116948e-01 2.108010307468e+00 1.111682214328e-01 1.134401706425e+04 7.931026758011e-06
3 42 3 0.58959997 0.94719746 0.45927766 9.55567944 1.38701305 3.091990403728e-01 2.077316087311e+00 1.152747358547e-01 1.156202507589e+04 1.883870524540e-05
3 43 3 0.58959997 0.94719746 0.45927766 9.55567944 1.38701305 3.205094951819e-01 2.343334782053e+00 1.207935637301e-01 1.208661291005e+04 3.291570814921e-05
3 44 3 0.58959997 0.94719746 0.45927766 9.55567944 1.38701305 3.258056875126e-01 2.860842487300e+00 1.256308539160e-01 1.271869128912e+04 1.805651144185e-05
3 45 3 0.58959997 0.94719746 0.45927766 9.55567944 1.38701305 3.357976662104e-01 3.277808104454e+00 1.278551778183e-01 1.317892237040e+04 4.161959146574e-06
3 46 3 0.58959997 0.94719746 0.45927766 9.55567944 1.38701305 3.437235689438e-01 3.209644610574e+00 1.326834931787e-01 1.333909347073e+04 1.604430187742e-06
3 47 3 0.58959997 0.94719746 0.45927766 9.55567944 1.38701305 3.515835902876e-01 2.546612411697e+00 1.405136226389e-01 1.332852898767e+04 1.838727858366e-06
3 48 3 0.58959997 0.94719746 0.45927766 9.55567944 1.38701305 3.618830174100e-01 1.602862672727e+00 1.459991613029e-01 1.343637323906e+04 1.921714803396e-05
3 49 3 0.58959997 0.94719746 0.45927766 9.55567944 1.38701305 3.736544093444e-01 1.001429565782e+00 1.466430160555e-01 1.390143658271e+04 2.348121798085e-05
3 50 3 0.58959997 0.94719746 0.45927766 9.55567944 1.38701305 3.889018036429e-01 1.243560646608e+00 1.496315717338e-01 1.470047300629e+04 1.176531803812e-05
3 51 3 0.58959997 0.94719746 0.45927766 9.55567944 1.38701305 4.052275406402e-01 2.424288489605e+00 1.573404789662e-01 1.553197757171e+04 1.270561199476e-05
3 52 3 0.58959997 0.94719746 0.45927766 9.55567944 1.38701305 4.239749687136e-01 4.053369436893e+00 1.641491588139e-01 1.606993161896e+04 7.603597991776e-06
3 53 3 0.58959997 0.94719746 0.45927766 9.55567944 1.38701305 4.451485949775e-01 5.306424545032e+00 1.673571536244e-01 1.623505556963e+04 1.010283710855e-05
3 54 3 0.58959997 0.94719746 0.45927766 9.55567944 1.38701305 4.625467825874e-01 5.597740431659e+00 1.719933232665e-01 1.627211700803e+04 2.462493634717e-05
3 55 3 0.58959997 0.94719746 0.45927766 9.55567944 1.38701305 4.814305938362e-01 4.834851277072e+00 1.797249721186e-01 1.657008615614e+04 1.280402856133e-05
3 56 3 0.58959997 0.94719746 0.45927766 9.55567944 1.38701305 4.993945960004e-01 3.540436670614e+00 1.872393730844e-01 1.733920808092e+04 2.225607021379e-07
3 57 3 0.58959997 0.94719746 0.45927766 9.55567944 1.38701305 5.161047941562e-01 2.526894380897e+00 1.944202317704e-01 1.843049038581e+04 1.543659783827e-07
3 58 3 0.58959997 0.94719746 0.45927766 9.55567944 1.38701305 5.361216298118e-01 2.299834155764e+00 2.018795317613e-01 1.942299920292e+04 7.084810814883e-06
3 59 3 0.58959997 0.94719746 0.45927766 9.55567944 1.38701305 5.537504387342e-01 2.777620368514e+00 2.073827556318e-01 1.996068956610e+04 4.454794651153e-05
3 60 3 0.58959997 0.94719746 0.45927766 9.55567944 1.38701305 5.827319223895e-01 3.428928347166e+00 2.112210249540e-01 2.008464702679e+04 5.174623747948e-05
3 61 3 0.58959997 0.94719746 0.45927766 9.55567944 1.38701305 6.016849723964e-01 3.720544533700e+00 2.196964053011e-01 2.019148049244e+04 1.036338200054e-05
3 62 3 0.58959997 0.94719746 0.45927766 9.55567944 1.38701305 6.320212687589e-01 3.587974423042e+00 2.302241133580e-01 2.072492521937e+04 2.732258255565e-06
3 63 3 0.58959997 0.94719746 0.45927766 9.55567944 1.38701305 6.533311801068e-01 3.453329070661e+00 2.349661422733e-01 2.183896751671e+04 8.908129553146e-06
4 0 3 0.69080515 1.26782292 0.50686061 3.59241126 1.38225252 8.887021343394e-01 2.006824185207e+01 3.513250250152e-01 7.025084063445e+02 1.566147977730e+01
4 1 3 0.69080515 1.26782292 0.50686061 3.59241126 1.38225252 8.763622273816e-01 1.523331026589e+01 3.236958855157e-01 7.271919601426e+02 1.258246709185e+01
4 2 3 0.69080515 1.26782292 0.50686061 3.59241126 1.38225252 8.434563892460e-01 1.004606307499e+01 3.210719884745e-01 6.939139279481e+02 1.506056218263e+01
4 3 3 0.69080515 1.26782292 0.50686061 3.59241126 1.38225252 8.052503770060e-01 9.338068815909e+00 3.211196842213e-01 6.163025447638e+02 1.372543618447e+01
4 4 3 0.69080515 1.26782292 0.50686061 3.59241126 1.38225252 7.658517445666e-01 8.971806982403e+00 2.989618750435e-01 5.515702092346e+02 1.128374847640e+01
4 5 3 0.69080515 1.26782292 0.50686061 3.59241126 1.38225252 7.392669824258e-01 6.311723818373e+00 2.767759072469e-01 5.393261301424e+02 1.383168274529e+01
4 6 3 0.69080515 1.26782292 0.50686061 3.59241126 1.38225252 7.229489359144e-01 6.111828061368e+00 2.741729670806e-01 5.691944032409e+02 1.184437113566e+01
4 7 3 0.69080515 1.26782292 0.50686061 3.59241126 1.38225252 6.899652706230e-01 1.008560844261e+01 2.676482031858e-01 5.884063783332e+02 1.047445000991e+01
4 8 3 0.69080515 1.26782292 0.50686061 3.59241126 1.38225252 6.730829524245e-01 1.267752777548e+01 2.473803756731e-01 5.621097750917e+02 1.241179842394e+01
4 9 3 0.69080515 1.26782292 0.50686061 3.59241126 1.38225252 6.500449891596e-01 1.139787698291e+01 2.347951537068e-01 5.006323633343e+02 1.045317530200e+01
4 10 3 0.69080515 1.26782292 0.50686061 3.59241126 1.38225252 6.290488308536e-01 1.049898255643e+01 2.338472711650e-01 4.488749716426e+02 9.532294817684e+00
4 11 3 0.69080515 1.26782292 0.50686061 3.59241126 1.38225252 6.037937133831e-01 1.172659771200e+01 2.282866531032e-01 4.397271392521e+02 1.119768807635e+01
4 12 3 0.69080515 1.26782292 0.50686061 3.59241126 1.38225252 5.838967876516e-01 1.112344553289e+01 2.143284574994e-01 4.628795917107e+02 9.322263088113e+00
4 13 3 0.69080515 1.26782292 0.50686061 3.59241126 1.38225252 5.631138816403e-01 7.348182805035e+00 2.066318358973e-01 4.802384374913e+02 8.696537495553e+00
4 14 3 0.69080515 1.26782292 0.50686061 3.59241126 1.38225252 5.508628285036e-01 4.685932256955e+00 2.028145665177e-01 4.614377336646e+02 1.024421266992e+01
4 15 3 0.69080515 1.26782292 0.50686061 3.59241126 1.38225252 5.238013873362e-01 5.281459503115e+00 1.936510870411e-01 4.138377630608e+02 8.147464265765e+00
4 16 3 0.69080515 1.26782292 0.50686061 3.59241126 1.38225252 5.101446230898e-01 5.805364329524e+00 1.798491210128e-01 3.724648470548e+02 8.164748483796e+00
4 17 3 0.69080515 1.26782292 0.50686061 3.59241126 1.38225252 4.988984214214e-01 4.934501702075e+00 1.731248710092e-01 3.649302925471e+02 9.322518094184e+00
4 18 3 0.69080515 1.26782292 0.50686061 3.59241126 1.38225252 4.893518601951e-01 5.864382278927e+00 1.686234227066e-01 3.863173329513e+02 7.294086776626e+00
4 19 3 0.69080515 1.26782292 0.50686061 3.59241126 1.38225252 4.744841813820e-01 8.844554070565e+00 1.592968304045e-01 4.041097600163e+02 7.771466660789e+00
4 20 3 0.69080515 1.26782292 0.50686061 3.59241126 1.38225252 4.655377281133e-01 9.832828772876e+00 1.520234434116e-01 3.920776330156e+02 8.381299655537e+00
4 21 3 0.69080515 1.26782292 0.50686061 3.59241126 1.38225252 4.496933805243e-01 7.949964290018e+00 1.542801528237e-01 3.547109258854e+02 6.822500079471e+00
4 22 3 0.69080515 1.26782292 0.50686061 3.59241126 1.38225252 4.428845619264e-01 6.816570719919e+00 1.539747630580e-01 3.213097731960e+02 7.269499528417e+00
4 23 3 0.69080515 1.26782292 0.50686061 3.59241126 1.38225252 4.194735347393e-01 7.241420081700e+00 1.452257977388e-01 3.177906910338e+02 7.931263278125e+00
4 24 3 0.69080515 1.26782292 0.50686061 3.59241126 1.38225252 4.256572097044e-01 6.213948527071e+00 1.435393889784e-01 3.392716436164e+02 6.275055856080e+00
4 25 3 0.69080515 1.26782292 0.50686061 3.59241126 1.38225252 4.156549708643e-01 3.745700126301e+00 1.494823412278e-01 3.593853912531e+02 7.050971554261e+00
4 26 3 0.69080515 1.26782292 0.50686061 3.59241126 1.38225252 4.254779718293e-01 3.135786142623e+00 1.447585113520e-01 3.526971859187e+02 7.494573038892e+00
4 27 3 0.69080515 1.26782292 0.50686061 3.59241126 1.38225252 4.086176276155e-01 4.678316906988e+00 1.316489877818e-01 3.239994316043e+02 5.959753617952e+00
4 28 3 0.69080515 1.26782292 0.50686061 3.59241126 1.38225252 4.146285252631e-01 5.424756668083e+00 1.332523211781e-01 2.976374376488e+02 7.093791873916e+00
4 29 3 0.69080515 1.26782292 0.50686061 3.59241126 1.38225252 4.001948911704e-01 5.138196170557e+00 1.405910123849e-01 2.971150706405e+02 7.104321105147e+00
4 30 3 0.69080515 1.26782292 0.50686061 3.59241126 1.38225252 4.031844254753e-01 6.269565550761e+00 1.338494147742e-01 3.212096908529e+02 5.909750365884e+00
4 31 3 0.69080515 1.26782292 0.50686061 3.59241126 1.38225252 3.893020277594e-01 8.411434532541e+00 1.259135317465e-01 3.446872007916e+02 7.070957244138e+00
4 32 3 0.69080515 1.26782292 0.50686061 3.59241126 1.38225252 4.128795443543e-01 8.519018694154e+00 1.373017351624e-01 3.460917051089e+02 7.088165388118e+00
4 33 3 0.69080515 1.26782292 0.50686061 3.59241126 1.38225252 4.071681314915e-01 6.397586531754e+00 1.480666739417e-01 3.220662200726e+02 5.952141013471e+00
4 34 3 0.69080515 1.26782292 0.50686061 3.59241126 1.38225252 4.240264322662e-01 5.222962905852e+00 1.423267979615e-01 3.002818990058e+02 7.305555949021e+00
4 35 3 0.69080515 1.26782292 0.50686061 3.59241126 1.38225252 4.169378781207e-01 5.531437869323e+00 1.407009542832e-01 3.022622454041e+02 7.109260207102e+00
4 36 3 0.69080515 1.26782292 0.50686061 3.59241126 1.38225252 4.266932596351e-01 4.681104734765e+00 1.541014089128e-01 3.323359144512e+02 6.115139347252e+00
4 37 3 0.69080515 1.26782292 0.50686061 3.59241126 1.38225252 4.243315676007e-01 3.105805197580e+00 1.597063890303e-01 3.628716188782e+02 7.823877723383e+00
4 38 3 0.69080515 1.26782292 0.50686061 3.59241126 1.38225252 4.335441355693e-01 3.942239812149e+00 1.517822412018e-01 3.696188536110e+02 7.231555156379e+00
4 39 3 0.69080515 1.26782292 0.50686061 3.59241126 1.38225252 4.399895586863e-01 6.604465776226e+00 1.531735554285e-01 3.493520403267e+02 6.532762908112e+00
4 40 3 0.69080515 1.26782292 0.50686061 3.59241126 1.38225252 4.640095409489e-01 7.539574989499e+00 1.641332755476e-01 3.283713761040e+02 8.410027252117e+00
4 41 3 0.69080515 1.26782292 0.50686061 3.59241126 1.38225252 4.735967988130e-01 7.139185452738e+00 1.676687365806e-01 3.354678527422e+02 7.456794770683e+00
4 42 3 0.69080515 1.26782292 0.50686061 3.59241126 1.38225252 4.902374395372e-01 8.497842130409e+00 1.665922230253e-01 3.720035555571e+02 7.266179384794e+00
4 43 3 0.69080515 1.26782292 0.50686061 3.59241126 1.38225252 4.935703440653e-01 1.040529587747e+01 1.768140120391e-01 4.122026484345e+02 9.012033389573e+00
4 44 3 0.69080515 1.26782292 0.50686061 3.59241126 1.38225252 5.141424342230e-01 9.226798768352e+00 1.894685090097e-01 4.237153988185e+02 8.037370010941e+00
4 45 3 0.69080515 1.26782292 0.50686061 3.59241126 1.38225252 5.231130370270e-01 6.094952165001e+00 1.951326721185e-01 4.056480845145e+02 7.942248150923e+00
4 46 3 0.69080515 1.26782292 0.50686061 3.59241126 1.38225252 5.417580977622e-01 5.184382169686e+00 2.003235722287e-01 3.842021181367e+02 9.965635547605e+00
4 47 3 0.69080515 1.26782292 0.50686061 3.59241126 1.38225252 5.598733126902e-01 6.063611327182e+00 2.122767072623e-01 3.945413793748e+02 8.593677110327e+00
4 48 3 0.69080515 1.26782292 0.50686061 3.59241126 1.38225252 5.906974623686e-01 5.563118421552e+00 2.199365710610e-01 4.399843942134e+02 8.924703390471e+00
4 49 3 0.69080515 1.26782292 0.50686061 3.59241126 1.38225252 6.038701563742e-01 5.090010215425e+00 2.207525455309e-01 4.917576682895e+02 1.111634653752e+01
4 50 3 0.69080515 1.26782292 0.50686061 3.59241126 1.38225252 6.319085306891e-01 7.975696519717e+00 2.259693475004e-01 5.106373864537e+02 9.135866108682e+00
4 51 3 0.69080515 1.26782292 0.50686061 3.59241126 1.38225252 6.432518066342e-01 1.210349147418e+01 2.378415341844e-01 4.912915405395e+02 1.031490775896e+01
4 52 3 0.69080515 1.26782292 0.50686061 3.59241126 1.38225252 6.848769991443e-01 1.275133633606e+01 2.443136894503e-01 4.657027917785e+02 1.209109996843e+01
4 53 3 0.69080515 1.26782292 0.50686061 3.59241126 1.38225252 6.980965633572e-01 1.128021493507e+01 2.449774147810e-01 4.791340478822e+02 1.019927017807e+01
4 54 3 0.69080515 1.26782292 0.50686061 3.59241126 1.38225252 7.234338759352e-01 1.217488230736e+01 2.574406748342e-01 5.368126001179e+02 1.167361316335e+01
4 55 3 0.69080515 1.26782292 0.50686061 3.59241126 1.38225252 7.514448261828e-01 1.340814273284e+01 2.766904764885e-01 6.038116040765e+02 1.336728341170e+01
4 56 3 0.69080515 1.26782292 0.50686061 3.59241126 1.38225252 7.854820107697e-01 1.037532823750e+01 2.836705516171e-01 6.280463931559e+02 1.122156796547e+01
4 57 3 0.69080515 1.26782292 0.50686061 3.59241126 1.38225252 8.094781970532e-01 6.287951683161e+00 2.827075039284e-01 6.046180931126e+02 1.327868099676e+01
4 58 3 0.69080515 1.26782292 0.50686061 3.59241126 1.38225252 8.453434660958e-01 7.025198582081e+00 3.001108278322e-01 5.738359689438e+02 1.494501903757e+01
4 59 3 0.69080515 1.26782292 0.50686061 3.59241126 1.38225252 8.907330928934e-01 9.987641335788e+00 3.192517825068e-01 5.902993798247e+02 1.222705731422e+01
4 60 3 0.69080515 1.26782292 0.50686061 3.59241126 1.38225252 9.232582223980e-01 1.014883211399e+01 3.169056340907e-01 6.631993621390e+02 1.535883278160e+01
4 61 3 0.69080515 1.26782292 0.50686061 3.59241126 1.38225252 9.548360132644e-01 1.080070868792e+01 3.144128051312e-01 7.438090576141e+02 1.620461632396e+01
4 62 3 0.69080515 1.26782292 0.50686061 3.59241126 1.38225252 9.700487437856e-01 1.633113644314e+01 3.380060142338e-01 7.769335539456e+02 1.368380255084e+01
4 63 3 0.69080515 1.26782292 0.50686061 3.59241126 1.38225252 1.020294712401e+00 2.137823774563e+01 3.541263774863e-01 7.467993068045e+02 1.763812625242e+01
8 0 3 0.48337797 0.64437462 0.40662147 1.77752875 1.21475465 1.099990804361e-03 8.314285283915e-01 1.853693590776e-04 4.558521778891e+01 6.712390810781e-04
8 1 3 0.48337797 0.64437462 0.40662147 1.77752875 1.21475465 1.090097664884e-03 8.047235461490e-01 1.913260478685e-04 4.323856678060e+01 5.310696989291e-04
8 2 3 0.48337797 0.64437462 0.40662147 1.77752875 1.21475465 1.006387541337e-03 7.678681843735e-01 1.733332765899e-04 4.106343451812e+01 4.509864520570e-04
8 3 3 0.48337797 0.64437462 0.40662147 1.77752875 1.21475465 9.802106014518e-04 7.248192135185e-01 1.755950953604e-04 3.906627665109e+01 5.273724007547e-04
8 4 3 0.48337797 0.64437462 0.40662147 1.77752875 1.21475465 9.391222662584e-04 6.918559765905e-01 1.631010223341e-04 3.716320838037e+01 6.054869002078e-04
8 5 3 0.48337797 0.64437462 0.40662147 1.77752875 1.21475465 9.456441613946e-04 6.710849588569e-01 1.602842381450e-04 3.542489644529e+01 5.303707686962e-04
8 6 3 0.48337797 0.64437462 0.40662147 1.77752875 1.21475465 8.574028449991e-04 6.560191716542e-01 1.539509053902e-04 3.380055353074e+01 3.898538594448e-04
8 7 3 0.48337797 0.64437462 0.40662147 1.77752875 1.21475465 8.445808068776e-04 6.334317052358e-01 1.460998935151e-04 3.237694119953e+01 3.651618812851e-04
8 8 3 0.48337797 0.64437462 0.40662147 1.77752875 1.21475465 8.174164874171e-04 5.980077446863e-01 1.452326809390e-04 3.107861911786e+01 4.504482038145e-04
8 9 3 0.48337797 0.64437462 0.40662147 1.77752875 1.21475465 8.024988541599e-04 5.592652284038e-01 1.336022750041e-04 2.983328461571e+01 4.819477820713e-04
8 10 3 0.48337797 0.64437462 0.40662147 1.77752875 1.21475465 7.465706390742e-04 5.308379285705e-01 1.365020086510e-04 2.882878474035e+01 3.953589848311e-04
8 11 3 0.48337797 0.64437462 0.40662147 1.77752875 1.21475465 7.180773200054e-04 5.148579873353e-01 1.231034011090e-04 2.790939591479e+01 3.003580716141e-04
8 12 3 0.48337797 0.64437462 0.40662147 1.77752875 1.21475465 7.219661207979e-04 5.072554223998e-01 1.275865614438e-04 2.704347336352e+01 2.976878860259e-04
8 13 3 0.48337797 0.64437462 0.40662147 1.77752875 1.21475465 6.783721497886e-04 4.998665764909e-01 1.146376691046e-04 2.638108272612e+01 3.477917188371e-04
8 14 3 0.48337797 0.64437462 0.40662147 1.77752875 1.21475465 6.550646793730e-04 4.849894496164e-01 1.185803963273e-04 2.574205571484e+01 3.565384261540e-04
8 15 3 0.48337797 0.64437462 0.40662147 1.77752875 1.21475465 6.186777187823e-04 4.699778691757e-01 1.079988263826e-04 2.519913291411e+01 3.045909395404e-04
8 16 3 0.48337797 0.64437462 0.40662147 1.77752875 1.21475465 6.356325782804e-04 4.512516120503e-01 1.097809827425e-04 2.481013017596e+01 2.455158387305e-04
8 17 3 0.48337797 0.64437462 0.40662147 1.77752875 1.21475465 5.881865204578e-04 4.311389208486e-01 1.028225015876e-04 2.438504569622e+01 2.263038790338e-04
8 18 3 0.48337797 0.64437462 0.40662147 1.77752875 1.21475465 5.719897610266e-04 4.119453029861e-01 1.015940951543e-04 2.406723933402e+01 2.470225593416e-04
8 19 3 0.48337797 0.64437462 0.40662147 1.77752875 1.21475465 5.527482187072e-04 3.911228005628e-01 9.868690206025e-05 2.386760819962e+01 2.708052171875e-04
8 20 3 0.48337797 0.64437462 0.40662147 1.77752875 1.21475465 5.566751798326e-04 3.801666654993e-01 9.443403230846e-05 2.362422346825e+01 2.553270691474e-04
8 21 3 0.48337797 0.64437462 0.40662147 1.77752875 1.21475465 5.295078214429e-04 3.749813425053e-01 9.520604440642e-05 2.344947159445e+01 1.988839294074e-04
8 22 3 0.48337797 0.64437462 0.40662147 1.77752875 1.21475465 5.030728671289e-04 3.746234058937e-01 8.864141444061e-05 2.336202928521e+01 1.574469181261e-04
8 23 3 0.48337797 0.64437462 0.40662147 1.77752875 1.21475465 5.113185621359e-04 3.752772931797e-01 9.209776756958e-05 2.326290696938e+01 1.802663056470e-04
8 24 3 0.48337797 0.64437462 0.40662147 1.77752875 1.21475465 4.968620790452e-04 3.714852308941e-01 8.443116984161e-05 2.317128438541e+01 2.305424920819e-04
8 25 3 0.48337797 0.64437462 0.40662147 1.77752875 1.21475465 4.898508435883e-04 3.697153298714e-01 8.921921141520e-05 2.316165792494e+01 2.232800772795e-04
8 26 3 0.48337797 0.64437462 0.40662147 1.77752875 1.21475465 4.602285434119e-04 3.662067979812e-01 8.187302393692e-05 2.316823907032e+01 1.517168413810e-04
8 27 3 0.48337797 0.64437462 0.40662147 1.77752875 1.21475465 4.828411651917e-04 3.623950676058e-01 8.657178772826e-05 2.310644235559e+01 1.099969502677e-04
8 28 3 0.48337797 0.64437462 0.40662147 1.77752875 1.21475465 4.665633745209e-04 3.528189066476e-01 8.089906163938e-05 2.316204731411e+01 1.556944380716e-04
8 29 3 0.48337797 0.64437462 0.40662147 1.77752875 1.21475465 4.615436049086e-04 3.388529677808e-01 8.428337931320e-05 2.325374913625e+01 2.155514022782e-04
8 30 3 0.48337797 0.64437462 0.40662147 1.77752875 1.21475465 4.482589371358e-04 3.302104473957e-01 8.132945374608e-05 2.319809285497e+01 1.917921633011e-04
8 31 3 0.48337797 0.64437462 0.40662147 1.77752875 1.21475465 4.651578981693e-04 3.303034838783e-01 8.257679543796e-05 2.329366089328e+01 1.135441595082e-04
8 32 3 0.48337797 0.64437462 0.40662147 1.77752875 1.21475465 4.649890646256e-04 3.464107913022e-01 8.290807680710e-05 2.344874417820e+01 9.482219536358e-05
8 33 3 0.48337797 0.64437462 0.40662147 1.77752875 1.21475465 4.481205072684e-04 3.650016552105e-01 8.173137278635e-05 2.342354769134e+01 1.595269810005e-04
8 34 3 0.48337797 0.64437462 0.40662147 1.77752875 1.21475465 4.613317126075e-04 3.793270475015e-01 8.534284477609e-05 2.353515190951e+01 2.058061335973e-04
8 35 3 0.48337797 0.64437462 0.40662147 1.77752875 1.21475465 4.663501342173e-04 3.857468815626e-01 8.204117900741e-05 2.371638304158e+01 1.639357736656e-04
8 36 3 0.48337797 0.64437462 0.40662147 1.77752875 1.21475465 4.825391120269e-04 3.825841911340e-01 8.834875034049e-05 2.375901545275e+01 9.980109809293e-05
8 37 3 0.48337797 0.64437462 0.40662147 1.77752875 1.21475465 4.595100653743e-04 3.843552611539e-01 8.377086971983e-05 2.388785360200e+01 1.086764665963e-04
8 38 3 0.48337797 0.64437462 0.40662147 1.77752875 1.21475465 4.894399171468e-04 3.866650656327e-01 9.169285568023e-05 2.407708819902e+01 1.728685646488e-04
8 39 3 0.48337797 0.64437462 0.40662147 1.77752875 1.21475465 4.962610877046e-04 3.925309107263e-01 8.711039230801e-05 2.420271837095e+01 1.985012965430e-04
8 40 3 0.48337797 0.64437462 0.40662147 1.77752875 1.21475465 5.107599655013e-04 4.009880248990e-01 9.523892042546e-05 2.436136962921e+01 1.582587862905e-04
8 41 3 0.48337797 0.64437462 0.40662147 1.77752875 1.21475465 5.019670575005e-04 4.095738394049e-01 9.213251768181e-05 2.458911592354e+01 1.198056485189e-04
8 42 3 0.48337797 0.64437462 0.40662147 1.77752875 1.21475465 5.286183405099e-04 4.282337307768e-01 9.898568728167e-05 2.480964582243e+01 1.382927409751e-04
8 43 3 0.48337797 0.64437462 0.40662147 1.77752875 1.21475465 5.560658923109e-04 4.510045423749e-01 9.876122361440e-05 2.501478704031e+01 1.874995224565e-04
8 44 3 0.48337797 0.64437462 0.40662147 1.77752875 1.21475465 5.515608143657e-04 4.769650186131e-01 1.030890299268e-04 2.533579743154e+01 2.110234327272e-04
8 45 3 0.48337797 0.64437462 0.40662147 1.77752875 1.21475465 5.707617941075e-04 4.994324853819e-01 1.067619052895e-04 2.568462440334e+01 1.941790500575e-04
8 46 3 0.48337797 0.64437462 0.40662147 1.77752875 1.21475465 5.866541316000e-04 5.156153474913e-01 1.078566847943e-04 2.599177838435e+01 1.678183802962e-04
8 47 3 0.48337797 0.64437462 0.40662147 1.77752875 1.21475465 6.350769503902e-04 5.305166430677e-01 1.157638968844e-04 2.646267847985e+01 1.707218723701e-04
8 48 3 0.48337797 0.64437462 0.40662147 1.77752875 1.21475465 6.169647805644e-04 5.432807570379e-01 1.137071005052e-04 2.697926980454e+01 2.152703388296e-04
8 49 3 0.48337797 0.64437462 0.40662147 1.77752875 1.21475465 6.534015626633e-04 5.578734190823e-01 1.253205187030e-04 2.749338603813e+01 2.673871844929e-04
8 50 3 0.48337797 0.64437462 0.40662147 1.77752875 1.21475465 6.766859940259e-04 5.712062419858e-01 1.210915619799e-04 2.819512987248e+01 2.709402293359e-04
8 51 3 0.48337797 0.64437462 0.40662147 1.77752875 1.21475465 7.209087035154e-04 5.908633170734e-01 1.350022409372e-04 2.892608429193e+01 2.244125549455e-04
8 52 3 0.48337797 0.64437462 0.40662147 1.77752875 1.21475465 7.163881569726e-04 6.215439368295e-01 1.303897775183e-04 2.975028252210e+01 2.086059248432e-04
8 53 3 0.48337797 0.64437462 0.40662147 1.77752875 1.21475465 7.438962364260e-04 6.612283093114e-01 1.445069123359e-04 3.078394021442e+01 2.812294708753e-04
8 54 3 0.48337797 0.64437462 0.40662147 1.77752875 1.21475465 8.012058496624e-04 7.047033375585e-01 1.418004266140e-04 3.182463215205e+01 3.697625703795e-04
8 55 3 0.48337797 0.64437462 0.40662147 1.77752875 1.21475465 8.155558463620e-04 7.339734207332e-01 1.537610470655e-04 3.303297245569e+01 3.588565554713e-04
8 56 3 0.48337797 0.64437462 0.40662147 1.77752875 1.21475465 8.429030327021e-04 7.509413044992e-01 1.552557531946e-04 3.446014107346e+01 2.768929638992e-04
8 57 3 0.48337797 0.64437462 0.40662147 1.77752875 1.21475465 8.539100680541e-04 7.660755114228e-01 1.629818611915e-04 3.594051194704e+01 2.758555613695e-04
8 58 3 0.48337797 0.64437462 0.40662147 1.77752875 1.21475465 9.443640345750e-04 7.915915229673e-01 1.703895722811e-04 3.760499419622e+01 3.952239204204e-04
8 59 3 0.48337797 0.64437462 0.40662147 1.77752875 1.21475465 9.371608371697e-04 8.344446505333e-01 1.726739579998e-04 3.943673352465e+01 4.817267621082e-04
8 60 3 0.48337797 0.64437462 0.40662147 1.77752875 1.21475465 9.775798360537e-04 8.804621244531e-01 1.865792085915e-04 4.143259156198e+01 4.249043820517e-04
8 61 3 0.48337797 0.64437462 0.40662147 1.77752875 1.21475465 1.003087296141e-03 9.147528847015e-01 1.835478424701e-04 4.359795424341e+01 3.419331468742e-04
8 62 3 0.48337797 0.64437462 0.40662147 1.77752875 1.21475465 1.087902068434e-03 9.404312342112e-01 2.030647555140e-04 4.584719625787e+01 3.948040444648e-04
8 63 3 0.48337797 0.64437462 0.40662147 1.77752875 1.21475465 1.098757601666e-03 9.666478815616e-01 1.963674864758e-04 4.834570637622e+01 5.264591940319e-04
10 0 3 0.57723849 1.01816160 0.44569097 26.04879799 1.17960393 5.425671377934e-01 4.047997348029e+00 1.929968421914e-01 2.256888786161e+05 1.355665683751e-05
10 1 3 0.57723849 1.01816160 0.44569097 26.04879799 1.17960393 5.194583377734e-01 5.726894391734e+00 1.837881560245e-01 2.198641778753e+05 2.392592759947e-05
10 2 3 0.57723849 1.01816160 0.44569097 26.04879799 1.17960393 5.016512733131e-01 6.218546108103e+00 1.715205903277e-01 2.142090286459e+05 2.719046628010e-05
10 3 3 0.57723849 1.01816160 0.44569097 26.04879799 1.17960393 4.840310663261e-01 4.833432648851e+00 1.674179163080e-01 2.086971951699e+05 1.156623216464e-04
10 4 3 0.57723849 1.01816160 0.44569097 26.04879799 1.17960393 4.700333682771e-01 3.701361895117e+00 1.678094640780e-01 2.032823109785e+05 6.442417675833e-05
10 5 3 0.57723849 1.01816160 0.44569097 26.04879799 1.17960393 4.550532772054e-01 3.378177231831e+00 1.611809743856e-01 1.979945511640e+05 1.015431031184e-05
10 6 3 0.57723849 1.01816160 0.44569097 26.04879799 1.17960393 4.392098165667e-01 4.848903054389e+00 1.523232895595e-01 1.928529442224e+05 7.539887215820e-05
10 7 3 0.57723849 1.01816160 0.44569097 26.04879799 1.17960393 4.216654539493e-01 5.167324586824e+00 1.509658629825e-01 1.878565158496e+05 1.926628553093e-05
10 8 3 0.57723849 1.01816160 0.44569097 26.04879799 1.17960393 4.109083429003e-01 3.931936154182e+00 1.500003235823e-01 1.830351587669e+05 2.362601277653e-07
10 9 3 0.57723849 1.01816160 0.44569097 26.04879799 1.17960393 3.954857456716e-01 3.043257769196e+00 1.408274269541e-01 1.783838486079e+05 1.103853870206e-05
10 10 3 0.57723849 1.01816160 0.44569097 26.04879799 1.17960393 3.874610148812e-01 2.895379393286e+00 1.320729612107e-01 1.738677962266e+05 9.653499627628e-05
10 11 3 0.57723849 1.01816160 0.44569097 26.04879799 1.17960393 3.719841100889e-01 4.158624466709e+00 1.317057945479e-01 1.695210248810e+05 7.327499724851e-05
10 12 3 0.57723849 1.01816160 0.44569097 26.04879799 1.17960393 3.610732062852e-01 4.346709868916e+00 1.313428413555e-01 1.653735362886e+05 3.625609247143e-07
10 13 3 0.57723849 1.01816160 0.44569097 26.04879799 1.17960393 3.432822976739e-01 3.238130355966e+00 1.243352227688e-01 1.614116394379e+05 2.422302860944e-05
10 14 3 0.57723849 1.01816160 0.44569097 26.04879799 1.17960393 3.262116430507e-01 2.557336300221e+00 1.183054799240e-01 1.576454785017e+05 4.380999738416e-06
10 15 3 0.57723849 1.01816160 0.44569097 26.04879799 1.17960393 3.151707519068e-01 2.529568334990e+00 1.185679140912e-01 1.540540578303e+05 2.564345409477e-06
10 16 3 0.57723849 1.01816160 0.44569097 26.04879799 1.17960393 2.999383282769e-01 3.574244242849e+00 1.181897969707e-01 1.506359985928e+05 4.790811952129e-06
10 17 3 0.57723849 1.01816160 0.44569097 26.04879799 1.17960393 2.963521859019e-01 3.643940809406e+00 1.118047805240e-01 1.474607133052e+05 5.804184799126e-05
10 18 3 0.57723849 1.01816160 0.44569097 26.04879799 1.17960393 2.877340233922e-01 2.652679470800e+00 1.043180562018e-01 1.445073528575e+05 5.275398835810e-05
10 19 3 0.57723849 1.01816160 0.44569097 26.04879799 1.17960393 2.854662098587e-01 2.144024472796e+00 1.013518222902e-01 1.417265753746e+05 1.874594257968e-05
10 20 3 0.57723849 1.01816160 0.44569097 26.04879799 1.17960393 2.787853435736e-01 2.198769308952e+00 1.008423579922e-01 1.391604918843e+05 2.799753064976e-05
10 21 3 0.57723849 1.01816160 0.44569097 26.04879799 1.17960393 2.712824258889e-01 3.103285740259e+00 9.748641029557e-02 1.368186374427e+05 6.670873600326e-06
10 22 3 0.57723849 1.01816160 0.44569097 26.04879799 1.17960393 2.683937951456e-01 3.177922970408e+00 9.139156379508e-02 1.346986749188e+05 4.612718593732e-06
10 23 3 0.57723849 1.01816160 0.44569097 26.04879799 1.17960393 2.576752840576e-01 2.351896931341e+00 8.851698027073e-02 1.328184789226e+05 9.291330792888e-06
10 24 3 0.57723849 1.01816160 0.44569097 26.04879799 1.17960393 2.586330344356e-01 1.984718529794e+00 9.085731435449e-02 1.311451067475e+05 5.456072123642e-05
10 25 3 0.57723849 1.01816160 0.44569097 26.04879799 1.17960393 2.497345465151e-01 2.114926672721e+00 9.140566085133e-02 1.296880943353e+05 2.562799501280e-05
10 26 3 0.57723849 1.01816160 0.44569097 26.04879799 1.17960393 2.520277396461e-01 2.936864940773e+00 8.573006187121e-02 1.284758969556e+05 8.396808206997e-06
10 27 3 0.57723849 1.01816160 0.44569097 26.04879799 1.17960393 2.414210800521e-01 2.929905890395e+00 8.125599940890e-02 1.274846328166e+05 4.100214547560e-05
10 28 3 0.57723849 1.01816160 0.44569097 26.04879799 1.17960393 2.435556757352e-01 2.107706125687e+00 8.411038614817e-02 1.267387093266e+05 1.082294287993e-05
10 29 3 0.57723849 1.01816160 0.44569097 26.04879799 1.17960393 2.329482500180e-01 1.824588416106e+00 8.663332697455e-02 1.262351910955e+05 7.370475590233e-07
10 30 3 0.57723849 1.01816160 0.44569097 26.04879799 1.17960393 2.370754608889e-01 1.992070091937e+00 8.191322916706e-02 1.259238111883e+05 4.492503358268e-05
10 31 3 0.57723849 1.01816160 0.44569097 26.04879799 1.17960393 2.307258742318e-01 2.767015691263e+00 7.830929126887e-02 1.258577113033e+05 2.111950617523e-04
10 32 3 0.57723849 1.01816160 0.44569097 26.04879799 1.17960393 2.410365909581e-01 2.814700987335e+00 8.369989208136e-02 1.260636295084e+05 2.087623446608e-04
10 33 3 0.57723849 1.01816160 0.44569097 26.04879799 1.17960393 2.394065715109e-01 2.084713056554e+00 8.964896826150e-02 1.264803056614e+05 4.303045058974e-05
10 34 3 0.57723849 1.01816160 0.44569097 26.04879799 1.17960393 2.486575739833e-01 1.894572447152e+00 8.755335827069e-02 1.271169554927e+05 7.791701400452e-07
10 35 3 0.57723849 1.01816160 0.44569097 26.04879799 1.17960393 2.507623338291e-01 2.195766083622e+00 8.492091849193e-02 1.279920807060e+05 1.184937237287e-05
10 36 3 0.57723849 1.01816160 0.44569097 26.04879799 1.17960393 2.531064268115e-01 3.057580935551e+00 8.993422167091e-02 1.290937289415e+05 4.224273643567e-05
10 37 3 0.57723849 1.01816160 0.44569097 26.04879799 1.17960393 2.576709260112e-01 3.012282538409e+00 9.580946026310e-02 1.304429376707e+05 8.047432239543e-06
10 38 3 0.57723849 1.01816160 0.44569097 26.04879799 1.17960393 2.563965925085e-01 2.143635630059e+00 9.471548596010e-02 1.320236711882e+05 2.720341374174e-05
10 39 3 0.57723849 1.01816160 0.44569097 26.04879799 1.17960393 2.669128303367e-01 2.004243253046e+00 9.225340423670e-02 1.338072239072e+05 5.491910489232e-05
10 40 3 0.57723849 1.01816160 0.44569097 26.04879799 1.17960393 2.655671233834e-01 2.385179991952e+00 9.611194886061e-02 1.358154425315e+05 9.253164917326e-06
10 41 3 0.57723849 1.01816160 0.44569097 26.04879799 1.17960393 2.783533337528e-01 3.289481940568e+00 1.029644154370e-01 1.380554685743e+05 5.196109887270e-06
10 42 3 0.57723849 1.01816160 0.44569097 26.04879799 1.17960393 2.795071424964e-01 3.222520250405e+00 1.058903416033e-01 1.405161226335e+05 7.611988219293e-06
10 43 3 0.57723849 1.01816160 0.44569097 26.04879799 1.17960393 2.894173471571e-01 2.308756152309e+00 1.057017288288e-01 1.431947653859e+05 2.951890735370e-05
10 44 3 0.57723849 1.01816160 0.44569097 26.04879799 1.17960393 2.925782302840e-01 2.306831138685e+00 1.082092024247e-01 1.460802150714e+05 2.001398290730e-05
10 45 3 0.57723849 1.01816160 0.44569097 26.04879799 1.17960393 3.046588852296e-01 2.905244453520e+00 1.145797463584e-01 1.491591144986e+05 5.909269837645e-05
10 46 3 0.57723849 1.01816160 0.44569097 26.04879799 1.17960393 3.139405634653e-01 3.970226095541e+00 1.191054260915e-01 1.524424811657e+05 6.127865392413e-05
10 47 3 0.57723849 1.01816160 0.44569097 26.04879799 1.17960393 3.304803899189e-01 3.771862661088e+00 1.180561867821e-01 1.559585850421e+05 4.652921578141e-06
10 48 3 0.57723849 1.01816160 0.44569097 26.04879799 1.17960393 3.448017725876e-01 2.635309077721e+00 1.172677569475e-01 1.596709708592e+05 2.710033412694e-06
10 49 3 0.57723849 1.01816160 0.44569097 26.04879799 1.17960393 3.623373075678e-01 2.732255876091e+00 1.233074470803e-01 1.635263359852e+05 5.540073418299e-06
10 50 3 0.57723849 1.01816160 0.44569097 26.04879799 1.17960393 3.732075388844e-01 3.501211728034e+00 1.308047296059e-01 1.675775097813e+05 2.673348043041e-05
10 51 3 0.57723849 1.01816160 0.44569097 26.04879799 1.17960393 3.840999793718e-01 4.667270457181e+00 1.319958776646e-01 1.718480653014e+05 2.503187104905e-07
10 52 3 0.57723849 1.01816160 0.44569097 26.04879799 1.17960393 3.951258349619e-01 4.326891106794e+00 1.330640775612e-01 1.762793788560e+05 8.152864001530e-05
10 53 3 0.57723849 1.01816160 0.44569097 26.04879799 1.17960393 4.028285754564e-01 3.008525591259e+00 1.424426647015e-01 1.808746182231e+05 1.030486893716e-04
10 54 3 0.57723849 1.01816160 0.44569097 26.04879799 1.17960393 4.182003814137e-01 3.296113047206e+00 1.522472012175e-01 1.856302211839e+05 1.103924061423e-05
10 55 3 0.57723849 1.01816160 0.44569097 26.04879799 1.17960393 4.328311235725e-01 4.310022303366e+00 1.533196980157e-01 1.905259657880e+05 3.468244702190e-07
10 56 3 0.57723849 1.01816160 0.44569097 26.04879799 1.17960393 4.505851971869e-01 5.622088986147e+00 1.546000549016e-01 1.956005282902e+05 2.229383486227e-05
10 57 3 0.57723849 1.01816160 0.44569097 26.04879799 1.17960393 4.695263821948e-01 5.110658362437e+00 1.646466085693e-01 2.008327064559e+05 8.171298441485e-05
10 58 3 0.57723849 1.01816160 0.44569097 26.04879799 1.17960393 4.824110794114e-01 3.546579796617e+00 1.737534740466e-01 2.061836527324e+05 1.030260235380e-05
10 59 3 0.57723849 1.01816160 0.44569097 26.04879799 1.17960393 5.087134954070e-01 4.049465306500e+00 1.757891997560e-01 2.116654536789e+05 7.110212767278e-05
10 60 3 0.57723849 1.01816160 0.44569097 26.04879799 1.17960393 5.178118764709e-01 5.367438910254e+00 1.823629810315e-01 2.172523153661e+05 1.211071849030e-04
10 61 3 0.57723849 1.01816160 0.44569097 26.04879799 1.17960393 5.527539363807e-01 6.827473530617e+00 1.977496356057e-01 2.229720378707e+05 2.756614090509e-05
10 62 3 0.57723849 1.01816160 0.44569097 26.04879799 1.17960393 5.704715129688e-01 6.084656004901e+00 2.092093588185e-01 2.288545642228e+05 2.440980152352e-05
10 63 3 0.57723849 1.01816160 0.44569097 26.04879799 1.17960393 6.049887590151e-01 4.222434040083e+00 2.136716114854e-01 2.347973002518e+05 1.607270680866e-05
11 0 3 0.73828488 1.53128731 0.52410190 2.47988358 1.26144924 1.706251172459e+00 3.655190002213e+01 3.664451010170e-01 1.603664977468e+02 1.310451867951e+01
11 1 3 0.73828488 1.53128731 0.52410190 2.47988358 1.26144924 1.623452115454e+00 3.614758676856e+01 3.483910494150e-01 1.764719559736e+02 1.040154668103e+01
11 2 3 0.73828488 1.53128731 0.52410190 2.47988358 1.26144924 1.538857963192e+00 2.610355709380e+01 3.529360559907e-01 1.796616681971e+02 9.046305195495e+00
11 3 3 0.73828488 1.53128731 0.52410190 2.47988358 1.26144924 1.461410223702e+00 2.263491296951e+01 3.353671800352e-01 1.601485061668e+02 1.132040036853e+01
11 4 3 0.73828488 1.53128731 0.52410190 2.47988358 1.26144924 1.395261047988e+00 1.995617906886e+01 3.096823744192e-01 1.350378074184e+02 1.066395695518e+01
11 5 3 0.73828488 1.53128731 0.52410190 2.47988358 1.26144924 1.321689823377e+00 1.305895655188e+01 3.080762330714e-01 1.230296811396e+02 8.020976859250e+00
11 6 3 0.73828488 1.53128731 0.52410190 2.47988358 1.26144924 1.266168911710e+00 1.472896477552e+01 3.016376358183e-01 1.308386459232e+02 8.890014317070e+00
11 7 3 0.73828488 1.53128731 0.52410190 2.47988358 1.26144924 1.185488375901e+00 1.898650161237e+01 2.727707243724e-01 1.432979462926e+02 1.025620215703e+01
11 8 3 0.73828488 1.53128731 0.52410190 2.47988358 1.26144924 1.124429586668e+00 1.846059347696e+01 2.579047264910e-01 1.445175952183e+02 7.990656151354e+00
11 9 3 0.73828488 1.53128731 0.52410190 2.47988358 1.26144924 1.059528298722e+00 2.299808553481e+01 2.605335341677e-01 1.280041498432e+02 7.128493808832e+00
11 10 3 0.73828488 1.53128731 0.52410190 2.47988358 1.26144924 1.001807575289e+00 2.693825609329e+01 2.481363501670e-01 1.083981436571e+02 8.760812158463e+00
11 11 3 0.73828488 1.53128731 0.52410190 2.47988358 1.26144924 9.297289072028e-01 2.234740016868e+01 2.321444723821e-01 9.992313199656e+01 8.273354311871e+00
11 12 3 0.73828488 1.53128731 0.52410190 2.47988358 1.26144924 8.931053202525e-01 1.988786740193e+01 2.332011891172e-01 1.072794288610e+02 6.296699702924e+00
11 13 3 0.73828488 1.53128731 0.52410190 2.47988358 1.26144924 8.217843149896e-01 1.925094346386e+01 2.269846199889e-01 1.178427492749e+02 7.021554295565e+00
11 14 3 0.73828488 1.53128731 0.52410190 2.47988358 1.26144924 7.761295161380e-01 1.311675048995e+01 2.064011566981e-01 1.175187321243e+02 7.982387895502e+00
11 15 3 0.73828488 1.53128731 0.52410190 2.47988358 1.26144924 7.188519961193e-01 1.009711751792e+01 1.991485803708e-01 1.041330183196e+02 6.369709652915e+00
11 16 3 0.73828488 1.53128731 0.52410190 2.47988358 1.26144924 6.659180872324e-01 1.171479194835e+01 1.990755280259e-01 8.809027308824e+01 5.602420737223e+00
11 17 3 0.73828488 1.53128731 0.52410190 2.47988358 1.26144924 6.159318687647e-01 1.063397055860e+01 1.872168985052e-01 8.319183658839e+01 7.003770016626e+00
11 18 3 0.73828488 1.53128731 0.52410190 2.47988358 1.26144924 5.797229088688e-01 1.244862970188e+01 1.820519825917e-01 9.047930118039e+01 6.680939841161e+00
11 19 3 0.73828488 1.53128731 0.52410190 2.47988358 1.26144924 5.327965805669e-01 1.735969480057e+01 1.875592072454e-01 9.958098341403e+01 5.092081569476e+00
11 20 3 0.73828488 1.53128731 0.52410190 2.47988358 1.26144924 4.844812887243e-01 1.698382357244e+01 1.787272716661e-01 9.892810504919e+01 5.695684282818e+00
11 21 3 0.73828488 1.53128731 0.52410190 2.47988358 1.26144924 4.440108153192e-01 1.626744091541e+01 1.655664365198e-01 8.726977605494e+01 6.567672016581e+00
11 22 3 0.73828488 1.53128731 0.52410190 2.47988358 1.26144924 3.981353488016e-01 1.800918933681e+01 1.678114863749e-01 7.521141998461e+01 5.323907315586e+00
11 23 3 0.73828488 1.53128731 0.52410190 2.47988358 1.26144924 3.713739377529e-01 1.462223474193e+01 1.648494430808e-01 7.260439516376e+01 4.731364934205e+00
11 24 3 0.73828488 1.53128731 0.52410190 2.47988358 1.26144924 3.315774204956e-01 1.029271968908e+01 1.525006186881e-01 8.044506627935e+01 5.956960386882e+00
11 25 3 0.73828488 1.53128731 0.52410190 2.47988358 1.26144924 3.067920789462e-01 1.024809947347e+01 1.573183949412e-01 8.857511980035e+01 5.716646525331e+00
11 26 3 0.73828488 1.53128731 0.52410190 2.47988358 1.26144924 2.578779519777e-01 8.519290256650e+00 1.662879895056e-01 8.832989858496e+01 4.507528148094e+00
11 27 3 0.73828488 1.53128731 0.52410190 2.47988358 1.26144924 2.356256452518e-01 7.580247130131e+00 1.555972732628e-01 7.832562647378e+01 5.041505582211e+00
11 28 3 0.73828488 1.53128731 0.52410190 2.47988358 1.26144924 2.026141950314e-01 1.111599743199e+01 1.499961856895e-01 6.909438920617e+01 5.929086094104e+00
11 29 3 0.73828488 1.53128731 0.52410190 2.47988358 1.26144924 1.859579548900e-01 1.251243363218e+01 1.595016080994e-01 6.810801570450e+01 4.905746236187e+00
11 30 3 0.73828488 1.53128731 0.52410190 2.47988358 1.26144924 1.542749524474e-01 1.284361061326e+01 1.543448047803e-01 7.711285624241e+01 4.413883290164e+00
11 31 3 0.73828488 1.53128731 0.52410190 2.47988358 1.26144924 1.385582382108e-01 1.628462994547e+01 1.439320710139e-01 8.541219286183e+01 5.573792686344e+00
11 32 3 0.73828488 1.53128731 0.52410190 2.47988358 1.26144924 1.041770300416e-01 1.645997166483e+01 1.561471537856e-01 8.601766239002e+01 5.665266882112e+00
11 33 3 0.73828488 1.53128731 0.52410190 2.47988358 1.26144924 9.264731959380e-02 1.307787048279e+01 1.662625691529e-01 7.702549851665e+01 4.391933678959e+00
11 34 3 0.73828488 1.53128731 0.52410190 2.47988358 1.26144924 7.469495312304e-02 1.275881387476e+01 1.572242778258e-01 6.892524499229e+01 5.054674697362e+00
11 35 3 0.73828488 1.53128731 0.52410190 2.47988358 1.26144924 6.144215611560e-02 1.123300687357e+01 1.598233037723e-01 7.015702051126e+01 6.058546479584e+00
11 36 3 0.73828488 1.53128731 0.52410190 2.47988358 1.26144924 4.545004472411e-02 7.542113662605e+00 1.724864530706e-01 8.063955908039e+01 5.135431490804e+00
11 37 3 0.73828488 1.53128731 0.52410190 2.47988358 1.26144924 3.401407057216e-02 8.726788239417e+00 1.665428516033e-01 9.100172474035e+01 4.674907549589e+00
11 38 3 0.73828488 1.53128731 0.52410190 2.47988358 1.26144924 2.094283642563e-02 1.057330094170e+01 1.618588797772e-01 9.134219315624e+01 6.077634231845e+00
11 39 3 0.73828488 1.53128731 0.52410190 2.47988358 1.26144924 1.502747018721e-02 1.084030096103e+01 1.782333094545e-01 8.261606771323e+01 6.157505853489e+00
11 40 3 0.73828488 1.53128731 0.52410190 2.47988358 1.26144924 9.481040810171e-03 1.542789896576e+01 1.870229815130e-01 7.502349299960e+01 4.950655262563e+00
11 41 3 0.73828488 1.53128731 0.52410190 2.47988358 1.26144924 3.878870518605e-03 1.886417130129e+01 1.841642307362e-01 7.869292050453e+01 5.716038726388e+00
11 42 3 0.73828488 1.53128731 0.52410190 2.47988358 1.26144924 1.239636642912e-03 1.716856406089e+01 1.958141774404e-01 9.215241019881e+01 7.023479154644e+00
11 43 3 0.73828488 1.53128731 0.52410190 2.47988358 1.26144924 6.663293045142e-05 1.792341302204e+01 2.074399039472e-01 1.043404750005e+02 6.017640324011e+00
11 44 3 0.73828488 1.53128731 0.52410190 2.47988358 1.26144924 1.163474016600e-03 1.817321200834e+01 2.023661624585e-01 1.043127772301e+02 5.504826584071e+00
11 45 3 0.73828488 1.53128731 0.52410190 2.47988358 1.26144924 3.945317648918e-03 1.296143350796e+01 2.070815313307e-01 9.482243735150e+01 7.277477361345e+00
11 46 3 0.73828488 1.53128731 0.52410190 2.47988358 1.26144924 7.314658996680e-03 1.110597307245e+01 2.247022472941e-01 8.760154827522e+01 7.517825284166e+00
11 47 3 0.73828488 1.53128731 0.52410190 2.47988358 1.26144924 1.489122829991e-02 1.226424789311e+01 2.300090908285e-01 9.406387119123e+01 6.073435824190e+00
11 48 3 0.73828488 1.53128731 0.52410190 2.47988358 1.26144924 2.265172258759e-02 1.078708754227e+01 2.364422972881e-01 1.113160951841e+02 7.058713387748e+00
11 49 3 0.73828488 1.53128731 0.52410190 2.47988358 1.26144924 3.408980511037e-02 1.424732660601e+01 2.577976407363e-01 1.252876496640e+02 8.763320214588e+00
11 50 3 0.73828488 1.53128731 0.52410190 2.47988358 1.26144924 4.432087487414e-02 2.079231562107e+01 2.664104239376e-01 1.252782781758e+02 7.542204874300e+00
11 51 3 0.73828488 1.53128731 0.52410190 2.47988358 1.26144924 5.928177448427e-02 2.152452836452e+01 2.629145925859e-01 1.134009540614e+02 6.995583928237e+00
11 52 3 0.73828488 1.53128731 0.52410190 2.47988358 1.26144924 7.240400404916e-02 2.423936027291e+01 2.782039353857e-01 1.067102767361e+02 9.325656383071e+00
11 53 3 0.73828488 1.53128731 0.52410190 2.47988358 1.26144924 9.136349370679e-02 2.890558407033e+01 2.967712931798e-01 1.159251658316e+02 9.534008021013e+00
11 54 3 0.73828488 1.53128731 0.52410190 2.47988358 1.26144924 1.117970307543e-01 2.421477368521e+01 2.976923682121e-01 1.382009029043e+02 7.812007579347e+00
11 55 3 0.73828488 1.53128731 0.52410190 2.47988358 1.26144924 1.298266979017e-01 1.935257670250e+01 3.113978949517e-01 1.549985834927e+02 9.119545842665e+00
11 56 3 0.73828488 1.53128731 0.52410190 2.47988358 1.26144924 1.571200111477e-01 1.983900511203e+01 3.425648140264e-01 1.533097297953e+02 1.133644001796e+01
11 57 3 0.73828488 1.53128731 0.52410190 2.47988358 1.26144924 1.799261605675e-01 1.551955755165e+01 3.507955523277e-01 1.386231827310e+02 9.799982721706e+00
11 58 3 0.73828488 1.53128731 0.52410190 2.47988358 1.26144924 2.042968925309e-01 1.456686110948e+01 3.472460630672e-01 1.311595516590e+02 9.067594606616e+00
11 59 3 0.73828488 1.53128731 0.52410190 2.47988358 1.26144924 2.321403500050e-01 2.196779067180e+01 3.704149000220e-01 1.452476756962e+02 1.203973857669e+01
11 60 3 0.73828488 1.53128731 0.52410190 2.47988358 1.26144924 2.653837918833e-01 2.444687752089e+01 3.933039952999e-01 1.736403170972e+02 1.249578652277e+01
11 61 3 0.73828488 1.53128731 0.52410190 2.47988358 1.26144924 2.929641463498e-01 2.796722128704e+01 3.905074935297e-01 1.929999424891e+02 1.014311682780e+01
11 62 3 0.73828488 1.53128731 0.52410190 2.47988358 1.26144924 3.396135762771e-01 3.848255688087e+01 4.051226277735e-01 1.880852569034e+02 1.189332410524e+01
11 63 3 0.73828488 1.53128731 0.52410190 2.47988358 1.26144924 3.660644531832e-01 3.875066484784e+01 4.448404415439e-01 1.692313071671e+02 1.469678296169e+01
16 0 3 0.64516158 1.56806545 0.47025243 2.70544332 1.00981916 2.505530023503e-05 3.051714101903e+01 2.449843005343e-01 2.137448241453e+02 4.368110752801e+00
16 1 3 0.64516158 1.56806545 0.47025243 2.70544332 1.00981916 1.595329826316e-06 2.655570062846e+01 2.269414760482e-01 2.294936562225e+02 4.199475419522e+00
16 2 3 0.64516158 1.56806545 0.47025243 2.70544332 1.00981916 2.392181396369e-05 2.598683523160e+01 2.285540306198e-01 2.420288158882e+02 4.000134768938e+00
16 3 3 0.64516158 1.56806545 0.47025243 2.70544332 1.00981916 5.781488643547e-07 2.669608529558e+01 2.250001713789e-01 2.238487127778e+02 3.960081681569e+00
16 4 3 0.64516158 1.56806545 0.47025243 2.70544332 1.00981916 5.056765272818e-05 2.299237448634e+01 2.067413795645e-01 1.909539193172e+02 3.722194931376e+00
16 5 3 0.64516158 1.56806545 0.47025243 2.70544332 1.00981916 2.461139213676e-05 2.472646389434e+01 1.976304873445e-01 1.800130186603e+02 3.644244111520e+00
16 6 3 0.64516158 1.56806545 0.47025243 2.70544332 1.00981916 9.300508479773e-06 2.293433551517e+01 1.961044772252e-01 1.945065672168e+02 3.447423085675e+00
16 7 3 0.64516158 1.56806545 0.47025243 2.70544332 1.00981916 1.414449202820e-05 2.075115782768e+01 1.853199318918e-01 2.034065587525e+02 3.427739216459e+00
16 8 3 0.64516158 1.56806545 0.47025243 2.70544332 1.00981916 2.710167818962e-05 2.292604501933e+01 1.763736516207e-01 1.849152627265e+02 3.233782471551e+00
16 9 3 0.64516158 1.56806545 0.47025243 2.70544332 1.00981916 1.333198073695e-05 1.954718239142e+01 1.774185156910e-01 1.580297358102e+02 3.133488081583e+00
16 10 3 0.64516158 1.56806545 0.47025243 2.70544332 1.00981916 7.935763672306e-06 1.988740381874e+01 1.720558001072e-01 1.523152069388e+02 3.040039091544e+00
16 11 3 0.64516158 1.56806545 0.47025243 2.70544332 1.00981916 8.398590804013e-06 2.023670324772e+01 1.605770717777e-01 1.662684306405e+02 2.890031778704e+00
16 12 3 0.64516158 1.56806545 0.47025243 2.70544332 1.00981916 2.869629095794e-05 1.703029871710e+01 1.575957775938e-01 1.711404358750e+02 2.887642839359e+00
16 13 3 0.64516158 1.56806545 0.47025243 2.70544332 1.00981916 1.505529902836e-05 1.929389263048e+01 1.537282930504e-01 1.535545778491e+02 2.680365762609e+00
16 14 3 0.64516158 1.56806545 0.47025243 2.70544332 1.00981916 9.575391685159e-07 1.722014634175e+01 1.410769718402e-01 1.326367515220e+02 2.679416047642e+00
16 15 3 0.64516158 1.56806545 0.47025243 2.70544332 1.00981916 1.281697554018e-05 1.603344591263e+01 1.363400368803e-01 1.312466439526e+02 2.559927016790e+00
16 16 3 0.64516158 1.56806545 0.47025243 2.70544332 1.00981916 3.699109357294e-06 1.782829411767e+01 1.396780344039e-01 1.433844668166e+02 2.454686848507e+00
16 17 3 0.64516158 1.56806545 0.47025243 2.70544332 1.00981916 2.236111306675e-06 1.434495709685e+01 1.342541907768e-01 1.462423726619e+02 2.451462825673e+00
16 18 3 0.64516158 1.56806545 0.47025243 2.70544332 1.00981916 3.815223351959e-06 1.580639449651e+01 1.277877546373e-01 1.303762064283e+02 2.317430301837e+00
16 19 3 0.64516158 1.56806545 0.47025243 2.70544332 1.00981916 2.685316975774e-06 1.531159852056e+01 1.295442612275e-01 1.144010608268e+02 2.317062615006e+00
16 20 3 0.64516158 1.56806545 0.47025243 2.70544332 1.00981916 3.359141867583e-05 1.315399805747e+01 1.251222253214e-01 1.154105336566e+02 2.180005455518e+00
16 21 3 0.64516158 1.56806545 0.47025243 2.70544332 1.00981916 2.538221929040e-05 1.560942868370e+01 1.151888714171e-01 1.276831841905e+02 2.201529432409e+00
16 22 3 0.64516158 1.56806545 0.47025243 2.70544332 1.00981916 1.079780375450e-05 1.305056238835e+01 1.145689051170e-01 1.289459155648e+02 2.122945821354e+00
16 23 3 0.64516158 1.56806545 0.47025243 2.70544332 1.00981916 7.765012499118e-05 1.363291697899e+01 1.143043399303e-01 1.145865362135e+02 2.090095398098e+00
16 24 3 0.64516158 1.56806545 0.47025243 2.70544332 1.00981916 1.714620859511e-05 1.481566417183e+01 1.080898386670e-01 1.023236394239e+02 2.047017069763e+00
16 25 3 0.64516158 1.56806545 0.47025243 2.70544332 1.00981916 2.118908205213e-05 1.198641593591e+01 1.106182676685e-01 1.065887093854e+02 2.001656531932e+00
16 26 3 0.64516158 1.56806545 0.47025243 2.70544332 1.00981916 3.554310173783e-05 1.429395952267e+01 1.156787602430e-01 1.187952475744e+02 2.020558530704e+00
16 27 3 0.64516158 1.56806545 0.47025243 2.70544332 1.00981916 5.839953246677e-07 1.272299912019e+01 1.080831451505e-01 1.186113053552e+02 1.944806157848e+00
16 28 3 0.64516158 1.56806545 0.47025243 2.70544332 1.00981916 3.152272934140e-05 1.199083729181e+01 1.036821946589e-01 1.061972975773e+02 1.982482112856e+00
16 29 3 0.64516158 1.56806545 0.47025243 2.70544332 1.00981916 6.381484160692e-05 1.402530588065e+01 1.096764491387e-01 9.702898003361e+01 1.927679080157e+00
16 30 3 0.64516158 1.56806545 0.47025243 2.70544332 1.00981916 6.467917524829e-07 1.120689948415e+01 1.055559275848e-01 1.043552001370e+02 1.961844970933e+00
16 31 3 0.64516158 1.56806545 0.47025243 2.70544332 1.00981916 1.011704128375e-04 1.295693031826e+01 9.762425652859e-02 1.160526546719e+02 1.906345600208e+00
16 32 3 0.64516158 1.56806545 0.47025243 2.70544332 1.00981916 1.007507293850e-04 1.313260379095e+01 1.059489857991e-01 1.167022694201e+02 1.976401066633e+00
16 33 3 0.64516158 1.56806545 0.47025243 2.70544332 1.00981916 6.424982345427e-07 1.160756528578e+01 1.132292448948e-01 1.044877001846e+02 1.975171760837e+00
16 34 3 0.64516158 1.56806545 0.47025243 2.70544332 1.00981916 6.387006615758e-05 1.457012282785e+01 1.067282673446e-01 9.837060044886e+01 1.935927932530e+00
16 35 3 0.64516158 1.56806545 0.47025243 2.70544332 1.00981916 3.224233297588e-05 1.231437426338e+01 1.077384974922e-01 1.081538390691e+02 2.032824753910e+00
16 36 3 0.64516158 1.56806545 0.47025243 2.70544332 1.00981916 6.027223160373e-07 1.326649038933e+01 1.157791244097e-01 1.218116263669e+02 1.982971248972e+00
16 37 3 0.64516158 1.56806545 0.47025243 2.70544332 1.00981916 3.708386518286e-05 1.475633560746e+01 1.115784350444e-01 1.214923799809e+02 2.103972663824e+00
16 38 3 0.64516158 1.56806545 0.47025243 2.70544332 1.00981916 2.188860464585e-05 1.221701843018e+01 1.075369504365e-01 1.092526431999e+02 2.079281991588e+00
16 39 3 0.64516158 1.56806545 0.47025243 2.70544332 1.00981916 1.799787824381e-05 1.503146317114e+01 1.157228729484e-01 1.061425902137e+02 2.114175027104e+00
16 40 3 0.64516158 1.56806545 0.47025243 2.70544332 1.00981916 8.055406085247e-05 1.374700326551e+01 1.197881131731e-01 1.195894032686e+02 2.223456691187e+00
16 41 3 0.64516158 1.56806545 0.47025243 2.70544332 1.00981916 1.129674558328e-05 1.353501025936e+01 1.197821945381e-01 1.346880244155e+02 2.205289855628e+00
16 42 3 0.64516158 1.56806545 0.47025243 2.70544332 1.00981916 2.642096779706e-05 1.633254826066e+01 1.285331908617e-01 1.328480306716e+02 2.328934536544e+00
16 43 3 0.64516158 1.56806545 0.47025243 2.70544332 1.00981916 3.544310291297e-05 1.380836143931e+01 1.339309543791e-01 1.210632132064e+02 2.335163277393e+00
16 44 3 0.64516158 1.56806545 0.47025243 2.70544332 1.00981916 2.855839064020e-06 1.642759827963e+01 1.304820315627e-01 1.204494681991e+02 2.468771198267e+00
16 45 3 0.64516158 1.56806545 0.47025243 2.70544332 1.00981916 4.096052789395e-06 1.684563617485e+01 1.347766803350e-01 1.379914936688e+02 2.479303958839e+00
16 46 3 0.64516158 1.56806545 0.47025243 2.70544332 1.00981916 2.359961975136e-06 1.550591225011e+01 1.424471938880e-01 1.548503727833e+02 2.587687253549e+00
16 47 3 0.64516158 1.56806545 0.47025243 2.70544332 1.00981916 3.891610631558e-06 1.909354804921e+01 1.413507415715e-01 1.517459418707e+02 2.693593674906e+00
16 48 3 0.64516158 1.56806545 0.47025243 2.70544332 1.00981916 1.355987021394e-05 1.703289583995e+01 1.460643043883e-01 1.387629355016e+02 2.763849097492e+00
16 49 3 0.64516158 1.56806545 0.47025243 2.70544332 1.00981916 1.089433168594e-06 1.836912961629e+01 1.605630345710e-01 1.411080748312e+02 2.874822751954e+00
16 50 3 0.64516158 1.56806545 0.47025243 2.70544332 1.00981916 1.604102147385e-05 2.034033127229e+01 1.657122460063e-01 1.644918870266e+02 2.915882608085e+00
16 51 3 0.64516158 1.56806545 0.47025243 2.70544332 1.00981916 3.120077129810e-05 1.807000464493e+01 1.658233435964e-01 1.827289611457e+02 3.124423380795e+00
16 52 3 0.64516158 1.56806545 0.47025243 2.70544332 1.00981916 9.217955215056e-06 2.162814858791e+01 1.755446780682e-01 1.766379630683e+02 3.172206653409e+00
16 53 3 0.64516158 1.56806545 0.47025243 2.70544332 1.00981916 8.699803543768e-06 2.119604522880e+01 1.824955700778e-01 1.621575437185e+02 3.317914489624e+00
16 54 3 0.64516158 1.56806545 0.47025243 2.70544332 1.00981916 1.444764403982e-05 2.087221489436e+01 1.815104253705e-01 1.695879781198e+02 3.397278618159e+00
16 55 3 0.64516158 1.56806545 0.47025243 2.70544332 1.00981916 2.857721254681e-05 2.436397231304e+01 1.901365325282e-01 1.986761553712e+02 3.574122434024e+00
16 56 3 0.64516158 1.56806545 0.47025243 2.70544332 1.00981916 1.528928157946e-05 2.221636449866e+01 2.041208139151e-01 2.171859568988e+02 3.721895920059e+00
16 57 3 0.64516158 1.56806545 0.47025243 2.70544332 1.00981916 9.973066050646e-06 2.486019236870e+01 2.078569465035e-01 2.076967330151e+02 3.767308075947e+00
16 58 3 0.64516158 1.56806545 0.47025243 2.70544332 1.00981916 2.663745075796e-05 2.652748051429e+01 2.147883575048e-01 1.923102889814e+02 4.072498895683e+00
16 59 3 0.64516158 1.56806545 0.47025243 2.70544332 1.00981916 5.501847148768e-05 2.470514642756e+01 2.320442799141e-01 2.050369773410e+02 4.056001761525e+00
16 60 3 0.64516158 1.56806545 0.47025243 2.70544332 1.00981916 5.418639656716e-07 2.874552809828e+01 2.371928271092e-01 2.402587893325e+02 4.332901184050e+00
16 61 3 0.64516158 1.56806545 0.47025243 2.70544332 1.00981916 2.588470453034e-05 2.840089559180e+01 2.342686440325e-01 2.595548177776e+02 4.418022846925e+00
16 62 3 0.64516158 1.56806545 0.47025243 2.70544332 1.00981916 1.625010822154e-06 2.876171692836e+01 2.504370100779e-01 2.443727113312e+02 4.618737375970e+00
16 63 3 0.64516158 1.56806545 0.47025243 2.70544332 1.00981916 2.700648803960e-05 3.269244857111e+01 2.687884345061e-01 2.281300322246e+02 4.874900390562e+00
