# environment=00126 local_bs=2 gain_scale=1.302767022564e-13
# ue subcarrier serving_bs phi0 phi1 phi2 phi3 phi4 gain0 gain1 gain2 gain3 gain4
0 0 2 1.35044423 0.83008877 1.06274095 0.60095451 1.19217760 4.867179939790e-05 3.573124995756e-04 1.667671600824e-03 1.419678402694e-04 5.077308097687e-06
0 1 2 1.35044423 0.83008877 1.06274095 0.60095451 1.19217760 4.687024410594e-05 4.247042767319e-04 1.373151113396e-03 6.857611654651e-05 5.156543134574e-06
0 2 2 1.35044423 0.83008877 1.06274095 0.60095451 1.19217760 4.512860182084e-05 2.659347078630e-04 1.031067727718e-03 3.998294528985e-05 2.091939370256e-06
0 3 2 1.35044423 0.83008877 1.06274095 0.60095451 1.19217760 4.344687772553e-05 2.066826681319e-04 9.709145744676e-04 4.388252859658e-05 2.140013503076e-06
0 4 2 1.35044423 0.83008877 1.06274095 0.60095451 1.19217760 4.182507682465e-05 2.256086562654e-04 1.203199650756e-03 6.870197674582e-05 7.675093007098e-06
0 5 2 1.35044423 0.83008877 1.06274095 0.60095451 1.19217760 4.026320394448e-05 2.777042618683e-04 1.420450390175e-03 8.840910725607e-05 1.155347460270e-05
0 6 2 1.35044423 0.83008877 1.06274095 0.60095451 1.19217760 3.876126373301e-05 4.185701309083e-04 1.232411616611e-03 7.027169188808e-05 8.693026078197e-06
0 7 2 1.35044423 0.83008877 1.06274095 0.60095451 1.19217760 3.731926065986e-05 3.019392511449e-04 9.010835908628e-04 5.542742222012e-05 3.916897851613e-06
0 8 2 1.35044423 0.83008877 1.06274095 0.60095451 1.19217760 3.593719901626e-05 2.226045413739e-04 8.485726458320e-04 4.510493003427e-05 2.763481935765e-06
0 9 2 1.35044423 0.83008877 1.06274095 0.60095451 1.19217760 3.461508291509e-05 2.059583707755e-04 1.109069321689e-03 5.965238935449e-05 6.770084664397e-06
0 10 2 1.35044423 0.83008877 1.06274095 0.60095451 1.19217760 3.335291629081e-05 1.787797570834e-04 1.173539753190e-03 6.648381598432e-05 1.045476138661e-05
0 11 2 1.35044423 0.83008877 1.06274095 0.60095451 1.19217760 3.215070289951e-05 2.225384209667e-04 9.540432440014e-04 4.197964347635e-05 6.970032024770e-06
0 12 2 1.35044423 0.83008877 1.06274095 0.60095451 1.19217760 3.100844631884e-05 2.164500837619e-04 7.708471562101e-04 4.059950344671e-05 2.015466436974e-06
0 13 2 1.35044423 0.83008877 1.06274095 0.60095451 1.19217760 2.992614994803e-05 1.926816317513e-04 6.225825509393e-04 3.564841547639e-05 2.442433871442e-06
0 14 2 1.35044423 0.83008877 1.06274095 0.60095451 1.19217760 2.890381700789e-05 1.824981174623e-04 6.309455801312e-04 4.146193074609e-05 6.473553727079e-06
0 15 2 1.35044423 0.83008877 1.06274095 0.60095451 1.19217760 2.794145054077e-05 2.620293637471e-04 1.169478348581e-03 6.856046330625e-05 7.334617605627e-06
0 16 2 1.35044423 0.83008877 1.06274095 0.60095451 1.19217760 2.703905341056e-05 2.592693923469e-04 1.308202251474e-03 6.217712605129e-05 6.190655044586e-06
0 17 2 1.35044423 0.83008877 1.06274095 0.60095451 1.19217760 2.619662830270e-05 1.707150264398e-04 8.258451424702e-04 4.763016314819e-05 5.937029289385e-06
0 18 2 1.35044423 0.83008877 1.06274095 0.60095451 1.19217760 2.541417772417e-05 1.352752977799e-04 5.208182710997e-04 3.421182334427e-05 7.478638289433e-06
0 19 2 1.35044423 0.83008877 1.06274095 0.60095451 1.19217760 2.469170400345e-05 6.429825589313e-05 3.599440957685e-04 1.562712651960e-05 1.121023550498e-05
0 20 2 1.35044423 0.83008877 1.06274095 0.60095451 1.19217760 2.402920929054e-05 1.582768505260e-04 5.533378948615e-04 2.041300514524e-05 1.736827781208e-05
0 21 2 1.35044423 0.83008877 1.06274095 0.60095451 1.19217760 2.342669555696e-05 2.988202496380e-04 9.630857539165e-04 5.670025449325e-05 2.130018051670e-05
0 22 2 1.35044423 0.83008877 1.06274095 0.60095451 1.19217760 2.288416459572e-05 3.186698929458e-04 1.229692392246e-03 9.094815972130e-05 2.157670036213e-05
0 23 2 1.35044423 0.83008877 1.06274095 0.60095451 1.19217760 2.240161802135e-05 2.619107401236e-04 1.009584558048e-03 7.931540873786e-05 2.100462981097e-05
0 24 2 1.35044423 0.83008877 1.06274095 0.60095451 1.19217760 2.197905726984e-05 1.155678773552e-04 5.242842645902e-04 4.823427100212e-05 2.312299788485e-05
0 25 2 1.35044423 0.83008877 1.06274095 0.60095451 1.19217760 2.161648359869e-05 3.019436560550e-05 2.162372137008e-04 1.201526535354e-05 3.286667632121e-05
0 26 2 1.35044423 0.83008877 1.06274095 0.60095451 1.19217760 2.131389808688e-05 7.673866932610e-05 3.835822675934e-04 8.584584808650e-06 4.585845665108e-05
0 27 2 1.35044423 0.83008877 1.06274095 0.60095451 1.19217760 2.107130163488e-05 2.897171002171e-04 8.972887097647e-04 8.131179912044e-05 4.569739953610e-05
0 28 2 1.35044423 0.83008877 1.06274095 0.60095451 1.19217760 2.088869496463e-05 3.818607549948e-04 1.104464889459e-03 1.191974367461e-04 3.474760671038e-05
0 29 2 1.35044423 0.83008877 1.06274095 0.60095451 1.19217760 2.076607861953e-05 2.889189748362e-04 9.970075038331e-04 1.049936158468e-04 3.204899551845e-05
0 30 2 1.35044423 0.83008877 1.06274095 0.60095451 1.19217760 2.070345296449e-05 2.132527452174e-04 7.996184340351e-04 8.133235798084e-05 4.334524175796e-05
0 31 2 1.35044423 0.83008877 1.06274095 0.60095451 1.19217760 2.070081818588e-05 4.646355904726e-05 2.436784605884e-04 1.742740480818e-05 5.604456686089e-05
0 32 2 1.35044423 0.83008877 1.06274095 0.60095451 1.19217760 2.075817429153e-05 4.977283413638e-05 2.511646417865e-04 1.805233527926e-05 5.722499815599e-05
0 33 2 1.35044423 0.83008877 1.06274095 0.60095451 1.19217760 2.087552111076e-05 2.130408643828e-04 7.958283642119e-04 8.061162283781e-05 4.228294337206e-05
0 34 2 1.35044423 0.83008877 1.06274095 0.60095451 1.19217760 2.105285829436e-05 2.919855512532e-04 1.001325065124e-03 1.053841949363e-04 3.067390748673e-05
0 35 2 1.35044423 0.83008877 1.06274095 0.60095451 1.19217760 2.129018531459e-05 3.930093640756e-04 1.136906256165e-03 1.225372090572e-04 3.666085554244e-05
0 36 2 1.35044423 0.83008877 1.06274095 0.60095451 1.19217760 2.158750146519e-05 2.917145989648e-04 9.236704102687e-04 8.208125366548e-05 4.687818466846e-05
0 37 2 1.35044423 0.83008877 1.06274095 0.60095451 1.19217760 2.194480586138e-05 7.723184223575e-05 3.952415480424e-04 8.243975629618e-06 4.396087999443e-05
0 38 2 1.35044423 0.83008877 1.06274095 0.60095451 1.19217760 2.236209743985e-05 3.220506175789e-05 2.215127902826e-04 1.224801277355e-05 3.343189920863e-05
0 39 2 1.35044423 0.83008877 1.06274095 0.60095451 1.19217760 2.283937495881e-05 1.200383607541e-04 5.420921776572e-04 4.869093263788e-05 2.329261628948e-05
0 40 2 1.35044423 0.83008877 1.06274095 0.60095451 1.19217760 2.337663699791e-05 2.739982401603e-04 1.058126404998e-03 8.233210728147e-05 2.007785493564e-05
0 41 2 1.35044423 0.83008877 1.06274095 0.60095451 1.19217760 2.397388195832e-05 3.312839941267e-04 1.287228733821e-03 9.462191157167e-05 2.238232026293e-05
0 42 2 1.35044423 0.83008877 1.06274095 0.60095451 1.19217760 2.463110806272e-05 3.117470913377e-04 1.015343462421e-03 5.962113248578e-05 2.192944281403e-05
0 43 2 1.35044423 0.83008877 1.06274095 0.60095451 1.19217760 2.534831335525e-05 1.642825312306e-04 5.851306506799e-04 2.219332345667e-05 1.608720403640e-05
0 44 2 1.35044423 0.83008877 1.06274095 0.60095451 1.19217760 2.612549570160e-05 6.939792670891e-05 3.763639148305e-04 1.619988911627e-05 1.150943714117e-05
0 45 2 1.35044423 0.83008877 1.06274095 0.60095451 1.19217760 2.696265278896e-05 1.446806542616e-04 5.484864300167e-04 3.556159769129e-05 8.023108633861e-06
0 46 2 1.35044423 0.83008877 1.06274095 0.60095451 1.19217760 2.785978212602e-05 1.806956611397e-04 8.849638611679e-04 5.009813994706e-05 5.540999934878e-06
0 47 2 1.35044423 0.83008877 1.06274095 0.60095451 1.19217760 2.881688104305e-05 2.756659538403e-04 1.409968031769e-03 6.749902817636e-05 6.480021874905e-06
0 48 2 1.35044423 0.83008877 1.06274095 0.60095451 1.19217760 2.983394669179e-05 2.751485027220e-04 1.236075995576e-03 7.395510372439e-05 8.928486647541e-06
0 49 2 1.35044423 0.83008877 1.06274095 0.60095451 1.19217760 3.091097604560e-05 1.938793049224e-04 6.679623803423e-04 4.350272936807e-05 6.431874687376e-06
0 50 2 1.35044423 0.83008877 1.06274095 0.60095451 1.19217760 3.204796589932e-05 2.084243312586e-04 6.682883532137e-04 3.777236392963e-05 2.409184702350e-06
0 51 2 1.35044423 0.83008877 1.06274095 0.60095451 1.19217760 3.324491286941e-05 2.342693071690e-04 8.235096755118e-04 4.287934098664e-05 3.082947511276e-06
0 52 2 1.35044423 0.83008877 1.06274095 0.60095451 1.19217760 3.450181339389e-05 2.395945619559e-04 1.032110657829e-03 4.605736529563e-05 8.883548566650e-06
0 53 2 1.35044423 0.83008877 1.06274095 0.60095451 1.19217760 3.581866373234e-05 1.894480809946e-04 1.266710353654e-03 7.228305615675e-05 1.094475138545e-05
0 54 2 1.35044423 0.83008877 1.06274095 0.60095451 1.19217760 3.719545996596e-05 2.186165092156e-04 1.177964324976e-03 6.253408340020e-05 8.426300248706e-06
0 55 2 1.35044423 0.83008877 1.06274095 0.60095451 1.19217760 3.863219799755e-05 2.373432192429e-04 9.015860139565e-04 4.752279962267e-05 3.337953889497e-06
0 56 2 1.35044423 0.83008877 1.06274095 0.60095451 1.19217760 4.012887355155e-05 3.296334164608e-04 9.701023031417e-04 5.949222451789e-05 4.117401764160e-06
0 57 2 1.35044423 0.83008877 1.06274095 0.60095451 1.19217760 4.168548217399e-05 4.547048073046e-04 1.345733170761e-03 7.725603761559e-05 1.028669648590e-05
0 58 2 1.35044423 0.83008877 1.06274095 0.60095451 1.19217760 4.330201923258e-05 2.974586981998e-04 1.531336430214e-03 9.611425424187e-05 1.345110117129e-05
0 59 2 1.35044423 0.83008877 1.06274095 0.60095451 1.19217760 4.497847991668e-05 2.401878231791e-04 1.277236170347e-03 7.213536374688e-05 7.286830521358e-06
0 60 2 1.35044423 0.83008877 1.06274095 0.60095451 1.19217760 4.671485923730e-05 2.179334886509e-04 1.034259875173e-03 4.598394774400e-05 2.866887966215e-06
0 61 2 1.35044423 0.83008877 1.06274095 0.60095451 1.19217760 4.851115202719e-05 2.885579241749e-04 1.107741903274e-03 4.269302124312e-05 2.935942600908e-06
0 62 2 1.35044423 0.83008877 1.06274095 0.60095451 1.19217760 5.036735294077e-05 4.603511166761e-04 1.489883773590e-03 7.644259460675e-05 4.774747346534e-06
0 63 2 1.35044423 0.83008877 1.06274095 0.60095451 1.19217760 5.228345645418e-05 3.873675854766e-04 1.808364790122e-03 1.538419449240e-04 6.073808739843e-06
5 0 2 0.76140092 1.55781759 3.63248910 0.82730874 1.17736994 1.855809323894e-05 1.342874754403e+01 3.485641009600e+02 1.119506256895e+00 1.132035515831e+01
5 1 2 0.76140092 1.55781759 3.63248910 0.82730874 1.17736994 2.694021864019e-05 1.287553182321e+01 3.370480811360e+02 9.651258959220e-01 5.253827857534e+00
5 2 2 0.76140092 1.55781759 3.63248910 0.82730874 1.17736994 3.153918615556e-05 1.234391008243e+01 3.242938275739e+02 1.183687660257e+00 5.749375825075e+00
5 3 2 0.76140092 1.55781759 3.63248910 0.82730874 1.17736994 3.052822080480e-05 1.183597067225e+01 3.118136969097e+02 8.289723858460e-01 1.006383765915e+01
5 4 2 0.76140092 1.55781759 3.63248910 0.82730874 1.17736994 2.444880147466e-05 1.142261394458e+01 3.012577582750e+02 1.080898350353e+00 1.308840633648e+00
5 5 2 0.76140092 1.55781759 3.63248910 0.82730874 1.17736994 1.582228739258e-05 1.111125655298e+01 2.917247522159e+02 9.140391302652e-01 1.274627314156e+01
5 6 2 0.76140092 1.55781759 3.63248910 0.82730874 1.17736994 8.004817133151e-06 1.078459561613e+01 2.821528311626e+02 8.296130657874e-01 7.471927590325e-02
5 7 2 0.76140092 1.55781759 3.63248910 0.82730874 1.17736994 3.796420692828e-06 1.042621918403e+01 2.724876147661e+02 9.736361238925e-01 1.153115800065e+01
5 8 2 0.76140092 1.55781759 3.63248910 0.82730874 1.17736994 4.373833539067e-06 1.003704584981e+01 2.626768399149e+02 6.752752511475e-01 2.414180285652e+00
5 9 2 0.76140092 1.55781759 3.63248910 0.82730874 1.17736994 8.944697872395e-06 9.620423336511e+00 2.530659508407e+02 8.871757723755e-01 7.555069669646e+00
5 10 2 0.76140092 1.55781759 3.63248910 0.82730874 1.17736994 1.520508381886e-05 9.299519848181e+00 2.441410811998e+02 7.294197431945e-01 6.648861496630e+00
5 11 2 0.76140092 1.55781759 3.63248910 0.82730874 1.17736994 2.035901980877e-05 9.065570506115e+00 2.362917832760e+02 7.282119693871e-01 2.967802402923e+00
5 12 2 0.76140092 1.55781759 3.63248910 0.82730874 1.17736994 2.225617216432e-05 8.764387569871e+00 2.296462384468e+02 8.226194689868e-01 1.017452514220e+01
5 13 2 0.76140092 1.55781759 3.63248910 0.82730874 1.17736994 2.019185044080e-05 8.408170151501e+00 2.233408787087e+02 5.847049367657e-01 2.976921068642e-01
5 14 2 0.76140092 1.55781759 3.63248910 0.82730874 1.17736994 1.508118075714e-05 8.071715736142e+00 2.166689957532e+02 7.564416894093e-01 1.102314593526e+01
5 15 2 0.76140092 1.55781759 3.63248910 0.82730874 1.17736994 8.986146757563e-06 7.760793615316e+00 2.097576990933e+02 5.907668225512e-01 7.090745871955e-01
5 16 2 0.76140092 1.55781759 3.63248910 0.82730874 1.17736994 4.227985652692e-06 7.527320126926e+00 2.027954914089e+02 5.966354408703e-01 8.873915194629e+00
5 17 2 0.76140092 1.55781759 3.63248910 0.82730874 1.17736994 2.460697446823e-06 7.376452499058e+00 1.965590413912e+02 6.696894132054e-01 3.679962894977e+00
5 18 2 0.76140092 1.55781759 3.63248910 0.82730874 1.17736994 4.068020666875e-06 7.226419513724e+00 1.916559836296e+02 4.941376339999e-01 4.980738459869e+00
5 19 2 0.76140092 1.55781759 3.63248910 0.82730874 1.17736994 8.094378962353e-06 7.056874579895e+00 1.872942514201e+02 6.669967678454e-01 7.332457531430e+00
5 20 2 0.76140092 1.55781759 3.63248910 0.82730874 1.17736994 1.269964606099e-05 6.869959772327e+00 1.829553399332e+02 5.119284731862e-01 1.524159770701e+00
5 21 2 0.76140092 1.55781759 3.63248910 0.82730874 1.17736994 1.592778432852e-05 6.673639433618e+00 1.789747728713e+02 5.568214550730e-01 9.710333731830e+00
5 22 2 0.76140092 1.55781759 3.63248910 0.82730874 1.17736994 1.647437236939e-05 6.517766310612e+00 1.753421014806e+02 5.923848998416e-01 1.954093764346e-01
5 23 2 0.76140092 1.55781759 3.63248910 0.82730874 1.17736994 1.415962468475e-05 6.385150388934e+00 1.719728662583e+02 4.489682221784e-01 9.573478709896e+00
5 24 2 0.76140092 1.55781759 3.63248910 0.82730874 1.17736994 9.943717079438e-06 6.256375074719e+00 1.689579613922e+02 6.000895553742e-01 1.509626476153e+00
5 25 2 0.76140092 1.55781759 3.63248910 0.82730874 1.17736994 5.503517187486e-06 6.196541323785e+00 1.664724497691e+02 4.512787431477e-01 6.983829408681e+00
5 26 2 0.76140092 1.55781759 3.63248910 0.82730874 1.17736994 2.553274669632e-06 6.177685510087e+00 1.647926132665e+02 5.212808491294e-01 4.602590974319e+00
5 27 2 0.76140092 1.55781759 3.63248910 0.82730874 1.17736994 2.178018559158e-06 6.115820163242e+00 1.636170940574e+02 5.351477899361e-01 3.525100224758e+00
5 28 2 0.76140092 1.55781759 3.63248910 0.82730874 1.17736994 4.431050061717e-06 6.036616732261e+00 1.623720905340e+02 4.217677970168e-01 7.866661835496e+00
5 29 2 0.76140092 1.55781759 3.63248910 0.82730874 1.17736994 8.338375314136e-06 5.938769501576e+00 1.609602503803e+02 5.576632518957e-01 8.191932606224e-01
5 30 2 0.76140092 1.55781759 3.63248910 0.82730874 1.17736994 1.229688527116e-05 5.817997419879e+00 1.596460899162e+02 4.088553127276e-01 9.471557908013e+00
5 31 2 0.76140092 1.55781759 3.63248910 0.82730874 1.17736994 1.470737100690e-05 5.803243174835e+00 1.593225062153e+02 4.891097637428e-01 3.773614546524e-01
5 32 2 0.76140092 1.55781759 3.63248910 0.82730874 1.17736994 1.459953009937e-05 5.925819173334e+00 1.606085658913e+02 5.028040436372e-01 8.763734728150e+00
5 33 2 0.76140092 1.55781759 3.63248910 0.82730874 1.17736994 1.201214102369e-05 6.051472599184e+00 1.624832495614e+02 4.338650694686e-01 2.295328907881e+00
5 34 2 0.76140092 1.55781759 3.63248910 0.82730874 1.17736994 7.983921508434e-06 6.141158898296e+00 1.638616968616e+02 5.917039816479e-01 5.888128030526e+00
5 35 2 0.76140092 1.55781759 3.63248910 0.82730874 1.17736994 4.155791684409e-06 6.205564459590e+00 1.649360921158e+02 4.393626952325e-01 5.651579074145e+00
5 36 2 0.76140092 1.55781759 3.63248910 0.82730874 1.17736994 2.131518704458e-06 6.216050878942e+00 1.662515029360e+02 5.537992319876e-01 2.532530114612e+00
5 37 2 0.76140092 1.55781759 3.63248910 0.82730874 1.17736994 2.838185257048e-06 6.240872931812e+00 1.683568737456e+02 5.291325889729e-01 8.703370196042e+00
5 38 2 0.76140092 1.55781759 3.63248910 0.82730874 1.17736994 6.134752049080e-06 6.344091996536e+00 1.714162019654e+02 4.651608747676e-01 3.666508583944e-01
5 39 2 0.76140092 1.55781759 3.63248910 0.82730874 1.17736994 1.083042511004e-05 6.486575392439e+00 1.748985243769e+02 6.251164877096e-01 9.857637284495e+00
5 40 2 0.76140092 1.55781759 3.63248910 0.82730874 1.17736994 1.512258312680e-05 6.659646143326e+00 1.785212547932e+02 4.644005002004e-01 6.953345518661e-01
5 41 2 0.76140092 1.55781759 3.63248910 0.82730874 1.17736994 1.730052288885e-05 6.848920433894e+00 1.823895680273e+02 6.145842011939e-01 8.394588545383e+00
5 42 2 0.76140092 1.55781759 3.63248910 0.82730874 1.17736994 1.644810803500e-05 7.008085281195e+00 1.866515452342e+02 5.689515026575e-01 3.446853665430e+00
5 43 2 0.76140092 1.55781759 3.63248910 0.82730874 1.17736994 1.286287515195e-05 7.182723781322e+00 1.914317511235e+02 5.295336902120e-01 5.020602814750e+00
5 44 2 0.76140092 1.55781759 3.63248910 0.82730874 1.17736994 8.004583616369e-06 7.382392181164e+00 1.964975399099e+02 6.913119962755e-01 7.317607542533e+00
5 45 2 0.76140092 1.55781759 3.63248910 0.82730874 1.17736994 3.963439371192e-06 7.540791909657e+00 2.020728291963e+02 5.151151681705e-01 1.565164259920e+00
5 46 2 0.76140092 1.55781759 3.63248910 0.82730874 1.17736994 2.632924173937e-06 7.737047175797e+00 2.087619232764e+02 7.113971884209e-01 1.029395619305e+01
5 47 2 0.76140092 1.55781759 3.63248910 0.82730874 1.17736994 4.906966594480e-06 8.058951558646e+00 2.158796410292e+02 6.439423400696e-01 5.823215280640e-02
5 48 2 0.76140092 1.55781759 3.63248910 0.82730874 1.17736994 1.023580637988e-05 8.414287022217e+00 2.225465206744e+02 6.538333739021e-01 1.063354637472e+01
5 49 2 0.76140092 1.55781759 3.63248910 0.82730874 1.17736994 1.675263506067e-05 8.749033020688e+00 2.290411275211e+02 8.312792636247e-01 1.588871144100e+00
5 50 2 0.76140092 1.55781759 3.63248910 0.82730874 1.17736994 2.196233284870e-05 9.075827417692e+00 2.357016024729e+02 6.339151433334e-01 8.045725384167e+00
5 51 2 0.76140092 1.55781759 3.63248910 0.82730874 1.17736994 2.374755927371e-05 9.336995542796e+00 2.431028643393e+02 8.773364778750e-01 5.579477489564e+00
5 52 2 0.76140092 1.55781759 3.63248910 0.82730874 1.17736994 2.129375528103e-05 9.572951511870e+00 2.519115452871e+02 7.488858740233e-01 3.875511327584e+00
5 53 2 0.76140092 1.55781759 3.63248910 0.82730874 1.17736994 1.553559034187e-05 9.914586939485e+00 2.616181556513e+02 7.633383516213e-01 1.001809787950e+01
5 54 2 0.76140092 1.55781759 3.63248910 0.82730874 1.17736994 8.896696193317e-06 1.033780752230e+01 2.714883933574e+02 9.543513542587e-01 5.764138187130e-01
5 55 2 0.76140092 1.55781759 3.63248910 0.82730874 1.17736994 4.375468299722e-06 1.073389202463e+01 2.812569769634e+02 7.410095052923e-01 1.235573412403e+01
5 56 2 0.76140092 1.55781759 3.63248910 0.82730874 1.17736994 4.312570379473e-06 1.107703860817e+01 2.908268732376e+02 1.073619837530e+00 3.562201910657e-01
5 57 2 0.76140092 1.55781759 3.63248910 0.82730874 1.17736994 9.339794200340e-06 1.140908378282e+01 3.005682438631e+02 8.951071661967e-01 1.126970932575e+01
5 58 2 0.76140092 1.55781759 3.63248910 0.82730874 1.17736994 1.797426951163e-05 1.180662676846e+01 3.108064523161e+02 9.769207081569e-01 3.772257341715e+00
5 59 2 0.76140092 1.55781759 3.63248910 0.82730874 1.17736994 2.708441889351e-05 1.230625311681e+01 3.221053217461e+02 1.132838625262e+00 7.010854047461e+00
5 60 2 0.76140092 1.55781759 3.63248910 0.82730874 1.17736994 3.309908275387e-05 1.286620133018e+01 3.349209209646e+02 8.808331070715e-01 8.990514608691e+00
5 61 2 0.76140092 1.55781759 3.63248910 0.82730874 1.17736994 3.350163501708e-05 1.343273022962e+01 3.475944523994e+02 1.284344918535e+00 2.377576267259e+00
5 62 2 0.76140092 1.55781759 3.63248910 0.82730874 1.17736994 2.799093275626e-05 1.394069585216e+01 3.587300916742e+02 1.038001686954e+00 1.347448606024e+01
5 63 2 0.76140092 1.55781759 3.63248910 0.82730874 1.17736994 1.878394099762e-05 1.438077007902e+01 3.697287567323e+02 1.208591071449e+00 1.014441412935e-01
6 0 2 0.76130887 1.20534068 2.15692642 0.71714075 1.05129466 3.894473704380e-05 4.696908007945e+00 4.834555911044e+01 5.995246572035e-01 3.168821735643e-02
6 1 2 0.76130887 1.20534068 2.15692642 0.71714075 1.05129466 2.380298756192e-05 4.710044265200e+00 3.726756599857e+01 7.459891846459e-01 2.964442787710e-02
6 2 2 0.76130887 1.20534068 2.15692642 0.71714075 1.05129466 3.357661036468e-05 4.704412602771e+00 3.144382161420e+01 5.268841963363e-01 3.017275419375e-02
6 3 2 0.76130887 1.20534068 2.15692642 0.71714075 1.05129466 2.760931030091e-05 4.475658811362e+00 3.217958577312e+01 6.150594788110e-01 2.977910632534e-02
6 4 2 0.76130887 1.20534068 2.15692642 0.71714075 1.05129466 2.446068377783e-05 4.195310064038e+00 3.452068753480e+01 5.655497443882e-01 3.429610324350e-02
6 5 2 0.76130887 1.20534068 2.15692642 0.71714075 1.05129466 3.142995956685e-05 3.999298360962e+00 3.352084515482e+01 4.706720018889e-01 2.496894228261e-02
6 6 2 0.76130887 1.20534068 2.15692642 0.71714075 1.05129466 1.934647278054e-05 3.828499306006e+00 2.987501125812e+01 6.041470165447e-01 2.613283828855e-02
6 7 2 0.76130887 1.20534068 2.15692642 0.71714075 1.05129466 2.923367466618e-05 3.774773250606e+00 2.878502876364e+01 4.393146210708e-01 2.199020731011e-02
6 8 2 0.76130887 1.20534068 2.15692642 0.71714075 1.05129466 2.093048758904e-05 3.681316630011e+00 3.312922821719e+01 4.930058468880e-01 2.694386872302e-02
6 9 2 0.76130887 1.20534068 2.15692642 0.71714075 1.05129466 2.219122983978e-05 3.489475863065e+00 3.944018359349e+01 4.794170788298e-01 2.515787167107e-02
6 10 2 0.76130887 1.20534068 2.15692642 0.71714075 1.05129466 2.479757884615e-05 3.267584538512e+00 4.201394793151e+01 3.474954565330e-01 2.257012568281e-02
6 11 2 0.76130887 1.20534068 2.15692642 0.71714075 1.05129466 1.645174581573e-05 3.128415142912e+00 3.957087534765e+01 4.697762152508e-01 2.308702821012e-02
6 12 2 0.76130887 1.20534068 2.15692642 0.71714075 1.05129466 2.496035902453e-05 3.199229318196e+00 3.592523708507e+01 3.801349491367e-01 1.931021089340e-02
6 13 2 0.76130887 1.20534068 2.15692642 0.71714075 1.05129466 1.613349138456e-05 3.204031859776e+00 3.500640362839e+01 4.012203004086e-01 2.176192120158e-02
6 14 2 0.76130887 1.20534068 2.15692642 0.71714075 1.05129466 2.021473909251e-05 3.060116428823e+00 3.691506081341e+01 4.217488305538e-01 1.738306034864e-02
6 15 2 0.76130887 1.20534068 2.15692642 0.71714075 1.05129466 1.939124652320e-05 2.905094559323e+00 3.801976293756e+01 3.019897079082e-01 1.977696353119e-02
6 16 2 0.76130887 1.20534068 2.15692642 0.71714075 1.05129466 1.471165214132e-05 2.738057159069e+00 3.473723070055e+01 4.032960719686e-01 1.962759778954e-02
6 17 2 0.76130887 1.20534068 2.15692642 0.71714075 1.05129466 2.111319284725e-05 2.659452363144e+00 2.808790872682e+01 3.320180408219e-01 1.938170302836e-02
6 18 2 0.76130887 1.20534068 2.15692642 0.71714075 1.05129466 1.300317705300e-05 2.640549177873e+00 2.267284752960e+01 3.284805458295e-01 1.848467892173e-02
6 19 2 0.76130887 1.20534068 2.15692642 0.71714075 1.05129466 1.856236311991e-05 2.611926265937e+00 2.111770819612e+01 3.870074978284e-01 1.391963872554e-02
6 20 2 0.76130887 1.20534068 2.15692642 0.71714075 1.05129466 1.535368384144e-05 2.545996929090e+00 2.177529438401e+01 2.751104600775e-01 1.640440450914e-02
6 21 2 0.76130887 1.20534068 2.15692642 0.71714075 1.05129466 1.386611819623e-05 2.405322920844e+00 2.113833358216e+01 3.462457612541e-01 1.459891106313e-02
6 22 2 0.76130887 1.20534068 2.15692642 0.71714075 1.05129466 1.798912840566e-05 2.293017148241e+00 1.805031692630e+01 2.898429336566e-01 1.862570534619e-02
6 23 2 0.76130887 1.20534068 2.15692642 0.71714075 1.05129466 1.128732370972e-05 2.279012732270e+00 1.537874898262e+01 2.613049164140e-01 1.661210270299e-02
6 24 2 0.76130887 1.20534068 2.15692642 0.71714075 1.05129466 1.738276759984e-05 2.350778217624e+00 1.622168909236e+01 3.474961929489e-01 1.572206286820e-02
6 25 2 0.76130887 1.20534068 2.15692642 0.71714075 1.05129466 1.266448394621e-05 2.371378824002e+00 1.999951437501e+01 2.537033826283e-01 1.395289195917e-02
6 26 2 0.76130887 1.20534068 2.15692642 0.71714075 1.05129466 1.382012291250e-05 2.267328775424e+00 2.345501525997e+01 3.029110860744e-01 1.134685146535e-02
6 27 2 0.76130887 1.20534068 2.15692642 0.71714075 1.05129466 1.575858032534e-05 2.152050463515e+00 2.413118090426e+01 2.809289030432e-01 1.478133069745e-02
6 28 2 0.76130887 1.20534068 2.15692642 0.71714075 1.05129466 1.079359470976e-05 2.074030061404e+00 2.293163322262e+01 2.253544079223e-01 1.545855273140e-02
6 29 2 0.76130887 1.20534068 2.15692642 0.71714075 1.05129466 1.684099635135e-05 2.071212227260e+00 2.289031753913e+01 3.088222062393e-01 1.909775853592e-02
6 30 2 0.76130887 1.20534068 2.15692642 0.71714075 1.05129466 1.121957627575e-05 2.058467412087e+00 2.527865847668e+01 2.156534132656e-01 1.414330682930e-02
6 31 2 0.76130887 1.20534068 2.15692642 0.71714075 1.05129466 1.460529366955e-05 2.024024147766e+00 2.856739219469e+01 2.534195678231e-01 1.150839130933e-02
6 32 2 0.76130887 1.20534068 2.15692642 0.71714075 1.05129466 1.445440264542e-05 2.115527765313e+00 2.998682966578e+01 2.858504046690e-01 1.142700321821e-02
6 33 2 0.76130887 1.20534068 2.15692642 0.71714075 1.05129466 1.144570259651e-05 2.180379923800e+00 2.783044478632e+01 2.384999090754e-01 1.443305920414e-02
6 34 2 0.76130887 1.20534068 2.15692642 0.71714075 1.05129466 1.703255164561e-05 2.198816071952e+00 2.405223974272e+01 3.364323660975e-01 1.923017195056e-02
6 35 2 0.76130887 1.20534068 2.15692642 0.71714075 1.05129466 1.092460421987e-05 2.298427972320e+00 2.233465587147e+01 2.619567167773e-01 1.568631724468e-02
6 36 2 0.76130887 1.20534068 2.15692642 0.71714075 1.05129466 1.630257588934e-05 2.375470234326e+00 2.312326446266e+01 3.037395446948e-01 1.506216878119e-02
6 37 2 0.76130887 1.20534068 2.15692642 0.71714075 1.05129466 1.401423702380e-05 2.405452051809e+00 2.348359367293e+01 3.488180229606e-01 1.151320428711e-02
6 38 2 0.76130887 1.20534068 2.15692642 0.71714075 1.05129466 1.328592658061e-05 2.352732057053e+00 2.110014710903e+01 2.527733321114e-01 1.447289599506e-02
6 39 2 0.76130887 1.20534068 2.15692642 0.71714075 1.05129466 1.793735429172e-05 2.281407679930e+00 1.717755349391e+01 3.455770668525e-01 1.606300053106e-02
6 40 2 0.76130887 1.20534068 2.15692642 0.71714075 1.05129466 1.177248043024e-05 2.356678912688e+00 1.548035115559e+01 2.881752385223e-01 1.733531965684e-02
6 41 2 0.76130887 1.20534068 2.15692642 0.71714075 1.05129466 1.895274393028e-05 2.504300345425e+00 1.778197789388e+01 3.112164359690e-01 1.918685559557e-02
6 42 2 0.76130887 1.20534068 2.15692642 0.71714075 1.05129466 1.435961355377e-05 2.622997283353e+00 2.173370982020e+01 3.946218415020e-01 1.528842416626e-02
6 43 2 0.76130887 1.20534068 2.15692642 0.71714075 1.05129466 1.642604100558e-05 2.667296227290e+00 2.400082924235e+01 2.859640976295e-01 1.710775423310e-02
6 44 2 0.76130887 1.20534068 2.15692642 0.71714075 1.05129466 1.942656667834e-05 2.675341007404e+00 2.389762556992e+01 3.944251703940e-01 1.448279258069e-02
6 45 2 0.76130887 1.20534068 2.15692642 0.71714075 1.05129466 1.388064888049e-05 2.715854120275e+00 2.432716756183e+01 3.477686387215e-01 1.939997966939e-02
6 46 2 0.76130887 1.20534068 2.15692642 0.71714075 1.05129466 2.248409055281e-05 2.820531175248e+00 2.860371085379e+01 3.187012983701e-01 2.016189405491e-02
6 47 2 0.76130887 1.20534068 2.15692642 0.71714075 1.05129466 1.548550937182e-05 3.006261920796e+00 3.578929097626e+01 4.413383821240e-01 2.090913128582e-02
6 48 2 0.76130887 1.20534068 2.15692642 0.71714075 1.05129466 2.096282786061e-05 3.128684880661e+00 4.129969489199e+01 3.238494012749e-01 2.073503985170e-02
6 49 2 0.76130887 1.20534068 2.15692642 0.71714075 1.05129466 2.132058520487e-05 3.178250746181e+00 4.186963387746e+01 4.534123698330e-01 1.847332617111e-02
6 50 2 0.76130887 1.20534068 2.15692642 0.71714075 1.05129466 1.747479734555e-05 3.183976080585e+00 3.891416690040e+01 4.393063993436e-01 2.279007706898e-02
6 51 2 0.76130887 1.20534068 2.15692642 0.71714075 1.05129466 2.668195403475e-05 3.174063328018e+00 3.746006612485e+01 3.558716205053e-01 2.033315041024e-02
6 52 2 0.76130887 1.20534068 2.15692642 0.71714075 1.05129466 1.753092670090e-05 3.376791523107e+00 4.043253349867e+01 5.160021291979e-01 2.447444577647e-02
6 53 2 0.76130887 1.20534068 2.15692642 0.71714075 1.05129466 2.688445659274e-05 3.667800256773e+00 4.431353882462e+01 4.029722554896e-01 2.382266445773e-02
6 54 2 0.76130887 1.20534068 2.15692642 0.71714075 1.05129466 2.348219595157e-05 3.839602853633e+00 4.322899248013e+01 5.373410596179e-01 2.689253767154e-02
6 55 2 0.76130887 1.20534068 2.15692642 0.71714075 1.05129466 2.282035744575e-05 3.905743992258e+00 3.656297376981e+01 5.673329003846e-01 2.830256996541e-02
6 56 2 0.76130887 1.20534068 2.15692642 0.71714075 1.05129466 3.121387709448e-05 3.969886721806e+00 3.001027757091e+01 4.423680067369e-01 2.344898817418e-02
6 57 2 0.76130887 1.20534068 2.15692642 0.71714075 1.05129466 2.080518759234e-05 4.194064308790e+00 2.915788320661e+01 6.495597873525e-01 2.749967613851e-02
6 58 2 0.76130887 1.20534068 2.15692642 0.71714075 1.05129466 3.399777462404e-05 4.411542142401e+00 3.349621178708e+01 4.936304683070e-01 2.654393635727e-02
6 59 2 0.76130887 1.20534068 2.15692642 0.71714075 1.05129466 2.591822764388e-05 4.616678522189e+00 3.738313356716e+01 5.833335925019e-01 3.632684633793e-02
6 60 2 0.76130887 1.20534068 2.15692642 0.71714075 1.05129466 3.011779121015e-05 4.798254814712e+00 3.678308554728e+01 6.938966215235e-01 3.137488896155e-02
6 61 2 0.76130887 1.20534068 2.15692642 0.71714075 1.05129466 3.570954407600e-05 4.755153882076e+00 3.478352067444e+01 5.168785481257e-01 3.216588754284e-02
6 62 2 0.76130887 1.20534068 2.15692642 0.71714075 1.05129466 2.575523635638e-05 4.818978430353e+00 3.858428547620e+01 7.488492989144e-01 3.124275223076e-02
6 63 2 0.76130887 1.20534068 2.15692642 0.71714075 1.05129466 4.190296613886e-05 5.100038471213e+00 5.039203564714e+01 5.763391037081e-01 3.388855512832e-02
10 0 2 0.80797587 1.62076999 3.88857493 0.84890639 1.29195678 1.919656434706e-05 1.555640905015e+01 4.496797320360e+02 1.029887819907e+00 2.881854875950e+00
10 1 2 0.80797587 1.62076999 3.88857493 0.84890639 1.29195678 3.006197780212e-05 1.498366871779e+01 4.320749554298e+02 1.348820369315e+00 7.252609685416e+00
10 2 2 0.80797587 1.62076999 3.88857493 0.84890639 1.29195678 3.789739869318e-05 1.444454975705e+01 4.156190061649e+02 1.000084918059e+00 3.993606374945e+00
10 3 2 0.80797587 1.62076999 3.88857493 0.84890639 1.29195678 3.936626976194e-05 1.401148813035e+01 4.019465893746e+02 1.095560150618e+00 5.036155625122e+00
10 4 2 0.80797587 1.62076999 3.88857493 0.84890639 1.29195678 3.397851145482e-05 1.361746627980e+01 3.891633390230e+02 1.176549052025e+00 5.511267445782e+00
10 5 2 0.80797587 1.62076999 3.88857493 0.84890639 1.29195678 2.408143600259e-05 1.319632335477e+01 3.760768139199e+02 8.707341810572e-01 3.014579367705e+00
10 6 2 0.80797587 1.62076999 3.88857493 0.84890639 1.29195678 1.369670526660e-05 1.271374945330e+01 3.633379240747e+02 1.136108628765e+00 6.583599475233e+00
10 7 2 0.80797587 1.62076999 3.88857493 0.84890639 1.29195678 6.762969191770e-06 1.213460024984e+01 3.511944176934e+02 8.695568647917e-01 1.968276509452e+00
10 8 2 0.80797587 1.62076999 3.88857493 0.84890639 1.29195678 5.542979989308e-06 1.157825721542e+01 3.394871303487e+02 8.850618670240e-01 6.288459796523e+00
10 9 2 0.80797587 1.62076999 3.88857493 0.84890639 1.29195678 9.829110498322e-06 1.115461017368e+01 3.281421614827e+02 9.882521943108e-01 2.374166151902e+00
10 10 2 0.80797587 1.62076999 3.88857493 0.84890639 1.29195678 1.720875814228e-05 1.079562121064e+01 3.173562416100e+02 7.253859158165e-01 4.841266585279e+00
10 11 2 0.80797587 1.62076999 3.88857493 0.84890639 1.29195678 2.420201429605e-05 1.040613369341e+01 3.073172475293e+02 9.314375174427e-01 3.636920776055e+00
10 12 2 0.80797587 1.62076999 3.88857493 0.84890639 1.29195678 2.774621248124e-05 1.001098577289e+01 2.973475500421e+02 7.434123721528e-01 2.998673779829e+00
10 13 2 0.80797587 1.62076999 3.88857493 0.84890639 1.29195678 2.640286918650e-05 9.725061070638e+00 2.872398433234e+02 7.161954227210e-01 4.889352024077e+00
10 14 2 0.80797587 1.62076999 3.88857493 0.84890639 1.29195678 2.082246111535e-05 9.526028798220e+00 2.781103395748e+02 8.421471357445e-01 1.640030735626e+00
10 15 2 0.80797587 1.62076999 3.88857493 0.84890639 1.29195678 1.333592696972e-05 9.261800609342e+00 2.701616681478e+02 5.956312323156e-01 5.318046940718e+00
10 16 2 0.80797587 1.62076999 3.88857493 0.84890639 1.29195678 6.901029011605e-06 8.948221709764e+00 2.624740292162e+02 7.721137584049e-01 1.403339344125e+00
10 17 2 0.80797587 1.62076999 3.88857493 0.84890639 1.29195678 3.871491811492e-06 8.665928262339e+00 2.548538588789e+02 6.513193625031e-01 4.639858239113e+00
10 18 2 0.80797587 1.62076999 3.88857493 0.84890639 1.29195678 5.091946216077e-06 8.399495894446e+00 2.476917223847e+02 6.070841527680e-01 2.192684100496e+00
10 19 2 0.80797587 1.62076999 3.88857493 0.84890639 1.29195678 9.655259596895e-06 8.192339847543e+00 2.415572056760e+02 7.439526575981e-01 3.221971150323e+00
10 20 2 0.80797587 1.62076999 3.88857493 0.84890639 1.29195678 1.537288630546e-05 8.032769472877e+00 2.367901316943e+02 5.342779403851e-01 3.456002728610e+00
10 21 2 0.80797587 1.62076999 3.88857493 0.84890639 1.29195678 1.972497965503e-05 7.825298951354e+00 2.324843244161e+02 6.819969815449e-01 1.794921822355e+00
10 22 2 0.80797587 1.62076999 3.88857493 0.84890639 1.29195678 2.088531412329e-05 7.633879013944e+00 2.276975872354e+02 6.025078744140e-01 4.358423742988e+00
10 23 2 0.80797587 1.62076999 3.88857493 0.84890639 1.29195678 1.841394222237e-05 7.502296264995e+00 2.229063748725e+02 5.305991253458e-01 1.040296639265e+00
10 24 2 0.80797587 1.62076999 3.88857493 0.84890639 1.29195678 1.336558193815e-05 7.357904251721e+00 2.188153695096e+02 6.630653011418e-01 4.425893685316e+00
10 25 2 0.80797587 1.62076999 3.88857493 0.84890639 1.29195678 7.803057380645e-06 7.241962792899e+00 2.155855414239e+02 4.748837343723e-01 1.295606888980e+00
10 26 2 0.80797587 1.62076999 3.88857493 0.84890639 1.29195678 3.935125531966e-06 7.170637977520e+00 2.132210219831e+02 5.952116326431e-01 3.620454253365e+00
10 27 2 0.80797587 1.62076999 3.88857493 0.84890639 1.29195678 3.231025584984e-06 7.085264215189e+00 2.114608300103e+02 5.581037591368e-01 2.268769776696e+00
10 28 2 0.80797587 1.62076999 3.88857493 0.84890639 1.29195678 5.856596628054e-06 7.024150588985e+00 2.099515085732e+02 4.773970000492e-01 2.356056919291e+00
10 29 2 0.80797587 1.62076999 3.88857493 0.84890639 1.29195678 1.063977211649e-05 6.948987607413e+00 2.084007441572e+02 6.186379764431e-01 3.527290459941e+00
10 30 2 0.80797587 1.62076999 3.88857493 0.84890639 1.29195678 1.556395218382e-05 6.815244820162e+00 2.068616938957e+02 4.505503538286e-01 1.271479630941e+00
10 31 2 0.80797587 1.62076999 3.88857493 0.84890639 1.29195678 1.858631252644e-05 6.792071158102e+00 2.064651288312e+02 5.446790336768e-01 4.149139760381e+00
10 32 2 0.80797587 1.62076999 3.88857493 0.84890639 1.29195678 1.845810502751e-05 6.928973118800e+00 2.080123733419e+02 5.595428170342e-01 9.645631404037e-01
10 33 2 0.80797587 1.62076999 3.88857493 0.84890639 1.29195678 1.522724938564e-05 7.063663241224e+00 2.102566471046e+02 4.753102258998e-01 4.133424070403e+00
10 34 2 0.80797587 1.62076999 3.88857493 0.84890639 1.29195678 1.022680745156e-05 7.152088256594e+00 2.118914881703e+02 6.497504884237e-01 1.560498957326e+00
10 35 2 0.80797587 1.62076999 3.88857493 0.84890639 1.29195678 5.550232262848e-06 7.214183773547e+00 2.133433039468e+02 4.923629642895e-01 3.177057536499e+00
10 36 2 0.80797587 1.62076999 3.88857493 0.84890639 1.29195678 3.213010004282e-06 7.258537680772e+00 2.154037057456e+02 5.838488725999e-01 2.787286895010e+00
10 37 2 0.80797587 1.62076999 3.88857493 0.84890639 1.29195678 4.326468268193e-06 7.351671593722e+00 2.183625993516e+02 6.205299399254e-01 2.043708026117e+00
10 38 2 0.80797587 1.62076999 3.88857493 0.84890639 1.29195678 8.613784640594e-06 7.484475216332e+00 2.222183031222e+02 5.016241009266e-01 4.006984062157e+00
10 39 2 0.80797587 1.62076999 3.88857493 0.84890639 1.29195678 1.447456375018e-05 7.621561404690e+00 2.266741978963e+02 7.012131118894e-01 1.223208608243e+00
10 40 2 0.80797587 1.62076999 3.88857493 0.84890639 1.29195678 1.959446274791e-05 7.797935754695e+00 2.314740660870e+02 5.524706084590e-01 4.616052812239e+00
10 41 2 0.80797587 1.62076999 3.88857493 0.84890639 1.29195678 2.187722305673e-05 7.988844008583e+00 2.363163922472e+02 6.279639690894e-01 1.325800244927e+00
10 42 2 0.80797587 1.62076999 3.88857493 0.84890639 1.29195678 2.033381345695e-05 8.170197483481e+00 2.410647843690e+02 7.025180100290e-01 4.274768894213e+00
10 43 2 0.80797587 1.62076999 3.88857493 0.84890639 1.29195678 1.555922115015e-05 8.379871655947e+00 2.466211042801e+02 5.457473781756e-01 2.362051873069e+00
10 44 2 0.80797587 1.62076999 3.88857493 0.84890639 1.29195678 9.573538695205e-06 8.609882303771e+00 2.537366445688e+02 7.641075946724e-01 3.223018952873e+00
10 45 2 0.80797587 1.62076999 3.88857493 0.84890639 1.29195678 5.052481013896e-06 8.869958950676e+00 2.617130342778e+02 6.227754303927e-01 3.879235322045e+00
10 46 2 0.80797587 1.62076999 3.88857493 0.84890639 1.29195678 4.229306845557e-06 9.179580826623e+00 2.698033858294e+02 6.905396392870e-01 2.105563884346e+00
10 47 2 0.80797587 1.62076999 3.88857493 0.84890639 1.29195678 7.909235354990e-06 9.480301768014e+00 2.779636217278e+02 8.193983591908e-01 5.148566959124e+00
10 48 2 0.80797587 1.62076999 3.88857493 0.84890639 1.29195678 1.502367636991e-05 9.739069276723e+00 2.864804204427e+02 6.417206408026e-01 1.631972725674e+00
10 49 2 0.80797587 1.62076999 3.88857493 0.84890639 1.29195678 2.295552722406e-05 9.991297926013e+00 2.960160214429e+02 8.962300710804e-01 5.489494870821e+00
10 50 2 0.80797587 1.62076999 3.88857493 0.84890639 1.29195678 2.855559186181e-05 1.033057083337e+01 3.063466672979e+02 7.706099784181e-01 2.305269959967e+00
10 51 2 0.80797587 1.62076999 3.88857493 0.84890639 1.29195678 2.946672225229e-05 1.080865738097e+01 3.163663773854e+02 8.111857759559e-01 4.774826006182e+00
10 52 2 0.80797587 1.62076999 3.88857493 0.84890639 1.29195678 2.520789773537e-05 1.126944302805e+01 3.264248485311e+02 1.018510236585e+00 3.890083278749e+00
10 53 2 0.80797587 1.62076999 3.88857493 0.84890639 1.29195678 1.752884354225e-05 1.164634784382e+01 3.375625011620e+02 7.608851102366e-01 3.524917932367e+00
10 54 2 0.80797587 1.62076999 3.88857493 0.84890639 1.29195678 9.821747053361e-06 1.211910402528e+01 3.494769069929e+02 1.057689520161e+00 5.684269040017e+00
10 55 2 0.80797587 1.62076999 3.88857493 0.84890639 1.29195678 5.769498429410e-06 1.267366714168e+01 3.616659064567e+02 9.459792475699e-01 2.553210845485e+00
10 56 2 0.80797587 1.62076999 3.88857493 0.84890639 1.29195678 7.758372460929e-06 1.316308487834e+01 3.742634742238e+02 9.493857218199e-01 6.790974756377e+00
10 57 2 0.80797587 1.62076999 3.88857493 0.84890639 1.29195678 1.573043476784e-05 1.359272571181e+01 3.874605478581e+02 1.227956483594e+00 2.711883044478e+00
10 58 2 0.80797587 1.62076999 3.88857493 0.84890639 1.29195678 2.701463476020e-05 1.394807118018e+01 4.012108546381e+02 9.182638780456e-01 6.596264352481e+00
10 59 2 0.80797587 1.62076999 3.88857493 0.84890639 1.29195678 3.729065598210e-05 1.431739405948e+01 4.151388447813e+02 1.247129766276e+00 4.105716314160e+00
10 60 2 0.80797587 1.62076999 3.88857493 0.84890639 1.29195678 4.235424718442e-05 1.485994986572e+01 4.299796083483e+02 1.148585640512e+00 5.465749388809e+00
10 61 2 0.80797587 1.62076999 3.88857493 0.84890639 1.29195678 3.997262583730e-05 1.546764886917e+01 4.470897224225e+02 1.100805120526e+00 6.336727111124e+00
10 62 2 0.80797587 1.62076999 3.88857493 0.84890639 1.29195678 3.102063787526e-05 1.608565178418e+01 4.647932884261e+02 1.491694507893e+00 4.032871341723e+00
10 63 2 0.80797587 1.62076999 3.88857493 0.84890639 1.29195678 1.933977577531e-05 1.678023768400e+01 4.804726665549e+02 1.134175454744e+00 8.089098102364e+00
12 0 2 0.61273819 1.00334481 1.54169801 0.64063107 0.79790841 1.887050787735e-06 2.280697021931e+00 1.195503945004e+01 1.841694682355e+00 9.915341788860e-01
12 1 2 0.61273819 1.00334481 1.54169801 0.64063107 0.79790841 1.817859189492e-06 1.508309718168e+00 1.100235505480e+01 9.127288845608e-01 1.016505813725e+00
12 2 2 0.61273819 1.00334481 1.54169801 0.64063107 0.79790841 1.750970788545e-06 1.598603312726e+00 1.084873607014e+01 2.278139886958e-01 9.388913572002e-01
12 3 2 0.61273819 1.00334481 1.54169801 0.64063107 0.79790841 1.686385621167e-06 2.233500546226e+00 1.087065951885e+01 1.448780428126e+00 9.791422457441e-01
12 4 2 0.61273819 1.00334481 1.54169801 0.64063107 0.79790841 1.624103722381e-06 1.888438676275e+00 1.012969473192e+01 1.436250713342e+00 9.112299899127e-01
12 5 2 0.61273819 1.00334481 1.54169801 0.64063107 0.79790841 1.564125125956e-06 1.258791838064e+00 9.334186853085e+00 2.327164961693e-01 9.234992422092e-01
12 6 2 0.61273819 1.00334481 1.54169801 0.64063107 0.79790841 1.506449864416e-06 1.624973856383e+00 9.285876587719e+00 2.689801726805e-01 8.971092036742e-01
12 7 2 0.61273819 1.00334481 1.54169801 0.64063107 0.79790841 1.451077969038e-06 1.997451158455e+00 9.195515947569e+00 1.319926375974e+00 8.653912608721e-01
12 8 2 0.61273819 1.00334481 1.54169801 0.64063107 0.79790841 1.398009469844e-06 1.414471868365e+00 8.436557602029e+00 9.924869071542e-01 8.711870560681e-01
12 9 2 0.61273819 1.00334481 1.54169801 0.64063107 0.79790841 1.347244395613e-06 1.073695009750e+00 7.873065863967e+00 1.269750784977e-01 8.167010545416e-01
12 10 2 0.61273819 1.00334481 1.54169801 0.64063107 0.79790841 1.298782773872e-06 1.546302638641e+00 7.839326039600e+00 9.961554296437e-01 8.334997842059e-01
12 11 2 0.61273819 1.00334481 1.54169801 0.64063107 0.79790841 1.252624630898e-06 1.616778378537e+00 7.621795618775e+00 1.502045897592e+00 7.798969132751e-01
12 12 2 0.61273819 1.00334481 1.54169801 0.64063107 0.79790841 1.208769991720e-06 1.096222605514e+00 7.124017621807e+00 5.435525424292e-01 7.891870376866e-01
12 13 2 0.61273819 1.00334481 1.54169801 0.64063107 0.79790841 1.167218880120e-06 1.144410694779e+00 7.013347640456e+00 1.997771667794e-01 7.542826787664e-01
12 14 2 0.61273819 1.00334481 1.54169801 0.64063107 0.79790841 1.127971318630e-06 1.565423552578e+00 7.079213928393e+00 1.234107722277e+00 7.357194676542e-01
12 15 2 0.61273819 1.00334481 1.54169801 0.64063107 0.79790841 1.091027328528e-06 1.301441517357e+00 6.658631525106e+00 1.373222783320e+00 7.292036149132e-01
12 16 2 0.61273819 1.00334481 1.54169801 0.64063107 0.79790841 1.056386929850e-06 8.700438005798e-01 6.204149927822e+00 2.566179136397e-01 6.862089361807e-01
12 17 2 0.61273819 1.00334481 1.54169801 0.64063107 0.79790841 1.024050141380e-06 1.148148644788e+00 6.267660556685e+00 4.335208800635e-01 6.938721789933e-01
12 18 2 0.61273819 1.00334481 1.54169801 0.64063107 0.79790841 9.940169806499e-07 1.412995920515e+00 6.306107989937e+00 1.127577322847e+00 6.545414804084e-01
12 19 2 0.61273819 1.00334481 1.54169801 0.64063107 0.79790841 9.662874639478e-07 9.947910452986e-01 5.782301215241e+00 6.219032450621e-01 6.529479957609e-01
12 20 2 0.61273819 1.00334481 1.54169801 0.64063107 0.79790841 9.408616063093e-07 7.574472370704e-01 5.340542445602e+00 1.058000506486e-01 6.317115360664e-01
12 21 2 0.61273819 1.00334481 1.54169801 0.64063107 0.79790841 9.177394215211e-07 1.123570052911e+00 5.453062462810e+00 9.047801030894e-01 6.132705541504e-01
12 22 2 0.61273819 1.00334481 1.54169801 0.64063107 0.79790841 8.969209221218e-07 1.189539842014e+00 5.531281502138e+00 1.398506832701e+00 6.072457278064e-01
12 23 2 0.61273819 1.00334481 1.54169801 0.64063107 0.79790841 8.784061194000e-07 8.205395552455e-01 5.309766342856e+00 4.636998941862e-01 5.778854312690e-01
12 24 2 0.61273819 1.00334481 1.54169801 0.64063107 0.79790841 8.621950233951e-07 8.801883598850e-01 5.269119580929e+00 3.509000732678e-01 5.839064764841e-01
12 25 2 0.61273819 1.00334481 1.54169801 0.64063107 0.79790841 8.482876428981e-07 1.220323245853e+00 5.462410679472e+00 1.183002794320e+00 5.543970753835e-01
12 26 2 0.61273819 1.00334481 1.54169801 0.64063107 0.79790841 8.366839854499e-07 1.034905053786e+00 5.333967448788e+00 9.934779293284e-01 5.593833944149e-01
12 27 2 0.61273819 1.00334481 1.54169801 0.64063107 0.79790841 8.273840573427e-07 7.220800544313e-01 5.019387103821e+00 1.757167184893e-01 5.434980478679e-01
12 28 2 0.61273819 1.00334481 1.54169801 0.64063107 0.79790841 8.203878636194e-07 9.462653396886e-01 5.041247894253e+00 4.793598721653e-01 5.310881603259e-01
12 29 2 0.61273819 1.00334481 1.54169801 0.64063107 0.79790841 8.156954080737e-07 1.121794210786e+00 5.123351692354e+00 1.154038187766e+00 5.333638326148e-01
12 30 2 0.61273819 1.00334481 1.54169801 0.64063107 0.79790841 8.133066932501e-07 7.847217543557e-01 4.852654841545e+00 5.215980478446e-01 5.102455742434e-01
12 31 2 0.61273819 1.00334481 1.54169801 0.64063107 0.79790841 8.132217204438e-07 6.672050243810e-01 4.692061727390e+00 1.911135297478e-01 5.188868251734e-01
12 32 2 0.61273819 1.00334481 1.54169801 0.64063107 0.79790841 8.154404897009e-07 1.059779462522e+00 5.133042804880e+00 9.815642887047e-01 5.026294064166e-01
12 33 2 0.61273819 1.00334481 1.54169801 0.64063107 0.79790841 8.199629998183e-07 1.154695250680e+00 5.573451350208e+00 1.069022148190e+00 5.035731329120e-01
12 34 2 0.61273819 1.00334481 1.54169801 0.64063107 0.79790841 8.267892483437e-07 8.598877403389e-01 5.517354525770e+00 2.769430635907e-01 4.990558641114e-01
12 35 2 0.61273819 1.00334481 1.54169801 0.64063107 0.79790841 8.359192315755e-07 9.297223157091e-01 5.478449269775e+00 4.361627232067e-01 4.859288161503e-01
12 36 2 0.61273819 1.00334481 1.54169801 0.64063107 0.79790841 8.473529445629e-07 1.237742863327e+00 5.783108222401e+00 1.425367359565e+00 4.938872932128e-01
12 37 2 0.61273819 1.00334481 1.54169801 0.64063107 0.79790841 8.610903811062e-07 1.104266390584e+00 5.924525757508e+00 9.514138355765e-01 4.688040092433e-01
12 38 2 0.61273819 1.00334481 1.54169801 0.64063107 0.79790841 8.771315337561e-07 8.492043254682e-01 5.739432681834e+00 9.391020552079e-02 4.860694193755e-01
12 39 2 0.61273819 1.00334481 1.54169801 0.64063107 0.79790841 8.954763938142e-07 1.066765193944e+00 5.840227357252e+00 5.889350257149e-01 4.617090024556e-01
12 40 2 0.61273819 1.00334481 1.54169801 0.64063107 0.79790841 9.161249513333e-07 1.267682114404e+00 6.207716849660e+00 1.022234590883e+00 4.688401764272e-01
12 41 2 0.61273819 1.00334481 1.54169801 0.64063107 0.79790841 9.390771951162e-07 1.022286007685e+00 6.306653901150e+00 3.786292716930e-01 4.610744192262e-01
12 42 2 0.61273819 1.00334481 1.54169801 0.64063107 0.79790841 9.643331127174e-07 9.583638764004e-01 6.373888043338e+00 1.974612720886e-01 4.434910018719e-01
12 43 2 0.61273819 1.00334481 1.54169801 0.64063107 0.79790841 9.918926904421e-07 1.360039463517e+00 6.951185443031e+00 1.271803917375e+00 4.537985056841e-01
12 44 2 0.61273819 1.00334481 1.54169801 0.64063107 0.79790841 1.021755913346e-06 1.480451558137e+00 7.549298754189e+00 1.158781909218e+00 4.223230317861e-01
12 45 2 0.61273819 1.00334481 1.54169801 0.64063107 0.79790841 1.053922765235e-06 1.157943868315e+00 7.489422199787e+00 1.421605828771e-01 4.381236905475e-01
12 46 2 0.61273819 1.00334481 1.54169801 0.64063107 0.79790841 1.088393228668e-06 1.201630867877e+00 7.427199463745e+00 5.251773621082e-01 4.087014860400e-01
12 47 2 0.61273819 1.00334481 1.54169801 0.64063107 0.79790841 1.125167284951e-06 1.589419197563e+00 7.986660953606e+00 1.394529427307e+00 4.158855428456e-01
12 48 2 0.61273819 1.00334481 1.54169801 0.64063107 0.79790841 1.164244914146e-06 1.548629119698e+00 8.517083521795e+00 9.234925509173e-01 3.975997349394e-01
12 49 2 0.61273819 1.00334481 1.54169801 0.64063107 0.79790841 1.205626095062e-06 1.279733706197e+00 8.502279198570e+00 7.254722885731e-02 3.842089054637e-01
12 50 2 0.61273819 1.00334481 1.54169801 0.64063107 0.79790841 1.249310805259e-06 1.500062146008e+00 8.679793169755e+00 8.885887137771e-01 3.862808640373e-01
12 51 2 0.61273819 1.00334481 1.54169801 0.64063107 0.79790841 1.295299021051e-06 1.798055851684e+00 9.396315488063e+00 1.257262244335e+00 3.522952353824e-01
12 52 2 0.61273819 1.00334481 1.54169801 0.64063107 0.79790841 1.343590717500e-06 1.570323424395e+00 9.838015466363e+00 2.199960821410e-01 3.691864804578e-01
12 53 2 0.61273819 1.00334481 1.54169801 0.64063107 0.79790841 1.394185868419e-06 1.476567782227e+00 1.000098141107e+01 2.173331348639e-01 3.333320379335e-01
12 54 2 0.61273819 1.00334481 1.54169801 0.64063107 0.79790841 1.447084446373e-06 1.960891191058e+00 1.065700933109e+01 1.262090296878e+00 3.410664205278e-01
12 55 2 0.61273819 1.00334481 1.54169801 0.64063107 0.79790841 1.502286422679e-06 2.182544814834e+00 1.151687509231e+01 1.259767877237e+00 3.221163474658e-01
12 56 2 0.61273819 1.00334481 1.54169801 0.64063107 0.79790841 1.559791767403e-06 1.814455543567e+00 1.166775045693e+01 1.214786480908e-01 3.077959313178e-01
12 57 2 0.61273819 1.00334481 1.54169801 0.64063107 0.79790841 1.619600449361e-06 1.826398178571e+00 1.172201041135e+01 8.326820792129e-01 3.082654013504e-01
12 58 2 0.61273819 1.00334481 1.54169801 0.64063107 0.79790841 1.681712436125e-06 2.363668316248e+00 1.264622837008e+01 1.840512096936e+00 2.777910078664e-01
12 59 2 0.61273819 1.00334481 1.54169801 0.64063107 0.79790841 1.746127694013e-06 2.392723547193e+00 1.354070478283e+01 8.021251333941e-01 2.928818592674e-01
12 60 2 0.61273819 1.00334481 1.54169801 0.64063107 0.79790841 1.812846188094e-06 2.012627414305e+00 1.358707221547e+01 3.375212846886e-03 2.554849170122e-01
12 61 2 0.61273819 1.00334481 1.54169801 0.64063107 0.79790841 1.881867882194e-06 2.252042257766e+00 1.381953457935e+01 8.892288422932e-01 2.723028136887e-01
12 62 2 0.61273819 1.00334481 1.54169801 0.64063107 0.79790841 1.953192738883e-06 2.822061716064e+00 1.503714181874e+01 1.624942074083e+00 2.429429933007e-01
12 63 2 0.61273819 1.00334481 1.54169801 0.64063107 0.79790841 2.026820719483e-06 2.733076613511e+00 1.602851406907e+01 3.413099789943e-01 2.405620045421e-01
15 0 2 0.64476051 1.77266682 3.54233660 0.89611620 1.00467083 2.334610443972e-05 1.896469872583e+01 3.150866121107e+02 1.890337517572e+00 2.341325893483e+00
15 1 2 0.64476051 1.77266682 3.54233660 0.89611620 1.00467083 1.758616221332e-05 2.187364657494e+01 3.042921856690e+02 1.837025364432e+00 2.262928085856e+00
15 2 2 0.64476051 1.77266682 3.54233660 0.89611620 1.00467083 1.051075587584e-05 2.414425141960e+01 2.951720510793e+02 1.462027203333e+00 2.178352969353e+00
15 3 2 0.64476051 1.77266682 3.54233660 0.89611620 1.00467083 4.345753597858e-06 2.271122919060e+01 2.863043682531e+02 1.076510388257e+00 2.090756032635e+00
15 4 2 0.64476051 1.77266682 3.54233660 0.89611620 1.00467083 8.779072543393e-07 1.859664082532e+01 2.757301404009e+02 1.001500362322e+00 1.979826871080e+00
15 5 2 0.64476051 1.77266682 3.54233660 0.89611620 1.00467083 9.112278409889e-07 1.548887799037e+01 2.646453392003e+02 1.225917019407e+00 1.902384202906e+00
15 6 2 0.64476051 1.77266682 3.54233660 0.89611620 1.00467083 4.076761758924e-06 1.574644053104e+01 2.546146020410e+02 1.480678246202e+00 1.815608116162e+00
15 7 2 0.64476051 1.77266682 3.54233660 0.89611620 1.00467083 9.031979811426e-06 1.821067815134e+01 2.464986490425e+02 1.487133010039e+00 1.784445698628e+00
15 8 2 0.64476051 1.77266682 3.54233660 0.89611620 1.00467083 1.395807287179e-05 1.955995276226e+01 2.390185325599e+02 1.228536463847e+00 1.728017695612e+00
15 9 2 0.64476051 1.77266682 3.54233660 0.89611620 1.00467083 1.717450495587e-05 1.792803053138e+01 2.312000844708e+02 9.135175778089e-01 1.672064213118e+00
15 10 2 0.64476051 1.77266682 3.54233660 0.89611620 1.00467083 1.766590232986e-05 1.448878102215e+01 2.234779734933e+02 7.889241450133e-01 1.603123112279e+00
15 11 2 0.64476051 1.77266682 3.54233660 0.89611620 1.00467083 1.535956297806e-05 1.233754274891e+01 2.162860430217e+02 9.235421029782e-01 1.505074787310e+00
15 12 2 0.64476051 1.77266682 3.54233660 0.89611620 1.00467083 1.108341953039e-05 1.311526208272e+01 2.090283106374e+02 1.148576129207e+00 1.452694058979e+00
15 13 2 0.64476051 1.77266682 3.54233660 0.89611620 1.00467083 6.241093833347e-06 1.527112737513e+01 2.017885307430e+02 1.220126889665e+00 1.397588197592e+00
15 14 2 0.64476051 1.77266682 3.54233660 0.89611620 1.00467083 2.327519582177e-06 1.604962730323e+01 1.954489126448e+02 1.045557103805e+00 1.371193209731e+00
15 15 2 0.64476051 1.77266682 3.54233660 0.89611620 1.00467083 4.495831131217e-07 1.422020355370e+01 1.900233609967e+02 7.797793829722e-01 1.342480822468e+00
15 16 2 0.64476051 1.77266682 3.54233660 0.89611620 1.00467083 1.002199398459e-06 1.148397335646e+01 1.850863174742e+02 6.386185053495e-01 1.298334662501e+00
15 17 2 0.64476051 1.77266682 3.54233660 0.89611620 1.00467083 3.590198738407e-06 1.025444957308e+01 1.795694917556e+02 7.282858947576e-01 1.253222282921e+00
15 18 2 0.64476051 1.77266682 3.54233660 0.89611620 1.00467083 7.202974720912e-06 1.123652068599e+01 1.742998596565e+02 9.054642659561e-01 1.197135440157e+00
15 19 2 0.64476051 1.77266682 3.54233660 0.89611620 1.00467083 1.056991211879e-05 1.299000050767e+01 1.701888782397e+02 1.007436179881e+00 1.181787629749e+00
15 20 2 0.64476051 1.77266682 3.54233660 0.89611620 1.00467083 1.257412455738e-05 1.339453734804e+01 1.666147712614e+02 9.050264245572e-01 1.132216047209e+00
15 21 2 0.64476051 1.77266682 3.54233660 0.89611620 1.00467083 1.259300684314e-05 1.182396517926e+01 1.629612518495e+02 7.039663011896e-01 1.139941866620e+00
15 22 2 0.64476051 1.77266682 3.54233660 0.89611620 1.00467083 1.066575241774e-05 9.647306189510e+00 1.590231027431e+02 5.538760086994e-01 1.085106214982e+00
15 23 2 0.64476051 1.77266682 3.54233660 0.89611620 1.00467083 7.447341462457e-06 8.899967865388e+00 1.557275007727e+02 5.913230035265e-01 1.077334163531e+00
15 24 2 0.64476051 1.77266682 3.54233660 0.89611620 1.00467083 3.975569566701e-06 1.009929173481e+01 1.533892111998e+02 7.540777144047e-01 1.042193286762e+00
15 25 2 0.64476051 1.77266682 3.54233660 0.89611620 1.00467083 1.332049762923e-06 1.172534855527e+01 1.514859373253e+02 8.810599948858e-01 1.037045078412e+00
15 26 2 0.64476051 1.77266682 3.54233660 0.89611620 1.00467083 3.049276535139e-07 1.186888882848e+01 1.497290472021e+02 8.354797821053e-01 1.040147517762e+00
15 27 2 0.64476051 1.77266682 3.54233660 0.89611620 1.00467083 1.154660132526e-06 1.036743801122e+01 1.484823030491e+02 6.614508353964e-01 1.030010441928e+00
15 28 2 0.64476051 1.77266682 3.54233660 0.89611620 1.00467083 3.548826314899e-06 8.715197567300e+00 1.475331364908e+02 5.241469894143e-01 1.031556899780e+00
15 29 2 0.64476051 1.77266682 3.54233660 0.89611620 1.00467083 6.679471563177e-06 8.492110737286e+00 1.464100960869e+02 5.313749951073e-01 9.975064749437e-01
15 30 2 0.64476051 1.77266682 3.54233660 0.89611620 1.00467083 9.522609054587e-06 9.854804278232e+00 1.453353284551e+02 6.856208996826e-01 1.003078806966e+00
15 31 2 0.64476051 1.77266682 3.54233660 0.89611620 1.00467083 1.115921510905e-05 1.133711954644e+01 1.449489149999e+02 8.156983649682e-01 9.791253390043e-01
15 32 2 0.64476051 1.77266682 3.54233660 0.89611620 1.00467083 1.106087180348e-05 1.144548693464e+01 1.460569746218e+02 8.352166579216e-01 1.021646816537e+00
15 33 2 0.64476051 1.77266682 3.54233660 0.89611620 1.00467083 9.254818099079e-06 1.000354828632e+01 1.476162339980e+02 6.928992725947e-01 1.024739124969e+00
15 34 2 0.64476051 1.77266682 3.54233660 0.89611620 1.00467083 6.318853872622e-06 8.595100422530e+00 1.487276741739e+02 5.448588102499e-01 1.055835974059e+00
15 35 2 0.64476051 1.77266682 3.54233660 0.89611620 1.00467083 3.206341149140e-06 8.845092376078e+00 1.496740375942e+02 5.278926094065e-01 1.061558724892e+00
15 36 2 0.64476051 1.77266682 3.54233660 0.89611620 1.00467083 9.517925179440e-07 1.060633227518e+01 1.509962612127e+02 6.744932123312e-01 1.059315860594e+00
15 37 2 0.64476051 1.77266682 3.54233660 0.89611620 1.00467083 3.442184855240e-07 1.218525210062e+01 1.531397770436e+02 8.582778733915e-01 1.074590992809e+00
15 38 2 0.64476051 1.77266682 3.54233660 0.89611620 1.00467083 1.667729687243e-06 1.201679552672e+01 1.556445201043e+02 9.009500022979e-01 1.091599844907e+00
15 39 2 0.64476051 1.77266682 3.54233660 0.89611620 1.00467083 4.592269037536e-06 1.044055852344e+01 1.585917180923e+02 7.859240228449e-01 1.133369227091e+00
15 40 2 0.64476051 1.77266682 3.54233660 0.89611620 1.00467083 8.255076701030e-06 9.324041712903e+00 1.623123930385e+02 6.219879075506e-01 1.163824873593e+00
15 41 2 0.64476051 1.77266682 3.54233660 0.89611620 1.00467083 1.151649870549e-05 1.014247357864e+01 1.664605812426e+02 5.871101755953e-01 1.203321251535e+00
15 42 2 0.64476051 1.77266682 3.54233660 0.89611620 1.00467083 1.331820653449e-05 1.240225844831e+01 1.702109495977e+02 7.275051139439e-01 1.225505728942e+00
15 43 2 0.64476051 1.77266682 3.54233660 0.89611620 1.00467083 1.303496918243e-05 1.406064100280e+01 1.739187813862e+02 9.488047665384e-01 1.260397566468e+00
15 44 2 0.64476051 1.77266682 3.54233660 0.89611620 1.00467083 1.070586635968e-05 1.359704220730e+01 1.784539002958e+02 1.059440769095e+00 1.309656318163e+00
15 45 2 0.64476051 1.77266682 3.54233660 0.89611620 1.00467083 7.061650352983e-06 1.175976251249e+01 1.840162250461e+02 9.641854136319e-01 1.352477421369e+00
15 46 2 0.64476051 1.77266682 3.54233660 0.89611620 1.00467083 3.325183943596e-06 1.084838445849e+01 1.899166921898e+02 7.705720499502e-01 1.420945759316e+00
15 47 2 0.64476051 1.77266682 3.54233660 0.89611620 1.00467083 8.346238087759e-07 1.235841342135e+01 1.951598925566e+02 6.793445853283e-01 1.443810154297e+00
15 48 2 0.64476051 1.77266682 3.54233660 0.89611620 1.00467083 6.015515993062e-07 1.534851964354e+01 2.009706296736e+02 8.402892798590e-01 1.495235598555e+00
15 49 2 0.64476051 1.77266682 3.54233660 0.89611620 1.00467083 2.946886220410e-06 1.705363085332e+01 2.079137806625e+02 1.116517914104e+00 1.534726780094e+00
15 50 2 0.64476051 1.77266682 3.54233660 0.89611620 1.00467083 7.342905805802e-06 1.605752622300e+01 2.154421963658e+02 1.295350707461e+00 1.600322309898e+00
15 51 2 0.64476051 1.77266682 3.54233660 0.89611620 1.00467083 1.253072838487e-05 1.380671478005e+01 2.229095206708e+02 1.220603373091e+00 1.693632464810e+00
15 52 2 0.64476051 1.77266682 3.54233660 0.89611620 1.00467083 1.689500186973e-05 1.326209724905e+01 2.300896684583e+02 9.842800276797e-01 1.771938540331e+00
15 53 2 0.64476051 1.77266682 3.54233660 0.89611620 1.00467083 1.898855794314e-05 1.575632307328e+01 2.379220612510e+02 8.545854808217e-01 1.851498131117e+00
15 54 2 0.64476051 1.77266682 3.54233660 0.89611620 1.00467083 1.803975110412e-05 1.930878272881e+01 2.461463356429e+02 9.736185477115e-01 1.886898550459e+00
15 55 2 0.64476051 1.77266682 3.54233660 0.89611620 1.00467083 1.426740569823e-05 2.089960866223e+01 2.543695564181e+02 1.332448775699e+00 1.956589749562e+00
15 56 2 0.64476051 1.77266682 3.54233660 0.89611620 1.00467083 8.880090972732e-06 1.933231631892e+01 2.632986945679e+02 1.607097383660e+00 1.994779129478e+00
15 57 2 0.64476051 1.77266682 3.54233660 0.89611620 1.00467083 3.735159200213e-06 1.676378795588e+01 2.738917266130e+02 1.589025292828e+00 2.114054971375e+00
15 58 2 0.64476051 1.77266682 3.54233660 0.89611620 1.00467083 7.484320940667e-07 1.666782258738e+01 2.849603757492e+02 1.295430880036e+00 2.206535868377e+00
15 59 2 0.64476051 1.77266682 3.54233660 0.89611620 1.00467083 1.238888954974e-06 2.012423835668e+01 2.949808572296e+02 1.058056386516e+00 2.318397703799e+00
15 60 2 0.64476051 1.77266682 3.54233660 0.89611620 1.00467083 5.429785798886e-06 2.444656063304e+01 3.038233367240e+02 1.172056753445e+00 2.409477117151e+00
15 61 2 0.64476051 1.77266682 3.54233660 0.89611620 1.00467083 1.229071349481e-05 2.574716124832e+01 3.133500217457e+02 1.591187479124e+00 2.478044717880e+00
15 62 2 0.64476051 1.77266682 3.54233660 0.89611620 1.00467083 1.980104912200e-05 2.323596690624e+01 3.253523473166e+02 1.983789753055e+00 2.568283309014e+00
15 63 2 0.64476051 1.77266682 3.54233660 0.89611620 1.00467083 2.557505765105e-05 2.037005760989e+01 3.379080427145e+02 2.024037580417e+00 2.657574144159e+00
20 0 2 0.56628088 0.82609625 1.15948858 0.56377537 0.69219473 4.661497755345e-01 7.269631551441e-01 3.703849594905e+00 7.238788199595e-02 1.882763501722e-02
20 1 2 0.56628088 0.82609625 1.15948858 0.56377537 0.69219473 4.494300081534e-01 6.617565435290e-01 3.530392901362e+00 9.916359004372e-02 1.815757803133e-02
20 2 2 0.56628088 0.82609625 1.15948858 0.56377537 0.69219473 4.330152878811e-01 5.599444389206e-01 3.297932330860e+00 3.753947956876e-02 1.880939813213e-02
20 3 2 0.56628088 0.82609625 1.15948858 0.56377537 0.69219473 4.169056380365e-01 4.390083303041e-01 3.042150204006e+00 4.143680564418e-02 1.604812133367e-02
20 4 2 0.56628088 0.82609625 1.15948858 0.56377537 0.69219473 4.011010815043e-01 3.402248588583e-01 2.828787398018e+00 2.634015552671e-02 1.808076757590e-02
20 5 2 0.56628088 0.82609625 1.15948858 0.56377537 0.69219473 3.856016407364e-01 2.966075460589e-01 2.699769616246e+00 1.577704328289e-03 1.435109104774e-02
20 6 2 0.56628088 0.82609625 1.15948858 0.56377537 0.69219473 3.704073377508e-01 3.180112490303e-01 2.630961356344e+00 2.344233336252e-03 1.686223887741e-02
20 7 2 0.56628088 0.82609625 1.15948858 0.56377537 0.69219473 3.555181941325e-01 3.885514151926e-01 2.578002009244e+00 2.511065173571e-02 1.394345197692e-02
20 8 2 0.56628088 0.82609625 1.15948858 0.56377537 0.69219473 3.409342310324e-01 4.743236239899e-01 2.536260316173e+00 3.194964022328e-02 1.449458263203e-02
20 9 2 0.56628088 0.82609625 1.15948858 0.56377537 0.69219473 3.266554691685e-01 5.367589118488e-01 2.517734955091e+00 3.521019751167e-02 1.403689427631e-02
20 10 2 0.56628088 0.82609625 1.15948858 0.56377537 0.69219473 3.126819288247e-01 5.570384225146e-01 2.517254333177e+00 8.222146144579e-02 1.264616943795e-02
20 11 2 0.56628088 0.82609625 1.15948858 0.56377537 0.69219473 2.990136298519e-01 5.354172040338e-01 2.514345381308e+00 5.548674009194e-02 1.374185554111e-02
20 12 2 0.56628088 0.82609625 1.15948858 0.56377537 0.69219473 2.856505916664e-01 4.770946907414e-01 2.465333619042e+00 6.100341203192e-02 1.114501360750e-02
20 13 2 0.56628088 0.82609625 1.15948858 0.56377537 0.69219473 2.725928332523e-01 3.961988493416e-01 2.331701257648e+00 6.984935613471e-02 1.313095059655e-02
20 14 2 0.56628088 0.82609625 1.15948858 0.56377537 0.69219473 2.598403731587e-01 3.165955353801e-01 2.146328568487e+00 2.473372407312e-02 1.067117574559e-02
20 15 2 0.56628088 0.82609625 1.15948858 0.56377537 0.69219473 2.473932295016e-01 2.574786190103e-01 1.983166260519e+00 2.701226482926e-02 1.142810591560e-02
20 16 2 0.56628088 0.82609625 1.15948858 0.56377537 0.69219473 2.352514199630e-01 2.224420074543e-01 1.866936630567e+00 1.522446563528e-02 1.088832522298e-02
20 17 2 0.56628088 0.82609625 1.15948858 0.56377537 0.69219473 2.234149617916e-01 2.099779388324e-01 1.784918347689e+00 9.253801805688e-04 1.003814082071e-02
20 18 2 0.56628088 0.82609625 1.15948858 0.56377537 0.69219473 2.118838718020e-01 2.224937369743e-01 1.737680727835e+00 2.983965305046e-03 1.078866439081e-02
20 19 2 0.56628088 0.82609625 1.15948858 0.56377537 0.69219473 2.006581663750e-01 2.554160984727e-01 1.720872839963e+00 1.980704626831e-02 8.877690872434e-03
20 20 2 0.56628088 0.82609625 1.15948858 0.56377537 0.69219473 1.897378614576e-01 2.984737863113e-01 1.723700311101e+00 2.104990291002e-02 1.075952673878e-02
20 21 2 0.56628088 0.82609625 1.15948858 0.56377537 0.69219473 1.791229725630e-01 3.465567750783e-01 1.753658792881e+00 3.081326669160e-02 8.300363787460e-03
20 22 2 0.56628088 0.82609625 1.15948858 0.56377537 0.69219473 1.688135147705e-01 3.853529809065e-01 1.796469218269e+00 6.526141278631e-02 9.764361886302e-03
20 23 2 0.56628088 0.82609625 1.15948858 0.56377537 0.69219473 1.588095027256e-01 3.886119369572e-01 1.800241415214e+00 4.345534387105e-02 8.698750979535e-03
20 24 2 0.56628088 0.82609625 1.15948858 0.56377537 0.69219473 1.491109506397e-01 3.515615439146e-01 1.751598338106e+00 5.275538603231e-02 8.637716654313e-03
20 25 2 0.56628088 0.82609625 1.15948858 0.56377537 0.69219473 1.397178722905e-01 2.930140133200e-01 1.688626314706e+00 5.378717771038e-02 8.942293123950e-03
20 26 2 0.56628088 0.82609625 1.15948858 0.56377537 0.69219473 1.306302810215e-01 2.304951612381e-01 1.626486229286e+00 1.888855386333e-02 7.848129691823e-03
20 27 2 0.56628088 0.82609625 1.15948858 0.56377537 0.69219473 1.218481897424e-01 1.811705793867e-01 1.557228781421e+00 2.183882459124e-02 9.281163333292e-03
20 28 2 0.56628088 0.82609625 1.15948858 0.56377537 0.69219473 1.133716109289e-01 1.613439896394e-01 1.492700816549e+00 1.077252241612e-02 7.321454096509e-03
20 29 2 0.56628088 0.82609625 1.15948858 0.56377537 0.69219473 1.052005566227e-01 1.709122971155e-01 1.442229321406e+00 8.870299889047e-04 9.045323401033e-03
20 30 2 0.56628088 0.82609625 1.15948858 0.56377537 0.69219473 9.733503843133e-02 1.976841257469e-01 1.409172767997e+00 3.181890657046e-03 7.722415097575e-03
20 31 2 0.56628088 0.82609625 1.15948858 0.56377537 0.69219473 8.977506752853e-02 2.374163502907e-01 1.425568254320e+00 1.997938376643e-02 8.345756413939e-03
20 32 2 0.56628088 0.82609625 1.15948858 0.56377537 0.69219473 8.252065465380e-02 2.834166518265e-01 1.507529061970e+00 1.912483188939e-02 8.310533963232e-03
20 33 2 0.56628088 0.82609625 1.15948858 0.56377537 0.69219473 7.557181011261e-02 3.163413889321e-01 1.605213365274e+00 2.731772531198e-02 7.805799025080e-03
20 34 2 0.56628088 0.82609625 1.15948858 0.56377537 0.69219473 6.892854377637e-02 3.301323549842e-01 1.669952547847e+00 5.230454983610e-02 9.086399797613e-03
20 35 2 0.56628088 0.82609625 1.15948858 0.56377537 0.69219473 6.259086508239e-02 3.320758224936e-01 1.706317897483e+00 2.876067838143e-02 7.412788808588e-03
20 36 2 0.56628088 0.82609625 1.15948858 0.56377537 0.69219473 5.655878303384e-02 3.195868461351e-01 1.722904433036e+00 4.351899139063e-02 9.437671375457e-03
20 37 2 0.56628088 0.82609625 1.15948858 0.56377537 0.69219473 5.083230619977e-02 2.906984238538e-01 1.718329534813e+00 3.913476485470e-02 7.944967137974e-03
20 38 2 0.56628088 0.82609625 1.15948858 0.56377537 0.69219473 4.541144271514e-02 2.555180782182e-01 1.708563478440e+00 1.248457184597e-02 9.178333231152e-03
20 39 2 0.56628088 0.82609625 1.15948858 0.56377537 0.69219473 4.029620028072e-02 2.231682862569e-01 1.695723298205e+00 1.944008223549e-02 8.782576650587e-03
20 40 2 0.56628088 0.82609625 1.15948858 0.56377537 0.69219473 3.548658616309e-02 2.009351527669e-01 1.663804273832e+00 6.050386429861e-03 8.980364281299e-03
20 41 2 0.56628088 0.82609625 1.15948858 0.56377537 0.69219473 3.098260719474e-02 2.044442305988e-01 1.641164604843e+00 1.546081805523e-04 9.991749393316e-03
20 42 2 0.56628088 0.82609625 1.15948858 0.56377537 0.69219473 2.678426977389e-02 2.441452691601e-01 1.678526731373e+00 2.891540978833e-03 8.578345725514e-03
20 43 2 0.56628088 0.82609625 1.15948858 0.56377537 0.69219473 2.289157986467e-02 3.054411391228e-01 1.769251220669e+00 2.302368856344e-02 1.111611617482e-02
20 44 2 0.56628088 0.82609625 1.15948858 0.56377537 0.69219473 1.930454299695e-02 3.646999021692e-01 1.877675110901e+00 1.813735691339e-02 9.150698982579e-03
20 45 2 0.56628088 0.82609625 1.15948858 0.56377537 0.69219473 1.602316426639e-02 4.078618320999e-01 1.997597087774e+00 3.071936003172e-02 1.123043482138e-02
20 46 2 0.56628088 0.82609625 1.15948858 0.56377537 0.69219473 1.304744833446e-02 4.252892942835e-01 2.124383155558e+00 5.493020091065e-02 1.035438427068e-02
20 47 2 0.56628088 0.82609625 1.15948858 0.56377537 0.69219473 1.037739942841e-02 4.179718864411e-01 2.243078329072e+00 2.419215140335e-02 1.138639476819e-02
20 48 2 0.56628088 0.82609625 1.15948858 0.56377537 0.69219473 8.013021341246e-03 4.024319701864e-01 2.353207466909e+00 4.543996706906e-02 1.181585477524e-02
20 49 2 0.56628088 0.82609625 1.15948858 0.56377537 0.69219473 5.954317431789e-03 3.893525801343e-01 2.435541714765e+00 3.123855082452e-02 1.116109546043e-02
20 50 2 0.56628088 0.82609625 1.15948858 0.56377537 0.69219473 4.201290624578e-03 3.747597710729e-01 2.446623407854e+00 1.068134725784e-02 1.367268205390e-02
20 51 2 0.56628088 0.82609625 1.15948858 0.56377537 0.69219473 2.753943409947e-03 3.613296318131e-01 2.401105039664e+00 2.029427362138e-02 1.159351026584e-02
20 52 2 0.56628088 0.82609625 1.15948858 0.56377537 0.69219473 1.612277843917e-03 3.595891491549e-01 2.377335130112e+00 1.010367929015e-03 1.439383622504e-02
20 53 2 0.56628088 0.82609625 1.15948858 0.56377537 0.69219473 7.762955483802e-04 3.688432440842e-01 2.422303131785e+00 3.506556017981e-03 1.313286704991e-02
20 54 2 0.56628088 0.82609625 1.15948858 0.56377537 0.69219473 2.459977108824e-04 3.872541778296e-01 2.527489229824e+00 1.021025649833e-03 1.474577437757e-02
20 55 2 0.56628088 0.82609625 1.15948858 0.56377537 0.69219473 2.138508476728e-05 4.259767937177e-01 2.670645646265e+00 2.335789136691e-02 1.504229855139e-02
20 56 2 0.56628088 0.82609625 1.15948858 0.56377537 0.69219473 1.024579891100e-04 4.895534067723e-01 2.828730344583e+00 1.284130628423e-02 1.465902048352e-02
20 57 2 0.56628088 0.82609625 1.15948858 0.56377537 0.69219473 4.892163087379e-04 5.655329373119e-01 2.997224455103e+00 3.834994095506e-02 1.756869376937e-02
20 58 2 0.56628088 0.82609625 1.15948858 0.56377537 0.69219473 1.181659494239e-03 6.383431930652e-01 3.199155267050e+00 6.042131651495e-02 1.498978532793e-02
20 59 2 0.56628088 0.82609625 1.15948858 0.56377537 0.69219473 2.179786561924e-03 6.838786655457e-01 3.426514003914e+00 2.759255399934e-02 1.894543733917e-02
20 60 2 0.56628088 0.82609625 1.15948858 0.56377537 0.69219473 3.483596093897e-03 6.765737083419e-01 3.614920605917e+00 7.194353598253e-02 1.668874718348e-02
20 61 2 0.56628088 0.82609625 1.15948858 0.56377537 0.69219473 5.093086237960e-03 6.291070309795e-01 3.714381936316e+00 3.481176442379e-02 1.975276520016e-02
20 62 2 0.56628088 0.82609625 1.15948858 0.56377537 0.69219473 7.008254707739e-03 5.789303269054e-01 3.740039039989e+00 2.029273996982e-02 1.884451643779e-02
20 63 2 0.56628088 0.82609625 1.15948858 0.56377537 0.69219473 9.229098782537e-03 5.541730719621e-01 3.747398606297e+00 2.724165060937e-02 1.979045799676e-02
21 0 2 0.66344876 1.46985296 2.90575746 0.80399277 0.98526429 1.963369365363e-05 1.063258194046e+01 1.485752536889e+02 9.872103643112e-01 2.004419859468e+00
21 1 2 0.66344876 1.46985296 2.90575746 0.80399277 0.98526429 1.754644378926e-05 1.032578810319e+01 1.436075446428e+02 9.379119626064e-01 1.905932810764e+00
21 2 2 0.66344876 1.46985296 2.90575746 0.80399277 0.98526429 1.369214512054e-05 9.907038525439e+00 1.386613978679e+02 9.020378491478e-01 1.809076810264e+00
21 3 2 0.66344876 1.46985296 2.90575746 0.80399277 0.98526429 1.017943732439e-05 9.463450917652e+00 1.336688444311e+02 8.631055235615e-01 1.776933462650e+00
21 4 2 0.66344876 1.46985296 2.90575746 0.80399277 0.98526429 6.704975139104e-06 9.074318564848e+00 1.293814387439e+02 8.400560358318e-01 1.681909864966e+00
21 5 2 0.66344876 1.46985296 2.90575746 0.80399277 0.98526429 3.163765280719e-06 8.763389740175e+00 1.252692817925e+02 8.241339117445e-01 1.699113469134e+00
21 6 2 0.66344876 1.46985296 2.90575746 0.80399277 0.98526429 1.399729109061e-06 8.512451546810e+00 1.208167336671e+02 7.953596199819e-01 1.599525207302e+00
21 7 2 0.66344876 1.46985296 2.90575746 0.80399277 0.98526429 2.987411869557e-06 8.297508248201e+00 1.163155036473e+02 7.714627434965e-01 1.591285895096e+00
21 8 2 0.66344876 1.46985296 2.90575746 0.80399277 0.98526429 6.669834676741e-06 8.081802135791e+00 1.121460193471e+02 7.434307189805e-01 1.496542465942e+00
21 9 2 0.66344876 1.46985296 2.90575746 0.80399277 0.98526429 9.642240007767e-06 7.786963544628e+00 1.087111652989e+02 7.140434457895e-01 1.443478315123e+00
21 10 2 0.66344876 1.46985296 2.90575746 0.80399277 0.98526429 1.076898338625e-05 7.476465176981e+00 1.056957252882e+02 6.916005136594e-01 1.391907158115e+00
21 11 2 0.66344876 1.46985296 2.90575746 0.80399277 0.98526429 1.100033387688e-05 7.195506194947e+00 1.024821048265e+02 6.614663207072e-01 1.324270436436e+00
21 12 2 0.66344876 1.46985296 2.90575746 0.80399277 0.98526429 1.088158759836e-05 6.871339857396e+00 9.876319733272e+01 6.321687111156e-01 1.322847161199e+00
21 13 2 0.66344876 1.46985296 2.90575746 0.80399277 0.98526429 9.440964802663e-06 6.579928605763e+00 9.487936474923e+01 5.949047123752e-01 1.232944275809e+00
21 14 2 0.66344876 1.46985296 2.90575746 0.80399277 0.98526429 6.141730497167e-06 6.374346645372e+00 9.148115383628e+01 5.839909317473e-01 1.240428280825e+00
21 15 2 0.66344876 1.46985296 2.90575746 0.80399277 0.98526429 2.546678437789e-06 6.195874444101e+00 8.849416415713e+01 5.608942843063e-01 1.156588222175e+00
21 16 2 0.66344876 1.46985296 2.90575746 0.80399277 0.98526429 8.744116085474e-07 6.054556799161e+00 8.595353108429e+01 5.634633089595e-01 1.140307870003e+00
21 17 2 0.66344876 1.46985296 2.90575746 0.80399277 0.98526429 1.548164348778e-06 5.919432578071e+00 8.389959609267e+01 5.487219315863e-01 1.098443322797e+00
21 18 2 0.66344876 1.46985296 2.90575746 0.80399277 0.98526429 3.262798277603e-06 5.749591005060e+00 8.190046457806e+01 5.330860517683e-01 1.076048119163e+00
21 19 2 0.66344876 1.46985296 2.90575746 0.80399277 0.98526429 5.076605333095e-06 5.572362846829e+00 7.998773021437e+01 5.120273991176e-01 1.062474936179e+00
21 20 2 0.66344876 1.46985296 2.90575746 0.80399277 0.98526429 7.137209919471e-06 5.413212715200e+00 7.810948914441e+01 4.924548983280e-01 1.019748568089e+00
21 21 2 0.66344876 1.46985296 2.90575746 0.80399277 0.98526429 9.223567790970e-06 5.304633127016e+00 7.619634375789e+01 4.811418169700e-01 1.023589551441e+00
21 22 2 0.66344876 1.46985296 2.90575746 0.80399277 0.98526429 9.909569353028e-06 5.215977574532e+00 7.459229677401e+01 4.697849387689e-01 9.565687313999e-01
21 23 2 0.66344876 1.46985296 2.90575746 0.80399277 0.98526429 8.070440275660e-06 5.102396527513e+00 7.326851286781e+01 4.668843592851e-01 9.769456263394e-01
21 24 2 0.66344876 1.46985296 2.90575746 0.80399277 0.98526429 4.580131427709e-06 5.003770255896e+00 7.205817511293e+01 4.598453178039e-01 9.354730197913e-01
21 25 2 0.66344876 1.46985296 2.90575746 0.80399277 0.98526429 1.584585593777e-06 4.935040738480e+00 7.095229227186e+01 4.558535347347e-01 9.529462757111e-01
21 26 2 0.66344876 1.46985296 2.90575746 0.80399277 0.98526429 3.307614765959e-07 4.888847032686e+00 7.007139650212e+01 4.529854088751e-01 9.443250298697e-01
21 27 2 0.66344876 1.46985296 2.90575746 0.80399277 0.98526429 5.322926518042e-07 4.852712615629e+00 6.943576316632e+01 4.467904279155e-01 9.257951572592e-01
21 28 2 0.66344876 1.46985296 2.90575746 0.80399277 0.98526429 1.706205074421e-06 4.790013711036e+00 6.876855868544e+01 4.380590006825e-01 9.197886042695e-01
21 29 2 0.66344876 1.46985296 2.90575746 0.80399277 0.98526429 3.980889222352e-06 4.704020830422e+00 6.809109414151e+01 4.222956069642e-01 8.736954235037e-01
21 30 2 0.66344876 1.46985296 2.90575746 0.80399277 0.98526429 7.083907492169e-06 4.621666878347e+00 6.754326401494e+01 4.198729615288e-01 8.897962543709e-01
21 31 2 0.66344876 1.46985296 2.90575746 0.80399277 0.98526429 9.444257542872e-06 4.611843432350e+00 6.742340631211e+01 4.110686320386e-01 8.568330238515e-01
21 32 2 0.66344876 1.46985296 2.90575746 0.80399277 0.98526429 9.353023791109e-06 4.708318355043e+00 6.808447093442e+01 4.290131390985e-01 9.128240585445e-01
21 33 2 0.66344876 1.46985296 2.90575746 0.80399277 0.98526429 6.863447865723e-06 4.806028175149e+00 6.900634604904e+01 4.389214119560e-01 9.130236081805e-01
21 34 2 0.66344876 1.46985296 2.90575746 0.80399277 0.98526429 3.739404943544e-06 4.872666744983e+00 6.971497345423e+01 4.516481570043e-01 9.511631046176e-01
21 35 2 0.66344876 1.46985296 2.90575746 0.80399277 0.98526429 1.520581055248e-06 4.935962461864e+00 7.031617091049e+01 4.573638721898e-01 9.655210100168e-01
21 36 2 0.66344876 1.46985296 2.90575746 0.80399277 0.98526429 4.377677569404e-07 4.950596005242e+00 7.092314423454e+01 4.570295626068e-01 9.569431509930e-01
21 37 2 0.66344876 1.46985296 2.90575746 0.80399277 0.98526429 3.821815048822e-07 4.975211025625e+00 7.183920000308e+01 4.577185001267e-01 9.733573733435e-01
21 38 2 0.66344876 1.46985296 2.90575746 0.80399277 0.98526429 1.869159701747e-06 5.076973915793e+00 7.308576971266e+01 4.604648973420e-01 9.599639835122e-01
21 39 2 0.66344876 1.46985296 2.90575746 0.80399277 0.98526429 5.122546333751e-06 5.188306184954e+00 7.443830516473e+01 4.702640385632e-01 1.003619585005e+00
21 40 2 0.66344876 1.46985296 2.90575746 0.80399277 0.98526429 8.743581876345e-06 5.283809896029e+00 7.591677357381e+01 4.778095772563e-01 1.012848929046e+00
21 41 2 0.66344876 1.46985296 2.90575746 0.80399277 0.98526429 1.049475660090e-05 5.401783608139e+00 7.762171314976e+01 4.914820359382e-01 1.064425444056e+00
21 42 2 0.66344876 1.46985296 2.90575746 0.80399277 0.98526429 9.575644427614e-06 5.549541480580e+00 7.959449840212e+01 5.100100805784e-01 1.085751789645e+00
21 43 2 0.66344876 1.46985296 2.90575746 0.80399277 0.98526429 7.260057044653e-06 5.701511411959e+00 8.156311418622e+01 5.262470769340e-01 1.114541057369e+00
21 44 2 0.66344876 1.46985296 2.90575746 0.80399277 0.98526429 5.041065063478e-06 5.865779460647e+00 8.356963339995e+01 5.483731670463e-01 1.147006521494e+00
21 45 2 0.66344876 1.46985296 2.90575746 0.80399277 0.98526429 3.127823838612e-06 6.060487875623e+00 8.589158173300e+01 5.570069734297e-01 1.169451104837e+00
21 46 2 0.66344876 1.46985296 2.90575746 0.80399277 0.98526429 1.417140597809e-06 6.215647192420e+00 8.843592971354e+01 5.708018382291e-01 1.233876906637e+00
21 47 2 0.66344876 1.46985296 2.90575746 0.80399277 0.98526429 9.602014512030e-07 6.361011430245e+00 9.145414636119e+01 5.752481103915e-01 1.262793881499e+00
21 48 2 0.66344876 1.46985296 2.90575746 0.80399277 0.98526429 3.054074253504e-06 6.606106908525e+00 9.490440046084e+01 6.007773515702e-01 1.331409115313e+00
21 49 2 0.66344876 1.46985296 2.90575746 0.80399277 0.98526429 7.055532435051e-06 6.888792292182e+00 9.842400549956e+01 6.302171169671e-01 1.372523066734e+00
21 50 2 0.66344876 1.46985296 2.90575746 0.80399277 0.98526429 1.050820640650e-05 7.181049703365e+00 1.020919658151e+02 6.628250749026e-01 1.412558536924e+00
21 51 2 0.66344876 1.46985296 2.90575746 0.80399277 0.98526429 1.183844067937e-05 7.502828708081e+00 1.055009048176e+02 6.974292713819e-01 1.477838643478e+00
21 52 2 0.66344876 1.46985296 2.90575746 0.80399277 0.98526429 1.174637593690e-05 7.769086521976e+00 1.084663060803e+02 7.197846973300e-01 1.511518403114e+00
21 53 2 0.66344876 1.46985296 2.90575746 0.80399277 0.98526429 1.128613277667e-05 8.000580674456e+00 1.116080188416e+02 7.359194789592e-01 1.610674933526e+00
21 54 2 0.66344876 1.46985296 2.90575746 0.80399277 0.98526429 9.866824596667e-06 8.237488594594e+00 1.154351989028e+02 7.638043683292e-01 1.640171032447e+00
21 55 2 0.66344876 1.46985296 2.90575746 0.80399277 0.98526429 6.591931389109e-06 8.456612454496e+00 1.200019663132e+02 7.855052716381e-01 1.747117657095e+00
21 56 2 0.66344876 1.46985296 2.90575746 0.80399277 0.98526429 2.838295738583e-06 8.710631038509e+00 1.246870050768e+02 8.120331783385e-01 1.759005231991e+00
21 57 2 0.66344876 1.46985296 2.90575746 0.80399277 0.98526429 1.567510046893e-06 9.020454088237e+00 1.291054193081e+02 8.358254069403e-01 1.835074859489e+00
21 58 2 0.66344876 1.46985296 2.90575746 0.80399277 0.98526429 3.860670375115e-06 9.406938993274e+00 1.333634963797e+02 8.638538208311e-01 1.894496639261e+00
21 59 2 0.66344876 1.46985296 2.90575746 0.80399277 0.98526429 7.819204727867e-06 9.875717766397e+00 1.379292315234e+02 8.910681662220e-01 1.940576311312e+00
21 60 2 0.66344876 1.46985296 2.90575746 0.80399277 0.98526429 1.149435973619e-05 1.032018436843e+01 1.433611016620e+02 9.423053779451e-01 2.096959913743e+00
21 61 2 0.66344876 1.46985296 2.90575746 0.80399277 0.98526429 1.510350063714e-05 1.068313692937e+01 1.488902476196e+02 9.842878016239e-01 2.136706959667e+00
21 62 2 0.66344876 1.46985296 2.90575746 0.80399277 0.98526429 1.894550271960e-05 1.098896489229e+01 1.542257380831e+02 1.030752865829e+00 2.302620412498e+00
21 63 2 0.66344876 1.46985296 2.90575746 0.80399277 0.98526429 2.071832746655e-05 1.134366772609e+01 1.601010785530e+02 1.064371654387e+00 2.331142310982e+00
22 0 2 0.71147655 0.91092456 1.36728085 0.60143896 0.85912618 8.259835943465e-03 1.646375090990e+00 7.664252024535e+00 3.849275241066e-01 3.106578434005e-04
22 1 2 0.71147655 0.91092456 1.36728085 0.60143896 0.85912618 7.957231797283e-03 1.600287174264e+00 7.388177910703e+00 2.842718097067e-01 3.289192671402e-04
22 2 2 0.71147655 0.91092456 1.36728085 0.60143896 0.85912618 7.664633914232e-03 1.586656760815e+00 7.166776418898e+00 3.689746242002e-01 3.307322086211e-04
22 3 2 0.71147655 0.91092456 1.36728085 0.60143896 0.85912618 7.382042947654e-03 1.553710115731e+00 7.036787910286e+00 3.116505892359e-01 2.989643495186e-04
22 4 2 0.71147655 0.91092456 1.36728085 0.60143896 0.85912618 7.109459528549e-03 1.490543407777e+00 6.906356016159e+00 2.746813705386e-01 2.422386001707e-04
22 5 2 0.71147655 0.91092456 1.36728085 0.60143896 0.85912618 6.846884265569e-03 1.440018194345e+00 6.764423392570e+00 3.242412051313e-01 1.871100283606e-04
22 6 2 0.71147655 0.91092456 1.36728085 0.60143896 0.85912618 6.594317745019e-03 1.390244247184e+00 6.618100315169e+00 2.293926380920e-01 1.586265288967e-04
22 7 2 0.71147655 0.91092456 1.36728085 0.60143896 0.85912618 6.351760530859e-03 1.330347125301e+00 6.464010047464e+00 2.667900854004e-01 1.633507922972e-04
22 8 2 0.71147655 0.91092456 1.36728085 0.60143896 0.85912618 6.119213164696e-03 1.266203627392e+00 6.270569604435e+00 2.528568483390e-01 1.862567028320e-04
22 9 2 0.71147655 0.91092456 1.36728085 0.60143896 0.85912618 5.896676165784e-03 1.202054259464e+00 6.016543147168e+00 1.855816686662e-01 2.026494839382e-04
22 10 2 0.71147655 0.91092456 1.36728085 0.60143896 0.85912618 5.684150031028e-03 1.139113378203e+00 5.755116963573e+00 2.436590974172e-01 1.959032695485e-04
22 11 2 0.71147655 0.91092456 1.36728085 0.60143896 0.85912618 5.481635234980e-03 1.067900149693e+00 5.473821651275e+00 1.681454979672e-01 1.684339845427e-04
22 12 2 0.71147655 0.91092456 1.36728085 0.60143896 0.85912618 5.289132229837e-03 1.024601235436e+00 5.214328446120e+00 1.802842855985e-01 1.387741213843e-04
22 13 2 0.71147655 0.91092456 1.36728085 0.60143896 0.85912618 5.106641445437e-03 1.008919689349e+00 4.994318326233e+00 1.996962035984e-01 1.275987445285e-04
22 14 2 0.71147655 0.91092456 1.36728085 0.60143896 0.85912618 4.934163289267e-03 9.781110403731e-01 4.768844479808e+00 1.413901892609e-01 1.429710080360e-04
22 15 2 0.71147655 0.91092456 1.36728085 0.60143896 0.85912618 4.771698146454e-03 9.373187823048e-01 4.570759901116e+00 1.927303317580e-01 1.750343190226e-04
22 16 2 0.71147655 0.91092456 1.36728085 0.60143896 0.85912618 4.619246379766e-03 9.082899794094e-01 4.448611372879e+00 1.534918371909e-01 2.033576485714e-04
22 17 2 0.71147655 0.91092456 1.36728085 0.60143896 0.85912618 4.476808329616e-03 8.869899361759e-01 4.367041818408e+00 1.481531941870e-01 2.113204739168e-04
22 18 2 0.71147655 0.91092456 1.36728085 0.60143896 0.85912618 4.344384314053e-03 8.805526901812e-01 4.330965939851e+00 1.913580251701e-01 1.973831693416e-04
22 19 2 0.71147655 0.91092456 1.36728085 0.60143896 0.85912618 4.221974628767e-03 8.752232233933e-01 4.322790235456e+00 1.317401545127e-01 1.756577728905e-04
22 20 2 0.71147655 0.91092456 1.36728085 0.60143896 0.85912618 4.109579547088e-03 8.488240686673e-01 4.252921155036e+00 1.747806714935e-01 1.657635680286e-04
22 21 2 0.71147655 0.91092456 1.36728085 0.60143896 0.85912618 4.007199319984e-03 8.205308948021e-01 4.145366843130e+00 1.554353672913e-01 1.791886612238e-04
22 22 2 0.71147655 0.91092456 1.36728085 0.60143896 0.85912618 3.914834176059e-03 7.886780905743e-01 4.032933158810e+00 1.236457918359e-01 2.114669532924e-04
22 23 2 0.71147655 0.91092456 1.36728085 0.60143896 0.85912618 3.832484321557e-03 7.539109784785e-01 3.922568201727e+00 1.648457120140e-01 2.452745603350e-04
22 24 2 0.71147655 0.91092456 1.36728085 0.60143896 0.85912618 3.760149940357e-03 7.303884554433e-01 3.814702219661e+00 1.141934524153e-01 2.621154069372e-04
22 25 2 0.71147655 0.91092456 1.36728085 0.60143896 0.85912618 3.697831193975e-03 7.157119622407e-01 3.712898465844e+00 1.394758652545e-01 2.546338302463e-04
22 26 2 0.71147655 0.91092456 1.36728085 0.60143896 0.85912618 3.645528221562e-03 6.980497496621e-01 3.619817751569e+00 1.440674775850e-01 2.313812464971e-04
22 27 2 0.71147655 0.91092456 1.36728085 0.60143896 0.85912618 3.603241139907e-03 6.733964647599e-01 3.520028396098e+00 1.016346652102e-01 2.110128958045e-04
22 28 2 0.71147655 0.91092456 1.36728085 0.60143896 0.85912618 3.570970043432e-03 6.508127957087e-01 3.407717551621e+00 1.461756728548e-01 2.098768821981e-04
22 29 2 0.71147655 0.91092456 1.36728085 0.60143896 0.85912618 3.548715004196e-03 6.295482025580e-01 3.279194408661e+00 1.036114537412e-01 2.312073656918e-04
22 30 2 0.71147655 0.91092456 1.36728085 0.60143896 0.85912618 3.536476071891e-03 5.993553105928e-01 3.152603487987e+00 1.073407986743e-01 2.629772083561e-04
22 31 2 0.71147655 0.91092456 1.36728085 0.60143896 0.85912618 3.534253273847e-03 5.934804330217e-01 3.145040908332e+00 1.240890072977e-01 2.857617734627e-04
22 32 2 0.71147655 0.91092456 1.36728085 0.60143896 0.85912618 3.542046615027e-03 6.526476186083e-01 3.358168892509e+00 1.017444439605e-01 2.854524494051e-04
22 33 2 0.71147655 0.91092456 1.36728085 0.60143896 0.85912618 3.559856078028e-03 7.199507463669e-01 3.622798714734e+00 1.631857702327e-01 2.625239749087e-04
22 34 2 0.71147655 0.91092456 1.36728085 0.60143896 0.85912618 3.587681623085e-03 7.494131269318e-01 3.777957608298e+00 1.439571381242e-01 2.317941906563e-04
22 35 2 0.71147655 0.91092456 1.36728085 0.60143896 0.85912618 3.625523188065e-03 7.680776676201e-01 3.857900344844e+00 1.409961621926e-01 2.127776002260e-04
22 36 2 0.71147655 0.91092456 1.36728085 0.60143896 0.85912618 3.673380688472e-03 7.869594607362e-01 3.910455734864e+00 1.826741521207e-01 2.168727493516e-04
22 37 2 0.71147655 0.91092456 1.36728085 0.60143896 0.85912618 3.731254017443e-03 7.982032578496e-01 3.955053467970e+00 1.327714438770e-01 2.397690342299e-04
22 38 2 0.71147655 0.91092456 1.36728085 0.60143896 0.85912618 3.799143045755e-03 8.074818216803e-01 4.006917497285e+00 1.740452012226e-01 2.641564601290e-04
22 39 2 0.71147655 0.91092456 1.36728085 0.60143896 0.85912618 3.877047621816e-03 8.266469405244e-01 4.066869493653e+00 1.656520577084e-01 2.711160387221e-04
22 40 2 0.71147655 0.91092456 1.36728085 0.60143896 0.85912618 3.964967571674e-03 8.527437201469e-01 4.121598158479e+00 1.475951474169e-01 2.527760645344e-04
22 41 2 0.71147655 0.91092456 1.36728085 0.60143896 0.85912618 4.062902699011e-03 8.719921290884e-01 4.176434458133e+00 2.007112036693e-01 2.177952144893e-04
22 42 2 0.71147655 0.91092456 1.36728085 0.60143896 0.85912618 4.170852785147e-03 8.811026432222e-01 4.227004631750e+00 1.549920702558e-01 1.858188573051e-04
22 43 2 0.71147655 0.91092456 1.36728085 0.60143896 0.85912618 4.288817589041e-03 8.926075244673e-01 4.269507851833e+00 1.779204182355e-01 1.743858787705e-04
22 44 2 0.71147655 0.91092456 1.36728085 0.60143896 0.85912618 4.416796847287e-03 8.950502596540e-01 4.296780833126e+00 1.899700471776e-01 1.870023721485e-04
22 45 2 0.71147655 0.91092456 1.36728085 0.60143896 0.85912618 4.554790274121e-03 9.027084704159e-01 4.386337275257e+00 1.475497023016e-01 2.105935206905e-04
22 46 2 0.71147655 0.91092456 1.36728085 0.60143896 0.85912618 4.702797561415e-03 9.374374255201e-01 4.568404201458e+00 2.025073416667e-01 2.243797699588e-04
22 47 2 0.71147655 0.91092456 1.36728085 0.60143896 0.85912618 4.860818378684e-03 9.783227082154e-01 4.782582302409e+00 1.758652286173e-01 2.143794743885e-04
22 48 2 0.71147655 0.91092456 1.36728085 0.60143896 0.85912618 5.028852373083e-03 1.022529056247e+00 5.040175731220e+00 1.890456481259e-01 1.835815544925e-04
22 49 2 0.71147655 0.91092456 1.36728085 0.60143896 0.85912618 5.206899169406e-03 1.060428357536e+00 5.296266034879e+00 2.292604776359e-01 1.504562649859e-04
22 50 2 0.71147655 0.91092456 1.36728085 0.60143896 0.85912618 5.394958370093e-03 1.086919427370e+00 5.505518521399e+00 1.838142418052e-01 1.363955557086e-04
22 51 2 0.71147655 0.91092456 1.36728085 0.60143896 0.85912618 5.593029555226e-03 1.137526131378e+00 5.716036675130e+00 2.446997023370e-01 1.505797925659e-04
22 52 2 0.71147655 0.91092456 1.36728085 0.60143896 0.85912618 5.801112282526e-03 1.213875386817e+00 5.934865094103e+00 2.431804191288e-01 1.830260836206e-04
22 53 2 0.71147655 0.91092456 1.36728085 0.60143896 0.85912618 6.019206087371e-03 1.267834000217e+00 6.103748672525e+00 2.373667608917e-01 2.112394446517e-04
22 54 2 0.71147655 0.91092456 1.36728085 0.60143896 0.85912618 6.247310482774e-03 1.307220402830e+00 6.249726406606e+00 2.969525783089e-01 2.163415691400e-04
22 55 2 0.71147655 0.91092456 1.36728085 0.60143896 0.85912618 6.485424959400e-03 1.346715263528e+00 6.364500342704e+00 2.538522736467e-01 1.974271891688e-04
22 56 2 0.71147655 0.91092456 1.36728085 0.60143896 0.85912618 6.733548985562e-03 1.376796861128e+00 6.464100882898e+00 2.897795093625e-01 1.735119981719e-04
22 57 2 0.71147655 0.91092456 1.36728085 0.60143896 0.85912618 6.991682007221e-03 1.403033077858e+00 6.618414810307e+00 3.085402560478e-01 1.708433816629e-04
22 58 2 0.71147655 0.91092456 1.36728085 0.60143896 0.85912618 7.259823447995e-03 1.428560042950e+00 6.815130283041e+00 2.713715151475e-01 2.039331835922e-04
22 59 2 0.71147655 0.91092456 1.36728085 0.60143896 0.85912618 7.537972709144e-03 1.467392874947e+00 7.053850335668e+00 3.396214908891e-01 2.638547746362e-04
22 60 2 0.71147655 0.91092456 1.36728085 0.60143896 0.85912618 7.826129169589e-03 1.490939022303e+00 7.330377297891e+00 2.993848815474e-01 3.229636216879e-04
22 61 2 0.71147655 0.91092456 1.36728085 0.60143896 0.85912618 8.124292185904e-03 1.502479804269e+00 7.702993166256e+00 3.024037898226e-01 3.537941566932e-04
22 62 2 0.71147655 0.91092456 1.36728085 0.60143896 0.85912618 8.432461092319e-03 1.554461624496e+00 8.137775653092e+00 3.429793574783e-01 3.493119365147e-04
22 63 2 0.71147655 0.91092456 1.36728085 0.60143896 0.85912618 8.750635200723e-03 1.623189748960e+00 8.544384217507e+00 2.996392768505e-01 3.297531605363e-04
