# environment=00171 local_bs=4 gain_scale=3.056240094823e-11
# ue subcarrier serving_bs phi0 phi1 phi2 phi3 phi4 gain0 gain1 gain2 gain3 gain4
2 0 4 5.30499305 6.97208789 8.29997692 7.18220457 9.47899549 5.741276611095e+00 1.531795308562e+01 2.752445948806e+01 1.715924671674e+01 4.150077525038e+01
2 1 4 5.30499305 6.97208789 8.29997692 7.18220457 9.47899549 5.596260037237e+00 1.483554477480e+01 2.659223480975e+01 1.668086707648e+01 4.012747181800e+01
2 2 4 5.30499305 6.97208789 8.29997692 7.18220457 9.47899549 5.515290294171e+00 1.440250829682e+01 2.568421145683e+01 1.612977019268e+01 3.901463983093e+01
2 3 4 5.30499305 6.97208789 8.29997692 7.18220457 9.47899549 5.391704475001e+00 1.399469222184e+01 2.485788695438e+01 1.553249546110e+01 3.801421161555e+01
2 4 4 5.30499305 6.97208789 8.29997692 7.18220457 9.47899549 5.197252578043e+00 1.357861694158e+01 2.408446311929e+01 1.492349960551e+01 3.689355120147e+01
2 5 4 5.30499305 6.97208789 8.29997692 7.18220457 9.47899549 4.998981013727e+00 1.313643271607e+01 2.329158706991e+01 1.434561428257e+01 3.564588038962e+01
2 6 4 5.30499305 6.97208789 8.29997692 7.18220457 9.47899549 4.864181871222e+00 1.268989611527e+01 2.247582429030e+01 1.381700040309e+01 3.445950848037e+01
2 7 4 5.30499305 6.97208789 8.29997692 7.18220457 9.47899549 4.773207674607e+00 1.227113874364e+01 2.172138525602e+01 1.334717485377e+01 3.339820385403e+01
2 8 4 5.30499305 6.97208789 8.29997692 7.18220457 9.47899549 4.642313107724e+00 1.186927138776e+01 2.109284988086e+01 1.296444678598e+01 3.238363995110e+01
2 9 4 5.30499305 6.97208789 8.29997692 7.18220457 9.47899549 4.438179744731e+00 1.146000276962e+01 2.056521999658e+01 1.266158301149e+01 3.142311373838e+01
2 10 4 5.30499305 6.97208789 8.29997692 7.18220457 9.47899549 4.230556559789e+00 1.106756525294e+01 2.004441053802e+01 1.237891610660e+01 3.055604796820e+01
2 11 4 5.30499305 6.97208789 8.29997692 7.18220457 9.47899549 4.097951120077e+00 1.072821398161e+01 1.943921887791e+01 1.205620233874e+01 2.969932475190e+01
2 12 4 5.30499305 6.97208789 8.29997692 7.18220457 9.47899549 4.022712229099e+00 1.042519585512e+01 1.875460849642e+01 1.168530334150e+01 2.880440892548e+01
2 13 4 5.30499305 6.97208789 8.29997692 7.18220457 9.47899549 3.925762137263e+00 1.012528144642e+01 1.809959371412e+01 1.129956478978e+01 2.800717297915e+01
2 14 4 5.30499305 6.97208789 8.29997692 7.18220457 9.47899549 3.774646460936e+00 9.836149758402e+00 1.757051568553e+01 1.090477528735e+01 2.739663346916e+01
2 15 4 5.30499305 6.97208789 8.29997692 7.18220457 9.47899549 3.615137639263e+00 9.574231442392e+00 1.715057449535e+01 1.049558223864e+01 2.679752599863e+01
2 16 4 5.30499305 6.97208789 8.29997692 7.18220457 9.47899549 3.508780309250e+00 9.325177845740e+00 1.674909218921e+01 1.011527042170e+01 2.599945840505e+01
2 17 4 5.30499305 6.97208789 8.29997692 7.18220457 9.47899549 3.461093748203e+00 9.076550822258e+00 1.631557956533e+01 9.823861420157e+00 2.508099364222e+01
2 18 4 5.30499305 6.97208789 8.29997692 7.18220457 9.47899549 3.413553644745e+00 8.844599905528e+00 1.588553304374e+01 9.639510648101e+00 2.431195352194e+01
2 19 4 5.30499305 6.97208789 8.29997692 7.18220457 9.47899549 3.313555605611e+00 8.642705772443e+00 1.551109435934e+01 9.519742111192e+00 2.379949886169e+01
2 20 4 5.30499305 6.97208789 8.29997692 7.18220457 9.47899549 3.185891222278e+00 8.458061294636e+00 1.519706584624e+01 9.401810068903e+00 2.339027698780e+01
2 21 4 5.30499305 6.97208789 8.29997692 7.18220457 9.47899549 3.102469863769e+00 8.274927948194e+00 1.492107524837e+01 9.261489753878e+00 2.291789304932e+01
2 22 4 5.30499305 6.97208789 8.29997692 7.18220457 9.47899549 3.081345703891e+00 8.100860529123e+00 1.465054605383e+01 9.105649613489e+00 2.241787361639e+01
2 23 4 5.30499305 6.97208789 8.29997692 7.18220457 9.47899549 3.060512647261e+00 7.958484370299e+00 1.436691682553e+01 8.943214186012e+00 2.203607624461e+01
2 24 4 5.30499305 6.97208789 8.29997692 7.18220457 9.47899549 2.983831800589e+00 7.852672729744e+00 1.411291562797e+01 8.772960996652e+00 2.180529662588e+01
2 25 4 5.30499305 6.97208789 8.29997692 7.18220457 9.47899549 2.874710221559e+00 7.757383280149e+00 1.395781711550e+01 8.589396796910e+00 2.160518244835e+01
2 26 4 5.30499305 6.97208789 8.29997692 7.18220457 9.47899549 2.804379249524e+00 7.650641855226e+00 1.390123753912e+01 8.418355803961e+00 2.133311079948e+01
2 27 4 5.30499305 6.97208789 8.29997692 7.18220457 9.47899549 2.804039109310e+00 7.545436165885e+00 1.384935066454e+01 8.301431466441e+00 2.103768489048e+01
2 28 4 5.30499305 6.97208789 8.29997692 7.18220457 9.47899549 2.825944822852e+00 7.457861693528e+00 1.371823226332e+01 8.241040624073e+00 2.081640189006e+01
2 29 4 5.30499305 6.97208789 8.29997692 7.18220457 9.47899549 2.800967064971e+00 7.376568450547e+00 1.351427714744e+01 8.209134771640e+00 2.065636901989e+01
2 30 4 5.30499305 6.97208789 8.29997692 7.18220457 9.47899549 2.731860477032e+00 7.307524462849e+00 1.331888746565e+01 8.196815146638e+00 2.053491573337e+01
2 31 4 5.30499305 6.97208789 8.29997692 7.18220457 9.47899549 2.699732419507e+00 7.304421482961e+00 1.327647358874e+01 8.232418178675e+00 2.056157322481e+01
2 32 4 5.30499305 6.97208789 8.29997692 7.18220457 9.47899549 2.758915736557e+00 7.395675557013e+00 1.345757979819e+01 8.326279322624e+00 2.077903761938e+01
2 33 4 5.30499305 6.97208789 8.29997692 7.18220457 9.47899549 2.859944758111e+00 7.526634885635e+00 1.371806396200e+01 8.423260053572e+00 2.100432974059e+01
2 34 4 5.30499305 6.97208789 8.29997692 7.18220457 9.47899549 2.912940868373e+00 7.631428707337e+00 1.388477129803e+01 8.471585219278e+00 2.112390052081e+01
2 35 4 5.30499305 6.97208789 8.29997692 7.18220457 9.47899549 2.902119738052e+00 7.712484278123e+00 1.393937604764e+01 8.491006781842e+00 2.129445336786e+01
2 36 4 5.30499305 6.97208789 8.29997692 7.18220457 9.47899549 2.897430865569e+00 7.800110456874e+00 1.395587967856e+01 8.535635559043e+00 2.163557533772e+01
2 37 4 5.30499305 6.97208789 8.29997692 7.18220457 9.47899549 2.961644722375e+00 7.891963588751e+00 1.403987432748e+01 8.631842957378e+00 2.200311007086e+01
2 38 4 5.30499305 6.97208789 8.29997692 7.18220457 9.47899549 3.075052840343e+00 7.981184225101e+00 1.425944011268e+01 8.766324968773e+00 2.223670367955e+01
2 39 4 5.30499305 6.97208789 8.29997692 7.18220457 9.47899549 3.160021015223e+00 8.092494944009e+00 1.457065712996e+01 8.931005188899e+00 2.241843975025e+01
2 40 4 5.30499305 6.97208789 8.29997692 7.18220457 9.47899549 3.175893788989e+00 8.248174951627e+00 1.488125977180e+01 9.136307931979e+00 2.275923654879e+01
2 41 4 5.30499305 6.97208789 8.29997692 7.18220457 9.47899549 3.174716469506e+00 8.433549419115e+00 1.516125266684e+01 9.366681670604e+00 2.332395287751e+01
2 42 4 5.30499305 6.97208789 8.29997692 7.18220457 9.47899549 3.238664485162e+00 8.621770754461e+00 1.545560393697e+01 9.583070504995e+00 2.396548309173e+01
2 43 4 5.30499305 6.97208789 8.29997692 7.18220457 9.47899549 3.371200426054e+00 8.810345022347e+00 1.580697353395e+01 9.761466831391e+00 2.453617117979e+01
2 44 4 5.30499305 6.97208789 8.29997692 7.18220457 9.47899549 3.493366999640e+00 9.018910437947e+00 1.621770284626e+01 9.918732607180e+00 2.507881602108e+01
2 45 4 5.30499305 6.97208789 8.29997692 7.18220457 9.47899549 3.552293609842e+00 9.258747573256e+00 1.666640532776e+01 1.011360084277e+01 2.573309788690e+01
2 46 4 5.30499305 6.97208789 8.29997692 7.18220457 9.47899549 3.588922648571e+00 9.515585408183e+00 1.711296711515e+01 1.038880097865e+01 2.650772124647e+01
2 47 4 5.30499305 6.97208789 8.29997692 7.18220457 9.47899549 3.681926357607e+00 9.774196404927e+00 1.754607105767e+01 1.073291011767e+01 2.725889807179e+01
2 48 4 5.30499305 6.97208789 8.29997692 7.18220457 9.47899549 3.850536098338e+00 1.004780255624e+01 1.802596013801e+01 1.111175884456e+01 2.790290545857e+01
2 49 4 5.30499305 6.97208789 8.29997692 7.18220457 9.47899549 4.028778817942e+00 1.035338352931e+01 1.861674742680e+01 1.150963936695e+01 2.852821147402e+01
2 50 4 5.30499305 6.97208789 8.29997692 7.18220457 9.47899549 4.139633589303e+00 1.067737014888e+01 1.928921732292e+01 1.193848642517e+01 2.924184116970e+01
2 51 4 5.30499305 6.97208789 8.29997692 7.18220457 9.47899549 4.195950247190e+00 1.100908219905e+01 1.993075360542e+01 1.238105800378e+01 3.004886855266e+01
2 52 4 5.30499305 6.97208789 8.29997692 7.18220457 9.47899549 4.297395543504e+00 1.137441814191e+01 2.047059104645e+01 1.277523774307e+01 3.096424816980e+01
2 53 4 5.30499305 6.97208789 8.29997692 7.18220457 9.47899549 4.498285891222e+00 1.178395441188e+01 2.097025215357e+01 1.310314335553e+01 3.204713943099e+01
2 54 4 5.30499305 6.97208789 8.29997692 7.18220457 9.47899549 4.721165754361e+00 1.219651068389e+01 2.155750706578e+01 1.341447475739e+01 3.320871246174e+01
2 55 4 5.30499305 6.97208789 8.29997692 7.18220457 9.47899549 4.856626856014e+00 1.258659716153e+01 2.229539542041e+01 1.376393797362e+01 3.423430006215e+01
2 56 4 5.30499305 6.97208789 8.29997692 7.18220457 9.47899549 4.913862530696e+00 1.298530224328e+01 2.314238915908e+01 1.417190688326e+01 3.514549666618e+01
2 57 4 5.30499305 6.97208789 8.29997692 7.18220457 9.47899549 5.007851100914e+00 1.341158317629e+01 2.400055892437e+01 1.463990835788e+01 3.623797939375e+01
2 58 4 5.30499305 6.97208789 8.29997692 7.18220457 9.47899549 5.210311910684e+00 1.383659586215e+01 2.480038048144e+01 1.519222818660e+01 3.759808635578e+01
2 59 4 5.30499305 6.97208789 8.29997692 7.18220457 9.47899549 5.463530975199e+00 1.424747086823e+01 2.557720172874e+01 1.583609199464e+01 3.893598600361e+01
2 60 4 5.30499305 6.97208789 8.29997692 7.18220457 9.47899549 5.656497752972e+00 1.467813858053e+01 2.641756592840e+01 1.651622274032e+01 4.004833445559e+01
2 61 4 5.30499305 6.97208789 8.29997692 7.18220457 9.47899549 5.774348408819e+00 1.516301836556e+01 2.733335026133e+01 1.716529293194e+01 4.111214763135e+01
2 62 4 5.30499305 6.97208789 8.29997692 7.18220457 9.47899549 5.935945198682e+00 1.570547422111e+01 2.825072385445e+01 1.773149318881e+01 4.242029633841e+01
2 63 4 5.30499305 6.97208789 8.29997692 7.18220457 9.47899549 6.240701696693e+00 1.627998235429e+01 2.912199206368e+01 1.820175266128e+01 4.402600326089e+01
7 0 4 6.41165197 3.32293857 3.36079496 2.82779343 7.44890456 1.263185160723e+01 5.785272638889e-02 1.380335517831e+00 7.119327972829e-03 2.227098326891e+01
7 1 4 6.41165197 3.32293857 3.36079496 2.82779343 7.44890456 1.255984060432e+01 5.396720739615e-02 1.320753390387e+00 7.119071445957e-03 2.215014317414e+01
7 2 4 6.41165197 3.32293857 3.36079496 2.82779343 7.44890456 1.245817213552e+01 5.014340663822e-02 1.285064711897e+00 7.189075043938e-03 2.212362640360e+01
7 3 4 6.41165197 3.32293857 3.36079496 2.82779343 7.44890456 1.235313923875e+01 4.668015485298e-02 1.290643126349e+00 7.298413793508e-03 2.191576078917e+01
7 4 4 6.41165197 3.32293857 3.36079496 2.82779343 7.44890456 1.232416719257e+01 4.392389647142e-02 1.302615481462e+00 7.514375082989e-03 2.163641086224e+01
7 5 4 6.41165197 3.32293857 3.36079496 2.82779343 7.44890456 1.232062820350e+01 4.106692364381e-02 1.279658541599e+00 7.540662903450e-03 2.135611703139e+01
7 6 4 6.41165197 3.32293857 3.36079496 2.82779343 7.44890456 1.224120321950e+01 3.760594987039e-02 1.222368427869e+00 7.406245702529e-03 2.086816185933e+01
7 7 4 6.41165197 3.32293857 3.36079496 2.82779343 7.44890456 1.214156485912e+01 3.454295251517e-02 1.164615377771e+00 7.480440972206e-03 2.018711176318e+01
7 8 4 6.41165197 3.32293857 3.36079496 2.82779343 7.44890456 1.212461936062e+01 3.223974060078e-02 1.141180447638e+00 7.585971734127e-03 1.963586989852e+01
7 9 4 6.41165197 3.32293857 3.36079496 2.82779343 7.44890456 1.213441849282e+01 2.979578912171e-02 1.157520997842e+00 7.506942007589e-03 1.928053733434e+01
7 10 4 6.41165197 3.32293857 3.36079496 2.82779343 7.44890456 1.208097471146e+01 2.702363383580e-02 1.176757439383e+00 7.317277293265e-03 1.892565120837e+01
7 11 4 6.41165197 3.32293857 3.36079496 2.82779343 7.44890456 1.201520842772e+01 2.456162796191e-02 1.158510940095e+00 6.962696166463e-03 1.860781117852e+01
7 12 4 6.41165197 3.32293857 3.36079496 2.82779343 7.44890456 1.200516340594e+01 2.258337976397e-02 1.107939544239e+00 6.651890880924e-03 1.844525262933e+01
7 13 4 6.41165197 3.32293857 3.36079496 2.82779343 7.44890456 1.199251402704e+01 2.069929789994e-02 1.061345886740e+00 6.635980047181e-03 1.824148035539e+01
7 14 4 6.41165197 3.32293857 3.36079496 2.82779343 7.44890456 1.190822674367e+01 1.854696630539e-02 1.042262812509e+00 6.560536236206e-03 1.781615251999e+01
7 15 4 6.41165197 3.32293857 3.36079496 2.82779343 7.44890456 1.181271673184e+01 1.636652990757e-02 1.046394131017e+00 6.130101247221e-03 1.733944022619e+01
7 16 4 6.41165197 3.32293857 3.36079496 2.82779343 7.44890456 1.178536157597e+01 1.480352809787e-02 1.046302859796e+00 5.572390966634e-03 1.693601494049e+01
7 17 4 6.41165197 3.32293857 3.36079496 2.82779343 7.44890456 1.176543049832e+01 1.367640392473e-02 1.015596277548e+00 5.173605756804e-03 1.649357858759e+01
7 18 4 6.41165197 3.32293857 3.36079496 2.82779343 7.44890456 1.167024947550e+01 1.213711440616e-02 9.641363827227e-01 5.013318576744e-03 1.605692387413e+01
7 19 4 6.41165197 3.32293857 3.36079496 2.82779343 7.44890456 1.156592511435e+01 1.036531203481e-02 9.280785279640e-01 4.897784953298e-03 1.581216787920e+01
7 20 4 6.41165197 3.32293857 3.36079496 2.82779343 7.44890456 1.152764354607e+01 9.222218949801e-03 9.243249789553e-01 4.559907642089e-03 1.569266038005e+01
7 21 4 6.41165197 3.32293857 3.36079496 2.82779343 7.44890456 1.148240202590e+01 8.508778922198e-03 9.389507905655e-01 4.034367723333e-03 1.551971983830e+01
7 22 4 6.41165197 3.32293857 3.36079496 2.82779343 7.44890456 1.136749999022e+01 7.505472973102e-03 9.461748656982e-01 3.599484795629e-03 1.532585787100e+01
7 23 4 6.41165197 3.32293857 3.36079496 2.82779343 7.44890456 1.125930674821e+01 6.382680800894e-03 9.259243120138e-01 3.420706663143e-03 1.516516461407e+01
7 24 4 6.41165197 3.32293857 3.36079496 2.82779343 7.44890456 1.122144901837e+01 5.649105825818e-03 8.850436603934e-01 3.289804039456e-03 1.493505480754e+01
7 25 4 6.41165197 3.32293857 3.36079496 2.82779343 7.44890456 1.119725750377e+01 5.205789027905e-03 8.561906914078e-01 2.921579023095e-03 1.462013077126e+01
7 26 4 6.41165197 3.32293857 3.36079496 2.82779343 7.44890456 1.112858734948e+01 4.667865988819e-03 8.572442853394e-01 2.466010340266e-03 1.436969770879e+01
7 27 4 6.41165197 3.32293857 3.36079496 2.82779343 7.44890456 1.106264643498e+01 4.016010766938e-03 8.714747211010e-01 2.200831825666e-03 1.423982511674e+01
7 28 4 6.41165197 3.32293857 3.36079496 2.82779343 7.44890456 1.106170296228e+01 3.630415139524e-03 8.737255158769e-01 2.108405403584e-03 1.416038150199e+01
7 29 4 6.41165197 3.32293857 3.36079496 2.82779343 7.44890456 1.107598991397e+01 3.607726194052e-03 8.537523406946e-01 2.052172699692e-03 1.413298399371e+01
7 30 4 6.41165197 3.32293857 3.36079496 2.82779343 7.44890456 1.103866299308e+01 3.470087294400e-03 8.234419527571e-01 1.866747435476e-03 1.420166513443e+01
7 31 4 6.41165197 3.32293857 3.36079496 2.82779343 7.44890456 1.101957056059e+01 3.116945732147e-03 8.132055550484e-01 1.574470267077e-03 1.429723753414e+01
7 32 4 6.41165197 3.32293857 3.36079496 2.82779343 7.44890456 1.109584130399e+01 3.112614811212e-03 8.397662581162e-01 1.509565663990e-03 1.431763866409e+01
7 33 4 6.41165197 3.32293857 3.36079496 2.82779343 7.44890456 1.118671247499e+01 3.485990629737e-03 8.809046072743e-01 1.712185250466e-03 1.429338708193e+01
7 34 4 6.41165197 3.32293857 3.36079496 2.82779343 7.44890456 1.121439171395e+01 3.667606848942e-03 9.035431965025e-01 1.860375909461e-03 1.430904705552e+01
7 35 4 6.41165197 3.32293857 3.36079496 2.82779343 7.44890456 1.125092473424e+01 3.697965587056e-03 8.997193098316e-01 1.875511734020e-03 1.434789833145e+01
7 36 4 6.41165197 3.32293857 3.36079496 2.82779343 7.44890456 1.135475246820e+01 4.060999289444e-03 8.852189200880e-01 1.892788938207e-03 1.439064149754e+01
7 37 4 6.41165197 3.32293857 3.36079496 2.82779343 7.44890456 1.146023028907e+01 4.714530696912e-03 8.851918992021e-01 2.060375937789e-03 1.453518329081e+01
7 38 4 6.41165197 3.32293857 3.36079496 2.82779343 7.44890456 1.151884830475e+01 5.270101649548e-03 9.138918775441e-01 2.441345521430e-03 1.481515714949e+01
7 39 4 6.41165197 3.32293857 3.36079496 2.82779343 7.44890456 1.158948777582e+01 5.688365535037e-03 9.527173080452e-01 2.787654838245e-03 1.509641347120e+01
7 40 4 6.41165197 3.32293857 3.36079496 2.82779343 7.44890456 1.172299322811e+01 6.352262118868e-03 9.692952791906e-01 2.905853424665e-03 1.532368702198e+01
7 41 4 6.41165197 3.32293857 3.36079496 2.82779343 7.44890456 1.185578894671e+01 7.422924070001e-03 9.596776799977e-01 3.032514676574e-03 1.557995289740e+01
7 42 4 6.41165197 3.32293857 3.36079496 2.82779343 7.44890456 1.191629951176e+01 8.399189659290e-03 9.483327856929e-01 3.397680446744e-03 1.582377051913e+01
7 43 4 6.41165197 3.32293857 3.36079496 2.82779343 7.44890456 1.196822713980e+01 9.031394689879e-03 9.601045137752e-01 3.885400942380e-03 1.595455529107e+01
7 44 4 6.41165197 3.32293857 3.36079496 2.82779343 7.44890456 1.208991355763e+01 1.001872935012e-02 1.003480316103e+00 4.226713294520e-03 1.609556351708e+01
7 45 4 6.41165197 3.32293857 3.36079496 2.82779343 7.44890456 1.220927634803e+01 1.164944318198e-02 1.058383032494e+00 4.347137772244e-03 1.639293589657e+01
7 46 4 6.41165197 3.32293857 3.36079496 2.82779343 7.44890456 1.225397194333e+01 1.308622702600e-02 1.087900672681e+00 4.479123290837e-03 1.674133881454e+01
7 47 4 6.41165197 3.32293857 3.36079496 2.82779343 7.44890456 1.230716198741e+01 1.405170566523e-02 1.083204896992e+00 4.832439033451e-03 1.707138955862e+01
7 48 4 6.41165197 3.32293857 3.36079496 2.82779343 7.44890456 1.243292693676e+01 1.535881465946e-02 1.074862221317e+00 5.366461598509e-03 1.750518417683e+01
7 49 4 6.41165197 3.32293857 3.36079496 2.82779343 7.44890456 1.254436232815e+01 1.727142224555e-02 1.092444145604e+00 5.809223739970e-03 1.798829824438e+01
7 50 4 6.41165197 3.32293857 3.36079496 2.82779343 7.44890456 1.257805838990e+01 1.918408540968e-02 1.137385107073e+00 5.904621905645e-03 1.830318987929e+01
7 51 4 6.41165197 3.32293857 3.36079496 2.82779343 7.44890456 1.261095470973e+01 2.079446465228e-02 1.185178391384e+00 5.908958534365e-03 1.849917720995e+01
7 52 4 6.41165197 3.32293857 3.36079496 2.82779343 7.44890456 1.270598339255e+01 2.240851435001e-02 1.202660245700e+00 6.186989330278e-03 1.876158819309e+01
7 53 4 6.41165197 3.32293857 3.36079496 2.82779343 7.44890456 1.279486192614e+01 2.444882715408e-02 1.187012336055e+00 6.528049844377e-03 1.902904448549e+01
7 54 4 6.41165197 3.32293857 3.36079496 2.82779343 7.44890456 1.282186012796e+01 2.681079250589e-02 1.179395331661e+00 6.727712689543e-03 1.923345459567e+01
7 55 4 6.41165197 3.32293857 3.36079496 2.82779343 7.44890456 1.286884177175e+01 2.884016556584e-02 1.214973129135e+00 6.818769952815e-03 1.956292398291e+01
7 56 4 6.41165197 3.32293857 3.36079496 2.82779343 7.44890456 1.299043182206e+01 3.063931672155e-02 1.281978011731e+00 6.710240918158e-03 2.008133339615e+01
7 57 4 6.41165197 3.32293857 3.36079496 2.82779343 7.44890456 1.308405218900e+01 3.310765437907e-02 1.340916978040e+00 6.610890792280e-03 2.054195077702e+01
7 58 4 6.41165197 3.32293857 3.36079496 2.82779343 7.44890456 1.309288851502e+01 3.597354333493e-02 1.359846867300e+00 6.718575099290e-03 2.083950082896e+01
7 59 4 6.41165197 3.32293857 3.36079496 2.82779343 7.44890456 1.312845968958e+01 3.825038334224e-02 1.341194241700e+00 6.684785542899e-03 2.112230548052e+01
7 60 4 6.41165197 3.32293857 3.36079496 2.82779343 7.44890456 1.324893164570e+01 4.035376617105e-02 1.327407978857e+00 6.461657906938e-03 2.135822719200e+01
7 61 4 6.41165197 3.32293857 3.36079496 2.82779343 7.44890456 1.336113979934e+01 4.305947726852e-02 1.355057619793e+00 6.326347940535e-03 2.138052375892e+01
7 62 4 6.41165197 3.32293857 3.36079496 2.82779343 7.44890456 1.342562713115e+01 4.608837223577e-02 1.407623092536e+00 6.217639752038e-03 2.134802485976e+01
7 63 4 6.41165197 3.32293857 3.36079496 2.82779343 7.44890456 1.352173942708e+01 4.917527205486e-02 1.439192790356e+00 6.171035185390e-03 2.155073067820e+01
18 0 4 5.60448885 6.45229142 4.76412728 4.88512570 15.81109083 7.407809222307e+00 1.193094343526e+01 4.005261364174e+00 4.411973155592e+00 1.708028805762e+02
18 1 4 5.60448885 6.45229142 4.76412728 4.88512570 15.81109083 6.884512498233e+00 1.158585248981e+01 3.889605555511e+00 4.279320266240e+00 1.661830392232e+02
18 2 4 5.60448885 6.45229142 4.76412728 4.88512570 15.81109083 6.491813091123e+00 1.125029225532e+01 3.768831230407e+00 4.144245099463e+00 1.619305943221e+02
18 3 4 5.60448885 6.45229142 4.76412728 4.88512570 15.81109083 6.544361255463e+00 1.088572679153e+01 3.660761985493e+00 4.007739646384e+00 1.579010218245e+02
18 4 4 5.60448885 6.45229142 4.76412728 4.88512570 15.81109083 6.613383976533e+00 1.048628730114e+01 3.566367542725e+00 3.872227830525e+00 1.535750193504e+02
18 5 4 5.60448885 6.45229142 4.76412728 4.88512570 15.81109083 6.232206877810e+00 1.009169772868e+01 3.470278363453e+00 3.745958218498e+00 1.489126868907e+02
18 6 4 5.60448885 6.45229142 4.76412728 4.88512570 15.81109083 5.656084940172e+00 9.742983252168e+00 3.355994609472e+00 3.635158602323e+00 1.443307764831e+02
18 7 4 5.60448885 6.45229142 4.76412728 4.88512570 15.81109083 5.445723293310e+00 9.427673256123e+00 3.221401609279e+00 3.522135323999e+00 1.398837627953e+02
18 8 4 5.60448885 6.45229142 4.76412728 4.88512570 15.81109083 5.565775383493e+00 9.120234739676e+00 3.088347275997e+00 3.394091507479e+00 1.353798143528e+02
18 9 4 5.60448885 6.45229142 4.76412728 4.88512570 15.81109083 5.473660864261e+00 8.826486558600e+00 2.979068626654e+00 3.266047398062e+00 1.311773789773e+02
18 10 4 5.60448885 6.45229142 4.76412728 4.88512570 15.81109083 5.020938731724e+00 8.539890676031e+00 2.888973355392e+00 3.156837504439e+00 1.276624676741e+02
18 11 4 5.60448885 6.45229142 4.76412728 4.88512570 15.81109083 4.666519565735e+00 8.245335130232e+00 2.795079141601e+00 3.063301779408e+00 1.244432019818e+02
18 12 4 5.60448885 6.45229142 4.76412728 4.88512570 15.81109083 4.694841913299e+00 7.975308749317e+00 2.690501499553e+00 2.968115463920e+00 1.211911368736e+02
18 13 4 5.60448885 6.45229142 4.76412728 4.88512570 15.81109083 4.765240816125e+00 7.759190794578e+00 2.591050832480e+00 2.873803621675e+00 1.181978807502e+02
18 14 4 5.60448885 6.45229142 4.76412728 4.88512570 15.81109083 4.493727650959e+00 7.561980876306e+00 2.509369738382e+00 2.793362487905e+00 1.154352370729e+02
18 15 4 5.60448885 6.45229142 4.76412728 4.88512570 15.81109083 4.066611721546e+00 7.356618852551e+00 2.447727892586e+00 2.720749966846e+00 1.124305534877e+02
18 16 4 5.60448885 6.45229142 4.76412728 4.88512570 15.81109083 3.915190794985e+00 7.169640220998e+00 2.395459570624e+00 2.646544626904e+00 1.092546477341e+02
18 17 4 5.60448885 6.45229142 4.76412728 4.88512570 15.81109083 4.030565383724e+00 7.007360075391e+00 2.330329758083e+00 2.573327719047e+00 1.064088088253e+02
18 18 4 5.60448885 6.45229142 4.76412728 4.88512570 15.81109083 4.012613846307e+00 6.835268964838e+00 2.250350555684e+00 2.508284410254e+00 1.038882608473e+02
18 19 4 5.60448885 6.45229142 4.76412728 4.88512570 15.81109083 3.727569516683e+00 6.645301546876e+00 2.180624018030e+00 2.450885404830e+00 1.014110788102e+02
18 20 4 5.60448885 6.45229142 4.76412728 4.88512570 15.81109083 3.507690745617e+00 6.463958049021e+00 2.137836945845e+00 2.391569150232e+00 9.922086064497e+01
18 21 4 5.60448885 6.45229142 4.76412728 4.88512570 15.81109083 3.599752837070e+00 6.299361393981e+00 2.111511223449e+00 2.329712175598e+00 9.766459716704e+01
18 22 4 5.60448885 6.45229142 4.76412728 4.88512570 15.81109083 3.769746340318e+00 6.134651133269e+00 2.079461003663e+00 2.273926295048e+00 9.647589785225e+01
18 23 4 5.60448885 6.45229142 4.76412728 4.88512570 15.81109083 3.689406064331e+00 5.970508372653e+00 2.032038596557e+00 2.229004585600e+00 9.530876283977e+01
18 24 4 5.60448885 6.45229142 4.76412728 4.88512570 15.81109083 3.455933722989e+00 5.835900697311e+00 1.978727909455e+00 2.191095242768e+00 9.427522564952e+01
18 25 4 5.60448885 6.45229142 4.76412728 4.88512570 15.81109083 3.408276378140e+00 5.742802708156e+00 1.939214517461e+00 2.147755714962e+00 9.336267185465e+01
18 26 4 5.60448885 6.45229142 4.76412728 4.88512570 15.81109083 3.570008340936e+00 5.666218276830e+00 1.924618604790e+00 2.096664243706e+00 9.221092231015e+01
18 27 4 5.60448885 6.45229142 4.76412728 4.88512570 15.81109083 3.627380917857e+00 5.592005981455e+00 1.918901677397e+00 2.050803708401e+00 9.090740002837e+01
18 28 4 5.60448885 6.45229142 4.76412728 4.88512570 15.81109083 3.444856879688e+00 5.532792585096e+00 1.897219325887e+00 2.015567424484e+00 8.999196803962e+01
18 29 4 5.60448885 6.45229142 4.76412728 4.88512570 15.81109083 3.272760876571e+00 5.483557823052e+00 1.854903501867e+00 1.985575004263e+00 8.943150181224e+01
18 30 4 5.60448885 6.45229142 4.76412728 4.88512570 15.81109083 3.341007227115e+00 5.439854893712e+00 1.811043046472e+00 1.963822049941e+00 8.886895035641e+01
18 31 4 5.60448885 6.45229142 4.76412728 4.88512570 15.81109083 3.505780503537e+00 5.448240098600e+00 1.804628393229e+00 1.970722503217e+00 8.874664206061e+01
18 32 4 5.60448885 6.45229142 4.76412728 4.88512570 15.81109083 3.494112667120e+00 5.541709983050e+00 1.854764962642e+00 2.017555302495e+00 8.956539856086e+01
18 33 4 5.60448885 6.45229142 4.76412728 4.88512570 15.81109083 3.340579860985e+00 5.667021234546e+00 1.923007380092e+00 2.080805875653e+00 9.070812788943e+01
18 34 4 5.60448885 6.45229142 4.76412728 4.88512570 15.81109083 3.323806563364e+00 5.765066944282e+00 1.963585725980e+00 2.133246108062e+00 9.155206349221e+01
18 35 4 5.60448885 6.45229142 4.76412728 4.88512570 15.81109083 3.508439756782e+00 5.849463993916e+00 1.973572938294e+00 2.174960505518e+00 9.246241957873e+01
18 36 4 5.60448885 6.45229142 4.76412728 4.88512570 15.81109083 3.632305871050e+00 5.945074909506e+00 1.975582448314e+00 2.216399000872e+00 9.363969965571e+01
18 37 4 5.60448885 6.45229142 4.76412728 4.88512570 15.81109083 3.532312587371e+00 6.045050424715e+00 1.996083339994e+00 2.256482812497e+00 9.461949019819e+01
18 38 4 5.60448885 6.45229142 4.76412728 4.88512570 15.81109083 3.418963463877e+00 6.157440684309e+00 2.043248335698e+00 2.286768489157e+00 9.537065618013e+01
18 39 4 5.60448885 6.45229142 4.76412728 4.88512570 15.81109083 3.538931752988e+00 6.301999858101e+00 2.096406072408e+00 2.313069697447e+00 9.641179894871e+01
18 40 4 5.60448885 6.45229142 4.76412728 4.88512570 15.81109083 3.774224332858e+00 6.461537771392e+00 2.135422741229e+00 2.350912173905e+00 9.786551549939e+01
18 41 4 5.60448885 6.45229142 4.76412728 4.88512570 15.81109083 3.842235204820e+00 6.604554042383e+00 2.161551000048e+00 2.401526450306e+00 9.954352905478e+01
18 42 4 5.60448885 6.45229142 4.76412728 4.88512570 15.81109083 3.767776300989e+00 6.735620306850e+00 2.192126346137e+00 2.456098994191e+00 1.016337699293e+02
18 43 4 5.60448885 6.45229142 4.76412728 4.88512570 15.81109083 3.848325566674e+00 6.878794944611e+00 2.246215414819e+00 2.507934279883e+00 1.043107648797e+02
18 44 4 5.60448885 6.45229142 4.76412728 4.88512570 15.81109083 4.168366294916e+00 7.032342110888e+00 2.324240116523e+00 2.559432752948e+00 1.071612375059e+02
18 45 4 5.60448885 6.45229142 4.76412728 4.88512570 15.81109083 4.452389151918e+00 7.176911780115e+00 2.404059863290e+00 2.621051750544e+00 1.098529604754e+02
18 46 4 5.60448885 6.45229142 4.76412728 4.88512570 15.81109083 4.498174154306e+00 7.323873064438e+00 2.465691813403e+00 2.693101447746e+00 1.126614147867e+02
18 47 4 5.60448885 6.45229142 4.76412728 4.88512570 15.81109083 4.500131967005e+00 7.508737510244e+00 2.519924833649e+00 2.767423900579e+00 1.156922982152e+02
18 48 4 5.60448885 6.45229142 4.76412728 4.88512570 15.81109083 4.736621425326e+00 7.727595958172e+00 2.594236976468e+00 2.843064450547e+00 1.185381028895e+02
18 49 4 5.60448885 6.45229142 4.76412728 4.88512570 15.81109083 5.108379650233e+00 7.949427427365e+00 2.693009086456e+00 2.928151884424e+00 1.211830733981e+02
18 50 4 5.60448885 6.45229142 4.76412728 4.88512570 15.81109083 5.281517615471e+00 8.191201612261e+00 2.800933601358e+00 3.027593909374e+00 1.241944625158e+02
18 51 4 5.60448885 6.45229142 4.76412728 4.88512570 15.81109083 5.229806531822e+00 8.483893846656e+00 2.903500129535e+00 3.129201648434e+00 1.276897206897e+02
18 52 4 5.60448885 6.45229142 4.76412728 4.88512570 15.81109083 5.293093174798e+00 8.793379197320e+00 2.992018904675e+00 3.227726537766e+00 1.312905335377e+02
18 53 4 5.60448885 6.45229142 4.76412728 4.88512570 15.81109083 5.635761714869e+00 9.079384059476e+00 3.077988678734e+00 3.339193962454e+00 1.351518098418e+02
18 54 4 5.60448885 6.45229142 4.76412728 4.88512570 15.81109083 5.987725052404e+00 9.364890444107e+00 3.183077635722e+00 3.464727579293e+00 1.396093369311e+02
18 55 4 5.60448885 6.45229142 4.76412728 4.88512570 15.81109083 6.090414369924e+00 9.671969886707e+00 3.304357467885e+00 3.584232976797e+00 1.442056207715e+02
18 56 4 5.60448885 6.45229142 4.76412728 4.88512570 15.81109083 6.107000685415e+00 9.990648446059e+00 3.416115409780e+00 3.688539004554e+00 1.484607304844e+02
18 57 4 5.60448885 6.45229142 4.76412728 4.88512570 15.81109083 6.341779049088e+00 1.033199169296e+01 3.504423220784e+00 3.795520506587e+00 1.526456482195e+02
18 58 4 5.60448885 6.45229142 4.76412728 4.88512570 15.81109083 6.749306553283e+00 1.070300820692e+01 3.585576855803e+00 3.924894931327e+00 1.569183195412e+02
18 59 4 5.60448885 6.45229142 4.76412728 4.88512570 15.81109083 7.008427405289e+00 1.106232068242e+01 3.684660452374e+00 4.066098717889e+00 1.610026256967e+02
18 60 4 5.60448885 6.45229142 4.76412728 4.88512570 15.81109083 7.019241400623e+00 1.138115866154e+01 3.811141507420e+00 4.204557921667e+00 1.650343971802e+02
18 61 4 5.60448885 6.45229142 4.76412728 4.88512570 15.81109083 7.059503833877e+00 1.168971165529e+01 3.956124055162e+00 4.342703748326e+00 1.695897545674e+02
18 62 4 5.60448885 6.45229142 4.76412728 4.88512570 15.81109083 7.375352491259e+00 1.203460096068e+01 4.100618800713e+00 4.483517359640e+00 1.747882318375e+02
18 63 4 5.60448885 6.45229142 4.76412728 4.88512570 15.81109083 7.818771589577e+00 1.243314352944e+01 4.244850773243e+00 4.633189808110e+00 1.802589579226e+02
27 0 4 4.84038192 8.08017589 7.33557378 8.21142671 8.58335673 6.256074941704e+00 2.500244634043e+01 1.832892778152e+01 2.671086454960e+01 3.033911537994e+01
27 1 4 4.84038192 8.08017589 7.33557378 8.21142671 8.58335673 5.830659407134e+00 2.420686596138e+01 1.766763924018e+01 2.594587215101e+01 2.944671718716e+01
27 2 4 4.84038192 8.08017589 7.33557378 8.21142671 8.58335673 5.312068164097e+00 2.347340139676e+01 1.705581221224e+01 2.509369898313e+01 2.870712820056e+01
27 3 4 4.84038192 8.08017589 7.33557378 8.21142671 8.58335673 4.718863086077e+00 2.279123150061e+01 1.650614883022e+01 2.419369576492e+01 2.789481752377e+01
27 4 4 4.84038192 8.08017589 7.33557378 8.21142671 8.58335673 4.098906860191e+00 2.212949016816e+01 1.597921828780e+01 2.327803869189e+01 2.689951079699e+01
27 5 4 4.84038192 8.08017589 7.33557378 8.21142671 8.58335673 3.527434964239e+00 2.145987225537e+01 1.546100367116e+01 2.238877113682e+01 2.588521667625e+01
27 6 4 4.84038192 8.08017589 7.33557378 8.21142671 8.58335673 3.065994018200e+00 2.077084418167e+01 1.496441204083e+01 2.158877856198e+01 2.506637734752e+01
27 7 4 4.84038192 8.08017589 7.33557378 8.21142671 8.58335673 2.724624570933e+00 2.009578908699e+01 1.449537204878e+01 2.089195498790e+01 2.440940363894e+01
27 8 4 4.84038192 8.08017589 7.33557378 8.21142671 8.58335673 2.482576893212e+00 1.946623248679e+01 1.405596450830e+01 2.028847315398e+01 2.373275141123e+01
27 9 4 4.84038192 8.08017589 7.33557378 8.21142671 8.58335673 2.333969546753e+00 1.885177648425e+01 1.365061914749e+01 1.977302877630e+01 2.299427941029e+01
27 10 4 4.84038192 8.08017589 7.33557378 8.21142671 8.58335673 2.284930593517e+00 1.823120421661e+01 1.325566297956e+01 1.930631495605e+01 2.228120843312e+01
27 11 4 4.84038192 8.08017589 7.33557378 8.21142671 8.58335673 2.315983476970e+00 1.765705230227e+01 1.283169681914e+01 1.882034682459e+01 2.163178315470e+01
27 12 4 4.84038192 8.08017589 7.33557378 8.21142671 8.58335673 2.377325145244e+00 1.716006857150e+01 1.238988972089e+01 1.826795940070e+01 2.103445539735e+01
27 13 4 4.84038192 8.08017589 7.33557378 8.21142671 8.58335673 2.421269216734e+00 1.668662753743e+01 1.198717957109e+01 1.767483094296e+01 2.049858961755e+01
27 14 4 4.84038192 8.08017589 7.33557378 8.21142671 8.58335673 2.426361901850e+00 1.620059463340e+01 1.165064612441e+01 1.708761302384e+01 1.999866657468e+01
27 15 4 4.84038192 8.08017589 7.33557378 8.21142671 8.58335673 2.396417163474e+00 1.573842355887e+01 1.135595792930e+01 1.650941416557e+01 1.943743686660e+01
27 16 4 4.84038192 8.08017589 7.33557378 8.21142671 8.58335673 2.343440824286e+00 1.532441701809e+01 1.106854696370e+01 1.596071131014e+01 1.877130314523e+01
27 17 4 4.84038192 8.08017589 7.33557378 8.21142671 8.58335673 2.266361682401e+00 1.493513119069e+01 1.077429019777e+01 1.550050257868e+01 1.811142579610e+01
27 18 4 4.84038192 8.08017589 7.33557378 8.21142671 8.58335673 2.151813152236e+00 1.456176376568e+01 1.048943127330e+01 1.516788540482e+01 1.761227555391e+01
27 19 4 4.84038192 8.08017589 7.33557378 8.21142671 8.58335673 2.006355317540e+00 1.422571527117e+01 1.023922969288e+01 1.493947034974e+01 1.728595913131e+01
27 20 4 4.84038192 8.08017589 7.33557378 8.21142671 8.58335673 1.873887824563e+00 1.393147615028e+01 1.002652044059e+01 1.474165454356e+01 1.699369461740e+01
27 21 4 4.84038192 8.08017589 7.33557378 8.21142671 8.58335673 1.800639983151e+00 1.365700799322e+01 9.836814892973e+00 1.452533403240e+01 1.662933083987e+01
27 22 4 4.84038192 8.08017589 7.33557378 8.21142671 8.58335673 1.792433416612e+00 1.339219957415e+01 9.650773597890e+00 1.428807940517e+01 1.625121948728e+01
27 23 4 4.84038192 8.08017589 7.33557378 8.21142671 8.58335673 1.825348442380e+00 1.315916768883e+01 9.464434218152e+00 1.404140265393e+01 1.598341874159e+01
27 24 4 4.84038192 8.08017589 7.33557378 8.21142671 8.58335673 1.889558318930e+00 1.297829059224e+01 9.308994737272e+00 1.379081934935e+01 1.583455426021e+01
27 25 4 4.84038192 8.08017589 7.33557378 8.21142671 8.58335673 2.003039245988e+00 1.282573171598e+01 9.220042732438e+00 1.352872677045e+01 1.568790554116e+01
27 26 4 4.84038192 8.08017589 7.33557378 8.21142671 8.58335673 2.182107730261e+00 1.266250887113e+01 9.185571786391e+00 1.327898197585e+01 1.546123498748e+01
27 27 4 4.84038192 8.08017589 7.33557378 8.21142671 8.58335673 2.407515643370e+00 1.249628467484e+01 9.139871973463e+00 1.309912283512e+01 1.521144596848e+01
27 28 4 4.84038192 8.08017589 7.33557378 8.21142671 8.58335673 2.623639862161e+00 1.235650303842e+01 9.033037640074e+00 1.300356684382e+01 1.503323251644e+01
27 29 4 4.84038192 8.08017589 7.33557378 8.21142671 8.58335673 2.778262108356e+00 1.223593334954e+01 8.879053464592e+00 1.295688102228e+01 1.491815478937e+01
27 30 4 4.84038192 8.08017589 7.33557378 8.21142671 8.58335673 2.867056835386e+00 1.213845588450e+01 8.737933990417e+00 1.294069873539e+01 1.483753188810e+01
27 31 4 4.84038192 8.08017589 7.33557378 8.21142671 8.58335673 2.925702353647e+00 1.213367036635e+01 8.711038182769e+00 1.298878553369e+01 1.486840620952e+01
27 32 4 4.84038192 8.08017589 7.33557378 8.21142671 8.58335673 2.969793765414e+00 1.226214499014e+01 8.847707688127e+00 1.311587069694e+01 1.504276121335e+01
27 33 4 4.84038192 8.08017589 7.33557378 8.21142671 8.58335673 2.962132545079e+00 1.244892600728e+01 9.042885657220e+00 1.324850604902e+01 1.521779458787e+01
27 34 4 4.84038192 8.08017589 7.33557378 8.21142671 8.58335673 2.857407368415e+00 1.260532792132e+01 9.170895945883e+00 1.332005072277e+01 1.530566576371e+01
27 35 4 4.84038192 8.08017589 7.33557378 8.21142671 8.58335673 2.664229519952e+00 1.273734614551e+01 9.215218307368e+00 1.336154568231e+01 1.543381662390e+01
27 36 4 4.84038192 8.08017589 7.33557378 8.21142671 8.58335673 2.442952154587e+00 1.287994797648e+01 9.221417128095e+00 1.344332724632e+01 1.570239544242e+01
27 37 4 4.84038192 8.08017589 7.33557378 8.21142671 8.58335673 2.250236552853e+00 1.302372372256e+01 9.261259168134e+00 1.359292887452e+01 1.599853603239e+01
27 38 4 4.84038192 8.08017589 7.33557378 8.21142671 8.58335673 2.100657322446e+00 1.316889459778e+01 9.389664772736e+00 1.379292396097e+01 1.618317201129e+01
27 39 4 4.84038192 8.08017589 7.33557378 8.21142671 8.58335673 1.978411389627e+00 1.335789277518e+01 9.588700089367e+00 1.404401753348e+01 1.630077052218e+01
27 40 4 4.84038192 8.08017589 7.33557378 8.21142671 8.58335673 1.876730959456e+00 1.360999443308e+01 9.802005757498e+00 1.436019123610e+01 1.651223247260e+01
27 41 4 4.84038192 8.08017589 7.33557378 8.21142671 8.58335673 1.821735565467e+00 1.389422918610e+01 1.000159700337e+01 1.470947039623e+01 1.689218961010e+01
27 42 4 4.84038192 8.08017589 7.33557378 8.21142671 8.58335673 1.850013859968e+00 1.418593691754e+01 1.020584701885e+01 1.503935109176e+01 1.736055620803e+01
27 43 4 4.84038192 8.08017589 7.33557378 8.21142671 8.58335673 1.960659380658e+00 1.450011419688e+01 1.044244297265e+01 1.532638526120e+01 1.781081374227e+01
27 44 4 4.84038192 8.08017589 7.33557378 8.21142671 8.58335673 2.106135747102e+00 1.485922644170e+01 1.071736354032e+01 1.560119962742e+01 1.823927763631e+01
27 45 4 4.84038192 8.08017589 7.33557378 8.21142671 8.58335673 2.240124000832e+00 1.525619866880e+01 1.101791837336e+01 1.593097483418e+01 1.871122716971e+01
27 46 4 4.84038192 8.08017589 7.33557378 8.21142671 8.58335673 2.355764742734e+00 1.566826156894e+01 1.132135725030e+01 1.634700198814e+01 1.925354109704e+01
27 47 4 4.84038192 8.08017589 7.33557378 8.21142671 8.58335673 2.464257551675e+00 1.610023785724e+01 1.162259958296e+01 1.683603338355e+01 1.982958989312e+01
27 48 4 4.84038192 8.08017589 7.33557378 8.21142671 8.58335673 2.556128938879e+00 1.657365850096e+01 1.194668236047e+01 1.738344509313e+01 2.039757550445e+01
27 49 4 4.84038192 8.08017589 7.33557378 8.21142671 8.58335673 2.602061413088e+00 1.707122626104e+01 1.232052021205e+01 1.799522327603e+01 2.094473586332e+01
27 50 4 4.84038192 8.08017589 7.33557378 8.21142671 8.58335673 2.583598972571e+00 1.756286614240e+01 1.274569948490e+01 1.866858354871e+01 2.146175037230e+01
27 51 4 4.84038192 8.08017589 7.33557378 8.21142671 8.58335673 2.516520689433e+00 1.808258446803e+01 1.318370246883e+01 1.933327341339e+01 2.195673990352e+01
27 52 4 4.84038192 8.08017589 7.33557378 8.21142671 8.58335673 2.450235674070e+00 1.867924309152e+01 1.358696849783e+01 1.991926937447e+01 2.252463784787e+01
27 53 4 4.84038192 8.08017589 7.33557378 8.21142671 8.58335673 2.438940559471e+00 1.931519926077e+01 1.396599218235e+01 2.044341414079e+01 2.328909642472e+01
27 54 4 4.84038192 8.08017589 7.33557378 8.21142671 8.58335673 2.505707672283e+00 1.992969881049e+01 1.437996985613e+01 2.095768196851e+01 2.420140343350e+01
27 55 4 4.84038192 8.08017589 7.33557378 8.21142671 8.58335673 2.647904807448e+00 2.054745729149e+01 1.485348654831e+01 2.150312152623e+01 2.503856976316e+01
27 56 4 4.84038192 8.08017589 7.33557378 8.21142671 8.58335673 2.881036815452e+00 2.121129815422e+01 1.536341621873e+01 2.211642364962e+01 2.571663982604e+01
27 57 4 4.84038192 8.08017589 7.33557378 8.21142671 8.58335673 3.245939775096e+00 2.189292338287e+01 1.589402596181e+01 2.284971043136e+01 2.643635394873e+01
27 58 4 4.84038192 8.08017589 7.33557378 8.21142671 8.58335673 3.756009268371e+00 2.256213720961e+01 1.644233084231e+01 2.373500857452e+01 2.737577101561e+01
27 59 4 4.84038192 8.08017589 7.33557378 8.21142671 8.58335673 4.364432145005e+00 2.324937384717e+01 1.700238465650e+01 2.472209126615e+01 2.843439562169e+01
27 60 4 4.84038192 8.08017589 7.33557378 8.21142671 8.58335673 5.000199039183e+00 2.399343568970e+01 1.758384562575e+01 2.573735802542e+01 2.941957765832e+01
27 61 4 4.84038192 8.08017589 7.33557378 8.21142671 8.58335673 5.615782186735e+00 2.480735280082e+01 1.821058642715e+01 2.671110738066e+01 3.029930817870e+01
27 62 4 4.84038192 8.08017589 7.33557378 8.21142671 8.58335673 6.189666191004e+00 2.568265230315e+01 1.886388188531e+01 2.755812417971e+01 3.117904938886e+01
27 63 4 4.84038192 8.08017589 7.33557378 8.21142671 8.58335673 6.696875468987e+00 2.658006262281e+01 1.948199119668e+01 2.825760063758e+01 3.215816928361e+01
