# environment=00223 local_bs=2 gain_scale=1.256391362772e-12
# ue subcarrier serving_bs phi0 phi1 phi2 phi3 phi4 gain0 gain1 gain2 gain3 gain4
11 0 2 0.82713034 2.44017967 2.38860237 0.91187000 1.54096643 1.012930977608e-03 1.846052475711e-05 6.348448013828e+00 1.548264551470e-01 1.219629878904e+00
11 1 2 0.82713034 2.44017967 2.38860237 0.91187000 1.54096643 4.551369195321e-04 1.897454809694e-05 6.074549133700e+00 1.495442990544e-01 1.173361200461e+00
11 2 2 0.82713034 2.44017967 2.38860237 0.91187000 1.54096643 1.962166677038e-04 1.945324621049e-05 5.818371046395e+00 1.431615358255e-01 1.137884588457e+00
11 3 2 0.82713034 2.44017967 2.38860237 0.91187000 1.54096643 2.247425625244e-04 1.783519169664e-05 5.578932546963e+00 1.367094700467e-01 1.092199928858e+00
11 4 2 0.82713034 2.44017967 2.38860237 0.91187000 1.54096643 4.676275916774e-04 1.597657235014e-05 5.355040465589e+00 1.312595944574e-01 1.056530332557e+00
11 5 2 0.82713034 2.44017967 2.38860237 0.91187000 1.54096643 8.384945993287e-04 1.606672482805e-05 5.145357196798e+00 1.268508369408e-01 1.018739908620e+00
11 6 2 0.82713034 2.44017967 2.38860237 0.91187000 1.54096643 1.243379871058e-03 1.670929721061e-05 4.948471237395e+00 1.226569129180e-01 9.819126702551e-01
11 7 2 0.82713034 2.44017967 2.38860237 0.91187000 1.54096643 1.591449933637e-03 1.566507520687e-05 4.762966477029e+00 1.180820531680e-01 9.475506516011e-01
11 8 2 0.82713034 2.44017967 2.38860237 0.91187000 1.54096643 1.788888801075e-03 1.389564431165e-05 4.587486399048e+00 1.134557168474e-01 9.165582150135e-01
11 9 2 0.82713034 2.44017967 2.38860237 0.91187000 1.54096643 1.739913525759e-03 1.362289744524e-05 4.420789970751e+00 1.095596028462e-01 8.819162383132e-01
11 10 2 0.82713034 2.44017967 2.38860237 0.91187000 1.54096643 1.423199761223e-03 1.428732408921e-05 4.261796775268e+00 1.066236683074e-01 8.544950845338e-01
11 11 2 0.82713034 2.44017967 2.38860237 0.91187000 1.54096643 9.487449722323e-04 1.374183975768e-05 4.109619799466e+00 1.039946906120e-01 8.252617151460e-01
11 12 2 0.82713034 2.44017967 2.38860237 0.91187000 1.54096643 4.866731292949e-04 1.218336107080e-05 3.963585179597e+00 1.008297163863e-01 7.957195751680e-01
11 13 2 0.82713034 2.44017967 2.38860237 0.91187000 1.54096643 1.786536269108e-04 1.163826002065e-05 3.823239057440e+00 9.698415680436e-02 7.733327162232e-01
11 14 2 0.82713034 2.44017967 2.38860237 0.91187000 1.54096643 9.858962164810e-05 1.223007266785e-05 3.688342460457e+00 9.309627468316e-02 7.456558592875e-01
11 15 2 0.82713034 2.44017967 2.38860237 0.91187000 1.54096643 2.243502341064e-04 1.208942405185e-05 3.558855746131e+00 8.983452031095e-02 7.243115996421e-01
11 16 2 0.82713034 2.44017967 2.38860237 0.91187000 1.54096643 4.671532494072e-04 1.081642856359e-05 3.434914612470e+00 8.721386943608e-02 7.028509775858e-01
11 17 2 0.82713034 2.44017967 2.38860237 0.91187000 1.54096643 7.387339319461e-04 1.009743974743e-05 3.316799957023e+00 8.472836010765e-02 6.824381017521e-01
11 18 2 0.82713034 2.44017967 2.38860237 0.91187000 1.54096643 9.704513704552e-04 1.056590750701e-05 3.204903963730e+00 8.205746158568e-02 6.631802689856e-01
11 19 2 0.82713034 2.44017967 2.38860237 0.91187000 1.54096643 1.110777340708e-03 1.073676012011e-05 3.099694722375e+00 7.947933587731e-02 6.479546081887e-01
11 20 2 0.82713034 2.44017967 2.38860237 0.91187000 1.54096643 1.134712402510e-03 9.784219972098e-06 3.001681462835e+00 7.752807357701e-02 6.291999523027e-01
11 21 2 0.82713034 2.44017967 2.38860237 0.91187000 1.54096643 1.035198768221e-03 8.981349310733e-06 2.911382148840e+00 7.633321348577e-02 6.170917375344e-01
11 22 2 0.82713034 2.44017967 2.38860237 0.91187000 1.54096643 8.142636802565e-04 9.308734291877e-06 2.829294762596e+00 7.542959969149e-02 6.036728240758e-01
11 23 2 0.82713034 2.44017967 2.38860237 0.91187000 1.54096643 5.152095119989e-04 9.711127553203e-06 2.755873163887e+00 7.424696587162e-02 5.910270889022e-01
11 24 2 0.82713034 2.44017967 2.38860237 0.91187000 1.54096643 2.372876521360e-04 9.087325183347e-06 2.691507965999e+00 7.269937577918e-02 5.833442608999e-01
11 25 2 0.82713034 2.44017967 2.38860237 0.91187000 1.54096643 8.020942421388e-05 8.273203365658e-06 2.636512472257e+00 7.121270154057e-02 5.730578860448e-01
11 26 2 0.82713034 2.44017967 2.38860237 0.91187000 1.54096643 9.204791652777e-05 8.460713109670e-06 2.591113390559e+00 7.019540033357e-02 5.665949254482e-01
11 27 2 0.82713034 2.44017967 2.38860237 0.91187000 1.54096643 2.559259852438e-04 9.032936063915e-06 2.555445809290e+00 6.958466366866e-02 5.612437680163e-01
11 28 2 0.82713034 2.44017967 2.38860237 0.91187000 1.54096643 4.937667977762e-04 8.733690088430e-06 2.529551786319e+00 6.898593673087e-02 5.567958071239e-01
11 29 2 0.82713034 2.44017967 2.38860237 0.91187000 1.54096643 7.131221642632e-04 7.962621623218e-06 2.513381872555e+00 6.821586222517e-02 5.532627110875e-01
11 30 2 0.82713034 2.44017967 2.38860237 0.91187000 1.54096643 8.592633090664e-04 8.016924749115e-06 2.506798952121e+00 6.758962294878e-02 5.543376668913e-01
11 31 2 0.82713034 2.44017967 2.38860237 0.91187000 1.54096643 9.111742506794e-04 8.712824743671e-06 2.509583913026e+00 6.760295995815e-02 5.518599067861e-01
11 32 2 0.82713034 2.44017967 2.38860237 0.91187000 1.54096643 8.652911816067e-04 8.733359508038e-06 2.521442839518e+00 6.836718991983e-02 5.558905749915e-01
11 33 2 0.82713034 2.44017967 2.38860237 0.91187000 1.54096643 7.376886692958e-04 8.047153732267e-06 2.542015610550e+00 6.944972194946e-02 5.584925268336e-01
11 34 2 0.82713034 2.44017967 2.38860237 0.91187000 1.54096643 5.554139689536e-04 7.970847361350e-06 2.570885967603e+00 7.031964190031e-02 5.622081532375e-01
11 35 2 0.82713034 2.44017967 2.38860237 0.91187000 1.54096643 3.479192646617e-04 8.751494941315e-06 2.607593251465e+00 7.090126954432e-02 5.699031033839e-01
11 36 2 0.82713034 2.44017967 2.38860237 0.91187000 1.54096643 1.649626741508e-04 9.093044203789e-06 2.651646078466e+00 7.160512809180e-02 5.764923921555e-01
11 37 2 0.82713034 2.44017967 2.38860237 0.91187000 1.54096643 7.929630207007e-05 8.531071523551e-06 2.702538216364e+00 7.280615579727e-02 5.855880975168e-01
11 38 2 0.82713034 2.44017967 2.38860237 0.91187000 1.54096643 1.421617414917e-04 8.319399465289e-06 2.759766822042e+00 7.437964449085e-02 5.971190098128e-01
11 39 2 0.82713034 2.44017967 2.38860237 0.91187000 1.54096643 3.484990619710e-04 9.142165360856e-06 2.822853020591e+00 7.584812362801e-02 6.090336848257e-01
11 40 2 0.82713034 2.44017967 2.38860237 0.91187000 1.54096643 6.346847802999e-04 9.811725221614e-06 2.891364551408e+00 7.698863775447e-02 6.215312871127e-01
11 41 2 0.82713034 2.44017967 2.38860237 0.91187000 1.54096643 8.942505979414e-04 9.421798742172e-06 2.964939903709e+00 7.818848613778e-02 6.394850598516e-01
11 42 2 0.82713034 2.44017967 2.38860237 0.91187000 1.54096643 1.037900330703e-03 9.066419920753e-06 3.043313040659e+00 8.009417078162e-02 6.525316665581e-01
11 43 2 0.82713034 2.44017967 2.38860237 0.91187000 1.54096643 1.045569598574e-03 9.875038484622e-06 3.126337502257e+00 8.291654198482e-02 6.732816278902e-01
11 44 2 0.82713034 2.44017967 2.38860237 0.91187000 1.54096643 9.423275118381e-04 1.087829187970e-05 3.214008418042e+00 8.618267140382e-02 6.920839344144e-01
11 45 2 0.82713034 2.44017967 2.38860237 0.91187000 1.54096643 7.620908576691e-04 1.072480238795e-05 3.306480786088e+00 8.924239047199e-02 7.124757637257e-01
11 46 2 0.82713034 2.44017967 2.38860237 0.91187000 1.54096643 5.454899801642e-04 1.022376544833e-05 3.404082314388e+00 9.197120538266e-02 7.365498192689e-01
11 47 2 0.82713034 2.44017967 2.38860237 0.91187000 1.54096643 3.373160454803e-04 1.094277737551e-05 3.507319196627e+00 9.485363905914e-02 7.605173952003e-01
11 48 2 0.82713034 2.44017967 2.38860237 0.91187000 1.54096643 1.836636451862e-04 1.227181944339e-05 3.616873418477e+00 9.833419110740e-02 7.850712027342e-01
11 49 2 0.82713034 2.44017967 2.38860237 0.91187000 1.54096643 1.439434129050e-04 1.243807977684e-05 3.733590562752e+00 1.022062893295e-01 8.140002850050e-01
11 50 2 0.82713034 2.44017967 2.38860237 0.91187000 1.54096643 2.770839013180e-04 1.180966084336e-05 3.858457589251e+00 1.058021970415e-01 8.419400948600e-01
11 51 2 0.82713034 2.44017967 2.38860237 0.91187000 1.54096643 5.868529451593e-04 1.234577481666e-05 3.992570682308e+00 1.088105176062e-01 8.704189581989e-01
11 52 2 0.82713034 2.44017967 2.38860237 0.91187000 1.54096643 9.995571021330e-04 1.396459203943e-05 4.137093948933e+00 1.117635567588e-01 9.063744769006e-01
11 53 2 0.82713034 2.44017967 2.38860237 0.91187000 1.54096643 1.385994254217e-03 1.454749020963e-05 4.293210466779e+00 1.155565702823e-01 9.349345460520e-01
11 54 2 0.82713034 2.44017967 2.38860237 0.91187000 1.54096643 1.598316230208e-03 1.384446304075e-05 4.462067871304e+00 1.204907899519e-01 9.735669120676e-01
11 55 2 0.82713034 2.44017967 2.38860237 0.91187000 1.54096643 1.557996522810e-03 1.409598959171e-05 4.644721280464e+00 1.259538404469e-01 1.008938613604e+00
11 56 2 0.82713034 2.44017967 2.38860237 0.91187000 1.54096643 1.314898078907e-03 1.592744615187e-05 4.842076829531e+00 1.311456741843e-01 1.046005040941e+00
11 57 2 0.82713034 2.44017967 2.38860237 0.91187000 1.54096643 9.801197501029e-04 1.702407836686e-05 5.054839380457e+00 1.360113851167e-01 1.086188048771e+00
11 58 2 0.82713034 2.44017967 2.38860237 0.91187000 1.54096643 6.477476068006e-04 1.634451280884e-05 5.283468041886e+00 1.412520216313e-01 1.128148410279e+00
11 59 2 0.82713034 2.44017967 2.38860237 0.91187000 1.54096643 3.879023906457e-04 1.621833229567e-05 5.528142962893e+00 1.473553252798e-01 1.167481387380e+00
11 60 2 0.82713034 2.44017967 2.38860237 0.91187000 1.54096643 2.558338844158e-04 1.813653610349e-05 5.788746437501e+00 1.538134632839e-01 1.215498363733e+00
11 61 2 0.82713034 2.44017967 2.38860237 0.91187000 1.54096643 3.009121790661e-04 1.982423021305e-05 6.064860687369e+00 1.595664844985e-01 1.259812280821e+00
11 62 2 0.82713034 2.44017967 2.38860237 0.91187000 1.54096643 5.721211758745e-04 1.931516315168e-05 6.355783804348e+00 1.642540315170e-01 1.304880908263e+00
11 63 2 0.82713034 2.44017967 2.38860237 0.91187000 1.54096643 1.072877079392e-03 1.874897700307e-05 6.660564277839e+00 1.687964314449e-01 1.359494360809e+00
23 0 2 0.84235917 2.87291845 5.17656856 0.84995122 1.34226978 2.400881647510e-05 5.490120225245e-07 8.204652421280e+01 5.505036955011e-05 2.972151899278e-04
23 1 2 0.84235917 2.87291845 5.17656856 0.84995122 1.34226978 1.716829916552e-05 5.287635422856e-07 7.949481996795e+01 5.305718157994e-05 2.863195171729e-04
23 2 2 0.84235917 2.87291845 5.17656856 0.84995122 1.34226978 1.301994177810e-05 5.091879827667e-07 7.698320078251e+01 5.112549254445e-05 2.757854166205e-04
23 3 2 0.84235917 2.87291845 5.17656856 0.84995122 1.34226978 1.227316821594e-05 4.902853594120e-07 7.447244791468e+01 4.925530782750e-05 2.656129586708e-04
23 4 2 0.84235917 2.87291845 5.17656856 0.84995122 1.34226978 1.464148207612e-05 4.720556871346e-07 7.200817706071e+01 4.744663264154e-05 2.558022113072e-04
23 5 2 0.84235917 2.87291845 5.17656856 0.84995122 1.34226978 1.899624353252e-05 4.544989803174e-07 6.967130260397e+01 4.569947202757e-05 2.463532400957e-04
23 6 2 0.84235917 2.87291845 5.17656856 0.84995122 1.34226978 2.374498156182e-05 4.376152528116e-07 6.750184938391e+01 4.401383085520e-05 2.372661081846e-04
23 7 2 0.84235917 2.87291845 5.17656856 0.84995122 1.34226978 2.731106582539e-05 4.214045179374e-07 6.546399161889e+01 4.238971382251e-05 2.285408763038e-04
23 8 2 0.84235917 2.87291845 5.17656856 0.84995122 1.34226978 2.857271872820e-05 4.058667884845e-07 6.347971548257e+01 4.082712545615e-05 2.201776027648e-04
23 9 2 0.84235917 2.87291845 5.17656856 0.84995122 1.34226978 2.714188504945e-05 3.910020767118e-07 6.149725141899e+01 3.932607011125e-05 2.121763434600e-04
23 10 2 0.84235917 2.87291845 5.17656856 0.84995122 1.34226978 2.341765991772e-05 3.768103943465e-07 5.953278636117e+01 3.788655197145e-05 2.045371518624e-04
23 11 2 0.84235917 2.87291845 5.17656856 0.84995122 1.34226978 1.841697557679e-05 3.632917525853e-07 5.765133165662e+01 3.650857504889e-05 1.972600790254e-04
23 12 2 0.84235917 2.87291845 5.17656856 0.84995122 1.34226978 1.344688498050e-05 3.504461620938e-07 5.590741826226e+01 3.519214318416e-05 1.903451735823e-04
23 13 2 0.84235917 2.87291845 5.17656856 0.84995122 1.34226978 9.721427195497e-06 3.382736330064e-07 5.429938629861e+01 3.393726004636e-05 1.837924817459e-04
23 14 2 0.84235917 2.87291845 5.17656856 0.84995122 1.34226978 8.032986301863e-06 3.267741749265e-07 5.277557699690e+01 3.274392913298e-05 1.776020473083e-04
23 15 2 0.84235917 2.87291845 5.17656856 0.84995122 1.34226978 8.564139761469e-06 3.159477969273e-07 5.128349894881e+01 3.161215377003e-05 1.717739116408e-04
23 16 2 0.84235917 2.87291845 5.17656856 0.84995122 1.34226978 1.088056018979e-05 3.057945075499e-07 4.981678053852e+01 3.054193711189e-05 1.663081136932e-04
23 17 2 0.84235917 2.87291845 5.17656856 0.84995122 1.34226978 1.409295182820e-05 2.963143148048e-07 4.841966870592e+01 2.953328214141e-05 1.612046899939e-04
23 18 2 0.84235917 2.87291845 5.17656856 0.84995122 1.34226978 1.713121255433e-05 2.875072261713e-07 4.714785216286e+01 2.858619166985e-05 1.564636746495e-04
23 19 2 0.84235917 2.87291845 5.17656856 0.84995122 1.34226978 1.904838362342e-05 2.793732485981e-07 4.602182788496e+01 2.770066833687e-05 1.520850993446e-04
23 20 2 0.84235917 2.87291845 5.17656856 0.84995122 1.34226978 1.927056439071e-05 2.719123885022e-07 4.501312339187e+01 2.687671461054e-05 1.480689933415e-04
23 21 2 0.84235917 2.87291845 5.17656856 0.84995122 1.34226978 1.772992902519e-05 2.651246517702e-07 4.407318505661e+01 2.611433278733e-05 1.444153834802e-04
23 22 2 0.84235917 2.87291845 5.17656856 0.84995122 1.34226978 1.485368132663e-05 2.590100437571e-07 4.317778371091e+01 2.541352499211e-05 1.411242941780e-04
23 23 2 0.84235917 2.87291845 5.17656856 0.84995122 1.34226978 1.142155687032e-05 2.535685692870e-07 4.234809944854e+01 2.477429317812e-05 1.381957474296e-04
23 24 2 0.84235917 2.87291845 5.17656856 0.84995122 1.34226978 8.337727072108e-06 2.488002326532e-07 4.163159349721e+01 2.419663912698e-05 1.356297628067e-04
23 25 2 0.84235917 2.87291845 5.17656856 0.84995122 1.34226978 6.381842456624e-06 2.447050376175e-07 4.106087612610e+01 2.368056444869e-05 1.334263574580e-04
23 26 2 0.84235917 2.87291845 5.17656856 0.84995122 1.34226978 6.005039957399e-06 2.412829874108e-07 4.062669024815e+01 2.322607058162e-05 1.315855461090e-04
23 27 2 0.84235917 2.87291845 5.17656856 0.84995122 1.34226978 7.221312144237e-06 2.385340847331e-07 4.028760474711e+01 2.283315879251e-05 1.301073410619e-04
23 28 2 0.84235917 2.87291845 5.17656856 0.84995122 1.34226978 9.617809289108e-06 2.364583317531e-07 4.000689467699e+01 2.250183017645e-05 1.289917521958e-04
23 29 2 0.84235917 2.87291845 5.17656856 0.84995122 1.34226978 1.247671223624e-05 2.350557301084e-07 3.978421311815e+01 2.223208565690e-05 1.282387869662e-04
23 30 2 0.84235917 2.87291845 5.17656856 0.84995122 1.34226978 1.497384502761e-05 2.343262809056e-07 3.965498470746e+01 2.202392598568e-05 1.278484504053e-04
23 31 2 0.84235917 2.87291845 5.17656856 0.84995122 1.34226978 1.640135377333e-05 2.342699847203e-07 3.965863138417e+01 2.187735174295e-05 1.278207451216e-04
23 32 2 0.84235917 2.87291845 5.17656856 0.84995122 1.34226978 1.635716450274e-05 2.348868415969e-07 3.980342214635e+01 2.179236333724e-05 1.281556713005e-04
23 33 2 0.84235917 2.87291845 5.17656856 0.84995122 1.34226978 1.485308475652e-05 2.361768510486e-07 4.005836800407e+01 2.176896100542e-05 1.288532267034e-04
23 34 2 0.84235917 2.87291845 5.17656856 0.84995122 1.34226978 1.231391300174e-05 2.381400120577e-07 4.037919245426e+01 2.180714481271e-05 1.299134066686e-04
23 35 2 0.84235917 2.87291845 5.17656856 0.84995122 1.34226978 9.466998050425e-06 2.407763230755e-07 4.074599997522e+01 2.190691465270e-05 1.313362041108e-04
23 36 2 0.84235917 2.87291845 5.17656856 0.84995122 1.34226978 7.149190561927e-06 2.440857820218e-07 4.117992767455e+01 2.206827024730e-05 1.331216095214e-04
23 37 2 0.84235917 2.87291845 5.17656856 0.84995122 1.34226978 6.079688990501e-06 2.480683862859e-07 4.172385027000e+01 2.229121114681e-05 1.352696109684e-04
23 38 2 0.84235917 2.87291845 5.17656856 0.84995122 1.34226978 6.657606177020e-06 2.527241327254e-07 4.240328326572e+01 2.257573672985e-05 1.377801940964e-04
23 39 2 0.84235917 2.87291845 5.17656856 0.84995122 1.34226978 8.839121958125e-06 2.580530176674e-07 4.320143164177e+01 2.292184620341e-05 1.406533421271e-04
23 40 2 0.84235917 2.87291845 5.17656856 0.84995122 1.34226978 1.213092130195e-05 2.640550369075e-07 4.407098797817e+01 2.332953860285e-05 1.438890358590e-04
23 41 2 0.84235917 2.87291845 5.17656856 0.84995122 1.34226978 1.570778080160e-05 2.707301857105e-07 4.497365032842e+01 2.379881279186e-05 1.474872536677e-04
23 42 2 0.84235917 2.87291845 5.17656856 0.84995122 1.34226978 1.862921430306e-05 2.780784588098e-07 4.591333785059e+01 2.432966746252e-05 1.514479715060e-04
23 43 2 0.84235917 2.87291845 5.17656856 0.84995122 1.34226978 2.010133278297e-05 2.860998504081e-07 4.693310529858e+01 2.492210113526e-05 1.557711629041e-04
23 44 2 0.84235917 2.87291845 5.17656856 0.84995122 1.34226978 1.971363616182e-05 2.947943541770e-07 4.807672878062e+01 2.557611215890e-05 1.604567989697e-04
23 45 2 0.84235917 2.87291845 5.17656856 0.84995122 1.34226978 1.758203993842e-05 3.041619632567e-07 4.934775018205e+01 2.629169871060e-05 1.655048483885e-04
23 46 2 0.84235917 2.87291845 5.17656856 0.84995122 1.34226978 1.435041585621e-05 3.142026702569e-07 5.070297549932e+01 2.706885879596e-05 1.709152774238e-04
23 47 2 0.84235917 2.87291845 5.17656856 0.84995122 1.34226978 1.103934718487e-05 3.249164672555e-07 5.208849172011e+01 2.790759024890e-05 1.766880499174e-04
23 48 2 0.84235917 2.87291845 5.17656856 0.84995122 1.34226978 8.773833483870e-06 3.363033458002e-07 5.348814895454e+01 2.880789073178e-05 1.828231272894e-04
23 49 2 0.84235917 2.87291845 5.17656856 0.84995122 1.34226978 8.459555317231e-06 3.483632969071e-07 5.494109610172e+01 2.976975773533e-05 1.893204685385e-04
23 50 2 0.84235917 2.87291845 5.17656856 0.84995122 1.34226978 1.049842620345e-05 3.610963110619e-07 5.651027016256e+01 3.079318857872e-05 1.961800302425e-04
23 51 2 0.84235917 2.87291845 5.17656856 0.84995122 1.34226978 1.463057737324e-05 3.745023782180e-07 5.822740363005e+01 3.187818040948e-05 2.034017665584e-04
23 52 2 0.84235917 2.87291845 5.17656856 0.84995122 1.34226978 1.996019562017e-05 3.885814877991e-07 6.006348645336e+01 3.302473020362e-05 2.109856292227e-04
23 53 2 0.84235917 2.87291845 5.17656856 0.84995122 1.34226978 2.517301739544e-05 4.033336286975e-07 6.195370671974e+01 3.423283476554e-05 2.189315675519e-04
23 54 2 0.84235917 2.87291845 5.17656856 0.84995122 1.34226978 2.889669797914e-05 4.187587892742e-07 6.385774481938e+01 3.550249072809e-05 2.272395284427e-04
23 55 2 0.84235917 2.87291845 5.17656856 0.84995122 1.34226978 3.010810954273e-05 4.348569573597e-07 6.580217952499e+01 3.683369455257e-05 2.359094563723e-04
23 56 2 0.84235917 2.87291845 5.17656856 0.84995122 1.34226978 2.846906934384e-05 4.516281202534e-07 6.786431261004e+01 3.822644252874e-05 2.449412933988e-04
23 57 2 0.84235917 2.87291845 5.17656856 0.84995122 1.34226978 2.448325568460e-05 4.690722647235e-07 7.010793168519e+01 3.968073077483e-05 2.543349791618e-04
23 58 2 0.84235917 2.87291845 5.17656856 0.84995122 1.34226978 1.941187918411e-05 4.871893770071e-07 7.252691128571e+01 4.119655523754e-05 2.640904508826e-04
23 59 2 0.84235917 2.87291845 5.17656856 0.84995122 1.34226978 1.495346142094e-05 5.059794428107e-07 7.504949360878e+01 4.277391169206e-05 2.742076433644e-04
23 60 2 0.84235917 2.87291845 5.17656856 0.84995122 1.34226978 1.276518984329e-05 5.254424473104e-07 7.760366459191e+01 4.441279574208e-05 2.846864889935e-04
23 61 2 0.84235917 2.87291845 5.17656856 0.84995122 1.34226978 1.395806294429e-05 5.455783751499e-07 8.018720942021e+01 4.611320281982e-05 2.955269177387e-04
23 62 2 0.84235917 2.87291845 5.17656856 0.84995122 1.34226978 1.871708857950e-05 5.663872104434e-07 8.287739818262e+01 4.787512818602e-05 3.067288571525e-04
23 63 2 0.84235917 2.87291845 5.17656856 0.84995122 1.34226978 2.617220026336e-05 5.878689367736e-07 8.576659315618e+01 4.969856692998e-05 3.182922323717e-04
29 0 2 0.75358868 2.04971717 4.22937092 0.78048759 1.19230350 3.741111859323e-05 1.598805716431e-06 4.300025012696e+01 2.004336736315e-04 1.187472067565e-03
29 1 2 0.75358868 2.04971717 4.22937092 0.78048759 1.19230350 2.612078650283e-05 1.539898846221e-06 4.232894574058e+01 1.931356458716e-04 1.143970079910e-03
29 2 2 0.75358868 2.04971717 4.22937092 0.78048759 1.19230350 1.926421377884e-05 1.482936185523e-06 4.177946867883e+01 1.860694080505e-04 1.101904302560e-03
29 3 2 0.75358868 2.04971717 4.22937092 0.78048759 1.19230350 1.803897581831e-05 1.427917777906e-06 4.133039550175e+01 1.792349787545e-04 1.061274992733e-03
29 4 2 0.75358868 2.04971717 4.22937092 0.78048759 1.19230350 2.199198005142e-05 1.374843665451e-06 4.101065946644e+01 1.726323759605e-04 1.022082398860e-03
29 5 2 0.75358868 2.04971717 4.22937092 0.78048759 1.19230350 2.926809783297e-05 1.323713888751e-06 4.085072334919e+01 1.662616170351e-04 9.843267605910e-04
29 6 2 0.75358868 2.04971717 4.22937092 0.78048759 1.19230350 3.723305775080e-05 1.274528486911e-06 4.083590288329e+01 1.601227187356e-04 9.480083087868e-04
29 7 2 0.75358868 2.04971717 4.22937092 0.78048759 1.19230350 4.326750159461e-05 1.227287497551e-06 4.090241787340e+01 1.542156972091e-04 9.131272655211e-04
29 8 2 0.75358868 2.04971717 4.22937092 0.78048759 1.19230350 4.549688233767e-05 1.181990956802e-06 4.097747021989e+01 1.485405679929e-04 8.796838440787e-04
29 9 2 0.75358868 2.04971717 4.22937092 0.78048759 1.19230350 4.325830736274e-05 1.138638899311e-06 4.102661741559e+01 1.430973460145e-04 8.476782489536e-04
29 10 2 0.75358868 2.04971717 4.22937092 0.78048759 1.19230350 3.719463563917e-05 1.097231358234e-06 4.106746968393e+01 1.378860455909e-04 8.171106758482e-04
29 11 2 0.75358868 2.04971717 4.22937092 0.78048759 1.19230350 2.897871745654e-05 1.057768365241e-06 4.113985073044e+01 1.329066804298e-04 7.879813116717e-04
29 12 2 0.75358868 2.04971717 4.22937092 0.78048759 1.19230350 2.077316336267e-05 1.020249950516e-06 4.126030530259e+01 1.281592636283e-04 7.602903345391e-04
29 13 2 0.75358868 2.04971717 4.22937092 0.78048759 1.19230350 1.459573502343e-05 9.846761427546e-07 4.140064162317e+01 1.236438076736e-04 7.340379137707e-04
29 14 2 0.75358868 2.04971717 4.22937092 0.78048759 1.19230350 1.177267055043e-05 9.510469691654e-07 4.150756604400e+01 1.193603244428e-04 7.092242098901e-04
29 15 2 0.75358868 2.04971717 4.22937092 0.78048759 1.19230350 1.262322244554e-05 9.193624554685e-07 4.154462156340e+01 1.153088252027e-04 6.858493746239e-04
29 16 2 0.75358868 2.04971717 4.22937092 0.78048759 1.19230350 1.644370387817e-05 8.896226258981e-07 4.151967293294e+01 1.114893206100e-04 6.639135509005e-04
29 17 2 0.75358868 2.04971717 4.22937092 0.78048759 1.19230350 2.177217643949e-05 8.618275032007e-07 4.147521884664e+01 1.079018207113e-04 6.434168728492e-04
29 18 2 0.75358868 2.04971717 4.22937092 0.78048759 1.19230350 2.684039962141e-05 8.359771086352e-07 4.145123316388e+01 1.045463349427e-04 6.243594657997e-04
29 19 2 0.75358868 2.04971717 4.22937092 0.78048759 1.19230350 3.007677383232e-05 8.120714619731e-07 4.145282828453e+01 1.014228721303e-04 6.067414462807e-04
29 20 2 0.75358868 2.04971717 4.22937092 0.78048759 1.19230350 3.052130979869e-05 7.901105814984e-07 4.144945035148e+01 9.853144048961e-05 5.905629220200e-04
29 21 2 0.75358868 2.04971717 4.22937092 0.78048759 1.19230350 2.804810352810e-05 7.700944840079e-07 4.140472847087e+01 9.587204762611e-05 5.758239919432e-04
29 22 2 0.75358868 2.04971717 4.22937092 0.78048759 1.19230350 2.334981908576e-05 7.520231848105e-07 4.131058489629e+01 9.344470053480e-05 5.625247461733e-04
29 23 2 0.75358868 2.04971717 4.22937092 0.78048759 1.19230350 1.770457781165e-05 7.358966977282e-07 4.119680050729e+01 9.124940560035e-05 5.506652660303e-04
29 24 2 0.75358868 2.04971717 4.22937092 0.78048759 1.19230350 1.260079004650e-05 7.217150350951e-07 4.110877993057e+01 8.928616859706e-05 5.402456240305e-04
29 25 2 0.75358868 2.04971717 4.22937092 0.78048759 1.19230350 9.326803233765e-06 7.094782077581e-07 4.107289876625e+01 8.755499468886e-05 5.312658838860e-04
29 26 2 0.75358868 2.04971717 4.22937092 0.78048759 1.19230350 8.634072071276e-06 6.991862250764e-07 4.107842483725e+01 8.605588842927e-05 5.237261005048e-04
29 27 2 0.75358868 2.04971717 4.22937092 0.78048759 1.19230350 1.055703423966e-05 6.908390949217e-07 4.109040486589e+01 8.478885376141e-05 5.176263199896e-04
29 28 2 0.75358868 2.04971717 4.22937092 0.78048759 1.19230350 1.442853390251e-05 6.844368236783e-07 4.108195882993e+01 8.375389401796e-05 5.129665796384e-04
29 29 2 0.75358868 2.04971717 4.22937092 0.78048759 1.19230350 1.907861278613e-05 6.799794162430e-07 4.105871986829e+01 8.295101192120e-05 5.097469079438e-04
29 30 2 0.75358868 2.04971717 4.22937092 0.78048759 1.19230350 2.315933088335e-05 6.774668760249e-07 4.105522176101e+01 8.238020958294e-05 5.079673245929e-04
29 31 2 0.75358868 2.04971717 4.22937092 0.78048759 1.19230350 2.550912630235e-05 6.768992049457e-07 4.110653926683e+01 8.204148850459e-05 5.076278404671e-04
29 32 2 0.75358868 2.04971717 4.22937092 0.78048759 1.19230350 2.546290918812e-05 6.782764034397e-07 4.121891370160e+01 8.193484957707e-05 5.087284576423e-04
29 33 2 0.75358868 2.04971717 4.22937092 0.78048759 1.19230350 2.302933847847e-05 6.815984704536e-07 4.136379412987e+01 8.206029308089e-05 5.112691693886e-04
29 34 2 0.75358868 2.04971717 4.22937092 0.78048759 1.19230350 1.889042594447e-05 6.868654034463e-07 4.150028926397e+01 8.241781868609e-05 5.152499601705e-04
29 35 2 0.75358868 2.04971717 4.22937092 0.78048759 1.19230350 1.422283134661e-05 6.940771983896e-07 4.160745624324e+01 8.300742545226e-05 5.206708056469e-04
29 36 2 0.75358868 2.04971717 4.22937092 0.78048759 1.19230350 1.038487373644e-05 7.032338497676e-07 4.169953065555e+01 8.382911182856e-05 5.275316726714e-04
29 37 2 0.75358868 2.04971717 4.22937092 0.78048759 1.19230350 8.548090960197e-06 7.143353505768e-07 4.181114000962e+01 8.488287565369e-05 5.358325192925e-04
29 38 2 0.75358868 2.04971717 4.22937092 0.78048759 1.19230350 9.368662069561e-06 7.273816923263e-07 4.196451973220e+01 8.616871415594e-05 5.455732947533e-04
29 39 2 0.75358868 2.04971717 4.22937092 0.78048759 1.19230350 1.278738463965e-05 7.423728650377e-07 4.214619437380e+01 8.768662395314e-05 5.567539394929e-04
29 40 2 0.75358868 2.04971717 4.22937092 0.78048759 1.19230350 1.801743278897e-05 7.593088572452e-07 4.231332585192e+01 8.943660105273e-05 5.693743851457e-04
29 41 2 0.75358868 2.04971717 4.22937092 0.78048759 1.19230350 2.373258694427e-05 7.781896559953e-07 4.242536798352e+01 9.141864085171e-05 5.834345545423e-04
29 42 2 0.75358868 2.04971717 4.22937092 0.78048759 1.19230350 2.841558459701e-05 7.990152468471e-07 4.247495223341e+01 9.363273813673e-05 5.989343617102e-04
29 43 2 0.75358868 2.04971717 4.22937092 0.78048759 1.19230350 3.078001123504e-05 8.217856138723e-07 4.249163094992e+01 9.607888708401e-05 6.158737118737e-04
29 44 2 0.75358868 2.04971717 4.22937092 0.78048759 1.19230350 3.015271260120e-05 8.465007396552e-07 4.251440474178e+01 9.875708125943e-05 6.342525014550e-04
29 45 2 0.75358868 2.04971717 4.22937092 0.78048759 1.19230350 2.670617006399e-05 8.731606052923e-07 4.255575899197e+01 1.016673136185e-04 6.540706180748e-04
29 46 2 0.75358868 2.04971717 4.22937092 0.78048759 1.19230350 2.146382701743e-05 9.017651903934e-07 4.258831656268e+01 1.048095765064e-04 6.753279405525e-04
29 47 2 0.75358868 2.04971717 4.22937092 0.78048759 1.19230350 1.605969315397e-05 9.323144730803e-07 4.256695058066e+01 1.081838616580e-04 6.980243389077e-04
29 48 2 0.75358868 2.04971717 4.22937092 0.78048759 1.19230350 1.230258460958e-05 9.648084299875e-07 4.246877730489e+01 1.117901601979e-04 7.221596743603e-04
29 49 2 0.75358868 2.04971717 4.22937092 0.78048759 1.19230350 1.165626071869e-05 9.992470362622e-07 4.231683465999e+01 1.156284626405e-04 7.477337993318e-04
29 50 2 0.75358868 2.04971717 4.22937092 0.78048759 1.19230350 1.478090350593e-05 1.035630265564e-06 4.216585310752e+01 1.196987588897e-04 7.747465574458e-04
29 51 2 0.75358868 2.04971717 4.22937092 0.78048759 1.19230350 2.127606901647e-05 1.073958090065e-06 4.206091495251e+01 1.240010382395e-04 8.031977835295e-04
29 52 2 0.75358868 2.04971717 4.22937092 0.78048759 1.19230350 2.971798809453e-05 1.114230480452e-06 4.200442155477e+01 1.285352893735e-04 8.330873036143e-04
29 53 2 0.75358868 2.04971717 4.22937092 0.78048759 1.19230350 3.800478954999e-05 1.156447405922e-06 4.196125460018e+01 1.333015003653e-04 8.644149349368e-04
29 54 2 0.75358868 2.04971717 4.22937092 0.78048759 1.19230350 4.393246502045e-05 1.200608834186e-06 4.189943871197e+01 1.382996586782e-04 8.971804859403e-04
29 55 2 0.75358868 2.04971717 4.22937092 0.78048759 1.19230350 4.584842169216e-05 1.246714731466e-06 4.183154385437e+01 1.435297511655e-04 9.313837562757e-04
29 56 2 0.75358868 2.04971717 4.22937092 0.78048759 1.19230350 4.319269731787e-05 1.294765062499e-06 4.181939692188e+01 1.489917640705e-04 9.670245368027e-04
29 57 2 0.75358868 2.04971717 4.22937092 0.78048759 1.19230350 3.675424769072e-05 1.344759790535e-06 4.193565665135e+01 1.546856830264e-04 1.004102609591e-03
29 58 2 0.75358868 2.04971717 4.22937092 0.78048759 1.19230350 2.854096828621e-05 1.396698877335e-06 4.221452052219e+01 1.606114930563e-04 1.042617747923e-03
29 59 2 0.75358868 2.04971717 4.22937092 0.78048759 1.19230350 2.127052372121e-05 1.450582283172e-06 4.263561616295e+01 1.667691785737e-04 1.082569716292e-03
29 60 2 0.75358868 2.04971717 4.22937092 0.78048759 1.19230350 1.760486292011e-05 1.506409966836e-06 4.315751501189e+01 1.731587233818e-04 1.123958270406e-03
29 61 2 0.75358868 2.04971717 4.22937092 0.78048759 1.19230350 1.933968190782e-05 1.564181885628e-06 4.377293141252e+01 1.797801106743e-04 1.166783157191e-03
29 62 2 0.75358868 2.04971717 4.22937092 0.78048759 1.19230350 2.679152185085e-05 1.623897995361e-06 4.453603888358e+01 1.866333230348e-04 1.211044114788e-03
29 63 2 0.75358868 2.04971717 4.22937092 0.78048759 1.19230350 3.858504418433e-05 1.685558250358e-06 4.553480983776e+01 1.937183424371e-04 1.256740872558e-03
