# environment=00064 local_bs=4 gain_scale=5.065887104767e-12
# ue subcarrier serving_bs phi0 phi1 phi2 phi3 phi4 gain0 gain1 gain2 gain3 gain4
4 0 4 1.95278479 1.53698291 2.08837371 2.16458577 2.81989851 9.387135895178e-01 4.393060555277e-01 5.224823390753e-01 1.609796221955e+00 3.590981210190e+00
4 1 4 1.95278479 1.53698291 2.08837371 2.16458577 2.81989851 7.815775380469e-01 4.363854767063e-01 5.541281996349e-01 1.593660334022e+00 3.184225966433e+00
4 2 4 1.95278479 1.53698291 2.08837371 2.16458577 2.81989851 6.712582509862e-01 4.301265286455e-01 6.904176503139e-01 1.440380993517e+00 3.014945181633e+00
4 3 4 1.95278479 1.53698291 2.08837371 2.16458577 2.81989851 7.296858937777e-01 4.169981682711e-01 7.363141631280e-01 1.311050164404e+00 3.213004745648e+00
4 4 4 1.95278479 1.53698291 2.08837371 2.16458577 2.81989851 8.081359220781e-01 4.000295628312e-01 6.477194411004e-01 1.300967176210e+00 3.178639401314e+00
4 5 4 1.95278479 1.53698291 2.08837371 2.16458577 2.81989851 7.486338114304e-01 3.799717996409e-01 5.881339170516e-01 1.330112691972e+00 2.762627966370e+00
4 6 4 1.95278479 1.53698291 2.08837371 2.16458577 2.81989851 6.215042500610e-01 3.544628614485e-01 6.610795018942e-01 1.254689471535e+00 2.595873069459e+00
4 7 4 1.95278479 1.53698291 2.08837371 2.16458577 2.81989851 5.932114707078e-01 3.268659820411e-01 7.769938361042e-01 1.030388816624e+00 2.802852852708e+00
4 8 4 1.95278479 1.53698291 2.08837371 2.16458577 2.81989851 6.673811817214e-01 2.982472811924e-01 7.890187445684e-01 7.501396963027e-01 2.734631264038e+00
4 9 4 1.95278479 1.53698291 2.08837371 2.16458577 2.81989851 6.823272986780e-01 2.698936467465e-01 7.025180896901e-01 5.521841259484e-01 2.340807307519e+00
4 10 4 1.95278479 1.53698291 2.08837371 2.16458577 2.81989851 5.823868080992e-01 2.416291607563e-01 6.625702644845e-01 5.179058548473e-01 2.261234122565e+00
4 11 4 1.95278479 1.53698291 2.08837371 2.16458577 2.81989851 5.012364288240e-01 2.132937317979e-01 7.538904510876e-01 6.238204239242e-01 2.451802498541e+00
4 12 4 1.95278479 1.53698291 2.08837371 2.16458577 2.81989851 5.319688657136e-01 1.857065797804e-01 8.589755350037e-01 7.671039798700e-01 2.367186482580e+00
4 13 4 1.95278479 1.53698291 2.08837371 2.16458577 2.81989851 5.844668683648e-01 1.614229860140e-01 8.334224544999e-01 8.421564032799e-01 2.071105463473e+00
4 14 4 1.95278479 1.53698291 2.08837371 2.16458577 2.81989851 5.412832465552e-01 1.437219419918e-01 7.301849486341e-01 8.234775287862e-01 2.023423197791e+00
4 15 4 1.95278479 1.53698291 2.08837371 2.16458577 2.81989851 4.467101065748e-01 1.319132353926e-01 7.241146078679e-01 7.811050979210e-01 2.161793710632e+00
4 16 4 1.95278479 1.53698291 2.08837371 2.16458577 2.81989851 4.201773080587e-01 1.235876493111e-01 8.317337981454e-01 8.116187190562e-01 2.085409268029e+00
4 17 4 1.95278479 1.53698291 2.08837371 2.16458577 2.81989851 4.721162344164e-01 1.161993394405e-01 8.980633701459e-01 9.102424015971e-01 1.841519736514e+00
4 18 4 1.95278479 1.53698291 2.08837371 2.16458577 2.81989851 4.957843120297e-01 1.108677902627e-01 8.388324196866e-01 9.847460742023e-01 1.786845542401e+00
4 19 4 1.95278479 1.53698291 2.08837371 2.16458577 2.81989851 4.358615742889e-01 1.088941528938e-01 7.532172208700e-01 9.442768342510e-01 1.896135073037e+00
4 20 4 1.95278479 1.53698291 2.08837371 2.16458577 2.81989851 3.794546629362e-01 1.115623394835e-01 7.666337961960e-01 7.889310843657e-01 1.859127383647e+00
4 21 4 1.95278479 1.53698291 2.08837371 2.16458577 2.81989851 4.011200847956e-01 1.195506604283e-01 8.628858462884e-01 5.873521599948e-01 1.667269129237e+00
4 22 4 1.95278479 1.53698291 2.08837371 2.16458577 2.81989851 4.493508157599e-01 1.315086780679e-01 9.092433997778e-01 4.381829955294e-01 1.618593091793e+00
4 23 4 1.95278479 1.53698291 2.08837371 2.16458577 2.81989851 4.342781635621e-01 1.458371387881e-01 8.384987865388e-01 4.000192898503e-01 1.749162110883e+00
4 24 4 1.95278479 1.53698291 2.08837371 2.16458577 2.81989851 3.673383136349e-01 1.592801752301e-01 7.583559718889e-01 4.469089026153e-01 1.747261088209e+00
4 25 4 1.95278479 1.53698291 2.08837371 2.16458577 2.81989851 3.445522976924e-01 1.714128311166e-01 7.889428511257e-01 4.977772424093e-01 1.562797811747e+00
4 26 4 1.95278479 1.53698291 2.08837371 2.16458577 2.81989851 3.864634346969e-01 1.824123892959e-01 8.851265481837e-01 4.998625972903e-01 1.523151571953e+00
4 27 4 1.95278479 1.53698291 2.08837371 2.16458577 2.81989851 4.141355966792e-01 1.911775727971e-01 9.044714897893e-01 4.743681707641e-01 1.666654924053e+00
4 28 4 1.95278479 1.53698291 2.08837371 2.16458577 2.81989851 3.747377519907e-01 1.969352229423e-01 8.269983123504e-01 4.999999564000e-01 1.657380725058e+00
4 29 4 1.95278479 1.53698291 2.08837371 2.16458577 2.81989851 3.241844943241e-01 2.000757202498e-01 7.676002345485e-01 5.994991183944e-01 1.482016629511e+00
4 30 4 1.95278479 1.53698291 2.08837371 2.16458577 2.81989851 3.358497143235e-01 2.012520980503e-01 8.121145364940e-01 7.313907075652e-01 1.475660497426e+00
4 31 4 1.95278479 1.53698291 2.08837371 2.16458577 2.81989851 3.861143536378e-01 2.025351433659e-01 8.947046094509e-01 8.254509155231e-01 1.630690999459e+00
4 32 4 1.95278479 1.53698291 2.08837371 2.16458577 2.81989851 3.996190183005e-01 2.069858149989e-01 9.067315656218e-01 8.448145503025e-01 1.639876180264e+00
4 33 4 1.95278479 1.53698291 2.08837371 2.16458577 2.81989851 3.573552554585e-01 2.100717079943e-01 8.251696449034e-01 7.548360584580e-01 1.494531249321e+00
4 34 4 1.95278479 1.53698291 2.08837371 2.16458577 2.81989851 3.380371014012e-01 2.080127353966e-01 7.733649906341e-01 6.062097028293e-01 1.519528411405e+00
4 35 4 1.95278479 1.53698291 2.08837371 2.16458577 2.81989851 3.899081046421e-01 2.018660730974e-01 8.352505807566e-01 5.026037464520e-01 1.693071789333e+00
4 36 4 1.95278479 1.53698291 2.08837371 2.16458577 2.81989851 4.395521134277e-01 1.921692693209e-01 9.265833379861e-01 4.907860546665e-01 1.703623813315e+00
4 37 4 1.95278479 1.53698291 2.08837371 2.16458577 2.81989851 4.149066861749e-01 1.804188235784e-01 9.095366868870e-01 5.166369489939e-01 1.570557283746e+00
4 38 4 1.95278479 1.53698291 2.08837371 2.16458577 2.81989851 3.634783957086e-01 1.679633312952e-01 8.139067549614e-01 5.088839261449e-01 1.603114048970e+00
4 39 4 1.95278479 1.53698291 2.08837371 2.16458577 2.81989851 3.834292252372e-01 1.553916875433e-01 7.851686947248e-01 4.573984218205e-01 1.777088467440e+00
4 40 4 1.95278479 1.53698291 2.08837371 2.16458577 2.81989851 4.569731882203e-01 1.430847735935e-01 8.700492593272e-01 4.162359883104e-01 1.808406471286e+00
4 41 4 1.95278479 1.53698291 2.08837371 2.16458577 2.81989851 4.769418561023e-01 1.338999903191e-01 9.461062721190e-01 4.601351008612e-01 1.692012366315e+00
4 42 4 1.95278479 1.53698291 2.08837371 2.16458577 2.81989851 4.210439578830e-01 1.287538528744e-01 9.038131436998e-01 6.157875528803e-01 1.730234355661e+00
4 43 4 1.95278479 1.53698291 2.08837371 2.16458577 2.81989851 3.922538708120e-01 1.268057631929e-01 8.009062419069e-01 8.290004971280e-01 1.956481269194e+00
4 44 4 1.95278479 1.53698291 2.08837371 2.16458577 2.81989851 4.601830185479e-01 1.270753983461e-01 7.851310748961e-01 9.982690722921e-01 2.030500442547e+00
4 45 4 1.95278479 1.53698291 2.08837371 2.16458577 2.81989851 5.346712683902e-01 1.278327817903e-01 8.880728569736e-01 1.033693991831e+00 1.893439503932e+00
4 46 4 1.95278479 1.53698291 2.08837371 2.16458577 2.81989851 5.165094462869e-01 1.295525213028e-01 9.525230938089e-01 9.536571290063e-01 1.945445092440e+00
4 47 4 1.95278479 1.53698291 2.08837371 2.16458577 2.81989851 4.602311138820e-01 1.327410628127e-01 8.709499769350e-01 8.623878995308e-01 2.230146465551e+00
4 48 4 1.95278479 1.53698291 2.08837371 2.16458577 2.81989851 4.903657683181e-01 1.406808076520e-01 7.566079213550e-01 8.440751990751e-01 2.293342047989e+00
4 49 4 1.95278479 1.53698291 2.08837371 2.16458577 2.81989851 6.009424339937e-01 1.556973589353e-01 7.736089174166e-01 8.802203550739e-01 2.109335681715e+00
4 50 4 1.95278479 1.53698291 2.08837371 2.16458577 2.81989851 6.425151542359e-01 1.767014857729e-01 8.802465807232e-01 8.901333018552e-01 2.193014048058e+00
4 51 4 1.95278479 1.53698291 2.08837371 2.16458577 2.81989851 5.708315342968e-01 2.002993223671e-01 9.042506231382e-01 8.155031894291e-01 2.539168133596e+00
4 52 4 1.95278479 1.53698291 2.08837371 2.16458577 2.81989851 5.310446672410e-01 2.239969440154e-01 7.977734971877e-01 6.668962157819e-01 2.588752413512e+00
4 53 4 1.95278479 1.53698291 2.08837371 2.16458577 2.81989851 6.229377484051e-01 2.491541395353e-01 6.963369812054e-01 5.468265529663e-01 2.395074124061e+00
4 54 4 1.95278479 1.53698291 2.08837371 2.16458577 2.81989851 7.314208105716e-01 2.765556364715e-01 7.266036117894e-01 5.804879627133e-01 2.562968204635e+00
4 55 4 1.95278479 1.53698291 2.08837371 2.16458577 2.81989851 7.089637231848e-01 3.067090898636e-01 8.274162026469e-01 8.115345139829e-01 2.951394837388e+00
4 56 4 1.95278479 1.53698291 2.08837371 2.16458577 2.81989851 6.231708946437e-01 3.375468267850e-01 8.260463803541e-01 1.133769271235e+00 2.976472060976e+00
4 57 4 1.95278479 1.53698291 2.08837371 2.16458577 2.81989851 6.490011063070e-01 3.676603393164e-01 6.907285013176e-01 1.368279479937e+00 2.804386474111e+00
4 58 4 1.95278479 1.53698291 2.08837371 2.16458577 2.81989851 7.895636346913e-01 3.946404480245e-01 5.989807791972e-01 1.423674647152e+00 2.974899035205e+00
4 59 4 1.95278479 1.53698291 2.08837371 2.16458577 2.81989851 8.554964005698e-01 4.191112863249e-01 6.748985332242e-01 1.387358165742e+00 3.351548326737e+00
4 60 4 1.95278479 1.53698291 2.08837371 2.16458577 2.81989851 7.693653868587e-01 4.421781850931e-01 7.732140041302e-01 1.411057692802e+00 3.413643563060e+00
4 61 4 1.95278479 1.53698291 2.08837371 2.16458577 2.81989851 7.215747442259e-01 4.591026339117e-01 7.115921931461e-01 1.544050471512e+00 3.225004632236e+00
4 62 4 1.95278479 1.53698291 2.08837371 2.16458577 2.81989851 8.553012499207e-01 4.722340858360e-01 5.620453283979e-01 1.690857358143e+00 3.367155046142e+00
4 63 4 1.95278479 1.53698291 2.08837371 2.16458577 2.81989851 1.013760054865e+00 4.817581701719e-01 5.386366884326e-01 1.709303855201e+00 3.850074089244e+00
5 0 4 1.78999238 1.28700297 1.59987231 1.64344334 2.01118313 6.709977924697e-01 1.968642378979e-01 2.187646318473e-01 3.895111768280e-01 9.213383015764e-01
5 1 4 1.78999238 1.28700297 1.59987231 1.64344334 2.01118313 5.547478730280e-01 2.022220393918e-01 2.682228675804e-01 4.477238207202e-01 8.840820391883e-01
5 2 4 1.78999238 1.28700297 1.59987231 1.64344334 2.01118313 5.169231619116e-01 2.073369843774e-01 2.399179478768e-01 5.351506017543e-01 8.677215813729e-01
5 3 4 1.78999238 1.28700297 1.59987231 1.64344334 2.01118313 5.890044816410e-01 2.105083657380e-01 1.747452307822e-01 6.091131711616e-01 8.488341712002e-01
5 4 4 1.78999238 1.28700297 1.59987231 1.64344334 2.01118313 5.837794527387e-01 2.094937674038e-01 1.863960906113e-01 6.155954420576e-01 8.087259813089e-01
5 5 4 1.78999238 1.28700297 1.59987231 1.64344334 2.01118313 4.766314381019e-01 2.047312921258e-01 2.735970005610e-01 5.283098429455e-01 7.736795396384e-01
5 6 4 1.78999238 1.28700297 1.59987231 1.64344334 2.01118313 4.402357282247e-01 1.946675952666e-01 3.089736386192e-01 3.859416655180e-01 7.555493714390e-01
5 7 4 1.78999238 1.28700297 1.59987231 1.64344334 2.01118313 4.998091497036e-01 1.810480101548e-01 2.466069757387e-01 2.619345183568e-01 7.301245420952e-01
5 8 4 1.78999238 1.28700297 1.59987231 1.64344334 2.01118313 4.947962443233e-01 1.655729572816e-01 1.923333343392e-01 2.063829991057e-01 6.908563029282e-01
5 9 4 1.78999238 1.28700297 1.59987231 1.64344334 2.01118313 4.047499286426e-01 1.495751431692e-01 2.354410129266e-01 2.128592682666e-01 6.628306584384e-01
5 10 4 1.78999238 1.28700297 1.59987231 1.64344334 2.01118313 3.746047571282e-01 1.347917244755e-01 3.112250267886e-01 2.380116241052e-01 6.506723770740e-01
5 11 4 1.78999238 1.28700297 1.59987231 1.64344334 2.01118313 4.230399126200e-01 1.215058205475e-01 3.161451064416e-01 2.436022908645e-01 6.265634982636e-01
5 12 4 1.78999238 1.28700297 1.59987231 1.64344334 2.01118313 4.187771019226e-01 1.092668240376e-01 2.591026693234e-01 2.247599557517e-01 6.016565788552e-01
5 13 4 1.78999238 1.28700297 1.59987231 1.64344334 2.01118313 3.426352932575e-01 9.695559573170e-02 2.336255189777e-01 2.078249095483e-01 5.894834394155e-01
5 14 4 1.78999238 1.28700297 1.59987231 1.64344334 2.01118313 3.199927550840e-01 8.507558216058e-02 2.698116056943e-01 2.232838927259e-01 5.768233439176e-01
5 15 4 1.78999238 1.28700297 1.59987231 1.64344334 2.01118313 3.646415897329e-01 7.366362718199e-02 3.109558065264e-01 2.742665527984e-01 5.537475915760e-01
5 16 4 1.78999238 1.28700297 1.59987231 1.64344334 2.01118313 3.611822748347e-01 6.344210279434e-02 3.112304795673e-01 3.397390067836e-01 5.325482119271e-01
5 17 4 1.78999238 1.28700297 1.59987231 1.64344334 2.01118313 2.989889060516e-01 5.533327331803e-02 2.883330707403e-01 3.826767998172e-01 5.225091458177e-01
5 18 4 1.78999238 1.28700297 1.59987231 1.64344334 2.01118313 2.842722453577e-01 5.044471429439e-02 2.733854066259e-01 3.776195033775e-01 5.086662913089e-01
5 19 4 1.78999238 1.28700297 1.59987231 1.64344334 2.01118313 3.258216181353e-01 4.871927264377e-02 2.743967415462e-01 3.209468783888e-01 4.822396939910e-01
5 20 4 1.78999238 1.28700297 1.59987231 1.64344334 2.01118313 3.250736001439e-01 4.961930589379e-02 2.903891722493e-01 2.424078838084e-01 4.698106288494e-01
5 21 4 1.78999238 1.28700297 1.59987231 1.64344334 2.01118313 2.750589700238e-01 5.336057937801e-02 3.164269939182e-01 1.769034609353e-01 4.729197461471e-01
5 22 4 1.78999238 1.28700297 1.59987231 1.64344334 2.01118313 2.668081994679e-01 5.898485265326e-02 3.240742083652e-01 1.459643721138e-01 4.612821696966e-01
5 23 4 1.78999238 1.28700297 1.59987231 1.64344334 2.01118313 3.058530112119e-01 6.607435121163e-02 2.915213065144e-01 1.479896957725e-01 4.410012293301e-01
5 24 4 1.78999238 1.28700297 1.59987231 1.64344334 2.01118313 3.027081934233e-01 7.355815123577e-02 2.590571801256e-01 1.621744687461e-01 4.408077142790e-01
5 25 4 1.78999238 1.28700297 1.59987231 1.64344334 2.01118313 2.547713468036e-01 8.100440296343e-02 2.800265806157e-01 1.645710217831e-01 4.486984293746e-01
5 26 4 1.78999238 1.28700297 1.59987231 1.64344334 2.01118313 2.472925339618e-01 8.801347785750e-02 3.344665781795e-01 1.520329795142e-01 4.349032149518e-01
5 27 4 1.78999238 1.28700297 1.59987231 1.64344334 2.01118313 2.846955020481e-01 9.362131134955e-02 3.428485818826e-01 1.426381733495e-01 4.151261700382e-01
5 28 4 1.78999238 1.28700297 1.59987231 1.64344334 2.01118313 2.847489650890e-01 9.741304367625e-02 2.889489802376e-01 1.621003862467e-01 4.185869819179e-01
5 29 4 1.78999238 1.28700297 1.59987231 1.64344334 2.01118313 2.426202556384e-01 9.981129316398e-02 2.503627177122e-01 2.090623482783e-01 4.283315261845e-01
5 30 4 1.78999238 1.28700297 1.59987231 1.64344334 2.01118313 2.367729748907e-01 1.012567623664e-01 2.878381015713e-01 2.656817810303e-01 4.164991010650e-01
5 31 4 1.78999238 1.28700297 1.59987231 1.64344334 2.01118313 2.741825498502e-01 1.025072675548e-01 3.459133375739e-01 3.037798913725e-01 4.015144907986e-01
5 32 4 1.78999238 1.28700297 1.59987231 1.64344334 2.01118313 2.832017682916e-01 1.051625892191e-01 3.431261384219e-01 3.109028789069e-01 4.186992859792e-01
5 33 4 1.78999238 1.28700297 1.59987231 1.64344334 2.01118313 2.478225874869e-01 1.067778313076e-01 2.841245395218e-01 2.748514948134e-01 4.338450264193e-01
5 34 4 1.78999238 1.28700297 1.59987231 1.64344334 2.01118313 2.469656279461e-01 1.055145279160e-01 2.589759590938e-01 2.138251284395e-01 4.251886680050e-01
5 35 4 1.78999238 1.28700297 1.59987231 1.64344334 2.01118313 2.939273731345e-01 1.018810431365e-01 3.001097015773e-01 1.632259482003e-01 4.202688184070e-01
5 36 4 1.78999238 1.28700297 1.59987231 1.64344334 2.01118313 3.000452493377e-01 9.588728540472e-02 3.444739468332e-01 1.468343440844e-01 4.405725536729e-01
5 37 4 1.78999238 1.28700297 1.59987231 1.64344334 2.01118313 2.590250504777e-01 8.849277089420e-02 3.324094180411e-01 1.566270410184e-01 4.533875748721e-01
5 38 4 1.78999238 1.28700297 1.59987231 1.64344334 2.01118313 2.626367930072e-01 8.078101381800e-02 2.926510812524e-01 1.681806586442e-01 4.454373310040e-01
5 39 4 1.78999238 1.28700297 1.59987231 1.64344334 2.01118313 3.163643575949e-01 7.341245465832e-02 2.800129256571e-01 1.665204096634e-01 4.448250455160e-01
5 40 4 1.78999238 1.28700297 1.59987231 1.64344334 2.01118313 3.214681959817e-01 6.653173865330e-02 3.007581370994e-01 1.552590656030e-01 4.677377127014e-01
5 41 4 1.78999238 1.28700297 1.59987231 1.64344334 2.01118313 2.757163656540e-01 6.120791120000e-02 3.225374191589e-01 1.538213794804e-01 4.832865451673e-01
5 42 4 1.78999238 1.28700297 1.59987231 1.64344334 2.01118313 2.823366184790e-01 5.768247661501e-02 3.294402528420e-01 1.840542920543e-01 4.825923016809e-01
5 43 4 1.78999238 1.28700297 1.59987231 1.64344334 2.01118313 3.436642651426e-01 5.633531768180e-02 3.196371597026e-01 2.520180399572e-01 4.959053850936e-01
5 44 4 1.78999238 1.28700297 1.59987231 1.64344334 2.01118313 3.522773904550e-01 5.707321503510e-02 2.916595088303e-01 3.384670877771e-01 5.260985224595e-01
5 45 4 1.78999238 1.28700297 1.59987231 1.64344334 2.01118313 3.080334773748e-01 5.967343393294e-02 2.733993156408e-01 4.006766055561e-01 5.410048660522e-01
5 46 4 1.78999238 1.28700297 1.59987231 1.64344334 2.01118313 3.257935577975e-01 6.457728262961e-02 2.979181039138e-01 4.093023243535e-01 5.482149163068e-01
5 47 4 1.78999238 1.28700297 1.59987231 1.64344334 2.01118313 3.996300016918e-01 7.064517152097e-02 3.439736676843e-01 3.618523459687e-01 5.678379233388e-01
5 48 4 1.78999238 1.28700297 1.59987231 1.64344334 2.01118313 4.065634421419e-01 7.773366860101e-02 3.393721874156e-01 2.885465219018e-01 5.912176114720e-01
5 49 4 1.78999238 1.28700297 1.59987231 1.64344334 2.01118313 3.564171525389e-01 8.606480351886e-02 2.724584872283e-01 2.337390123422e-01 6.037660959105e-01
5 50 4 1.78999238 1.28700297 1.59987231 1.64344334 2.01118313 3.824031665467e-01 9.652736907096e-02 2.329175354883e-01 2.237830610448e-01 6.172763401791e-01
5 51 4 1.78999238 1.28700297 1.59987231 1.64344334 2.01118313 4.678998556753e-01 1.093231639748e-01 2.851647789274e-01 2.464297605473e-01 6.438749844313e-01
5 52 4 1.78999238 1.28700297 1.59987231 1.64344334 2.01118313 4.719308387819e-01 1.250337943989e-01 3.527779439480e-01 2.622416654575e-01 6.731982959210e-01
5 53 4 1.78999238 1.28700297 1.59987231 1.64344334 2.01118313 4.125877885810e-01 1.437144396916e-01 3.230206111265e-01 2.486486079571e-01 6.899170239650e-01
5 54 4 1.78999238 1.28700297 1.59987231 1.64344334 2.01118313 4.429059036112e-01 1.635323796070e-01 2.272567886078e-01 2.197011683705e-01 7.178600431007e-01
5 55 4 1.78999238 1.28700297 1.59987231 1.64344334 2.01118313 5.416147349478e-01 1.823787971183e-01 2.029792597350e-01 2.221047947356e-01 7.587323803099e-01
5 56 4 1.78999238 1.28700297 1.59987231 1.64344334 2.01118313 5.390744583286e-01 1.981912629191e-01 2.778286907615e-01 2.932261527468e-01 7.841288575504e-01
5 57 4 1.78999238 1.28700297 1.59987231 1.64344334 2.01118313 4.673160608883e-01 2.104799292655e-01 3.245371514122e-01 4.253759566592e-01 7.988511797802e-01
5 58 4 1.78999238 1.28700297 1.59987231 1.64344334 2.01118313 5.074210390568e-01 2.179893808296e-01 2.651882882894e-01 5.641172362042e-01 8.320738059547e-01
5 59 4 1.78999238 1.28700297 1.59987231 1.64344334 2.01118313 6.202700518771e-01 2.226825487699e-01 1.892491497555e-01 6.502700327197e-01 8.712866758086e-01
5 60 4 1.78999238 1.28700297 1.59987231 1.64344334 2.01118313 6.092497247494e-01 2.250338732398e-01 1.953860052533e-01 6.543417414958e-01 8.919779744096e-01
5 61 4 1.78999238 1.28700297 1.59987231 1.64344334 2.01118313 5.204514349756e-01 2.251208821718e-01 2.477091653779e-01 5.856950444324e-01 9.104585627802e-01
5 62 4 1.78999238 1.28700297 1.59987231 1.64344334 2.01118313 5.671268150102e-01 2.242334732633e-01 2.579361928810e-01 4.805544023697e-01 9.534932526242e-01
5 63 4 1.78999238 1.28700297 1.59987231 1.64344334 2.01118313 6.919934070832e-01 2.200359247047e-01 2.215978889316e-01 3.993049112694e-01 1.008004593929e+00
7 0 4 2.04562943 1.89271868 2.89281078 3.13586706 4.26393563 1.017856857695e+00 9.656088673382e-01 2.487069259682e+00 5.298059951013e+00 1.639018269933e+01
7 1 4 2.04562943 1.89271868 2.89281078 3.13586706 4.26393563 8.407406699358e-01 9.243637257021e-01 2.208819849216e+00 6.146039950914e+00 1.627308230045e+01
7 2 4 2.04562943 1.89271868 2.89281078 3.13586706 4.26393563 8.256169140691e-01 8.800010794576e-01 2.124010464727e+00 6.618466548185e+00 1.497161000025e+01
7 3 4 2.04562943 1.89271868 2.89281078 3.13586706 4.26393563 9.397383923961e-01 8.270945196087e-01 2.427369825834e+00 6.302402780714e+00 1.417665541362e+01
7 4 4 2.04562943 1.89271868 2.89281078 3.13586706 4.26393563 1.004561787316e+00 7.716996112908e-01 2.674534126536e+00 5.431254026402e+00 1.442583466270e+01
7 5 4 2.04562943 1.89271868 2.89281078 3.13586706 4.26393563 9.119356661760e-01 7.156359018878e-01 2.536098447221e+00 4.563526494917e+00 1.406924964922e+01
7 6 4 2.04562943 1.89271868 2.89281078 3.13586706 4.26393563 7.472006273192e-01 6.628048391966e-01 2.312889167012e+00 4.077650746728e+00 1.283390388813e+01
7 7 4 2.04562943 1.89271868 2.89281078 3.13586706 4.26393563 6.650505405239e-01 6.123146296665e-01 2.438502934769e+00 3.886057351065e+00 1.232024565698e+01
7 8 4 2.04562943 1.89271868 2.89281078 3.13586706 4.26393563 7.152746081089e-01 5.591883842854e-01 2.762787079362e+00 3.631704336371e+00 1.258162908240e+01
7 9 4 2.04562943 1.89271868 2.89281078 3.13586706 4.26393563 7.988901473525e-01 5.071101830382e-01 2.830039249460e+00 3.133283926515e+00 1.212286608374e+01
7 10 4 2.04562943 1.89271868 2.89281078 3.13586706 4.26393563 7.844423470443e-01 4.587635498922e-01 2.600299096528e+00 2.606892121411e+00 1.112027192329e+01
7 11 4 2.04562943 1.89271868 2.89281078 3.13586706 4.26393563 6.676325198337e-01 4.147482124873e-01 2.507239975706e+00 2.439776057071e+00 1.090128372142e+01
7 12 4 2.04562943 1.89271868 2.89281078 3.13586706 4.26393563 5.602983073377e-01 3.744404351336e-01 2.747610959200e+00 2.779979981916e+00 1.117071664022e+01
7 13 4 2.04562943 1.89271868 2.89281078 3.13586706 4.26393563 5.571072741528e-01 3.411307325487e-01 2.975372920213e+00 3.353706273222e+00 1.064579731437e+01
7 14 4 2.04562943 1.89271868 2.89281078 3.13586706 4.26393563 6.315334729466e-01 3.153652242957e-01 2.862724209655e+00 3.720481784731e+00 9.788522235519e+00
7 15 4 2.04562943 1.89271868 2.89281078 3.13586706 4.26393563 6.731914702064e-01 2.941795948220e-01 2.641160641274e+00 3.698113381139e+00 9.746050210563e+00
7 16 4 2.04562943 1.89271868 2.89281078 3.13586706 4.26393563 6.178385240594e-01 2.782036937410e-01 2.697195152163e+00 3.488181099263e+00 9.911535199519e+00
7 17 4 2.04562943 1.89271868 2.89281078 3.13586706 4.26393563 5.176870683339e-01 2.700916814006e-01 2.956303859266e+00 3.362632136312e+00 9.315478761178e+00
7 18 4 2.04562943 1.89271868 2.89281078 3.13586706 4.26393563 4.749542051074e-01 2.718292578971e-01 3.021446968933e+00 3.420944177803e+00 8.660280797816e+00
7 19 4 2.04562943 1.89271868 2.89281078 3.13586706 4.26393563 5.160935936661e-01 2.800983232102e-01 2.816457604467e+00 3.461069287800e+00 8.755249393958e+00
7 20 4 2.04562943 1.89271868 2.89281078 3.13586706 4.26393563 5.744619074783e-01 2.940064611021e-01 2.676738420780e+00 3.228318806203e+00 8.904923719259e+00
7 21 4 2.04562943 1.89271868 2.89281078 3.13586706 4.26393563 5.680775665158e-01 3.126015193443e-01 2.826093623278e+00 2.697409288754e+00 8.379235000866e+00
7 22 4 2.04562943 1.89271868 2.89281078 3.13586706 4.26393563 4.918188390385e-01 3.346293381981e-01 3.042207566639e+00 2.121223574704e+00 7.927321305814e+00
7 23 4 2.04562943 1.89271868 2.89281078 3.13586706 4.26393563 4.232270850600e-01 3.595579970408e-01 2.985209836737e+00 1.802683050490e+00 8.190533898976e+00
7 24 4 2.04562943 1.89271868 2.89281078 3.13586706 4.26393563 4.262458102823e-01 3.829768758241e-01 2.740968540575e+00 1.849547622019e+00 8.309557870222e+00
7 25 4 2.04562943 1.89271868 2.89281078 3.13586706 4.26393563 4.819134852589e-01 4.038142489298e-01 2.707298748892e+00 2.078301801029e+00 7.771940735864e+00
7 26 4 2.04562943 1.89271868 2.89281078 3.13586706 4.26393563 5.116514024130e-01 4.223560596512e-01 2.944768313117e+00 2.218230364848e+00 7.517669443191e+00
7 27 4 2.04562943 1.89271868 2.89281078 3.13586706 4.26393563 4.715898164162e-01 4.377699408941e-01 3.053854012185e+00 2.191927275624e+00 7.838753538425e+00
7 28 4 2.04562943 1.89271868 2.89281078 3.13586706 4.26393563 4.006443031277e-01 4.473654323374e-01 2.880439597277e+00 2.221856326707e+00 7.841062107484e+00
7 29 4 2.04562943 1.89271868 2.89281078 3.13586706 4.26393563 3.722216970943e-01 4.500326558202e-01 2.719739539345e+00 2.479121317689e+00 7.405542036955e+00
7 30 4 2.04562943 1.89271868 2.89281078 3.13586706 4.26393563 4.113199524361e-01 4.482777914603e-01 2.810780620251e+00 2.870444629251e+00 7.336016110076e+00
7 31 4 2.04562943 1.89271868 2.89281078 3.13586706 4.26393563 4.705408257257e-01 4.484798215294e-01 3.005452296308e+00 3.159003119545e+00 7.697194894200e+00
7 32 4 2.04562943 1.89271868 2.89281078 3.13586706 4.26393563 4.865090955226e-01 4.564130582959e-01 3.039302656557e+00 3.210857043229e+00 7.773846810848e+00
7 33 4 2.04562943 1.89271868 2.89281078 3.13586706 4.26393563 4.433441841029e-01 4.629949041794e-01 2.840636278940e+00 2.925217386713e+00 7.423978654029e+00
7 34 4 2.04562943 1.89271868 2.89281078 3.13586706 4.26393563 4.003452274236e-01 4.593818850226e-01 2.734999950171e+00 2.495062140531e+00 7.508345532859e+00
7 35 4 2.04562943 1.89271868 2.89281078 3.13586706 4.26393563 4.250513871622e-01 4.468346106947e-01 2.933065029468e+00 2.257283806799e+00 8.032124623070e+00
7 36 4 2.04562943 1.89271868 2.89281078 3.13586706 4.26393563 5.034689544726e-01 4.288553280764e-01 3.128727409946e+00 2.261377094702e+00 8.030886895853e+00
7 37 4 2.04562943 1.89271868 2.89281078 3.13586706 4.26393563 5.541422698103e-01 4.095997890483e-01 2.999890366996e+00 2.266593247616e+00 7.686930909703e+00
7 38 4 2.04562943 1.89271868 2.89281078 3.13586706 4.26393563 5.242374675875e-01 3.898468265107e-01 2.788793267991e+00 2.113977353276e+00 7.996340313058e+00
7 39 4 2.04562943 1.89271868 2.89281078 3.13586706 4.26393563 4.577864285462e-01 3.695553226652e-01 2.850035378453e+00 1.902344029074e+00 8.523508374680e+00
7 40 4 2.04562943 1.89271868 2.89281078 3.13586706 4.26393563 4.441847605656e-01 3.496912231071e-01 3.093937255098e+00 1.879639560281e+00 8.417888322971e+00
7 41 4 2.04562943 1.89271868 2.89281078 3.13586706 4.26393563 5.146076538973e-01 3.339073707820e-01 3.157063102680e+00 2.217025075993e+00 8.227831670535e+00
7 42 4 2.04562943 1.89271868 2.89281078 3.13586706 4.26393563 5.999787061604e-01 3.225380755878e-01 2.948043412386e+00 2.828905891345e+00 8.732842764748e+00
7 43 4 2.04562943 1.89271868 2.89281078 3.13586706 4.26393563 6.103168678696e-01 3.142197571605e-01 2.792593771666e+00 3.395188407821e+00 9.322527233527e+00
7 44 4 2.04562943 1.89271868 2.89281078 3.13586706 4.26393563 5.436031081358e-01 3.102225155104e-01 2.950828294643e+00 3.641927241614e+00 9.231971354265e+00
7 45 4 2.04562943 1.89271868 2.89281078 3.13586706 4.26393563 4.906572337769e-01 3.100697295493e-01 3.191221827223e+00 3.596930433956e+00 9.165949771062e+00
7 46 4 2.04562943 1.89271868 2.89281078 3.13586706 4.26393563 5.372861488682e-01 3.159642818652e-01 3.112421159174e+00 3.552752307767e+00 9.897675068019e+00
7 47 4 2.04562943 1.89271868 2.89281078 3.13586706 4.26393563 6.507148887245e-01 3.260014109365e-01 2.821809072223e+00 3.708158184435e+00 1.051488441613e+01
7 48 4 2.04562943 1.89271868 2.89281078 3.13586706 4.26393563 7.150657723469e-01 3.370962304944e-01 2.772991747422e+00 3.963702036507e+00 1.029597932357e+01
7 49 4 2.04562943 1.89271868 2.89281078 3.13586706 4.26393563 6.726017028671e-01 3.508092950685e-01 3.029030009501e+00 3.973889451775e+00 1.034767435241e+01
7 50 4 2.04562943 1.89271868 2.89281078 3.13586706 4.26393563 5.942202571223e-01 3.706271685262e-01 3.142982022184e+00 3.540286483935e+00 1.126107834165e+01
7 51 4 2.04562943 1.89271868 2.89281078 3.13586706 4.26393563 6.048652552965e-01 3.979025197495e-01 2.889701128296e+00 2.916084001080e+00 1.179937010329e+01
7 52 4 2.04562943 1.89271868 2.89281078 3.13586706 4.26393563 7.318186740151e-01 4.290920966623e-01 2.633187729359e+00 2.569949676729e+00 1.153228026462e+01
7 53 4 2.04562943 1.89271868 2.89281078 3.13586706 4.26393563 8.626119533498e-01 4.656229191243e-01 2.735836820547e+00 2.773752345742e+00 1.180738488599e+01
7 54 4 2.04562943 1.89271868 2.89281078 3.13586706 4.26393563 8.680546630434e-01 5.087001601168e-01 2.979760851223e+00 3.357292404511e+00 1.296443398952e+01
7 55 4 2.04562943 1.89271868 2.89281078 3.13586706 4.26393563 7.679808427405e-01 5.571401279886e-01 2.896589507436e+00 3.904697860889e+00 1.349424254800e+01
7 56 4 2.04562943 1.89271868 2.89281078 3.13586706 4.26393563 7.143292266520e-01 6.094428966497e-01 2.540511747759e+00 4.181821045761e+00 1.320355371067e+01
7 57 4 2.04562943 1.89271868 2.89281078 3.13586706 4.26393563 8.135729684136e-01 6.689128279508e-01 2.419609817462e+00 4.392240673448e+00 1.376584279858e+01
7 58 4 2.04562943 1.89271868 2.89281078 3.13586706 4.26393563 9.958776902457e-01 7.374579919519e-01 2.663268359434e+00 4.924217402505e+00 1.509116779048e+01
7 59 4 2.04562943 1.89271868 2.89281078 3.13586706 4.26393563 1.074524755578e+00 8.076651241951e-01 2.789999244975e+00 5.872770516213e+00 1.542014154449e+01
7 60 4 2.04562943 1.89271868 2.89281078 3.13586706 4.26393563 9.824223978662e-01 8.779788304422e-01 2.499200980511e+00 6.796830127944e+00 1.506911064281e+01
7 61 4 2.04562943 1.89271868 2.89281078 3.13586706 4.26393563 8.627576412032e-01 9.446925536704e-01 2.188697327495e+00 7.064120008717e+00 1.587362907428e+01
7 62 4 2.04562943 1.89271868 2.89281078 3.13586706 4.26393563 9.012861380933e-01 1.009919620023e+00 2.301672449727e+00 6.488723850656e+00 1.729613573958e+01
7 63 4 2.04562943 1.89271868 2.89281078 3.13586706 4.26393563 1.102565871077e+00 1.077528037515e+00 2.590445043555e+00 5.593378931100e+00 1.740628313276e+01
11 0 4 2.54238124 2.09368275 2.52644002 3.11025333 3.27179138 2.188400511896e+00 1.387484676421e+00 1.490697108549e+00 4.118034806523e+00 6.087379588360e+00
11 1 4 2.54238124 2.09368275 2.52644002 3.11025333 3.27179138 2.012503782450e+00 1.398519030406e+00 1.333003553484e+00 4.284018695842e+00 5.495791718878e+00
11 2 4 2.54238124 2.09368275 2.52644002 3.11025333 3.27179138 2.162293667574e+00 1.388914773722e+00 1.430206248834e+00 4.867610940934e+00 5.506036090229e+00
11 3 4 2.54238124 2.09368275 2.52644002 3.11025333 3.27179138 2.298365666866e+00 1.365009408506e+00 1.685236212750e+00 5.604180545177e+00 5.759358159193e+00
11 4 4 2.54238124 2.09368275 2.52644002 3.11025333 3.27179138 2.125054482471e+00 1.329358740925e+00 1.803042071276e+00 6.034318178261e+00 5.533491648844e+00
11 5 4 2.54238124 2.09368275 2.52644002 3.11025333 3.27179138 1.808864716060e+00 1.286139449682e+00 1.669570951941e+00 5.828846719282e+00 4.863607486999e+00
11 6 4 2.54238124 2.09368275 2.52644002 3.11025333 3.27179138 1.717055007467e+00 1.223943889122e+00 1.478054919005e+00 5.034028566792e+00 4.459648381707e+00
11 7 4 2.54238124 2.09368275 2.52644002 3.11025333 3.27179138 1.861200216147e+00 1.144609710446e+00 1.465829132540e+00 4.045253508298e+00 4.634879035178e+00
11 8 4 2.54238124 2.09368275 2.52644002 3.11025333 3.27179138 1.904391975075e+00 1.058821337557e+00 1.650392310171e+00 3.290652530569e+00 4.838488858981e+00
11 9 4 2.54238124 2.09368275 2.52644002 3.11025333 3.27179138 1.689865977466e+00 9.686400880019e-01 1.827143484607e+00 2.951840097967e+00 4.546853239422e+00
11 10 4 2.54238124 2.09368275 2.52644002 3.11025333 3.27179138 1.459350820030e+00 8.739778297295e-01 1.808778502350e+00 2.910805532426e+00 4.047075814450e+00
11 11 4 2.54238124 2.09368275 2.52644002 3.11025333 3.27179138 1.472718225715e+00 7.757877315103e-01 1.627118726543e+00 2.919962050095e+00 3.929461654728e+00
11 12 4 2.54238124 2.09368275 2.52644002 3.11025333 3.27179138 1.608406432178e+00 6.821366194380e-01 1.508258755956e+00 2.813815784856e+00 4.151356329701e+00
11 13 4 2.54238124 2.09368275 2.52644002 3.11025333 3.27179138 1.575437260202e+00 5.977644186940e-01 1.599736742172e+00 2.647352741919e+00 4.167951482764e+00
11 14 4 2.54238124 2.09368275 2.52644002 3.11025333 3.27179138 1.364517018890e+00 5.261896689249e-01 1.797048514267e+00 2.624124622142e+00 3.750122987767e+00
11 15 4 2.54238124 2.09368275 2.52644002 3.11025333 3.27179138 1.235994209125e+00 4.673152658366e-01 1.874790989831e+00 2.872592044127e+00 3.338339999810e+00
11 16 4 2.54238124 2.09368275 2.52644002 3.11025333 3.27179138 1.312117968397e+00 4.234381324616e-01 1.750622806451e+00 3.331940365094e+00 3.351007691703e+00
11 17 4 2.54238124 2.09368275 2.52644002 3.11025333 3.27179138 1.414245633039e+00 3.957636872523e-01 1.582008732414e+00 3.747201048837e+00 3.562588891382e+00
11 18 4 2.54238124 2.09368275 2.52644002 3.11025333 3.27179138 1.342712722325e+00 3.828787354215e-01 1.562583325354e+00 3.846609977520e+00 3.486047966580e+00
11 19 4 2.54238124 2.09368275 2.52644002 3.11025333 3.27179138 1.165555534880e+00 3.804732776437e-01 1.711354845530e+00 3.525435480799e+00 3.133749198126e+00
11 20 4 2.54238124 2.09368275 2.52644002 3.11025333 3.27179138 1.108083824229e+00 3.853430547731e-01 1.856392045001e+00 2.958737946501e+00 2.947242548665e+00
11 21 4 2.54238124 2.09368275 2.52644002 3.11025333 3.27179138 1.200369145171e+00 4.007326062210e-01 1.846330462510e+00 2.410519780039e+00 3.111099359402e+00
11 22 4 2.54238124 2.09368275 2.52644002 3.11025333 3.27179138 1.255335270765e+00 4.265622540573e-01 1.684671248720e+00 2.076697964349e+00 3.275101636118e+00
11 23 4 2.54238124 2.09368275 2.52644002 3.11025333 3.27179138 1.155277520610e+00 4.629177332320e-01 1.555827323681e+00 2.004708366644e+00 3.088029588230e+00
11 24 4 2.54238124 2.09368275 2.52644002 3.11025333 3.27179138 1.013905664292e+00 5.049886952970e-01 1.614726459959e+00 2.066513778014e+00 2.757995842611e+00
11 25 4 2.54238124 2.09368275 2.52644002 3.11025333 3.27179138 1.005082557446e+00 5.487922823014e-01 1.791839795888e+00 2.082253576694e+00 2.713542425372e+00
11 26 4 2.54238124 2.09368275 2.52644002 3.11025333 3.27179138 1.099591662540e+00 5.912208332561e-01 1.872343695904e+00 1.991570280701e+00 2.925451581955e+00
11 27 4 2.54238124 2.09368275 2.52644002 3.11025333 3.27179138 1.125521099864e+00 6.268533605340e-01 1.764178430124e+00 1.916543163964e+00 2.984441465593e+00
11 28 4 2.54238124 2.09368275 2.52644002 3.11025333 3.27179138 1.018563594475e+00 6.517124547362e-01 1.611262013424e+00 2.051099569695e+00 2.778972033315e+00
11 29 4 2.54238124 2.09368275 2.52644002 3.11025333 3.27179138 9.169290092442e-01 6.651927092938e-01 1.580181689533e+00 2.406030954621e+00 2.603401825462e+00
11 30 4 2.54238124 2.09368275 2.52644002 3.11025333 3.27179138 9.539717152476e-01 6.703870799867e-01 1.691342522761e+00 2.814096610923e+00 2.696032677954e+00
11 31 4 2.54238124 2.09368275 2.52644002 3.11025333 3.27179138 1.065109692735e+00 6.755130491681e-01 1.820250123609e+00 3.090594293232e+00 2.903751266707e+00
11 32 4 2.54238124 2.09368275 2.52644002 3.11025333 3.27179138 1.096880675437e+00 6.890178831632e-01 1.845403778418e+00 3.146559611502e+00 2.936317485171e+00
11 33 4 2.54238124 2.09368275 2.52644002 3.11025333 3.27179138 1.013090397227e+00 6.972364135223e-01 1.718210188312e+00 2.889153704615e+00 2.721655040978e+00
11 34 4 2.54238124 2.09368275 2.52644002 3.11025333 3.27179138 9.694208445915e-01 6.876657218385e-01 1.578990407791e+00 2.431645500422e+00 2.601793086151e+00
11 35 4 2.54238124 2.09368275 2.52644002 3.11025333 3.27179138 1.076669885984e+00 6.626241623381e-01 1.609594680797e+00 2.067497187547e+00 2.817426055003e+00
11 36 4 2.54238124 2.09368275 2.52644002 3.11025333 3.27179138 1.206759680558e+00 6.266671697297e-01 1.789523834876e+00 1.965447248568e+00 3.085253258561e+00
11 37 4 2.54238124 2.09368275 2.52644002 3.11025333 3.27179138 1.190301456543e+00 5.863993990851e-01 1.899243522535e+00 2.036746320194e+00 3.023990474247e+00
11 38 4 2.54238124 2.09368275 2.52644002 3.11025333 3.27179138 1.073558022807e+00 5.468478800542e-01 1.813009793621e+00 2.106638117104e+00 2.808682535864e+00
11 39 4 2.54238124 2.09368275 2.52644002 3.11025333 3.27179138 1.068531270052e+00 5.105929105430e-01 1.648382196736e+00 2.099718502605e+00 2.875326405644e+00
11 40 4 2.54238124 2.09368275 2.52644002 3.11025333 3.27179138 1.223683325085e+00 4.784291708106e-01 1.602259424099e+00 2.076977645011e+00 3.207050735383e+00
11 41 4 2.54238124 2.09368275 2.52644002 3.11025333 3.27179138 1.339109595040e+00 4.536211900316e-01 1.731073871111e+00 2.187766284215e+00 3.371954638393e+00
11 42 4 2.54238124 2.09368275 2.52644002 3.11025333 3.27179138 1.267854108410e+00 4.345847544329e-01 1.899778142148e+00 2.551733694073e+00 3.201237206659e+00
11 43 4 2.54238124 2.09368275 2.52644002 3.11025333 3.27179138 1.148464977258e+00 4.207705135666e-01 1.933567132739e+00 3.147085069521e+00 3.050757116527e+00
11 44 4 2.54238124 2.09368275 2.52644002 3.11025333 3.27179138 1.213902925058e+00 4.123065143825e-01 1.786608377017e+00 3.768190201783e+00 3.268796459384e+00
11 45 4 2.54238124 2.09368275 2.52644002 3.11025333 3.27179138 1.415501318909e+00 4.129280111460e-01 1.627908857332e+00 4.089953866115e+00 3.678442893966e+00
11 46 4 2.54238124 2.09368275 2.52644002 3.11025333 3.27179138 1.493693150947e+00 4.298254919438e-01 1.660773323524e+00 3.965437112762e+00 3.795623453276e+00
11 47 4 2.54238124 2.09368275 2.52644002 3.11025333 3.27179138 1.375797273951e+00 4.629539040217e-01 1.862994119611e+00 3.510106402441e+00 3.614628959573e+00
11 48 4 2.54238124 2.09368275 2.52644002 3.11025333 3.27179138 1.300266645270e+00 5.112281838577e-01 2.005058122082e+00 3.009993338592e+00 3.619430905234e+00
11 49 4 2.54238124 2.09368275 2.52644002 3.11025333 3.27179138 1.468622435175e+00 5.717589367823e-01 1.918348015073e+00 2.739836960307e+00 4.037758772282e+00
11 50 4 2.54238124 2.09368275 2.52644002 3.11025333 3.27179138 1.711048545646e+00 6.451789925139e-01 1.703060076988e+00 2.777905568850e+00 4.434266948786e+00
11 51 4 2.54238124 2.09368275 2.52644002 3.11025333 3.27179138 1.732771656215e+00 7.289083443990e-01 1.606855203832e+00 2.973617559673e+00 4.375217876214e+00
11 52 4 2.54238124 2.09368275 2.52644002 3.11025333 3.27179138 1.578525329320e+00 8.190585444710e-01 1.743476405005e+00 3.100064172052e+00 4.098613826861e+00
11 53 4 2.54238124 2.09368275 2.52644002 3.11025333 3.27179138 1.578582716183e+00 9.110805368115e-01 1.948860913812e+00 3.110023506067e+00 4.227860082748e+00
11 54 4 2.54238124 2.09368275 2.52644002 3.11025333 3.27179138 1.836838656379e+00 1.004459973368e+00 1.977747168275e+00 3.170852812767e+00 4.795609881361e+00
11 55 4 2.54238124 2.09368275 2.52644002 3.11025333 3.27179138 2.065536858817e+00 1.101086713553e+00 1.771360735762e+00 3.568601393218e+00 5.147627062772e+00
11 56 4 2.54238124 2.09368275 2.52644002 3.11025333 3.27179138 2.010677562176e+00 1.196193462051e+00 1.547933564070e+00 4.415247015678e+00 4.985272150982e+00
11 57 4 2.54238124 2.09368275 2.52644002 3.11025333 3.27179138 1.847427485178e+00 1.281968144878e+00 1.556705747555e+00 5.487295964348e+00 4.856507040825e+00
11 58 4 2.54238124 2.09368275 2.52644002 3.11025333 3.27179138 1.936219549439e+00 1.353169314159e+00 1.775389909699e+00 6.294483828255e+00 5.316416673964e+00
11 59 4 2.54238124 2.09368275 2.52644002 3.11025333 3.27179138 2.260272315968e+00 1.419418929009e+00 1.904501639772e+00 6.456619883227e+00 6.031334030184e+00
11 60 4 2.54238124 2.09368275 2.52644002 3.11025333 3.27179138 2.434121725223e+00 1.473140963403e+00 1.753606799545e+00 5.940368310039e+00 6.210520492754e+00
11 61 4 2.54238124 2.09368275 2.52644002 3.11025333 3.27179138 2.274717562072e+00 1.503193360330e+00 1.472813612103e+00 5.117264333839e+00 5.835133060188e+00
11 62 4 2.54238124 2.09368275 2.52644002 3.11025333 3.27179138 2.122079350369e+00 1.506415149598e+00 1.367902007628e+00 4.472004039243e+00 5.747593332707e+00
11 63 4 2.54238124 2.09368275 2.52644002 3.11025333 3.27179138 2.353866956654e+00 1.480342118837e+00 1.526108467595e+00 4.344121247490e+00 6.429870477270e+00
14 0 4 1.64270808 2.16030472 7.59506399 5.70362205 14.36630569 4.724453353236e-01 1.247184967664e+00 8.814936044560e+01 4.247768262253e+01 8.162582417387e+02
14 1 4 1.64270808 2.16030472 7.59506399 5.70362205 14.36630569 3.802923522960e-01 1.201212401276e+00 8.846122000013e+01 3.866456032395e+01 7.916019935846e+02
14 2 4 1.64270808 2.16030472 7.59506399 5.70362205 14.36630569 3.041791246103e-01 1.162002040604e+00 8.885281924615e+01 3.582191717764e+01 7.681220811408e+02
14 3 4 1.64270808 2.16030472 7.59506399 5.70362205 14.36630569 2.609771886066e-01 1.117637702600e+00 8.936534898779e+01 3.421743936058e+01 7.456658461005e+02
14 4 4 1.64270808 2.16030472 7.59506399 5.70362205 14.36630569 2.556171947877e-01 1.073047660015e+00 8.995505346531e+01 3.355017955415e+01 7.241073505415e+02
14 5 4 1.64270808 2.16030472 7.59506399 5.70362205 14.36630569 2.840819390387e-01 1.031782453403e+00 9.035495645430e+01 3.353664352503e+01 7.032581505090e+02
14 6 4 1.64270808 2.16030472 7.59506399 5.70362205 14.36630569 3.319738288517e-01 9.945818099124e-01 9.083360360333e+01 3.392792816357e+01 6.831231688910e+02
14 7 4 1.64270808 2.16030472 7.59506399 5.70362205 14.36630569 3.805359663329e-01 9.592570350693e-01 9.140925406150e+01 3.467258556260e+01 6.639057464958e+02
14 8 4 1.64270808 2.16030472 7.59506399 5.70362205 14.36630569 4.111849945779e-01 9.250415647729e-01 9.182982788823e+01 3.572240608415e+01 6.451014359274e+02
14 9 4 1.64270808 2.16030472 7.59506399 5.70362205 14.36630569 4.143125077651e-01 8.895512373912e-01 9.218852030769e+01 3.675398166349e+01 6.269938199354e+02
14 10 4 1.64270808 2.16030472 7.59506399 5.70362205 14.36630569 3.862697065586e-01 8.505809223643e-01 9.244003283669e+01 3.745669866132e+01 6.091385507898e+02
14 11 4 1.64270808 2.16030472 7.59506399 5.70362205 14.36630569 3.358064324712e-01 8.186267723269e-01 9.270791485294e+01 3.766995489475e+01 5.919832077334e+02
14 12 4 1.64270808 2.16030472 7.59506399 5.70362205 14.36630569 2.789170038960e-01 7.951025111368e-01 9.286118760875e+01 3.721723642324e+01 5.757122364701e+02
14 13 4 1.64270808 2.16030472 7.59506399 5.70362205 14.36630569 2.275506540832e-01 7.726427375687e-01 9.297055804506e+01 3.605914413495e+01 5.598541359449e+02
14 14 4 1.64270808 2.16030472 7.59506399 5.70362205 14.36630569 1.934607276593e-01 7.562330461039e-01 9.298918314309e+01 3.435302603998e+01 5.449528952127e+02
14 15 4 1.64270808 2.16030472 7.59506399 5.70362205 14.36630569 1.828414813979e-01 7.436211629818e-01 9.291562797649e+01 3.228972287624e+01 5.308751348480e+02
14 16 4 1.64270808 2.16030472 7.59506399 5.70362205 14.36630569 1.957693868225e-01 7.238120932052e-01 9.274948804039e+01 3.003719825705e+01 5.179702014953e+02
14 17 4 1.64270808 2.16030472 7.59506399 5.70362205 14.36630569 2.241953688686e-01 6.968484050014e-01 9.262426195250e+01 2.779521296546e+01 5.060526073170e+02
14 18 4 1.64270808 2.16030472 7.59506399 5.70362205 14.36630569 2.557341701794e-01 6.704699347464e-01 9.245941170711e+01 2.557192744478e+01 4.947827164481e+02
14 19 4 1.64270808 2.16030472 7.59506399 5.70362205 14.36630569 2.778632176650e-01 6.482456826197e-01 9.217714121112e+01 2.349029457152e+01 4.846679260610e+02
14 20 4 1.64270808 2.16030472 7.59506399 5.70362205 14.36630569 2.842555121887e-01 6.264456935376e-01 9.189719235311e+01 2.173982189043e+01 4.755623364495e+02
14 21 4 1.64270808 2.16030472 7.59506399 5.70362205 14.36630569 2.735117023350e-01 6.060929203192e-01 9.157548771903e+01 2.046190224392e+01 4.670509792554e+02
14 22 4 1.64270808 2.16030472 7.59506399 5.70362205 14.36630569 2.463507018413e-01 5.915887949957e-01 9.132997863257e+01 1.978009951000e+01 4.591835916233e+02
14 23 4 1.64270808 2.16030472 7.59506399 5.70362205 14.36630569 2.109950466943e-01 5.794412075027e-01 9.112594921358e+01 1.968780271483e+01 4.522967175741e+02
14 24 4 1.64270808 2.16030472 7.59506399 5.70362205 14.36630569 1.758798792010e-01 5.663829736153e-01 9.079065583290e+01 2.012872388673e+01 4.458903831654e+02
14 25 4 1.64270808 2.16030472 7.59506399 5.70362205 14.36630569 1.494909029957e-01 5.537244668986e-01 9.059838367570e+01 2.084816430557e+01 4.404660523297e+02
14 26 4 1.64270808 2.16030472 7.59506399 5.70362205 14.36630569 1.382190649024e-01 5.432369776597e-01 9.039307100899e+01 2.176600822940e+01 4.355614588284e+02
14 27 4 1.64270808 2.16030472 7.59506399 5.70362205 14.36630569 1.435858470590e-01 5.355579378693e-01 9.028714714081e+01 2.282573095486e+01 4.316042563576e+02
14 28 4 1.64270808 2.16030472 7.59506399 5.70362205 14.36630569 1.621654419666e-01 5.301846584144e-01 9.022914290793e+01 2.387756186350e+01 4.286687533013e+02
14 29 4 1.64270808 2.16030472 7.59506399 5.70362205 14.36630569 1.872169003241e-01 5.245853693513e-01 9.018265940827e+01 2.492356495017e+01 4.265032182614e+02
14 30 4 1.64270808 2.16030472 7.59506399 5.70362205 14.36630569 2.115789828271e-01 5.155453589640e-01 9.034245389775e+01 2.579560310940e+01 4.257791378766e+02
14 31 4 1.64270808 2.16030472 7.59506399 5.70362205 14.36630569 2.288377068054e-01 5.139030170893e-01 9.021376103788e+01 2.612326361518e+01 4.251760872746e+02
14 32 4 1.64270808 2.16030472 7.59506399 5.70362205 14.36630569 2.360482010322e-01 5.312404853050e-01 9.060098571801e+01 2.634024762792e+01 4.265864117689e+02
14 33 4 1.64270808 2.16030472 7.59506399 5.70362205 14.36630569 2.288800580335e-01 5.522698738476e-01 9.086215757308e+01 2.602361184388e+01 4.284649062645e+02
14 34 4 1.64270808 2.16030472 7.59506399 5.70362205 14.36630569 2.083630214867e-01 5.628465416276e-01 9.106514959468e+01 2.520895454999e+01 4.310437955227e+02
14 35 4 1.64270808 2.16030472 7.59506399 5.70362205 14.36630569 1.821865643401e-01 5.706049885617e-01 9.150500411901e+01 2.435210044706e+01 4.348516181784e+02
14 36 4 1.64270808 2.16030472 7.59506399 5.70362205 14.36630569 1.598572173569e-01 5.814376104110e-01 9.186594515406e+01 2.334846853035e+01 4.391207819358e+02
14 37 4 1.64270808 2.16030472 7.59506399 5.70362205 14.36630569 1.507751038502e-01 5.944405624796e-01 9.238076670599e+01 2.237519604993e+01 4.444403459500e+02
14 38 4 1.64270808 2.16030472 7.59506399 5.70362205 14.36630569 1.594126122901e-01 6.083699381320e-01 9.286453032653e+01 2.151115262636e+01 4.501445078299e+02
14 39 4 1.64270808 2.16030472 7.59506399 5.70362205 14.36630569 1.852904355928e-01 6.219426666646e-01 9.341853772763e+01 2.079210331388e+01 4.567439790022e+02
14 40 4 1.64270808 2.16030472 7.59506399 5.70362205 14.36630569 2.224545512114e-01 6.351301605511e-01 9.394245748320e+01 2.043329125354e+01 4.641132097423e+02
14 41 4 1.64270808 2.16030472 7.59506399 5.70362205 14.36630569 2.623724804520e-01 6.504158154856e-01 9.439619632390e+01 2.060415002535e+01 4.722801651394e+02
14 42 4 1.64270808 2.16030472 7.59506399 5.70362205 14.36630569 2.930641508125e-01 6.707118247555e-01 9.500100074963e+01 2.134314747758e+01 4.814929892669e+02
14 43 4 1.64270808 2.16030472 7.59506399 5.70362205 14.36630569 3.065232220745e-01 6.916469279000e-01 9.550745522437e+01 2.270059030045e+01 4.913348534775e+02
14 44 4 1.64270808 2.16030472 7.59506399 5.70362205 14.36630569 2.991818739748e-01 7.099401116019e-01 9.597356000749e+01 2.455626844965e+01 5.023436596980e+02
14 45 4 1.64270808 2.16030472 7.59506399 5.70362205 14.36630569 2.717674526459e-01 7.295678941710e-01 9.635884328116e+01 2.677794558351e+01 5.145387259862e+02
14 46 4 1.64270808 2.16030472 7.59506399 5.70362205 14.36630569 2.358605382471e-01 7.486987573923e-01 9.665732063601e+01 2.915181775109e+01 5.274968381400e+02
14 47 4 1.64270808 2.16030472 7.59506399 5.70362205 14.36630569 2.054436914731e-01 7.622176214134e-01 9.699819779838e+01 3.164684904064e+01 5.411626903204e+02
14 48 4 1.64270808 2.16030472 7.59506399 5.70362205 14.36630569 1.929351932214e-01 7.731270212686e-01 9.722316996495e+01 3.408386476165e+01 5.560132171996e+02
14 49 4 1.64270808 2.16030472 7.59506399 5.70362205 14.36630569 2.047884558183e-01 7.925890087323e-01 9.730200930032e+01 3.628208062567e+01 5.714435900525e+02
14 50 4 1.64270808 2.16030472 7.59506399 5.70362205 14.36630569 2.417504491770e-01 8.234303247304e-01 9.728804558602e+01 3.810170936672e+01 5.875254207868e+02
14 51 4 1.64270808 2.16030472 7.59506399 5.70362205 14.36630569 2.971646500906e-01 8.562410079353e-01 9.721083663054e+01 3.932144438197e+01 6.040729086405e+02
14 52 4 1.64270808 2.16030472 7.59506399 5.70362205 14.36630569 3.587966818508e-01 8.932360227282e-01 9.701531506451e+01 3.982317366489e+01 6.211541597218e+02
14 53 4 1.64270808 2.16030472 7.59506399 5.70362205 14.36630569 4.090424088101e-01 9.353522028798e-01 9.676039136032e+01 3.964408411366e+01 6.391904827689e+02
14 54 4 1.64270808 2.16030472 7.59506399 5.70362205 14.36630569 4.312976763617e-01 9.707409820173e-01 9.640298661105e+01 3.888969017998e+01 6.574322003356e+02
14 55 4 1.64270808 2.16030472 7.59506399 5.70362205 14.36630569 4.230347577352e-01 1.002278304508e+00 9.591489949128e+01 3.783310225964e+01 6.765654640483e+02
14 56 4 1.64270808 2.16030472 7.59506399 5.70362205 14.36630569 3.874425328700e-01 1.037407271113e+00 9.532448940798e+01 3.686539565332e+01 6.964550419657e+02
14 57 4 1.64270808 2.16030472 7.59506399 5.70362205 14.36630569 3.380424985705e-01 1.075336481729e+00 9.472681706119e+01 3.610664731799e+01 7.173533219233e+02
14 58 4 1.64270808 2.16030472 7.59506399 5.70362205 14.36630569 2.946024178356e-01 1.116686966354e+00 9.421337439457e+01 3.559705749665e+01 7.392191567951e+02
14 59 4 1.64270808 2.16030472 7.59506399 5.70362205 14.36630569 2.757978207671e-01 1.159632778384e+00 9.350403690543e+01 3.561445300658e+01 7.618101979307e+02
14 60 4 1.64270808 2.16030472 7.59506399 5.70362205 14.36630569 2.947589681062e-01 1.201848574058e+00 9.276210423045e+01 3.646992621277e+01 7.852909018947e+02
14 61 4 1.64270808 2.16030472 7.59506399 5.70362205 14.36630569 3.546932891043e-01 1.241374991872e+00 9.221671477450e+01 3.845660331670e+01 8.095955544886e+02
14 62 4 1.64270808 2.16030472 7.59506399 5.70362205 14.36630569 4.465302416954e-01 1.285381703713e+00 9.168925036353e+01 4.159102757600e+01 8.347380037838e+02
14 63 4 1.64270808 2.16030472 7.59506399 5.70362205 14.36630569 5.482885727784e-01 1.342785344999e+00 9.120457684807e+01 4.558860377921e+01 8.598859267876e+02
18 0 4 1.37486762 1.75690183 7.87157963 3.65668297 15.64743747 2.086268817198e-01 5.563866492830e-01 1.389294122344e+02 7.293569228572e+00 1.008175160330e+03
18 1 4 1.37486762 1.75690183 7.87157963 3.65668297 15.64743747 1.993209575891e-01 5.341771073739e-01 1.344762601028e+02 7.012366519952e+00 9.795833825706e+02
18 2 4 1.37486762 1.75690183 7.87157963 3.65668297 15.64743747 1.909569647118e-01 5.166635281461e-01 1.300517032761e+02 6.722820617290e+00 9.514021658374e+02
18 3 4 1.37486762 1.75690183 7.87157963 3.65668297 15.64743747 1.839464466170e-01 4.999603231562e-01 1.258213947572e+02 6.483101761645e+00 9.245070189661e+02
18 4 4 1.37486762 1.75690183 7.87157963 3.65668297 15.64743747 1.775237097494e-01 4.813937838367e-01 1.217507942693e+02 6.288431930140e+00 8.979698458017e+02
18 5 4 1.37486762 1.75690183 7.87157963 3.65668297 15.64743747 1.716405776887e-01 4.612877493687e-01 1.178143895163e+02 6.108486527064e+00 8.722825374593e+02
18 6 4 1.37486762 1.75690183 7.87157963 3.65668297 15.64743747 1.671454393483e-01 4.413611835228e-01 1.139804776210e+02 5.964510400644e+00 8.472629888094e+02
18 7 4 1.37486762 1.75690183 7.87157963 3.65668297 15.64743747 1.628071782562e-01 4.233384640734e-01 1.103720026508e+02 5.820707596897e+00 8.230210638629e+02
18 8 4 1.37486762 1.75690183 7.87157963 3.65668297 15.64743747 1.578715920889e-01 4.078194442622e-01 1.068511921974e+02 5.704318681053e+00 7.993555611325e+02
18 9 4 1.37486762 1.75690183 7.87157963 3.65668297 15.64743747 1.529163459987e-01 3.936741185087e-01 1.034864723795e+02 5.631216006694e+00 7.768916505420e+02
18 10 4 1.37486762 1.75690183 7.87157963 3.65668297 15.64743747 1.477404274488e-01 3.794644388640e-01 1.002877544596e+02 5.553421320756e+00 7.550837725738e+02
18 11 4 1.37486762 1.75690183 7.87157963 3.65668297 15.64743747 1.428026167703e-01 3.654059690643e-01 9.725284873324e+01 5.481998654349e+00 7.343732262413e+02
18 12 4 1.37486762 1.75690183 7.87157963 3.65668297 15.64743747 1.383484130401e-01 3.528788202919e-01 9.429954351268e+01 5.432229359782e+00 7.147018588269e+02
18 13 4 1.37486762 1.75690183 7.87157963 3.65668297 15.64743747 1.332363441465e-01 3.423600226482e-01 9.157037562150e+01 5.383913115947e+00 6.959564512286e+02
18 14 4 1.37486762 1.75690183 7.87157963 3.65668297 15.64743747 1.277660753859e-01 3.329642212043e-01 8.896812441242e+01 5.361418757410e+00 6.781828483241e+02
18 15 4 1.37486762 1.75690183 7.87157963 3.65668297 15.64743747 1.229812497603e-01 3.237098773112e-01 8.649739174867e+01 5.337768573018e+00 6.614398583553e+02
18 16 4 1.37486762 1.75690183 7.87157963 3.65668297 15.64743747 1.189415478496e-01 3.143052908885e-01 8.418175353187e+01 5.303145886696e+00 6.455855816229e+02
18 17 4 1.37486762 1.75690183 7.87157963 3.65668297 15.64743747 1.159744483409e-01 3.049717555109e-01 8.206537999945e+01 5.290670007750e+00 6.307098166369e+02
18 18 4 1.37486762 1.75690183 7.87157963 3.65668297 15.64743747 1.136795807457e-01 2.961404345682e-01 8.002453333327e+01 5.278062183009e+00 6.169116745815e+02
18 19 4 1.37486762 1.75690183 7.87157963 3.65668297 15.64743747 1.110351249450e-01 2.880811778265e-01 7.819921826767e+01 5.270727893708e+00 6.040761323185e+02
18 20 4 1.37486762 1.75690183 7.87157963 3.65668297 15.64743747 1.084686209586e-01 2.806581528059e-01 7.649124569694e+01 5.258028996574e+00 5.922883400691e+02
18 21 4 1.37486762 1.75690183 7.87157963 3.65668297 15.64743747 1.062641288395e-01 2.738527091149e-01 7.496905626437e+01 5.252876484232e+00 5.817014056636e+02
18 22 4 1.37486762 1.75690183 7.87157963 3.65668297 15.64743747 1.039147301400e-01 2.681547153510e-01 7.353650123506e+01 5.242641029992e+00 5.719623909992e+02
18 23 4 1.37486762 1.75690183 7.87157963 3.65668297 15.64743747 1.015183749950e-01 2.635256800764e-01 7.235074395272e+01 5.237196152944e+00 5.633699757543e+02
18 24 4 1.37486762 1.75690183 7.87157963 3.65668297 15.64743747 9.883333827606e-02 2.586455098069e-01 7.124705163724e+01 5.253957562734e+00 5.558109171532e+02
18 25 4 1.37486762 1.75690183 7.87157963 3.65668297 15.64743747 9.576761757990e-02 2.527728775087e-01 7.029158518112e+01 5.239066509220e+00 5.490401598403e+02
18 26 4 1.37486762 1.75690183 7.87157963 3.65668297 15.64743747 9.324163972887e-02 2.477010889995e-01 6.957583703050e+01 5.225753129890e+00 5.435031277635e+02
18 27 4 1.37486762 1.75690183 7.87157963 3.65668297 15.64743747 9.129724277769e-02 2.455967765633e-01 6.889894790172e+01 5.249645643623e+00 5.387528246461e+02
18 28 4 1.37486762 1.75690183 7.87157963 3.65668297 15.64743747 8.953571121357e-02 2.452426265235e-01 6.848515566694e+01 5.235972905752e+00 5.353072654426e+02
18 29 4 1.37486762 1.75690183 7.87157963 3.65668297 15.64743747 8.835206819368e-02 2.433525425679e-01 6.811008171993e+01 5.246563444557e+00 5.326642252053e+02
18 30 4 1.37486762 1.75690183 7.87157963 3.65668297 15.64743747 8.784323488549e-02 2.399543256065e-01 6.804666942657e+01 5.268681936868e+00 5.316151719339e+02
18 31 4 1.37486762 1.75690183 7.87157963 3.65668297 15.64743747 8.832046227845e-02 2.391176180630e-01 6.794290694480e+01 5.231317438300e+00 5.312380975209e+02
18 32 4 1.37486762 1.75690183 7.87157963 3.65668297 15.64743747 9.026786482178e-02 2.429664808383e-01 6.817892608967e+01 5.272754630541e+00 5.324887667636e+02
18 33 4 1.37486762 1.75690183 7.87157963 3.65668297 15.64743747 9.281918666494e-02 2.481832872802e-01 6.845491689853e+01 5.289268511596e+00 5.345670843316e+02
18 34 4 1.37486762 1.75690183 7.87157963 3.65668297 15.64743747 9.522614723202e-02 2.507977087822e-01 6.890743954307e+01 5.267318887667e+00 5.378052989743e+02
18 35 4 1.37486762 1.75690183 7.87157963 3.65668297 15.64743747 9.762469140868e-02 2.518127211994e-01 6.955823241900e+01 5.303207364940e+00 5.421574307396e+02
18 36 4 1.37486762 1.75690183 7.87157963 3.65668297 15.64743747 9.980166659958e-02 2.550450571122e-01 7.030555254935e+01 5.301211487003e+00 5.473257632057e+02
18 37 4 1.37486762 1.75690183 7.87157963 3.65668297 15.64743747 1.019745507958e-01 2.611772405602e-01 7.126706242884e+01 5.313305096180e+00 5.536183677550e+02
18 38 4 1.37486762 1.75690183 7.87157963 3.65668297 15.64743747 1.043334148732e-01 2.673540931732e-01 7.229065184169e+01 5.347660048939e+00 5.607402112369e+02
18 39 4 1.37486762 1.75690183 7.87157963 3.65668297 15.64743747 1.060989617389e-01 2.719347801262e-01 7.362008933261e+01 5.342040087630e+00 5.690872381019e+02
18 40 4 1.37486762 1.75690183 7.87157963 3.65668297 15.64743747 1.074415610680e-01 2.764274551487e-01 7.492716342085e+01 5.350449705087e+00 5.781591060882e+02
18 41 4 1.37486762 1.75690183 7.87157963 3.65668297 15.64743747 1.091092332953e-01 2.825769649925e-01 7.652548157151e+01 5.378977540104e+00 5.886881981172e+02
18 42 4 1.37486762 1.75690183 7.87157963 3.65668297 15.64743747 1.109948688721e-01 2.901450270539e-01 7.821231953729e+01 5.389588214266e+00 6.000087307831e+02
18 43 4 1.37486762 1.75690183 7.87157963 3.65668297 15.64743747 1.133634804269e-01 2.981725017519e-01 8.007240946709e+01 5.408248301564e+00 6.125505918702e+02
18 44 4 1.37486762 1.75690183 7.87157963 3.65668297 15.64743747 1.162258749754e-01 3.065330437276e-01 8.206625560374e+01 5.423108184013e+00 6.261503508169e+02
18 45 4 1.37486762 1.75690183 7.87157963 3.65668297 15.64743747 1.190951765807e-01 3.155016764305e-01 8.425161013379e+01 5.440744164046e+00 6.407272894884e+02
18 46 4 1.37486762 1.75690183 7.87157963 3.65668297 15.64743747 1.228001558570e-01 3.249783223989e-01 8.655412367088e+01 5.461696559762e+00 6.562576800033e+02
18 47 4 1.37486762 1.75690183 7.87157963 3.65668297 15.64743747 1.277300748984e-01 3.347145131817e-01 8.900467492121e+01 5.493494322226e+00 6.728764187646e+02
18 48 4 1.37486762 1.75690183 7.87157963 3.65668297 15.64743747 1.329196136231e-01 3.447764829973e-01 9.165060879104e+01 5.526581211099e+00 6.902842458777e+02
18 49 4 1.37486762 1.75690183 7.87157963 3.65668297 15.64743747 1.380661608407e-01 3.557079589505e-01 9.441257153131e+01 5.545386280139e+00 7.087989860730e+02
18 50 4 1.37486762 1.75690183 7.87157963 3.65668297 15.64743747 1.426943439823e-01 3.683930634537e-01 9.730480752569e+01 5.596610267251e+00 7.282369389755e+02
18 51 4 1.37486762 1.75690183 7.87157963 3.65668297 15.64743747 1.466101732443e-01 3.831978949726e-01 1.003995148281e+02 5.652871149775e+00 7.486840218817e+02
18 52 4 1.37486762 1.75690183 7.87157963 3.65668297 15.64743747 1.511502781283e-01 3.990873599209e-01 1.036232765851e+02 5.716739313847e+00 7.699737165290e+02
18 53 4 1.37486762 1.75690183 7.87157963 3.65668297 15.64743747 1.563256234428e-01 4.145774498702e-01 1.069542322688e+02 5.795856939577e+00 7.924206845851e+02
18 54 4 1.37486762 1.75690183 7.87157963 3.65668297 15.64743747 1.612649848124e-01 4.298009016120e-01 1.104872948173e+02 5.871552310813e+00 8.153809498374e+02
18 55 4 1.37486762 1.75690183 7.87157963 3.65668297 15.64743747 1.664709794677e-01 4.463828438125e-01 1.141529192523e+02 5.982721666036e+00 8.393463237028e+02
18 56 4 1.37486762 1.75690183 7.87157963 3.65668297 15.64743747 1.719715140605e-01 4.649571767640e-01 1.179337610093e+02 6.132911350725e+00 8.640213069362e+02
18 57 4 1.37486762 1.75690183 7.87157963 3.65668297 15.64743747 1.781672982334e-01 4.841130280396e-01 1.218801481967e+02 6.274392325798e+00 8.893120576449e+02
18 58 4 1.37486762 1.75690183 7.87157963 3.65668297 15.64743747 1.862159032070e-01 5.020499810839e-01 1.260030631086e+02 6.448105044084e+00 9.154303441444e+02
18 59 4 1.37486762 1.75690183 7.87157963 3.65668297 15.64743747 1.950734971050e-01 5.181975498324e-01 1.301847598641e+02 6.656305694858e+00 9.424648796471e+02
18 60 4 1.37486762 1.75690183 7.87157963 3.65668297 15.64743747 2.040029802310e-01 5.336476101364e-01 1.345752923259e+02 6.892419940029e+00 9.701478990946e+02
18 61 4 1.37486762 1.75690183 7.87157963 3.65668297 15.64743747 2.138680162127e-01 5.511406063673e-01 1.391000647188e+02 7.184717205950e+00 9.989230333794e+02
18 62 4 1.37486762 1.75690183 7.87157963 3.65668297 15.64743747 2.239798121939e-01 5.729521936126e-01 1.437435347954e+02 7.477936055320e+00 1.028642172205e+03
18 63 4 1.37486762 1.75690183 7.87157963 3.65668297 15.64743747 2.339357494458e-01 5.967561311902e-01 1.484612069971e+02 7.804478589741e+00 1.058946078020e+03
