# environment=00221 local_bs=1 gain_scale=2.327345047639e-14
# ue subcarrier serving_bs phi0 phi1 phi2 phi3 phi4 gain0 gain1 gain2 gain3 gain4
2 0 1 2.38471485 3.70316441 0.78784077 0.66875670 1.72351613 3.375363788797e+02 2.239887134570e+03 3.082294380034e-03 1.482596462254e+00 1.121587367329e+02
2 1 1 2.38471485 3.70316441 0.78784077 0.66875670 1.72351613 3.067166611900e+02 2.102984083848e+03 3.852380720620e-03 1.404403581461e+00 1.027591773113e+02
2 2 1 2.38471485 3.70316441 0.78784077 0.66875670 1.72351613 3.276974910584e+02 1.987642760662e+03 5.080888798612e-03 1.318932434155e+00 9.951310813984e+01
2 3 1 2.38471485 3.70316441 0.78784077 0.66875670 1.72351613 3.541429607820e+02 1.998478054331e+03 5.531077160624e-03 1.310290950939e+00 1.007210557873e+02
2 4 1 2.38471485 3.70316441 0.78784077 0.66875670 1.72351613 3.461019928788e+02 1.942607654421e+03 6.132665050111e-03 1.279263757668e+00 9.943653585743e+01
2 5 1 2.38471485 3.70316441 0.78784077 0.66875670 1.72351613 3.072186911696e+02 1.926845259499e+03 6.040044572750e-03 1.205577562090e+00 9.302197360600e+01
2 6 1 2.38471485 3.70316441 0.78784077 0.66875670 1.72351613 2.692066419446e+02 1.904854818764e+03 5.874743016379e-03 1.175431235760e+00 8.608717268333e+01
2 7 1 2.38471485 3.70316441 0.78784077 0.66875670 1.72351613 2.583259057038e+02 1.705725846457e+03 5.317009767962e-03 1.152778137735e+00 8.117730517542e+01
2 8 1 2.38471485 3.70316441 0.78784077 0.66875670 1.72351613 2.729087992105e+02 1.617881750911e+03 4.521139213349e-03 1.109119496103e+00 7.884930544278e+01
2 9 1 2.38471485 3.70316441 0.78784077 0.66875670 1.72351613 2.868518467403e+02 1.429010381674e+03 3.722284112575e-03 1.099197504692e+00 8.027708437758e+01
2 10 1 2.38471485 3.70316441 0.78784077 0.66875670 1.72351613 2.770298386259e+02 1.224084636014e+03 2.646190833209e-03 1.095137564176e+00 7.896819888620e+01
2 11 1 2.38471485 3.70316441 0.78784077 0.66875670 1.72351613 2.442011531819e+02 1.174828934942e+03 1.992613496623e-03 1.040665465231e+00 7.446222256603e+01
2 12 1 2.38471485 3.70316441 0.78784077 0.66875670 1.72351613 2.151291102465e+02 1.051303908292e+03 1.193321786252e-03 9.862344972372e-01 6.893127906864e+01
2 13 1 2.38471485 3.70316441 0.78784077 0.66875670 1.72351613 2.136585416319e+02 1.169598166084e+03 1.059449904215e-03 9.662277830756e-01 6.394658362179e+01
2 14 1 2.38471485 3.70316441 0.78784077 0.66875670 1.72351613 2.309248213487e+02 1.219495429029e+03 9.252312306479e-04 9.078805965840e-01 6.342346537812e+01
2 15 1 2.38471485 3.70316441 0.78784077 0.66875670 1.72351613 2.394106728066e+02 1.302544732963e+03 1.288307480403e-03 8.547000205339e-01 6.359678271859e+01
2 16 1 2.38471485 3.70316441 0.78784077 0.66875670 1.72351613 2.229097853433e+02 1.440186346897e+03 1.691924396159e-03 8.555709532191e-01 6.244241410771e+01
2 17 1 2.38471485 3.70316441 0.78784077 0.66875670 1.72351613 1.929713076899e+02 1.448672734522e+03 2.148144617922e-03 8.143212102003e-01 5.977086508597e+01
2 18 1 2.38471485 3.70316441 0.78784077 0.66875670 1.72351613 1.772164499899e+02 1.552379132688e+03 2.674299133000e-03 7.605072311997e-01 5.472217322308e+01
2 19 1 2.38471485 3.70316441 0.78784077 0.66875670 1.72351613 1.862430925148e+02 1.516504352446e+03 2.867542831372e-03 7.899858027060e-01 5.189288835772e+01
2 20 1 2.38471485 3.70316441 0.78784077 0.66875670 1.72351613 2.050404803745e+02 1.371471699677e+03 3.226784269115e-03 8.123174717208e-01 5.288589303364e+01
2 21 1 2.38471485 3.70316441 0.78784077 0.66875670 1.72351613 2.078255271683e+02 1.212656680288e+03 3.053948119834e-03 7.842026139455e-01 5.429871735701e+01
2 22 1 2.38471485 3.70316441 0.78784077 0.66875670 1.72351613 1.842835328057e+02 9.889772737484e+02 3.144553962057e-03 7.830306743075e-01 5.434406658237e+01
2 23 1 2.38471485 3.70316441 0.78784077 0.66875670 1.72351613 1.556099817023e+02 8.035008525566e+02 2.642434550553e-03 7.968900264404e-01 5.186836172954e+01
2 24 1 2.38471485 3.70316441 0.78784077 0.66875670 1.72351613 1.528786287583e+02 7.216364407337e+02 2.462534738342e-03 7.688779936992e-01 4.865322175127e+01
2 25 1 2.38471485 3.70316441 0.78784077 0.66875670 1.72351613 1.783601759905e+02 6.420863569408e+02 1.773091594183e-03 7.383496639752e-01 4.650309292901e+01
2 26 1 2.38471485 3.70316441 0.78784077 0.66875670 1.72351613 1.992099043882e+02 7.231957845543e+02 1.452321218670e-03 7.179866061976e-01 4.673032290997e+01
2 27 1 2.38471485 3.70316441 0.78784077 0.66875670 1.72351613 1.859669347487e+02 8.443122374676e+02 8.343337852769e-04 6.796647727653e-01 4.993208259097e+01
2 28 1 2.38471485 3.70316441 0.78784077 0.66875670 1.72351613 1.510584288585e+02 9.957604732515e+02 5.784031929299e-04 6.691598367184e-01 5.032829916607e+01
2 29 1 2.38471485 3.70316441 0.78784077 0.66875670 1.72351613 1.373528263341e+02 1.199258497891e+03 2.273402041120e-04 6.838889673723e-01 4.802477399415e+01
2 30 1 2.38471485 3.70316441 0.78784077 0.66875670 1.72351613 1.616098690694e+02 1.228279298648e+03 1.235739554448e-04 6.537976276627e-01 4.532608405088e+01
2 31 1 2.38471485 3.70316441 0.78784077 0.66875670 1.72351613 1.915475399562e+02 1.339053676900e+03 3.236621444958e-05 6.430702103620e-01 4.368736141151e+01
2 32 1 2.38471485 3.70316441 0.78784077 0.66875670 1.72351613 1.902087461294e+02 1.367550071955e+03 3.822432820208e-05 7.211327644472e-01 4.709672648192e+01
2 33 1 2.38471485 3.70316441 0.78784077 0.66875670 1.72351613 1.600442779646e+02 1.302121320862e+03 1.562840186486e-04 7.574837830023e-01 5.078311163898e+01
2 34 1 2.38471485 3.70316441 0.78784077 0.66875670 1.72351613 1.408211015159e+02 1.222863644324e+03 2.732883034152e-04 7.375941616580e-01 5.184117916382e+01
2 35 1 2.38471485 3.70316441 0.78784077 0.66875670 1.72351613 1.574757655755e+02 9.809157330165e+02 6.531865405660e-04 7.608106927573e-01 5.081317743314e+01
2 36 1 2.38471485 3.70316441 0.78784077 0.66875670 1.72351613 1.897455750629e+02 8.176580257272e+02 9.194952054409e-04 7.903066495582e-01 4.818160702968e+01
2 37 1 2.38471485 3.70316441 0.78784077 0.66875670 1.72351613 2.016133732023e+02 7.130721282429e+02 1.559010420963e-03 7.817394865852e-01 4.903535588130e+01
2 38 1 2.38471485 3.70316441 0.78784077 0.66875670 1.72351613 1.827840463795e+02 6.671668312816e+02 1.875258618298e-03 7.807737314967e-01 5.285815640200e+01
2 39 1 2.38471485 3.70316441 0.78784077 0.66875670 1.72351613 1.587596710557e+02 7.468666352092e+02 2.569021660095e-03 7.788530734200e-01 5.602364466438e+01
2 40 1 2.38471485 3.70316441 0.78784077 0.66875670 1.72351613 1.618337421136e+02 8.691714713860e+02 2.726114231867e-03 7.589802128848e-01 5.765912022908e+01
2 41 1 2.38471485 3.70316441 0.78784077 0.66875670 1.72351613 1.932337510816e+02 1.054158041565e+03 3.218215900714e-03 7.804217159387e-01 5.706009219926e+01
2 42 1 2.38471485 3.70316441 0.78784077 0.66875670 1.72351613 2.217259127589e+02 1.309290257042e+03 3.094752922066e-03 8.195474189913e-01 5.599845366323e+01
2 43 1 2.38471485 3.70316441 0.78784077 0.66875670 1.72351613 2.195412816272e+02 1.420468049996e+03 3.250390061350e-03 8.223115215684e-01 5.698986459196e+01
2 44 1 2.38471485 3.70316441 0.78784077 0.66875670 1.72351613 1.941639872318e+02 1.566349469361e+03 2.856081568852e-03 8.607845943529e-01 6.127401761922e+01
2 45 1 2.38471485 3.70316441 0.78784077 0.66875670 1.72351613 1.818407140608e+02 1.608385158340e+03 2.642036382501e-03 9.617481200901e-01 6.717975389382e+01
2 46 1 2.38471485 3.70316441 0.78784077 0.66875670 1.72351613 2.057607078454e+02 1.538698820460e+03 2.092105428114e-03 9.973742171468e-01 6.955252118122e+01
2 47 1 2.38471485 3.70316441 0.78784077 0.66875670 1.72351613 2.439702657899e+02 1.578876232913e+03 1.627806781753e-03 9.991980875698e-01 6.965128305668e+01
2 48 1 2.38471485 3.70316441 0.78784077 0.66875670 1.72351613 2.589154069451e+02 1.374459395333e+03 1.243817983662e-03 1.065997531327e+00 7.035243024915e+01
2 49 1 2.38471485 3.70316441 0.78784077 0.66875670 1.72351613 2.427248077177e+02 1.275853686305e+03 9.155600420419e-04 1.106084366363e+00 7.197643257553e+01
2 50 1 2.38471485 3.70316441 0.78784077 0.66875670 1.72351613 2.242293978406e+02 1.173717620282e+03 1.135323439296e-03 1.104725815209e+00 7.779496928421e+01
2 51 1 2.38471485 3.70316441 0.78784077 0.66875670 1.72351613 2.342101211674e+02 1.107675566014e+03 1.351037774828e-03 1.149361634968e+00 8.380441667682e+01
2 52 1 2.38471485 3.70316441 0.78784077 0.66875670 1.72351613 2.689829882726e+02 1.262305081396e+03 2.273875804597e-03 1.180555075567e+00 8.642283857367e+01
2 53 1 2.38471485 3.70316441 0.78784077 0.66875670 1.72351613 2.991734274066e+02 1.344568222374e+03 3.017182044812e-03 1.179465371236e+00 8.706899654375e+01
2 54 1 2.38471485 3.70316441 0.78784077 0.66875670 1.72351613 3.055172172823e+02 1.545883313384e+03 4.197005276670e-03 1.227676462736e+00 8.614354923782e+01
2 55 1 2.38471485 3.70316441 0.78784077 0.66875670 1.72351613 2.902357836481e+02 1.724786527786e+03 5.052097858525e-03 1.308207658599e+00 8.951709517948e+01
2 56 1 2.38471485 3.70316441 0.78784077 0.66875670 1.72351613 2.773739624543e+02 1.834722417220e+03 5.894251501549e-03 1.358559255342e+00 9.678168353999e+01
2 57 1 2.38471485 3.70316441 0.78784077 0.66875670 1.72351613 2.927953357568e+02 1.998846137042e+03 6.458106114303e-03 1.421214585877e+00 1.032613151388e+02
2 58 1 2.38471485 3.70316441 0.78784077 0.66875670 1.72351613 3.380852907814e+02 2.057165774550e+03 6.596040268716e-03 1.508312736468e+00 1.085574501002e+02
2 59 1 2.38471485 3.70316441 0.78784077 0.66875670 1.72351613 3.816074491699e+02 2.051398019099e+03 6.637259589579e-03 1.541730244412e+00 1.091116728782e+02
2 60 1 2.38471485 3.70316441 0.78784077 0.66875670 1.72351613 3.827671218375e+02 2.203468628052e+03 5.931447230485e-03 1.589191519578e+00 1.082895346741e+02
2 61 1 2.38471485 3.70316441 0.78784077 0.66875670 1.72351613 3.450785242540e+02 2.177669715228e+03 5.384926626096e-03 1.705708604513e+00 1.133115847300e+02
2 62 1 2.38471485 3.70316441 0.78784077 0.66875670 1.72351613 3.271813625996e+02 2.288220321039e+03 4.018582641082e-03 1.768433538304e+00 1.232663586347e+02
2 63 1 2.38471485 3.70316441 0.78784077 0.66875670 1.72351613 3.753962429486e+02 2.361424339163e+03 3.163909330798e-03 1.778361642129e+00 1.321825804305e+02
4 0 1 1.35941952 2.18426160 1.44824567 0.50516986 0.94749641 3.541050805209e-04 3.412952187656e+02 6.235206712250e+01 1.369800197334e-04 5.461863180243e-02
4 1 1 1.35941952 2.18426160 1.44824567 0.50516986 0.94749641 3.819692913543e-04 3.118113116749e+02 5.961078614941e+01 1.376244010558e-04 4.576594665167e-02
4 2 1 1.35941952 2.18426160 1.44824567 0.50516986 0.94749641 3.553019572897e-04 2.804060683861e+02 5.693299898962e+01 1.379840721095e-04 4.824984284612e-02
4 3 1 1.35941952 2.18426160 1.44824567 0.50516986 0.94749641 3.333493603884e-04 2.484947681899e+02 5.390358004159e+01 1.380728498064e-04 5.310475139957e-02
4 4 1 1.35941952 2.18426160 1.44824567 0.50516986 0.94749641 3.411413667321e-04 2.215803871089e+02 5.052293598096e+01 1.379060824881e-04 5.338521907035e-02
4 5 1 1.35941952 2.18426160 1.44824567 0.50516986 0.94749641 3.442851524300e-04 2.000516686543e+02 4.735322377784e+01 1.375004977002e-04 4.905116690469e-02
4 6 1 1.35941952 2.18426160 1.44824567 0.50516986 0.94749641 2.966139887879e-04 1.848004617948e+02 4.430086689943e+01 1.368740465449e-04 4.422902347621e-02
4 7 1 1.35941952 2.18426160 1.44824567 0.50516986 0.94749641 1.984010397975e-04 1.778377657817e+02 4.189492590072e+01 1.360457453575e-04 4.238725036640e-02
4 8 1 1.35941952 2.18426160 1.44824567 0.50516986 0.94749641 9.666551270485e-05 1.772692102649e+02 3.950038543127e+01 1.350355154543e-04 4.492137174330e-02
4 9 1 1.35941952 2.18426160 1.44824567 0.50516986 0.94749641 3.493576156779e-05 1.816318435640e+02 3.753165447321e+01 1.338640217020e-04 5.231996812567e-02
4 10 1 1.35941952 2.18426160 1.44824567 0.50516986 0.94749641 1.779872351671e-05 1.901646361112e+02 3.583560486989e+01 1.325525106599e-04 6.394466230972e-02
4 11 1 1.35941952 2.18426160 1.44824567 0.50516986 0.94749641 2.745925459516e-05 1.997029809211e+02 3.446875117099e+01 1.311226490357e-04 7.610073012931e-02
4 12 1 1.35941952 2.18426160 1.44824567 0.50516986 0.94749641 5.977896025235e-05 2.072573095424e+02 3.352500208375e+01 1.295963631943e-04 8.232254618670e-02
4 13 1 1.35941952 2.18426160 1.44824567 0.50516986 0.94749641 1.273320059209e-04 2.105605736209e+02 3.227904081270e+01 1.279956804466e-04 7.792204186916e-02
4 14 1 1.35941952 2.18426160 1.44824567 0.50516986 0.94749641 2.272147285375e-04 2.107547542845e+02 3.092187055852e+01 1.263425728306e-04 6.489965894799e-02
4 15 1 1.35941952 2.18426160 1.44824567 0.50516986 0.94749641 3.214166825290e-04 2.062714207205e+02 2.979619485564e+01 1.246588040859e-04 5.137340889307e-02
4 16 1 1.35941952 2.18426160 1.44824567 0.50516986 0.94749641 3.622273067286e-04 1.977072015226e+02 2.873199748091e+01 1.229657805018e-04 4.506759886655e-02
4 17 1 1.35941952 2.18426160 1.44824567 0.50516986 0.94749641 3.364063642572e-04 1.851401488179e+02 2.819379898932e+01 1.212844062994e-04 4.707181396152e-02
4 18 1 1.35941952 2.18426160 1.44824567 0.50516986 0.94749641 2.761242213305e-04 1.698236618400e+02 2.763168371369e+01 1.196349441858e-04 5.201151411038e-02
4 19 1 1.35941952 2.18426160 1.44824567 0.50516986 0.94749641 2.238740167166e-04 1.526950387251e+02 2.711738936426e+01 1.180368816928e-04 5.389294218113e-02
4 20 1 1.35941952 2.18426160 1.44824567 0.50516986 0.94749641 1.924511977260e-04 1.350421883031e+02 2.692922428207e+01 1.165088038848e-04 5.114964885230e-02
4 21 1 1.35941952 2.18426160 1.44824567 0.50516986 0.94749641 1.637405074416e-04 1.193286853790e+02 2.694177868684e+01 1.150682729922e-04 4.617478036200e-02
4 22 1 1.35941952 2.18426160 1.44824567 0.50516986 0.94749641 1.214554397718e-04 1.081138035208e+02 2.728172940970e+01 1.137317154926e-04 4.124988682350e-02
4 23 1 1.35941952 2.18426160 1.44824567 0.50516986 0.94749641 7.483980125256e-05 9.984700637773e+01 2.747911877018e+01 1.125143171315e-04 3.628784765028e-02
4 24 1 1.35941952 2.18426160 1.44824567 0.50516986 0.94749641 4.697944851791e-05 9.713930128413e+01 2.745288548467e+01 1.114299263370e-04 3.055121165975e-02
4 25 1 1.35941952 2.18426160 1.44824567 0.50516986 0.94749641 4.744472083872e-05 9.898370248578e+01 2.727320244929e+01 1.104909664455e-04 2.513441582290e-02
4 26 1 1.35941952 2.18426160 1.44824567 0.50516986 0.94749641 6.569315668697e-05 1.042857671803e+02 2.703754615649e+01 1.097083571194e-04 2.228902635077e-02
4 27 1 1.35941952 2.18426160 1.44824567 0.50516986 0.94749641 9.106304761783e-05 1.119138228372e+02 2.707036943482e+01 1.090914452946e-04 2.221600444986e-02
4 28 1 1.35941952 2.18426160 1.44824567 0.50516986 0.94749641 1.293826162802e-04 1.204379780033e+02 2.701048284828e+01 1.086479459576e-04 2.173771794125e-02
4 29 1 1.35941952 2.18426160 1.44824567 0.50516986 0.94749641 1.914581426296e-04 1.289844078910e+02 2.682741932089e+01 1.083838930073e-04 1.731476959349e-02
4 30 1 1.35941952 2.18426160 1.44824567 0.50516986 0.94749641 2.672748324185e-04 1.372301050604e+02 2.677439850509e+01 1.083036004156e-04 9.418558277779e-03
4 31 1 1.35941952 2.18426160 1.44824567 0.50516986 0.94749641 3.213558758681e-04 1.429488410231e+02 2.683253980066e+01 1.084096338543e-04 3.042859451825e-03
4 32 1 1.35941952 2.18426160 1.44824567 0.50516986 0.94749641 3.207107610049e-04 1.487347259191e+02 2.751669327979e+01 1.087027929149e-04 3.165229231126e-03
4 33 1 1.35941952 2.18426160 1.44824567 0.50516986 0.94749641 2.662216521424e-04 1.504816068270e+02 2.819296168460e+01 1.091821039989e-04 9.774412847208e-03
4 34 1 1.35941952 2.18426160 1.44824567 0.50516986 0.94749641 1.917560454582e-04 1.481978935443e+02 2.860533314184e+01 1.098448239141e-04 1.785548994238e-02
4 35 1 1.35941952 2.18426160 1.44824567 0.50516986 0.94749641 1.319054625171e-04 1.428242721818e+02 2.883503492333e+01 1.106864541652e-04 2.238011668631e-02
4 36 1 1.35941952 2.18426160 1.44824567 0.50516986 0.94749641 9.496588677493e-05 1.346230725479e+02 2.882788355244e+01 1.117007658827e-04 2.291382164027e-02
4 37 1 1.35941952 2.18426160 1.44824567 0.50516986 0.94749641 6.936348958916e-05 1.257846732258e+02 2.892122925576e+01 1.128798352873e-04 2.310655077315e-02
4 38 1 1.35941952 2.18426160 1.44824567 0.50516986 0.94749641 5.018432843211e-05 1.184634365268e+02 2.898659201312e+01 1.142140895442e-04 2.620544917539e-02
4 39 1 1.35941952 2.18426160 1.44824567 0.50516986 0.94749641 4.954343806639e-05 1.139039018482e+02 2.867492529639e+01 1.156923628164e-04 3.194273582175e-02
4 40 1 1.35941952 2.18426160 1.44824567 0.50516986 0.94749641 7.831032329693e-05 1.144743340342e+02 2.835371863211e+01 1.173019622812e-04 3.794136577524e-02
4 41 1 1.35941952 2.18426160 1.44824567 0.50516986 0.94749641 1.260316519905e-04 1.188307500063e+02 2.795996441535e+01 1.190287438343e-04 4.309901864214e-02
4 42 1 1.35941952 2.18426160 1.44824567 0.50516986 0.94749641 1.692454609182e-04 1.285342101959e+02 2.803882486826e+01 1.208571971610e-04 4.828973909320e-02
4 43 1 1.35941952 2.18426160 1.44824567 0.50516986 0.94749641 2.000671151252e-04 1.431268946080e+02 2.834215952582e+01 1.227705398153e-04 5.367707564669e-02
4 44 1 1.35941952 2.18426160 1.44824567 0.50516986 0.94749641 2.365176321999e-04 1.604562925371e+02 2.878481366875e+01 1.247508199076e-04 5.681274743262e-02
4 45 1 1.35941952 2.18426160 1.44824567 0.50516986 0.94749641 2.960011724787e-04 1.792685142039e+02 2.924321201173e+01 1.267790269636e-04 5.502814883428e-02
4 46 1 1.35941952 2.18426160 1.44824567 0.50516986 0.94749641 3.618553672472e-04 1.988862953976e+02 2.960792127227e+01 1.288352104820e-04 4.987052839436e-02
4 47 1 1.35941952 2.18426160 1.44824567 0.50516986 0.94749641 3.876226509058e-04 2.168821340019e+02 3.032679392699e+01 1.308986056806e-04 4.772235357657e-02
4 48 1 1.35941952 2.18426160 1.44824567 0.50516986 0.94749641 3.409828847743e-04 2.314926052801e+02 3.124172957878e+01 1.329477658926e-04 5.442073637198e-02
4 49 1 1.35941952 2.18426160 1.44824567 0.50516986 0.94749641 2.391136518134e-04 2.403728421820e+02 3.202049112515e+01 1.349607010394e-04 6.889077326717e-02
4 50 1 1.35941952 2.18426160 1.44824567 0.50516986 0.94749641 1.338544069531e-04 2.433233115108e+02 3.302600111765e+01 1.369150215801e-04 8.285278315296e-02
4 51 1 1.35941952 2.18426160 1.44824567 0.50516986 0.94749641 6.395173994865e-05 2.387300359226e+02 3.384123778076e+01 1.387880873106e-04 8.753316828764e-02
4 52 1 1.35941952 2.18426160 1.44824567 0.50516986 0.94749641 3.049032948251e-05 2.278003111496e+02 3.535354487276e+01 1.405571603606e-04 8.077188341590e-02
4 53 1 1.35941952 2.18426160 1.44824567 0.50516986 0.94749641 2.024870184471e-05 2.137087917216e+02 3.751186712586e+01 1.421995617150e-04 6.770231363412e-02
4 54 1 1.35941952 2.18426160 1.44824567 0.50516986 0.94749641 3.921851121750e-05 2.004599468649e+02 3.990816909365e+01 1.436928305677e-04 5.539073209668e-02
4 55 1 1.35941952 2.18426160 1.44824567 0.50516986 0.94749641 1.064966350551e-04 1.888132518802e+02 4.274479657107e+01 1.450148857974e-04 4.779632821921e-02
4 56 1 1.35941952 2.18426160 1.44824567 0.50516986 0.94749641 2.151121350956e-04 1.820720851916e+02 4.566828633775e+01 1.461441888417e-04 4.542654929652e-02
4 57 1 1.35941952 2.18426160 1.44824567 0.50516986 0.94749641 3.172426642444e-04 1.835502301715e+02 4.890173166125e+01 1.470599072337e-04 4.755806023620e-02
4 58 1 1.35941952 2.18426160 1.44824567 0.50516986 0.94749641 3.648548767123e-04 1.942513865857e+02 5.232696023101e+01 1.477420780577e-04 5.266940921286e-02
4 59 1 1.35941952 2.18426160 1.44824567 0.50516986 0.94749641 3.617238659255e-04 2.132966058294e+02 5.545600151565e+01 1.481717705713e-04 5.722325961508e-02
4 60 1 1.35941952 2.18426160 1.44824567 0.50516986 0.94749641 3.582444603546e-04 2.430650116018e+02 5.845535575996e+01 1.483312472434e-04 5.700228237313e-02
4 61 1 1.35941952 2.18426160 1.44824567 0.50516986 0.94749641 3.871233183218e-04 2.774802919912e+02 6.104234149326e+01 1.482041224503e-04 5.205673516636e-02
4 62 1 1.35941952 2.18426160 1.44824567 0.50516986 0.94749641 4.163864692378e-04 3.153085382741e+02 6.391471220538e+01 1.477755180806e-04 4.959910652478e-02
4 63 1 1.35941952 2.18426160 1.44824567 0.50516986 0.94749641 3.820754762761e-04 3.507690118470e+02 6.672704344213e+01 1.470322153021e-04 5.896957413915e-02
9 0 1 1.38803654 2.57381666 1.30618483 0.50949266 1.01839539 2.004971060778e-04 6.142991554411e+02 3.852288160194e+01 1.838980836710e-04 4.873683871479e-02
9 1 1 1.38803654 2.57381666 1.30618483 0.50949266 1.01839539 2.389965092412e-04 5.558672130808e+02 3.690879475703e+01 1.831482682784e-04 4.279774533919e-02
9 2 1 1.38803654 2.57381666 1.30618483 0.50949266 1.01839539 2.457003033046e-04 4.980119993825e+02 3.525014411842e+01 1.821145058887e-04 4.821539469750e-02
9 3 1 1.38803654 2.57381666 1.30618483 0.50949266 1.01839539 3.021191654038e-04 4.417962900581e+02 3.369306017518e+01 1.808169904828e-04 6.216745588693e-02
9 4 1 1.38803654 2.57381666 1.30618483 0.50949266 1.01839539 4.299698685747e-04 3.965731391759e+02 3.205693543811e+01 1.792769982460e-04 7.514353481394e-02
9 5 1 1.38803654 2.57381666 1.30618483 0.50949266 1.01839539 5.417510525008e-04 3.661836189206e+02 3.082406352810e+01 1.775167431006e-04 8.057949834702e-02
9 6 1 1.38803654 2.57381666 1.30618483 0.50949266 1.01839539 5.285798480241e-04 3.466385129024e+02 2.951466210311e+01 1.755592310777e-04 7.903977614292e-02
9 7 1 1.38803654 2.57381666 1.30618483 0.50949266 1.01839539 3.798962709855e-04 3.395135112971e+02 2.796373984154e+01 1.734281140778e-04 7.398799269851e-02
9 8 1 1.38803654 2.57381666 1.30618483 0.50949266 1.01839539 1.924788159947e-04 3.419801849909e+02 2.663243716213e+01 1.711475435794e-04 6.674890637355e-02
9 9 1 1.38803654 2.57381666 1.30618483 0.50949266 1.01839539 6.628137858640e-05 3.515819166523e+02 2.543307452834e+01 1.687420248369e-04 5.734783037633e-02
9 10 1 1.38803654 2.57381666 1.30618483 0.50949266 1.01839539 1.826469823007e-05 3.681802207342e+02 2.454958864127e+01 1.662362721172e-04 4.822950951255e-02
9 11 1 1.38803654 2.57381666 1.30618483 0.50949266 1.01839539 7.815454566732e-06 3.854954408640e+02 2.377011897934e+01 1.636550655092e-04 4.369303343372e-02
9 12 1 1.38803654 2.57381666 1.30618483 0.50949266 1.01839539 1.921146369876e-05 3.981515415428e+02 2.279823524449e+01 1.610231098312e-04 4.483113897515e-02
9 13 1 1.38803654 2.57381666 1.30618483 0.50949266 1.01839539 8.299470273474e-05 4.034959036511e+02 2.211619375871e+01 1.583648961564e-04 4.732564153508e-02
9 14 1 1.38803654 2.57381666 1.30618483 0.50949266 1.01839539 2.126205181752e-04 4.018118086696e+02 2.162041881481e+01 1.557045664599e-04 4.628272963172e-02
9 15 1 1.38803654 2.57381666 1.30618483 0.50949266 1.01839539 3.518012656399e-04 3.898788575035e+02 2.116831569912e+01 1.530657818774e-04 4.242573983341e-02
9 16 1 1.38803654 2.57381666 1.30618483 0.50949266 1.01839539 4.143366707378e-04 3.702804606978e+02 2.089603007532e+01 1.504715950551e-04 4.130156266579e-02
9 17 1 1.38803654 2.57381666 1.30618483 0.50949266 1.01839539 3.741936840233e-04 3.435205874068e+02 2.041482246126e+01 1.479443270461e-04 4.600761320867e-02
9 18 1 1.38803654 2.57381666 1.30618483 0.50949266 1.01839539 2.938494584705e-04 3.109223063064e+02 1.987140458276e+01 1.455054491993e-04 5.268333053307e-02
9 19 1 1.38803654 2.57381666 1.30618483 0.50949266 1.01839539 2.533793075128e-04 2.780609550887e+02 1.957114055705e+01 1.431754704617e-04 5.472663659358e-02
9 20 1 1.38803654 2.57381666 1.30618483 0.50949266 1.01839539 2.646490975912e-04 2.488034077203e+02 1.925831988669e+01 1.409738304964e-04 5.046688575123e-02
9 21 1 1.38803654 2.57381666 1.30618483 0.50949266 1.01839539 2.704054284354e-04 2.234982491099e+02 1.888675824363e+01 1.389187989978e-04 4.461516222701e-02
9 22 1 1.38803654 2.57381666 1.30618483 0.50949266 1.01839539 2.218267421060e-04 2.059478232655e+02 1.841554253975e+01 1.370273815608e-04 4.198053994483e-02
9 23 1 1.38803654 2.57381666 1.30618483 0.50949266 1.01839539 1.362691511358e-04 1.951933622263e+02 1.792918740857e+01 1.353152324392e-04 4.184015086137e-02
9 24 1 1.38803654 2.57381666 1.30618483 0.50949266 1.01839539 7.035345408965e-05 1.933337834309e+02 1.761427864718e+01 1.337965745015e-04 4.003450527420e-02
9 25 1 1.38803654 2.57381666 1.30618483 0.50949266 1.01839539 5.223827919806e-05 1.985001997779e+02 1.730931543252e+01 1.324841266684e-04 3.536813857458e-02
9 26 1 1.38803654 2.57381666 1.30618483 0.50949266 1.01839539 6.157209758320e-05 2.096988711895e+02 1.707498621750e+01 1.313890390870e-04 3.130649048757e-02
9 27 1 1.38803654 2.57381666 1.30618483 0.50949266 1.01839539 7.562192909318e-05 2.241605778737e+02 1.685277987627e+01 1.305208362734e-04 3.061838349102e-02
9 28 1 1.38803654 2.57381666 1.30618483 0.50949266 1.01839539 1.115081714751e-04 2.391285006739e+02 1.654986500594e+01 1.298873684226e-04 3.049817309634e-02
9 29 1 1.38803654 2.57381666 1.30618483 0.50949266 1.01839539 2.020761553526e-04 2.543369793918e+02 1.659158465516e+01 1.294947710601e-04 2.546701929442e-02
9 30 1 1.38803654 2.57381666 1.30618483 0.50949266 1.01839539 3.344048854608e-04 2.688812889273e+02 1.680681803747e+01 1.293474331767e-04 1.502486885029e-02
9 31 1 1.38803654 2.57381666 1.30618483 0.50949266 1.01839539 4.351662502692e-04 2.781013789158e+02 1.691927897960e+01 1.294479739618e-04 6.117518074707e-03
9 32 1 1.38803654 2.57381666 1.30618483 0.50949266 1.01839539 4.328014897858e-04 2.858163897170e+02 1.722086874012e+01 1.297972282178e-04 6.393366138507e-03
9 33 1 1.38803654 2.57381666 1.30618483 0.50949266 1.01839539 3.295643524766e-04 2.863666543300e+02 1.750389450280e+01 1.303942405096e-04 1.580653772280e-02
9 34 1 1.38803654 2.57381666 1.30618483 0.50949266 1.01839539 1.993377989666e-04 2.808463618805e+02 1.780316977031e+01 1.312362680714e-04 2.662361377090e-02
9 35 1 1.38803654 2.57381666 1.30618483 0.50949266 1.01839539 1.134638215232e-04 2.709204909002e+02 1.839153838023e+01 1.323187924651e-04 3.186119440469e-02
9 36 1 1.38803654 2.57381666 1.30618483 0.50949266 1.01839539 8.086859979435e-05 2.556256078726e+02 1.879450841038e+01 1.336355399497e-04 3.207403970875e-02
9 37 1 1.38803654 2.57381666 1.30618483 0.50949266 1.01839539 6.696960503867e-05 2.386638417545e+02 1.899572460734e+01 1.351785104969e-04 3.284058720323e-02
9 38 1 1.38803654 2.57381666 1.30618483 0.50949266 1.01839539 5.669371146699e-05 2.248250753620e+02 1.928605409451e+01 1.369380153509e-04 3.699114023081e-02
9 39 1 1.38803654 2.57381666 1.30618483 0.50949266 1.01839539 7.563431806077e-05 2.154218772172e+02 1.951540391090e+01 1.389027230069e-04 4.168287601946e-02
9 40 1 1.38803654 2.57381666 1.30618483 0.50949266 1.01839539 1.439412235933e-04 2.140653695872e+02 1.978451105546e+01 1.410597134499e-04 4.341707481583e-02
9 41 1 1.38803654 2.57381666 1.30618483 0.50949266 1.01839539 2.304920993519e-04 2.205885923653e+02 2.001444989868e+01 1.433945404652e-04 4.350823849446e-02
9 42 1 1.38803654 2.57381666 1.30618483 0.50949266 1.01839539 2.775249651970e-04 2.367602900683e+02 2.004742674035e+01 1.458913018091e-04 4.626954095088e-02
9 43 1 1.38803654 2.57381666 1.30618483 0.50949266 1.01839539 2.713609739332e-04 2.609682965659e+02 2.008485932841e+01 1.485327169925e-04 5.238728155770e-02
9 44 1 1.38803654 2.57381666 1.30618483 0.50949266 1.01839539 2.658313101885e-04 2.928996588859e+02 2.017475697989e+01 1.513002124103e-04 5.682307316357e-02
9 45 1 1.38803654 2.57381666 1.30618483 0.50949266 1.01839539 3.176818132121e-04 3.290792555157e+02 2.045338413476e+01 1.541740135194e-04 5.472603782657e-02
9 46 1 1.38803654 2.57381666 1.30618483 0.50949266 1.01839539 4.073362733652e-04 3.641781816777e+02 2.078024352337e+01 1.571332437417e-04 4.792817706217e-02
9 47 1 1.38803654 2.57381666 1.30618483 0.50949266 1.01839539 4.467002008406e-04 3.956190697094e+02 2.090693993390e+01 1.601560297485e-04 4.332298834743e-02
9 48 1 1.38803654 2.57381666 1.30618483 0.50949266 1.01839539 3.733134438908e-04 4.225612157752e+02 2.128912252697e+01 1.632196127538e-04 4.483201773527e-02
9 49 1 1.38803654 2.57381666 1.30618483 0.50949266 1.01839539 2.212361202265e-04 4.398760143790e+02 2.193642527712e+01 1.663004654258e-04 4.911510646084e-02
9 50 1 1.38803654 2.57381666 1.30618483 0.50949266 1.01839539 8.416129823627e-05 4.479981192475e+02 2.267208047257e+01 1.693744140022e-04 5.040586995056e-02
9 51 1 1.38803654 2.57381666 1.30618483 0.50949266 1.01839539 1.861953087218e-05 4.454728840317e+02 2.369334036030e+01 1.724167651777e-04 4.808654957084e-02
9 52 1 1.38803654 2.57381666 1.30618483 0.50949266 1.01839539 7.172723918158e-06 4.327525330426e+02 2.460992703000e+01 1.754024373082e-04 4.735878676365e-02
9 53 1 1.38803654 2.57381666 1.30618483 0.50949266 1.01839539 1.889478873322e-05 4.134503371890e+02 2.554904705196e+01 1.783060954665e-04 5.266337301317e-02
9 54 1 1.38803654 2.57381666 1.30618483 0.50949266 1.01839539 7.392480882802e-05 3.941746360426e+02 2.693233185558e+01 1.811022898611e-04 6.268273244867e-02
9 55 1 1.38803654 2.57381666 1.30618483 0.50949266 1.01839539 2.143736772288e-04 3.743758782438e+02 2.837658287325e+01 1.837655971192e-04 7.277283705583e-02
9 56 1 1.38803654 2.57381666 1.30618483 0.50949266 1.01839539 4.159923975488e-04 3.590468577236e+02 2.987297130836e+01 1.862707639233e-04 8.030813517461e-02
9 57 1 1.38803654 2.57381666 1.30618483 0.50949266 1.01839539 5.684440707739e-04 3.544857738480e+02 3.128411185691e+01 1.885928524737e-04 8.526017662091e-02
9 58 1 1.38803654 2.57381666 1.30618483 0.50949266 1.01839539 5.732601738858e-04 3.639429155987e+02 3.258414629003e+01 1.907073872456e-04 8.632224304098e-02
9 59 1 1.38803654 2.57381666 1.30618483 0.50949266 1.01839539 4.509211738300e-04 3.907652408625e+02 3.439494760301e+01 1.925905025001e-04 8.004571334741e-02
9 60 1 1.38803654 2.57381666 1.30618483 0.50949266 1.01839539 3.208830651477e-04 4.371896995015e+02 3.627123889512e+01 1.942190899955e-04 6.601472018517e-02
9 61 1 1.38803654 2.57381666 1.30618483 0.50949266 1.01839539 2.697764343664e-04 4.918900968643e+02 3.801997108678e+01 1.955709463531e-04 5.111536071047e-02
9 62 1 1.38803654 2.57381666 1.30618483 0.50949266 1.01839539 2.653633803376e-04 5.569223709069e+02 3.994701785149e+01 1.966249195127e-04 4.517053148203e-02
9 63 1 1.38803654 2.57381666 1.30618483 0.50949266 1.01839539 2.194769972558e-04 6.236872200714e+02 4.161700786153e+01 1.973610537283e-04 5.109482153531e-02
12 0 1 1.31898876 2.48216728 1.30135876 0.50004054 1.01276263 4.013103529470e-05 3.974525145911e+02 4.037797310544e+01 2.008230797961e-04 4.047831333701e-02
12 1 1 1.31898876 2.48216728 1.30135876 0.50004054 1.01276263 8.851466226264e-05 3.622879762425e+02 3.882200300715e+01 1.989943217779e-04 2.666012303764e-02
12 2 1 1.31898876 2.48216728 1.30135876 0.50004054 1.01276263 1.166090907066e-04 3.379869364624e+02 3.741460116480e+01 1.969247629322e-04 2.034517003819e-02
12 3 1 1.31898876 2.48216728 1.30135876 0.50004054 1.01276263 1.691537097375e-04 3.226628933692e+02 3.564973285750e+01 1.946361125065e-04 2.196796823241e-02
12 4 1 1.31898876 2.48216728 1.30135876 0.50004054 1.01276263 3.013992166840e-04 3.162395393420e+02 3.399462905423e+01 1.921507719246e-04 2.734606098657e-02
12 5 1 1.31898876 2.48216728 1.30135876 0.50004054 1.01276263 4.721980345127e-04 3.182317686625e+02 3.232462480050e+01 1.894917133677e-04 3.244333966373e-02
12 6 1 1.31898876 2.48216728 1.30135876 0.50004054 1.01276263 5.593130280694e-04 3.226196945377e+02 3.067645071168e+01 1.866823582987e-04 3.642827706710e-02
12 7 1 1.31898876 2.48216728 1.30135876 0.50004054 1.01276263 4.877228223897e-04 3.310308835279e+02 2.924511472254e+01 1.837464563246e-04 4.055059832392e-02
12 8 1 1.31898876 2.48216728 1.30135876 0.50004054 1.01276263 3.116520314566e-04 3.405414436415e+02 2.755507451813e+01 1.807079647863e-04 4.471386262437e-02
12 9 1 1.31898876 2.48216728 1.30135876 0.50004054 1.01276263 1.513025560656e-04 3.469174141751e+02 2.584558964442e+01 1.775909294655e-04 4.633855711983e-02
12 10 1 1.31898876 2.48216728 1.30135876 0.50004054 1.01276263 6.980712775501e-05 3.508432422653e+02 2.458382001549e+01 1.744193667840e-04 4.333895802613e-02
12 11 1 1.31898876 2.48216728 1.30135876 0.50004054 1.01276263 4.047325777567e-05 3.504152516656e+02 2.349256035020e+01 1.712171478752e-04 3.736325146427e-02
12 12 1 1.31898876 2.48216728 1.30135876 0.50004054 1.01276263 2.454044303755e-05 3.457646021516e+02 2.248517575575e+01 1.680078848887e-04 3.253309462320e-02
12 13 1 1.31898876 2.48216728 1.30135876 0.50004054 1.01276263 3.805296028043e-05 3.374317578927e+02 2.145768529098e+01 1.648148198901e-04 3.086400344530e-02
12 14 1 1.31898876 2.48216728 1.30135876 0.50004054 1.01276263 1.175760507222e-04 3.261946532986e+02 2.035940522306e+01 1.616607167017e-04 3.042944415001e-02
12 15 1 1.31898876 2.48216728 1.30135876 0.50004054 1.01276263 2.430091029012e-04 3.092856783078e+02 1.958936086108e+01 1.585677560230e-04 2.880914679076e-02
12 16 1 1.31898876 2.48216728 1.30135876 0.50004054 1.01276263 3.350732586276e-04 2.891412146045e+02 1.910592601356e+01 1.555574341565e-04 2.693623625261e-02
12 17 1 1.31898876 2.48216728 1.30135876 0.50004054 1.01276263 3.396806083272e-04 2.673918550034e+02 1.869501134653e+01 1.526504656551e-04 2.779056781964e-02
12 18 1 1.31898876 2.48216728 1.30135876 0.50004054 1.01276263 2.898151852912e-04 2.441292469111e+02 1.837982381134e+01 1.498666901899e-04 3.176838230089e-02
12 19 1 1.31898876 2.48216728 1.30135876 0.50004054 1.01276263 2.622316025442e-04 2.219973217752e+02 1.806597839581e+01 1.472249839282e-04 3.546623059486e-02
12 20 1 1.31898876 2.48216728 1.30135876 0.50004054 1.01276263 2.830548049506e-04 2.028659492303e+02 1.789986205280e+01 1.447431756934e-04 3.580820469574e-02
12 21 1 1.31898876 2.48216728 1.30135876 0.50004054 1.01276263 3.009794525626e-04 1.862609091122e+02 1.783037581715e+01 1.424379681653e-04 3.375219305335e-02
12 22 1 1.31898876 2.48216728 1.30135876 0.50004054 1.01276263 2.574750372362e-04 1.755316375361e+02 1.753576393088e+01 1.403248643625e-04 3.241043294932e-02
12 23 1 1.31898876 2.48216728 1.30135876 0.50004054 1.01276263 1.610090265445e-04 1.690428374202e+02 1.729496745383e+01 1.384180996322e-04 3.249219148498e-02
12 24 1 1.31898876 2.48216728 1.30135876 0.50004054 1.01276263 7.438856091982e-05 1.677649345862e+02 1.722159643430e+01 1.367305793561e-04 3.175130550670e-02
12 25 1 1.31898876 2.48216728 1.30135876 0.50004054 1.01276263 4.045942330600e-05 1.704524555963e+02 1.713487415347e+01 1.352738225628e-04 2.903713869750e-02
12 26 1 1.31898876 2.48216728 1.30135876 0.50004054 1.01276263 4.582425154452e-05 1.774624516959e+02 1.722960896886e+01 1.340579116188e-04 2.652932842610e-02
12 27 1 1.31898876 2.48216728 1.30135876 0.50004054 1.01276263 6.246584075282e-05 1.877266203506e+02 1.725680190157e+01 1.330914481533e-04 2.630548235571e-02
12 28 1 1.31898876 2.48216728 1.30135876 0.50004054 1.01276263 9.985787708952e-05 1.990513066084e+02 1.705429993039e+01 1.323815153497e-04 2.612776605397e-02
12 29 1 1.31898876 2.48216728 1.30135876 0.50004054 1.01276263 1.895743164430e-04 2.110973046197e+02 1.713497380864e+01 1.319336467219e-04 2.138651474931e-02
12 30 1 1.31898876 2.48216728 1.30135876 0.50004054 1.01276263 3.215059028705e-04 2.237726984040e+02 1.735882365303e+01 1.317518014685e-04 1.174738931837e-02
12 31 1 1.31898876 2.48216728 1.30135876 0.50004054 1.01276263 4.229513321026e-04 2.340369008425e+02 1.750209660279e+01 1.318383464841e-04 3.619821724388e-03
12 32 1 1.31898876 2.48216728 1.30135876 0.50004054 1.01276263 4.206554940296e-04 2.457515592997e+02 1.785522093089e+01 1.321940450805e-04 4.058480269700e-03
12 33 1 1.31898876 2.48216728 1.30135876 0.50004054 1.01276263 3.168866608018e-04 2.526116197375e+02 1.816912557926e+01 1.328180524564e-04 1.289100964615e-02
12 34 1 1.31898876 2.48216728 1.30135876 0.50004054 1.01276263 1.871076986458e-04 2.544061463678e+02 1.841086562173e+01 1.337079179284e-04 2.277833637892e-02
12 35 1 1.31898876 2.48216728 1.30135876 0.50004054 1.01276263 1.017781440855e-04 2.517222548551e+02 1.883120833885e+01 1.348595939210e-04 2.721813375992e-02
12 36 1 1.31898876 2.48216728 1.30135876 0.50004054 1.01276263 6.705141866070e-05 2.434885296938e+02 1.895897149427e+01 1.362674516877e-04 2.673322196056e-02
12 37 1 1.31898876 2.48216728 1.30135876 0.50004054 1.01276263 5.018503945899e-05 2.321480890927e+02 1.882375474061e+01 1.379243037199e-04 2.633360318610e-02
12 38 1 1.31898876 2.48216728 1.30135876 0.50004054 1.01276263 4.433898280868e-05 2.201630949432e+02 1.889187105312e+01 1.398214327754e-04 2.864365504998e-02
12 39 1 1.31898876 2.48216728 1.30135876 0.50004054 1.01276263 8.020587340379e-05 2.072029090748e+02 1.891585461511e+01 1.419486274437e-04 3.175042857976e-02
12 40 1 1.31898876 2.48216728 1.30135876 0.50004054 1.01276263 1.700639432929e-04 1.965870101684e+02 1.888956435373e+01 1.442942241391e-04 3.336933238062e-02
12 41 1 1.31898876 2.48216728 1.30135876 0.50004054 1.01276263 2.675256450735e-04 1.893793310992e+02 1.889996535305e+01 1.468451553991e-04 3.435415068386e-02
12 42 1 1.31898876 2.48216728 1.30135876 0.50004054 1.01276263 3.091720469965e-04 1.884018903024e+02 1.865827090191e+01 1.495870043431e-04 3.657140774808e-02
12 43 1 1.31898876 2.48216728 1.30135876 0.50004054 1.01276263 2.910387896611e-04 1.929890481693e+02 1.846420085190e+01 1.525040651268e-04 3.898427401918e-02
12 44 1 1.31898876 2.48216728 1.30135876 0.50004054 1.01276263 2.762412172668e-04 2.047273730824e+02 1.854354949766e+01 1.555794092128e-04 3.836768173709e-02
12 45 1 1.31898876 2.48216728 1.30135876 0.50004054 1.01276263 3.139393001908e-04 2.234823873246e+02 1.863744755239e+01 1.587949572564e-04 3.394231886805e-02
12 46 1 1.31898876 2.48216728 1.30135876 0.50004054 1.01276263 3.696449049307e-04 2.477719007630e+02 1.885831632183e+01 1.621315563902e-04 2.913953114723e-02
12 47 1 1.31898876 2.48216728 1.30135876 0.50004054 1.01276263 3.606020174965e-04 2.768984674837e+02 1.928536796375e+01 1.655690626730e-04 2.769339823552e-02
12 48 1 1.31898876 2.48216728 1.30135876 0.50004054 1.01276263 2.569241695836e-04 3.100318178346e+02 1.995858597554e+01 1.690864284544e-04 2.942930850962e-02
12 49 1 1.31898876 2.48216728 1.30135876 0.50004054 1.01276263 1.213250196480e-04 3.426652201169e+02 2.095748248745e+01 1.726617943860e-04 3.150975117702e-02
12 50 1 1.31898876 2.48216728 1.30135876 0.50004054 1.01276263 3.778191502855e-05 3.756674457692e+02 2.191563217101e+01 1.762725858027e-04 3.300445506998e-02
12 51 1 1.31898876 2.48216728 1.30135876 0.50004054 1.01276263 2.392855387032e-05 4.057540034858e+02 2.285838157344e+01 1.798956131757e-04 3.602104829004e-02
12 52 1 1.31898876 2.48216728 1.30135876 0.50004054 1.01276263 4.019173416797e-05 4.287727860230e+02 2.412627001806e+01 1.835071763298e-04 4.185938075719e-02
12 53 1 1.31898876 2.48216728 1.30135876 0.50004054 1.01276263 7.333171634911e-05 4.417660505475e+02 2.568379244458e+01 1.870831721053e-04 4.793904675043e-02
12 54 1 1.31898876 2.48216728 1.30135876 0.50004054 1.01276263 1.667607146497e-04 4.467085175894e+02 2.762347454239e+01 1.905992051279e-04 5.009550828580e-02
12 55 1 1.31898876 2.48216728 1.30135876 0.50004054 1.01276263 3.441957727790e-04 4.405137321703e+02 2.963501875326e+01 1.940307013470e-04 4.721196578443e-02
12 56 1 1.31898876 2.48216728 1.30135876 0.50004054 1.01276263 5.310529128143e-04 4.279253125053e+02 3.137110391258e+01 1.973530239860e-04 4.205349480148e-02
12 57 1 1.31898876 2.48216728 1.30135876 0.50004054 1.01276263 5.986697322986e-04 4.118886070451e+02 3.338504437305e+01 2.005415915401e-04 3.755941959854e-02
12 58 1 1.31898876 2.48216728 1.30135876 0.50004054 1.01276263 4.975117683915e-04 3.926069344597e+02 3.563053036775e+01 2.035719974548e-04 3.375313071742e-02
12 59 1 1.31898876 2.48216728 1.30135876 0.50004054 1.01276263 3.155593586463e-04 3.748208677435e+02 3.773548531653e+01 2.064201311002e-04 2.908429325556e-02
12 60 1 1.31898876 2.48216728 1.30135876 0.50004054 1.01276263 1.815817586497e-04 3.656920439816e+02 3.994472011447e+01 2.090622996633e-04 2.412337341085e-02
12 61 1 1.31898876 2.48216728 1.30135876 0.50004054 1.01276263 1.307780355294e-04 3.630914774441e+02 4.193161329416e+01 2.114753505619e-04 2.285131496781e-02
12 62 1 1.31898876 2.48216728 1.30135876 0.50004054 1.01276263 9.946330409056e-05 3.742499593942e+02 4.381049117700e+01 2.136367939907e-04 2.957381156395e-02
12 63 1 1.31898876 2.48216728 1.30135876 0.50004054 1.01276263 4.417095332289e-05 3.959580861144e+02 4.606363217259e+01 2.155249251994e-04 4.388521856956e-02
16 0 1 1.17290960 1.85838298 1.51942396 0.47699581 0.89509254 2.688607588052e-05 1.373909889042e+02 4.899416073843e+01 1.497025715245e-04 2.597364338871e-02
16 1 1 1.17290960 1.85838298 1.51942396 0.47699581 0.89509254 6.061868600002e-05 1.320967029639e+02 4.765572157953e+01 1.487690060883e-04 2.370332278490e-02
16 2 1 1.17290960 1.85838298 1.51942396 0.47699581 0.89509254 8.085026922109e-05 1.273368528204e+02 5.194333007471e+01 1.476259315038e-04 2.652249250993e-02
16 3 1 1.17290960 1.85838298 1.51942396 0.47699581 0.89509254 1.189161066028e-04 1.218634455144e+02 5.689645477669e+01 1.462897761169e-04 3.224372153685e-02
16 4 1 1.17290960 1.85838298 1.51942396 0.47699581 0.89509254 2.177552804791e-04 1.158287168102e+02 5.766031436255e+01 1.447776836566e-04 3.453482437177e-02
16 5 1 1.17290960 1.85838298 1.51942396 0.47699581 0.89509254 3.490357590661e-04 1.115636911823e+02 5.673126630636e+01 1.431074074110e-04 3.003888900503e-02
16 6 1 1.17290960 1.85838298 1.51942396 0.47699581 0.89509254 4.201479699032e-04 1.077870434248e+02 5.816565199264e+01 1.412972039029e-04 2.151383761314e-02
16 7 1 1.17290960 1.85838298 1.51942396 0.47699581 0.89509254 3.707355728803e-04 1.045826056244e+02 6.181223695289e+01 1.393657264447e-04 1.415818939642e-02
16 8 1 1.17290960 1.85838298 1.51942396 0.47699581 0.89509254 2.389091743529e-04 1.019930299913e+02 6.406316448665e+01 1.373319189504e-04 1.051158136106e-02
16 9 1 1.17290960 1.85838298 1.51942396 0.47699581 0.89509254 1.165049580311e-04 9.988000424091e+01 6.140504363784e+01 1.352149103772e-04 9.796629013402e-03
16 10 1 1.17290960 1.85838298 1.51942396 0.47699581 0.89509254 5.415992538729e-05 9.791184658575e+01 5.650730936183e+01 1.330339101661e-04 1.089520897144e-02
16 11 1 1.17290960 1.85838298 1.51942396 0.47699581 0.89509254 3.260197020426e-05 9.498438937145e+01 5.417131424683e+01 1.308081050461e-04 1.387131116409e-02
16 12 1 1.17290960 1.85838298 1.51942396 0.47699581 0.89509254 2.067530480168e-05 9.193404250722e+01 5.408393175515e+01 1.285565575566e-04 1.823906355893e-02
16 13 1 1.17290960 1.85838298 1.51942396 0.47699581 0.89509254 2.881314344991e-05 8.897415189831e+01 5.288255247120e+01 1.262981066403e-04 2.150961124439e-02
16 14 1 1.17290960 1.85838298 1.51942396 0.47699581 0.89509254 8.543458174924e-05 8.609668733393e+01 4.784241333315e+01 1.240512706444e-04 2.116710766780e-02
16 15 1 1.17290960 1.85838298 1.51942396 0.47699581 0.89509254 1.774324927773e-04 8.298518308645e+01 4.067249360465e+01 1.218341530637e-04 1.791374067262e-02
16 16 1 1.17290960 1.85838298 1.51942396 0.47699581 0.89509254 2.456917514409e-04 8.070619830488e+01 3.595187986429e+01 1.196643513441e-04 1.557493605698e-02
16 17 1 1.17290960 1.85838298 1.51942396 0.47699581 0.89509254 2.484467432396e-04 7.888238387951e+01 3.420277898611e+01 1.175588690574e-04 1.714827293281e-02
16 18 1 1.17290960 1.85838298 1.51942396 0.47699581 0.89509254 2.099684968559e-04 7.684287053504e+01 3.276463967708e+01 1.155340317429e-04 2.162117776535e-02
16 19 1 1.17290960 1.85838298 1.51942396 0.47699581 0.89509254 1.890738847282e-04 7.455326189647e+01 2.975985240045e+01 1.136054066995e-04 2.536724171968e-02
16 20 1 1.17290960 1.85838298 1.51942396 0.47699581 0.89509254 2.066220880299e-04 7.257427297640e+01 2.595005706299e+01 1.117877269996e-04 2.619846918688e-02
16 21 1 1.17290960 1.85838298 1.51942396 0.47699581 0.89509254 2.234761289837e-04 7.062369399004e+01 2.454572093054e+01 1.100948199767e-04 2.506358242073e-02
16 22 1 1.17290960 1.85838298 1.51942396 0.47699581 0.89509254 1.936545953183e-04 6.920901701558e+01 2.619132971217e+01 1.085395404295e-04 2.380614440650e-02
16 23 1 1.17290960 1.85838298 1.51942396 0.47699581 0.89509254 1.221968499441e-04 6.698521777915e+01 2.829461683634e+01 1.071337087630e-04 2.251975694074e-02
16 24 1 1.17290960 1.85838298 1.51942396 0.47699581 0.89509254 5.668756686714e-05 6.546301651425e+01 2.904064086584e+01 1.058880542750e-04 2.007484296682e-02
16 25 1 1.17290960 1.85838298 1.51942396 0.47699581 0.89509254 3.034218848795e-05 6.412905428085e+01 2.879465331483e+01 1.048121637762e-04 1.663976598086e-02
16 26 1 1.17290960 1.85838298 1.51942396 0.47699581 0.89509254 3.334054226329e-05 6.261636321689e+01 3.006942788745e+01 1.039144357153e-04 1.417225290728e-02
16 27 1 1.17290960 1.85838298 1.51942396 0.47699581 0.89509254 4.426834634494e-05 6.136821625201e+01 3.363713775767e+01 1.032020399631e-04 1.381499808990e-02
16 28 1 1.17290960 1.85838298 1.51942396 0.47699581 0.89509254 7.042555906713e-05 6.032003492917e+01 3.650407130354e+01 1.026808833878e-04 1.377303352225e-02
16 29 1 1.17290960 1.85838298 1.51942396 0.47699581 0.89509254 1.364664121886e-04 5.922549259078e+01 3.658060406031e+01 1.023555813386e-04 1.106729909300e-02
16 30 1 1.17290960 1.85838298 1.51942396 0.47699581 0.89509254 2.353573555723e-04 5.893505438828e+01 3.486231708217e+01 1.022294351312e-04 5.483702008743e-03
16 31 1 1.17290960 1.85838298 1.51942396 0.47699581 0.89509254 3.118996228050e-04 5.885339000555e+01 3.442005047505e+01 1.023044156123e-04 7.160405056022e-04
16 32 1 1.17290960 1.85838298 1.51942396 0.47699581 0.89509254 3.101310422156e-04 6.092231956562e+01 3.700765560389e+01 1.025811528583e-04 7.823116439826e-04
16 33 1 1.17290960 1.85838298 1.51942396 0.47699581 0.89509254 2.317798722395e-04 6.288743577271e+01 3.964916634080e+01 1.030589320432e-04 5.659237047423e-03
16 34 1 1.17290960 1.85838298 1.51942396 0.47699581 0.89509254 1.344935312945e-04 6.462091950747e+01 3.903365339536e+01 1.037356954922e-04 1.129474442387e-02
16 35 1 1.17290960 1.85838298 1.51942396 0.47699581 0.89509254 7.177290160680e-05 6.622026725681e+01 3.567348887391e+01 1.046080509151e-04 1.400469799000e-02
16 36 1 1.17290960 1.85838298 1.51942396 0.47699581 0.89509254 4.765244485908e-05 6.742295609531e+01 3.232137633336e+01 1.056712857950e-04 1.407066471840e-02
16 37 1 1.17290960 1.85838298 1.51942396 0.47699581 0.89509254 3.659570014964e-05 6.876482581248e+01 3.133760929510e+01 1.069193878854e-04 1.454573742911e-02
16 38 1 1.17290960 1.85838298 1.51942396 0.47699581 0.89509254 3.329274355190e-05 7.019951651089e+01 3.138655438740e+01 1.083450717526e-04 1.721928484991e-02
16 39 1 1.17290960 1.85838298 1.51942396 0.47699581 0.89509254 6.114867424152e-05 7.126259233314e+01 2.966334142838e+01 1.099398112755e-04 2.085505599370e-02
16 40 1 1.17290960 1.85838298 1.51942396 0.47699581 0.89509254 1.290790458779e-04 7.322889022685e+01 2.677637215566e+01 1.116938779994e-04 2.342184138562e-02
16 41 1 1.17290960 1.85838298 1.51942396 0.47699581 0.89509254 2.011626324794e-04 7.450298316258e+01 2.521186461365e+01 1.135963852182e-04 2.479302236654e-02
16 42 1 1.17290960 1.85838298 1.51942396 0.47699581 0.89509254 2.294032730526e-04 7.600523013702e+01 2.666548664290e+01 1.156353376421e-04 2.619463155315e-02
16 43 1 1.17290960 1.85838298 1.51942396 0.47699581 0.89509254 2.122581284262e-04 7.785003735885e+01 2.992953990796e+01 1.177976864885e-04 2.752910486018e-02
16 44 1 1.17290960 1.85838298 1.51942396 0.47699581 0.89509254 1.992099655523e-04 7.994470635110e+01 3.180202136368e+01 1.200693898158e-04 2.681366494313e-02
16 45 1 1.17290960 1.85838298 1.51942396 0.47699581 0.89509254 2.277220057944e-04 8.186990646668e+01 3.246267057740e+01 1.224354779018e-04 2.298708273219e-02
16 46 1 1.17290960 1.85838298 1.51942396 0.47699581 0.89509254 2.705677595937e-04 8.379220519380e+01 3.476725568800e+01 1.248801234516e-04 1.831477107411e-02
16 47 1 1.17290960 1.85838298 1.51942396 0.47699581 0.89509254 2.644489138774e-04 8.620987723813e+01 4.027557461548e+01 1.273867164042e-04 1.663030057595e-02
16 48 1 1.17290960 1.85838298 1.51942396 0.47699581 0.89509254 1.875311713058e-04 8.957608963747e+01 4.744651920333e+01 1.299379430883e-04 1.905424857262e-02
16 49 1 1.17290960 1.85838298 1.51942396 0.47699581 0.89509254 8.807998268462e-05 9.228475183207e+01 5.193851154281e+01 1.325158694669e-04 2.247755378741e-02
16 50 1 1.17290960 1.85838298 1.51942396 0.47699581 0.89509254 2.860604288385e-05 9.510614292728e+01 5.304551627373e+01 1.351020281918e-04 2.287343535504e-02
16 51 1 1.17290960 1.85838298 1.51942396 0.47699581 0.89509254 2.024892070378e-05 9.789363408111e+01 5.490298180331e+01 1.376775091776e-04 1.945889003628e-02
16 52 1 1.17290960 1.85838298 1.51942396 0.47699581 0.89509254 3.241909449623e-05 1.008687810089e+02 5.981259914814e+01 1.402230533926e-04 1.483994280980e-02
16 53 1 1.17290960 1.85838298 1.51942396 0.47699581 0.89509254 5.697856904020e-05 1.033198092208e+02 6.600982201073e+01 1.427191495484e-04 1.165136331370e-02
16 54 1 1.17290960 1.85838298 1.51942396 0.47699581 0.89509254 1.285644530371e-04 1.066972459875e+02 6.863427427500e+01 1.451461333647e-04 1.048448515846e-02
16 55 1 1.17290960 1.85838298 1.51942396 0.47699581 0.89509254 2.639271029980e-04 1.109792671134e+02 6.583082298544e+01 1.474842890695e-04 1.134581519973e-02
16 56 1 1.17290960 1.85838298 1.51942396 0.47699581 0.89509254 4.035926735310e-04 1.163199540644e+02 6.252108308847e+01 1.497139527904e-04 1.538550287720e-02
16 57 1 1.17290960 1.85838298 1.51942396 0.47699581 0.89509254 4.495135615006e-04 1.219712644221e+02 6.209906524067e+01 1.518156174816e-04 2.328853894150e-02
16 58 1 1.17290960 1.85838298 1.51942396 0.47699581 0.89509254 3.674887650810e-04 1.279683622566e+02 6.266544711146e+01 1.537700390260e-04 3.226287503071e-02
16 59 1 1.17290960 1.85838298 1.51942396 0.47699581 0.89509254 2.277820152480e-04 1.342821077520e+02 6.050302939983e+01 1.555583431434e-04 3.686223385030e-02
16 60 1 1.17290960 1.85838298 1.51942396 0.47699581 0.89509254 1.277087391097e-04 1.405940057021e+02 5.463013251812e+01 1.571621327332e-04 3.433396443428e-02
16 61 1 1.17290960 1.85838298 1.51942396 0.47699581 0.89509254 9.092617518393e-05 1.445547292716e+02 5.073420080321e+01 1.585635952736e-04 2.832136520835e-02
16 62 1 1.17290960 1.85838298 1.51942396 0.47699581 0.89509254 6.831415069006e-05 1.501030973677e+02 5.322891212290e+01 1.597456098995e-04 2.543906376895e-02
16 63 1 1.17290960 1.85838298 1.51942396 0.47699581 0.89509254 2.980007571134e-05 1.547325952286e+02 5.887527366429e+01 1.606918537730e-04 2.785227954059e-02
23 0 1 1.47540810 2.99265172 1.23254101 0.52152852 1.07286908 3.382651333426e-04 1.091918862657e+03 2.975605437372e+01 7.301891724130e-05 7.001554072410e-02
23 1 1 1.47540810 2.99265172 1.23254101 0.52152852 1.07286908 3.407993691758e-04 1.116464330352e+03 2.960286506287e+01 1.377379351612e-04 7.509413612452e-02
23 2 1 1.47540810 2.99265172 1.23254101 0.52152852 1.07286908 2.956071003542e-04 1.123305838508e+03 2.876380337256e+01 1.715925486874e-04 9.295549219771e-02
23 3 1 1.47540810 2.99265172 1.23254101 0.52152852 1.07286908 3.785517803193e-04 1.107339602421e+03 2.764291673948e+01 1.534253510056e-04 1.081714961446e-01
23 4 1 1.47540810 2.99265172 1.23254101 0.52152852 1.07286908 5.297950309711e-04 1.081419582621e+03 2.687843254726e+01 1.259675866361e-04 1.095658971259e-01
23 5 1 1.47540810 2.99265172 1.23254101 0.52152852 1.07286908 6.147148523426e-04 1.049384809506e+03 2.580437398357e+01 1.211878453598e-04 1.007807395690e-01
23 6 1 1.47540810 2.99265172 1.23254101 0.52152852 1.07286908 5.632176685512e-04 1.011120251084e+03 2.567773589265e+01 1.715292824910e-04 9.581102756307e-02
23 7 1 1.47540810 2.99265172 1.23254101 0.52152852 1.07286908 3.579751525121e-04 9.629754556001e+02 2.529084790333e+01 2.499362706443e-04 9.718104587598e-02
23 8 1 1.47540810 2.99265172 1.23254101 0.52152852 1.07286908 1.461214002772e-04 8.995041711623e+02 2.397833926174e+01 3.266643131478e-04 9.716135293287e-02
23 9 1 1.47540810 2.99265172 1.23254101 0.52152852 1.07286908 4.450612137368e-05 8.292020346391e+02 2.313445122609e+01 3.321827022295e-04 9.373550291254e-02
23 10 1 1.47540810 2.99265172 1.23254101 0.52152852 1.07286908 1.251101684778e-05 7.578683245347e+02 2.219263573254e+01 2.965067656821e-04 8.977319784634e-02
23 11 1 1.47540810 2.99265172 1.23254101 0.52152852 1.07286908 7.940887460538e-06 6.845678202419e+02 2.147498466957e+01 2.792072497285e-04 9.060139653170e-02
23 12 1 1.47540810 2.99265172 1.23254101 0.52152852 1.07286908 3.572670326271e-05 6.136132293743e+02 2.093686139891e+01 2.402015654574e-04 9.444148435328e-02
23 13 1 1.47540810 2.99265172 1.23254101 0.52152852 1.07286908 1.353725627887e-04 5.446856234390e+02 1.984869531956e+01 2.389360829860e-04 9.312996158110e-02
23 14 1 1.47540810 2.99265172 1.23254101 0.52152852 1.07286908 2.877695591046e-04 4.825849869241e+02 1.933426287032e+01 2.472611548400e-04 7.858078372636e-02
23 15 1 1.47540810 2.99265172 1.23254101 0.52152852 1.07286908 4.138247328221e-04 4.322940811817e+02 1.892205933920e+01 2.052640997957e-04 5.944381088778e-02
23 16 1 1.47540810 2.99265172 1.23254101 0.52152852 1.07286908 4.769516413991e-04 3.956549067393e+02 1.796396614794e+01 1.858106071970e-04 5.205494620784e-02
23 17 1 1.47540810 2.99265172 1.23254101 0.52152852 1.07286908 4.398920606386e-04 3.707569240338e+02 1.724089682872e+01 1.611729331320e-04 6.005901342517e-02
23 18 1 1.47540810 2.99265172 1.23254101 0.52152852 1.07286908 3.392679112165e-04 3.584326008229e+02 1.643498089536e+01 1.294746419983e-04 7.274204312456e-02
23 19 1 1.47540810 2.99265172 1.23254101 0.52152852 1.07286908 2.901747454540e-04 3.574231544077e+02 1.578191960858e+01 1.198528046605e-04 7.677057723314e-02
23 20 1 1.47540810 2.99265172 1.23254101 0.52152852 1.07286908 2.863532200125e-04 3.666333042206e+02 1.536733904104e+01 9.313302840982e-05 7.013233005429e-02
23 21 1 1.47540810 2.99265172 1.23254101 0.52152852 1.07286908 2.688203040464e-04 3.836457643976e+02 1.442784061232e+01 7.137721981759e-05 6.054516958214e-02
23 22 1 1.47540810 2.99265172 1.23254101 0.52152852 1.07286908 2.254568007247e-04 4.060531779066e+02 1.365637352722e+01 7.241611426941e-05 5.816528781008e-02
23 23 1 1.47540810 2.99265172 1.23254101 0.52152852 1.07286908 1.501716348900e-04 4.272478808200e+02 1.336992939009e+01 9.749984681394e-05 6.040979498030e-02
23 24 1 1.47540810 2.99265172 1.23254101 0.52152852 1.07286908 8.424568202843e-05 4.492422256661e+02 1.302677703340e+01 1.340163233057e-04 5.792109582762e-02
23 25 1 1.47540810 2.99265172 1.23254101 0.52152852 1.07286908 6.803840107772e-05 4.675609973507e+02 1.272253767110e+01 1.585695056630e-04 5.001694353150e-02
23 26 1 1.47540810 2.99265172 1.23254101 0.52152852 1.07286908 8.303428299751e-05 4.846664666208e+02 1.230692643429e+01 1.633242426699e-04 4.509733101682e-02
23 27 1 1.47540810 2.99265172 1.23254101 0.52152852 1.07286908 9.833900473958e-05 4.999357647618e+02 1.192083755125e+01 1.382054331527e-04 4.786197283267e-02
23 28 1 1.47540810 2.99265172 1.23254101 0.52152852 1.07286908 1.226002371673e-04 5.098547354439e+02 1.191677861004e+01 1.416536644033e-04 5.130159737214e-02
23 29 1 1.47540810 2.99265172 1.23254101 0.52152852 1.07286908 2.242096282368e-04 5.172169550351e+02 1.183605387972e+01 1.794698346944e-04 4.585902132778e-02
23 30 1 1.47540810 2.99265172 1.23254101 0.52152852 1.07286908 3.932923981623e-04 5.263103662223e+02 1.166499873262e+01 2.199725713826e-04 2.899770515249e-02
23 31 1 1.47540810 2.99265172 1.23254101 0.52152852 1.07286908 5.073672409939e-04 5.354361759023e+02 1.179090241798e+01 2.779278250581e-04 1.326047110083e-02
23 32 1 1.47540810 2.99265172 1.23254101 0.52152852 1.07286908 5.031094759722e-04 5.524821630587e+02 1.211017038700e+01 2.754479185260e-04 1.357028916030e-02
23 33 1 1.47540810 2.99265172 1.23254101 0.52152852 1.07286908 3.851990622202e-04 5.652965804835e+02 1.257998175820e+01 2.169274092084e-04 2.977700154130e-02
23 34 1 1.47540810 2.99265172 1.23254101 0.52152852 1.07286908 2.200822751373e-04 5.699039625463e+02 1.296456063670e+01 1.772069952097e-04 4.693257430565e-02
23 35 1 1.47540810 2.99265172 1.23254101 0.52152852 1.07286908 1.257844226824e-04 5.656081953112e+02 1.316430953438e+01 1.397901300285e-04 5.251817025489e-02
23 36 1 1.47540810 2.99265172 1.23254101 0.52152852 1.07286908 1.062041586586e-04 5.491568913152e+02 1.367783784703e+01 1.399087964046e-04 4.915216673916e-02
23 37 1 1.47540810 2.99265172 1.23254101 0.52152852 1.07286908 9.025052266997e-05 5.258311098813e+02 1.425498006067e+01 1.655374880794e-04 4.661092908690e-02
23 38 1 1.47540810 2.99265172 1.23254101 0.52152852 1.07286908 7.296218087287e-05 4.994384574684e+02 1.454929899827e+01 1.592948561021e-04 5.206948180455e-02
23 39 1 1.47540810 2.99265172 1.23254101 0.52152852 1.07286908 8.919027629466e-05 4.669447068639e+02 1.494056647965e+01 1.339247596057e-04 6.054456891436e-02
23 40 1 1.47540810 2.99265172 1.23254101 0.52152852 1.07286908 1.569348456602e-04 4.345486162375e+02 1.536312477015e+01 9.698943623980e-05 6.315143550537e-02
23 41 1 1.47540810 2.99265172 1.23254101 0.52152852 1.07286908 2.327928353290e-04 4.043413141097e+02 1.604086818390e+01 7.385979137917e-05 6.097669731349e-02
23 42 1 1.47540810 2.99265172 1.23254101 0.52152852 1.07286908 2.754976586921e-04 3.804989691449e+02 1.692123901439e+01 7.607993173693e-05 6.373712298629e-02
23 43 1 1.47540810 2.99265172 1.23254101 0.52152852 1.07286908 2.956496851296e-04 3.673221050845e+02 1.716277049096e+01 1.021598234349e-04 7.405029825143e-02
23 44 1 1.47540810 2.99265172 1.23254101 0.52152852 1.07286908 3.062515688703e-04 3.659437306083e+02 1.745388291169e+01 1.306398365106e-04 8.123891290782e-02
23 45 1 1.47540810 2.99265172 1.23254101 0.52152852 1.07286908 3.649489263268e-04 3.754928992480e+02 1.816454068664e+01 1.420415821807e-04 7.722194608089e-02
23 46 1 1.47540810 2.99265172 1.23254101 0.52152852 1.07286908 4.751565156269e-04 3.973051040137e+02 1.861422957551e+01 1.776527037928e-04 6.384189664811e-02
23 47 1 1.47540810 2.99265172 1.23254101 0.52152852 1.07286908 5.132276972774e-04 4.305854444755e+02 1.920195504822e+01 2.023599891061e-04 5.513882457847e-02
23 48 1 1.47540810 2.99265172 1.23254101 0.52152852 1.07286908 4.410247224622e-04 4.756303101284e+02 1.953748212786e+01 2.249296092763e-04 6.282485101724e-02
23 49 1 1.47540810 2.99265172 1.23254101 0.52152852 1.07286908 3.027994490426e-04 5.306687686515e+02 1.974662959483e+01 2.686163109489e-04 8.298454347788e-02
23 50 1 1.47540810 2.99265172 1.23254101 0.52152852 1.07286908 1.400908610630e-04 5.924042001792e+02 2.073089502228e+01 2.564887707415e-04 9.851273070394e-02
23 51 1 1.47540810 2.99265172 1.23254101 0.52152852 1.07286908 3.578607728039e-05 6.560609141535e+02 2.134563095425e+01 2.605579182826e-04 1.002373162502e-01
23 52 1 1.47540810 2.99265172 1.23254101 0.52152852 1.07286908 7.539468128379e-06 7.252350881809e+02 2.179340242327e+01 3.006917477141e-04 9.652381129284e-02
23 53 1 1.47540810 2.99265172 1.23254101 0.52152852 1.07286908 1.248864581664e-05 7.963600479798e+02 2.276198202141e+01 3.172307173526e-04 9.559041813982e-02
23 54 1 1.47540810 2.99265172 1.23254101 0.52152852 1.07286908 4.908902914386e-05 8.698895912988e+02 2.343137667736e+01 3.540996569019e-04 9.973048204665e-02
23 55 1 1.47540810 2.99265172 1.23254101 0.52152852 1.07286908 1.642793808458e-04 9.405383712343e+02 2.433043671397e+01 3.415320743919e-04 1.036204013532e-01
23 56 1 1.47540810 2.99265172 1.23254101 0.52152852 1.07286908 3.960536204239e-04 1.002548899899e+03 2.482209002392e+01 2.566641731267e-04 1.037638984785e-01
23 57 1 1.47540810 2.99265172 1.23254101 0.52152852 1.07286908 6.110168913543e-04 1.058571576902e+03 2.485775738646e+01 1.743004840242e-04 1.022644158328e-01
23 58 1 1.47540810 2.99265172 1.23254101 0.52152852 1.07286908 6.518325119609e-04 1.113073686123e+03 2.613065148650e+01 1.244200542123e-04 1.072247090376e-01
23 59 1 1.47540810 2.99265172 1.23254101 0.52152852 1.07286908 5.518025740461e-04 1.157385723430e+03 2.732492200501e+01 1.334574017363e-04 1.161833686510e-01
23 60 1 1.47540810 2.99265172 1.23254101 0.52152852 1.07286908 3.975740034759e-04 1.187592667439e+03 2.823535109167e+01 1.637608042950e-04 1.145188100487e-01
23 61 1 1.47540810 2.99265172 1.23254101 0.52152852 1.07286908 3.247966265079e-04 1.189834149103e+03 2.932707634142e+01 1.816779376442e-04 9.897064903648e-02
23 62 1 1.47540810 2.99265172 1.23254101 0.52152852 1.07286908 3.809913335788e-04 1.174086439401e+03 2.967132089552e+01 1.415720638647e-04 8.065931568563e-02
23 63 1 1.47540810 2.99265172 1.23254101 0.52152852 1.07286908 3.717419569806e-04 1.145359082113e+03 3.101949200348e+01 7.637855143381e-05 7.528418924475e-02
24 0 1 1.48766230 3.22504366 1.19591902 0.52372350 1.10224625 2.358907485529e-04 1.078831404729e+03 2.833179298913e+01 2.850469052694e-05 7.905701661014e-02
24 1 1 1.48766230 3.22504366 1.19591902 0.52372350 1.10224625 2.806847333180e-04 1.138227178259e+03 2.721267840916e+01 1.004185099392e-04 6.875825963030e-02
24 2 1 1.48766230 3.22504366 1.19591902 0.52372350 1.10224625 2.317053274254e-04 1.201954659600e+03 2.643085552745e+01 1.482033191232e-04 6.821621426120e-02
24 3 1 1.48766230 3.22504366 1.19591902 0.52372350 1.10224625 2.707911374091e-04 1.247323297607e+03 2.590544828664e+01 1.572744018966e-04 8.300359996467e-02
24 4 1 1.48766230 3.22504366 1.19591902 0.52372350 1.10224625 4.114285846511e-04 1.278959396157e+03 2.507154750476e+01 1.633895709286e-04 1.048530868014e-01
24 5 1 1.48766230 3.22504366 1.19591902 0.52372350 1.10224625 5.350707245894e-04 1.299190019451e+03 2.493874483592e+01 1.986837724841e-04 1.141917900352e-01
24 6 1 1.48766230 3.22504366 1.19591902 0.52372350 1.10224625 5.408647788992e-04 1.299362938376e+03 2.412470351160e+01 2.920064839737e-04 1.048926222126e-01
24 7 1 1.48766230 3.22504366 1.19591902 0.52372350 1.10224625 3.679320798741e-04 1.283156660871e+03 2.266975910366e+01 4.079885297754e-04 8.807504549552e-02
24 8 1 1.48766230 3.22504366 1.19591902 0.52372350 1.10224625 1.516653071637e-04 1.247451574203e+03 2.210259465310e+01 5.129991299713e-04 8.047354538998e-02
24 9 1 1.48766230 3.22504366 1.19591902 0.52372350 1.10224625 4.047238798693e-05 1.193362724074e+03 2.133861132567e+01 5.230985666198e-04 8.395681802280e-02
24 10 1 1.48766230 3.22504366 1.19591902 0.52372350 1.10224625 8.387685730231e-06 1.127696488425e+03 2.038647004968e+01 4.743755088510e-04 8.891681951058e-02
24 11 1 1.48766230 3.22504366 1.19591902 0.52372350 1.10224625 5.052859402029e-06 1.048263799804e+03 1.983106662613e+01 4.418349126506e-04 9.153816116837e-02
24 12 1 1.48766230 3.22504366 1.19591902 0.52372350 1.10224625 3.342624421032e-05 9.578633845091e+02 1.889004645929e+01 3.742943043548e-04 9.548255916438e-02
24 13 1 1.48766230 3.22504366 1.19591902 0.52372350 1.10224625 1.455427623926e-04 8.636729947793e+02 1.825862151239e+01 3.426749148320e-04 1.027601679756e-01
24 14 1 1.48766230 3.22504366 1.19591902 0.52372350 1.10224625 3.285233659045e-04 7.707899544657e+02 1.794978685526e+01 3.298574237081e-04 1.028335262310e-01
24 15 1 1.48766230 3.22504366 1.19591902 0.52372350 1.10224625 4.849133747335e-04 6.827584875640e+02 1.689243133036e+01 2.569068258228e-04 8.865313100901e-02
24 16 1 1.48766230 3.22504366 1.19591902 0.52372350 1.10224625 5.677216496223e-04 6.071999975142e+02 1.586709758346e+01 2.048361551668e-04 6.784681591003e-02
24 17 1 1.48766230 3.22504366 1.19591902 0.52372350 1.10224625 5.402029074070e-04 5.448805397393e+02 1.515320937571e+01 1.573465739329e-04 5.796847735014e-02
24 18 1 1.48766230 3.22504366 1.19591902 0.52372350 1.10224625 4.353604483445e-04 5.022910250984e+02 1.435763674078e+01 1.033098802259e-04 6.449984340474e-02
24 19 1 1.48766230 3.22504366 1.19591902 0.52372350 1.10224625 3.779754745369e-04 4.804025967368e+02 1.388945239955e+01 7.803757584206e-05 7.369685814549e-02
24 20 1 1.48766230 3.22504366 1.19591902 0.52372350 1.10224625 3.675556644721e-04 4.751475917680e+02 1.324296070593e+01 4.826343665428e-05 7.195265137695e-02
24 21 1 1.48766230 3.22504366 1.19591902 0.52372350 1.10224625 3.407217659133e-04 4.840104740921e+02 1.229745552334e+01 2.970602558979e-05 6.103579202534e-02
24 22 1 1.48766230 3.22504366 1.19591902 0.52372350 1.10224625 2.921143204415e-04 5.054664978544e+02 1.186472105733e+01 3.957828490503e-05 5.516499142766e-02
24 23 1 1.48766230 3.22504366 1.19591902 0.52372350 1.10224625 2.160120652329e-04 5.308702314830e+02 1.159837086722e+01 7.861819083100e-05 5.851701652696e-02
24 24 1 1.48766230 3.22504366 1.19591902 0.52372350 1.10224625 1.448110731299e-04 5.616546518197e+02 1.118324912646e+01 1.309258646422e-04 6.207513483662e-02
24 25 1 1.48766230 3.22504366 1.19591902 0.52372350 1.10224625 1.225360531421e-04 5.901185373771e+02 1.086646277814e+01 1.734742822496e-04 5.799949303216e-02
24 26 1 1.48766230 3.22504366 1.19591902 0.52372350 1.10224625 1.392807100707e-04 6.170115058970e+02 1.047397706864e+01 1.953667433457e-04 5.191318564326e-02
24 27 1 1.48766230 3.22504366 1.19591902 0.52372350 1.10224625 1.638688952704e-04 6.434444623963e+02 1.020814042201e+01 1.880760003818e-04 5.377603525634e-02
24 28 1 1.48766230 3.22504366 1.19591902 0.52372350 1.10224625 2.058664462149e-04 6.634262851093e+02 1.022860342877e+01 2.170623204308e-04 5.924313453268e-02
24 29 1 1.48766230 3.22504366 1.19591902 0.52372350 1.10224625 3.415364678100e-04 6.786020923309e+02 1.009914586721e+01 2.787857443772e-04 5.419781967924e-02
24 30 1 1.48766230 3.22504366 1.19591902 0.52372350 1.10224625 5.524518850642e-04 6.937508099403e+02 9.930407709524e+00 3.375371884463e-04 3.345357306117e-02
24 31 1 1.48766230 3.22504366 1.19591902 0.52372350 1.10224625 6.921171783145e-04 7.070962284638e+02 1.005644306524e+01 4.120953204230e-04 1.369946276181e-02
24 32 1 1.48766230 3.22504366 1.19591902 0.52372350 1.10224625 6.871526243838e-04 7.281873818964e+02 1.035898986589e+01 4.089549588577e-04 1.465425363572e-02
24 33 1 1.48766230 3.22504366 1.19591902 0.52372350 1.10224625 5.430103068763e-04 7.413479048890e+02 1.080549365327e+01 3.329943073346e-04 3.594251461099e-02
24 34 1 1.48766230 3.22504366 1.19591902 0.52372350 1.10224625 3.362184217652e-04 7.419261319136e+02 1.119270374479e+01 2.742564445488e-04 5.748887260665e-02
24 35 1 1.48766230 3.22504366 1.19591902 0.52372350 1.10224625 2.079677030088e-04 7.286712128371e+02 1.136045746422e+01 2.117793345806e-04 6.271408742379e-02
24 36 1 1.48766230 3.22504366 1.19591902 0.52372350 1.10224625 1.710281230215e-04 6.997086253708e+02 1.176341285655e+01 1.856173172252e-04 5.740816303067e-02
24 37 1 1.48766230 3.22504366 1.19591902 0.52372350 1.10224625 1.466798631908e-04 6.629366419169e+02 1.233918020737e+01 1.929314927651e-04 5.605065313492e-02
24 38 1 1.48766230 3.22504366 1.19591902 0.52372350 1.10224625 1.288963860025e-04 6.221257150834e+02 1.270650331311e+01 1.690900533147e-04 6.271613613272e-02
24 39 1 1.48766230 3.22504366 1.19591902 0.52372350 1.10224625 1.530799955358e-04 5.752818406337e+02 1.312810367255e+01 1.257100156033e-04 6.700453969552e-02
24 40 1 1.48766230 3.22504366 1.19591902 0.52372350 1.10224625 2.283504626902e-04 5.338293286724e+02 1.353656437819e+01 7.342312393307e-05 6.313825152433e-02
24 41 1 1.48766230 3.22504366 1.19591902 0.52372350 1.10224625 3.067301330650e-04 5.004957681323e+02 1.399116858928e+01 3.714939185882e-05 5.959732043351e-02
24 42 1 1.48766230 3.22504366 1.19591902 0.52372350 1.10224625 3.558499463473e-04 4.805960575571e+02 1.488639992522e+01 3.176991445275e-05 6.568377243248e-02
24 43 1 1.48766230 3.22504366 1.19591902 0.52372350 1.10224625 3.858824285485e-04 4.794564021452e+02 1.551636293756e+01 5.611174027940e-05 7.697443331099e-02
24 44 1 1.48766230 3.22504366 1.19591902 0.52372350 1.10224625 4.025303242068e-04 4.968752259045e+02 1.573221933282e+01 8.951098930209e-05 7.851437568649e-02
24 45 1 1.48766230 3.22504366 1.19591902 0.52372350 1.10224625 4.691745336788e-04 5.348165814685e+02 1.635496265127e+01 1.191579175014e-04 6.844446612190e-02
24 46 1 1.48766230 3.22504366 1.19591902 0.52372350 1.10224625 5.842514884613e-04 5.923350172032e+02 1.701199166943e+01 1.795411032376e-04 6.096994494046e-02
24 47 1 1.48766230 3.22504366 1.19591902 0.52372350 1.10224625 6.123556682583e-04 6.619469453135e+02 1.762015057539e+01 2.295045277745e-04 7.031224998354e-02
24 48 1 1.48766230 3.22504366 1.19591902 0.52372350 1.10224625 5.179102492008e-04 7.436186012469e+02 1.835994653443e+01 2.875823573997e-04 9.105682162258e-02
24 49 1 1.48766230 3.22504366 1.19591902 0.52372350 1.10224625 3.460138323250e-04 8.322442306464e+02 1.845399366303e+01 3.637223795509e-04 1.052402087663e-01
24 50 1 1.48766230 3.22504366 1.19591902 0.52372350 1.10224625 1.506243103229e-04 9.251802659539e+02 1.868748934694e+01 3.735215396930e-04 1.053331331273e-01
24 51 1 1.48766230 3.22504366 1.19591902 0.52372350 1.10224625 3.368190258265e-05 1.018146929154e+03 1.963317712006e+01 4.092949503606e-04 9.827032715232e-02
24 52 1 1.48766230 3.22504366 1.19591902 0.52372350 1.10224625 5.068631472975e-06 1.107636929164e+03 2.016283925434e+01 4.777715852151e-04 9.440245194547e-02
24 53 1 1.48766230 3.22504366 1.19591902 0.52372350 1.10224625 8.763093804227e-06 1.187290523987e+03 2.082229514925e+01 5.085027644830e-04 9.147867552176e-02
24 54 1 1.48766230 3.22504366 1.19591902 0.52372350 1.10224625 4.648278967753e-05 1.262207445768e+03 2.166761309997e+01 5.571969297298e-04 8.625366613154e-02
24 55 1 1.48766230 3.22504366 1.19591902 0.52372350 1.10224625 1.728228269682e-04 1.320532109792e+03 2.205696847805e+01 5.368838454870e-04 8.347325567096e-02
24 56 1 1.48766230 3.22504366 1.19591902 0.52372350 1.10224625 4.070599697178e-04 1.359445824729e+03 2.311427325920e+01 4.196047511462e-04 9.261700051286e-02
24 57 1 1.48766230 3.22504366 1.19591902 0.52372350 1.10224625 5.827942598766e-04 1.380355310318e+03 2.392471878612e+01 2.955541478919e-04 1.109281449148e-01
24 58 1 1.48766230 3.22504366 1.19591902 0.52372350 1.10224625 5.616173156414e-04 1.377800718758e+03 2.379424526136e+01 1.986227573068e-04 1.204572978175e-01
24 59 1 1.48766230 3.22504366 1.19591902 0.52372350 1.10224625 4.263587488257e-04 1.354728208335e+03 2.454307296733e+01 1.643027798935e-04 1.105785762745e-01
24 60 1 1.48766230 3.22504366 1.19591902 0.52372350 1.10224625 2.900528375134e-04 1.315001306158e+03 2.544668503637e+01 1.586798721905e-04 8.847197641031e-02
24 61 1 1.48766230 3.22504366 1.19591902 0.52372350 1.10224625 2.642954105634e-04 1.250551689877e+03 2.610097715479e+01 1.484060696873e-04 7.432200381103e-02
24 62 1 1.48766230 3.22504366 1.19591902 0.52372350 1.10224625 3.197965849242e-04 1.188461271982e+03 2.727735367010e+01 9.542504766180e-05 7.595030626319e-02
24 63 1 1.48766230 3.22504366 1.19591902 0.52372350 1.10224625 2.626378547799e-04 1.131759479578e+03 2.757359082676e+01 2.525836677077e-05 8.714098688345e-02
26 0 1 1.54275478 3.33292060 1.18994954 0.53034734 1.10936906 5.346977346608e-04 1.153249510225e+03 3.093261139475e+01 2.619080194998e-04 1.262685811495e-01
26 1 1 1.54275478 3.33292060 1.18994954 0.53034734 1.10936906 5.500576031976e-04 1.047522428310e+03 2.971183629860e+01 1.240552212287e-04 1.177961290472e-01
26 2 1 1.54275478 3.33292060 1.18994954 0.53034734 1.10936906 4.933156430691e-04 9.919402866701e+02 2.881187222142e+01 9.808328914667e-05 1.263977003907e-01
26 3 1 1.54275478 3.33292060 1.18994954 0.53034734 1.10936906 4.845164399548e-04 9.668447585062e+02 2.809514239088e+01 9.793827218348e-05 1.483919656029e-01
26 4 1 1.54275478 3.33292060 1.18994954 0.53034734 1.10936906 5.661327880562e-04 9.707104500636e+02 2.679256730757e+01 8.325626525138e-05 1.683914301413e-01
26 5 1 1.54275478 3.33292060 1.18994954 0.53034734 1.10936906 5.918371596799e-04 1.001821035181e+03 2.611240386213e+01 5.067969309914e-05 1.757406485057e-01
26 6 1 1.54275478 3.33292060 1.18994954 0.53034734 1.10936906 5.196664126657e-04 1.050491912466e+03 2.478067461070e+01 4.101496893882e-05 1.692394163454e-01
26 7 1 1.54275478 3.33292060 1.18994954 0.53034734 1.10936906 3.559815939512e-04 1.106856558577e+03 2.298096764835e+01 8.828782798599e-05 1.511913764471e-01
26 8 1 1.54275478 3.33292060 1.18994954 0.53034734 1.10936906 1.567711564261e-04 1.156623990339e+03 2.234713756779e+01 1.969982316581e-04 1.327938302356e-01
26 9 1 1.54275478 3.33292060 1.18994954 0.53034734 1.10936906 4.319345643004e-05 1.191528265624e+03 2.149300231005e+01 3.060561726865e-04 1.239759031151e-01
26 10 1 1.54275478 3.33292060 1.18994954 0.53034734 1.10936906 1.672912108269e-05 1.214891587487e+03 2.034855265529e+01 3.504186556871e-04 1.253004805981e-01
26 11 1 1.54275478 3.33292060 1.18994954 0.53034734 1.10936906 2.645038374057e-05 1.219542133210e+03 1.961095549806e+01 3.902229741275e-04 1.284072705308e-01
26 12 1 1.54275478 3.33292060 1.18994954 0.53034734 1.10936906 8.025498170382e-05 1.198872215891e+03 1.841352291803e+01 3.872494917940e-04 1.307881684331e-01
26 13 1 1.54275478 3.33292060 1.18994954 0.53034734 1.10936906 2.381134927398e-04 1.152162024473e+03 1.756123133574e+01 3.750703120698e-04 1.308336185996e-01
26 14 1 1.54275478 3.33292060 1.18994954 0.53034734 1.10936906 4.740073258508e-04 1.081801672340e+03 1.720210311862e+01 4.085445748698e-04 1.220811431731e-01
26 15 1 1.54275478 3.33292060 1.18994954 0.53034734 1.10936906 6.266967823493e-04 9.935551910009e+02 1.609293866868e+01 3.744088051180e-04 1.058420217538e-01
26 16 1 1.54275478 3.33292060 1.18994954 0.53034734 1.10936906 6.410612323570e-04 8.997885512900e+02 1.499384009345e+01 3.244887106735e-04 9.080005768442e-02
26 17 1 1.54275478 3.33292060 1.18994954 0.53034734 1.10936906 5.595287647686e-04 8.020033262941e+02 1.426230708184e+01 2.836671023590e-04 8.675224922335e-02
26 18 1 1.54275478 3.33292060 1.18994954 0.53034734 1.10936906 4.383057407981e-04 7.117385196410e+02 1.341353095815e+01 2.102824815661e-04 9.332216074338e-02
26 19 1 1.54275478 3.33292060 1.18994954 0.53034734 1.10936906 3.882073535646e-04 6.386728912782e+02 1.295484507934e+01 1.626538408234e-04 1.006368311124e-01
26 20 1 1.54275478 3.33292060 1.18994954 0.53034734 1.10936906 3.941039823553e-04 5.852023334161e+02 1.242121178701e+01 1.139955923274e-04 9.718859683005e-02
26 21 1 1.54275478 3.33292060 1.18994954 0.53034734 1.10936906 3.586253921780e-04 5.533026309410e+02 1.153296561322e+01 5.878511634885e-05 8.386857200917e-02
26 22 1 1.54275478 3.33292060 1.18994954 0.53034734 1.10936906 2.887669072585e-04 5.445544443954e+02 1.113317951028e+01 3.025274218104e-05 7.529347158616e-02
26 23 1 1.54275478 3.33292060 1.18994954 0.53034734 1.10936906 2.108900638687e-04 5.508769001498e+02 1.083427314960e+01 3.839703364384e-05 7.628169677376e-02
26 24 1 1.54275478 3.33292060 1.18994954 0.53034734 1.10936906 1.487841414966e-04 5.746011150921e+02 1.031656820980e+01 7.949902115825e-05 7.837074105376e-02
26 25 1 1.54275478 3.33292060 1.18994954 0.53034734 1.10936906 1.307208132613e-04 6.057730365331e+02 1.001287989934e+01 1.260421791926e-04 7.484802652752e-02
26 26 1 1.54275478 3.33292060 1.18994954 0.53034734 1.10936906 1.475927899684e-04 6.412734860746e+02 9.662283272287e+00 1.601436296909e-04 7.134697606026e-02
26 27 1 1.54275478 3.33292060 1.18994954 0.53034734 1.10936906 1.742270265723e-04 6.785673638178e+02 9.399220038103e+00 1.615586005412e-04 7.417274425001e-02
26 28 1 1.54275478 3.33292060 1.18994954 0.53034734 1.10936906 2.176081134622e-04 7.098040879355e+02 9.446668039217e+00 1.906162948937e-04 7.776617583484e-02
26 29 1 1.54275478 3.33292060 1.18994954 0.53034734 1.10936906 3.530411347267e-04 7.360397571648e+02 9.253606561607e+00 2.577171397787e-04 7.002466429690e-02
26 30 1 1.54275478 3.33292060 1.18994954 0.53034734 1.10936906 5.658548990905e-04 7.603816403197e+02 9.011965554805e+00 3.238353118696e-04 4.633542745224e-02
26 31 1 1.54275478 3.33292060 1.18994954 0.53034734 1.10936906 7.063188173325e-04 7.789954231003e+02 9.162231948257e+00 4.045674963825e-04 2.385578820769e-02
26 32 1 1.54275478 3.33292060 1.18994954 0.53034734 1.10936906 7.009799313749e-04 8.010000807793e+02 9.470371358454e+00 4.011448314881e-04 2.429453649406e-02
26 33 1 1.54275478 3.33292060 1.18994954 0.53034734 1.10936906 5.555950047891e-04 8.097453987689e+02 9.962323224263e+00 3.187159964123e-04 4.742287656353e-02
26 34 1 1.54275478 3.33292060 1.18994954 0.53034734 1.10936906 3.468220639675e-04 8.010342886735e+02 1.039251543315e+01 2.524081781570e-04 7.147541580987e-02
26 35 1 1.54275478 3.33292060 1.18994954 0.53034734 1.10936906 2.187995530980e-04 7.749284454641e+02 1.048389648269e+01 1.848721631168e-04 7.941286909862e-02
26 36 1 1.54275478 3.33292060 1.18994954 0.53034734 1.10936906 1.803928325683e-04 7.304689890865e+02 1.085140261863e+01 1.587414658130e-04 7.593739113278e-02
26 37 1 1.54275478 3.33292060 1.18994954 0.53034734 1.10936906 1.538121109424e-04 6.788508318807e+02 1.142310124771e+01 1.569063395705e-04 7.333298235254e-02
26 38 1 1.54275478 3.33292060 1.18994954 0.53034734 1.10936906 1.356054047098e-04 6.288719820917e+02 1.178713101317e+01 1.214142335899e-04 7.722631219696e-02
26 39 1 1.54275478 3.33292060 1.18994954 0.53034734 1.10936906 1.551313501023e-04 5.832450979555e+02 1.231022565233e+01 7.525837473093e-05 8.117906780908e-02
26 40 1 1.54275478 3.33292060 1.18994954 0.53034734 1.10936906 2.211978720316e-04 5.556249582364e+02 1.274940231235e+01 3.649589566354e-05 7.928077741756e-02
26 41 1 1.54275478 3.33292060 1.18994954 0.53034734 1.10936906 3.019761637807e-04 5.481842660677e+02 1.312999438139e+01 3.379585615979e-05 7.878353835550e-02
26 42 1 1.54275478 3.33292060 1.18994954 0.53034734 1.10936906 3.726387382383e-04 5.654937012548e+02 1.400188187136e+01 6.901739596812e-05 8.827497546343e-02
26 43 1 1.54275478 3.33292060 1.18994954 0.53034734 1.10936906 4.089171772235e-04 6.109582152698e+02 1.462168043433e+01 1.307036617753e-04 1.024744768654e-01
26 44 1 1.54275478 3.33292060 1.18994954 0.53034734 1.10936906 4.057485848697e-04 6.798226757080e+02 1.492690643109e+01 1.824469597643e-04 1.064027011654e-01
26 45 1 1.54275478 3.33292060 1.18994954 0.53034734 1.10936906 4.664356406284e-04 7.685253659841e+02 1.574979070674e+01 2.351289308145e-04 9.910013634701e-02
26 46 1 1.54275478 3.33292060 1.18994954 0.53034734 1.10936906 6.038783915378e-04 8.697061925201e+02 1.653439695462e+01 3.125343599605e-04 9.222352854754e-02
26 47 1 1.54275478 3.33292060 1.18994954 0.53034734 1.10936906 6.912411791378e-04 9.709478355106e+02 1.728652719015e+01 3.532733089977e-04 9.587351017171e-02
26 48 1 1.54275478 3.33292060 1.18994954 0.53034734 1.10936906 6.664909429479e-04 1.071154999192e+03 1.820848366720e+01 4.066113647897e-04 1.112782546682e-01
26 49 1 1.54275478 3.33292060 1.18994954 0.53034734 1.10936906 4.948186368945e-04 1.159558559192e+03 1.843839109301e+01 4.367634912576e-04 1.285570317809e-01
26 50 1 1.54275478 3.33292060 1.18994954 0.53034734 1.10936906 2.430380998345e-04 1.228330882226e+03 1.893935346959e+01 3.980284794791e-04 1.384262309552e-01
26 51 1 1.54275478 3.33292060 1.18994954 0.53034734 1.10936906 8.106222535857e-05 1.273636441057e+03 2.018470833423e+01 4.108563618157e-04 1.391677982279e-01
26 52 1 1.54275478 3.33292060 1.18994954 0.53034734 1.10936906 2.920878187284e-05 1.295857464038e+03 2.084105317283e+01 4.075049300786e-04 1.368743327499e-01
26 53 1 1.54275478 3.33292060 1.18994954 0.53034734 1.10936906 2.080137729106e-05 1.293396750295e+03 2.162282810389e+01 3.624067570593e-04 1.334730200653e-01
26 54 1 1.54275478 3.33292060 1.18994954 0.53034734 1.10936906 5.217317856550e-05 1.271029121138e+03 2.258223793540e+01 3.115005765643e-04 1.322713406379e-01
26 55 1 1.54275478 3.33292060 1.18994954 0.53034734 1.10936906 1.789435089117e-04 1.222484441687e+03 2.307644170558e+01 1.928858072972e-04 1.422874455825e-01
26 56 1 1.54275478 3.33292060 1.18994954 0.53034734 1.10936906 3.933169728728e-04 1.155549364291e+03 2.448465123243e+01 8.279101285700e-05 1.616698531776e-01
26 57 1 1.54275478 3.33292060 1.18994954 0.53034734 1.10936906 5.617404188746e-04 1.088674320252e+03 2.575896504688e+01 3.990637741595e-05 1.797257954480e-01
26 58 1 1.54275478 3.33292060 1.18994954 0.53034734 1.10936906 6.317277871113e-04 1.032187553089e+03 2.587790276042e+01 5.702707073647e-05 1.858249514022e-01
26 59 1 1.54275478 3.33292060 1.18994954 0.53034734 1.10936906 6.062239844823e-04 9.962626699578e+02 2.666269662912e+01 9.454157779744e-05 1.778719784902e-01
26 60 1 1.54275478 3.33292060 1.18994954 0.53034734 1.10936906 5.275674470591e-04 9.919557432620e+02 2.740883167732e+01 1.114154450399e-04 1.571873106877e-01
26 61 1 1.54275478 3.33292060 1.18994954 0.53034734 1.10936906 5.455707062318e-04 1.020488447814e+03 2.783607597041e+01 1.128044329174e-04 1.345974212492e-01
26 62 1 1.54275478 3.33292060 1.18994954 0.53034734 1.10936906 6.111383040394e-04 1.108125123723e+03 2.895214574277e+01 1.476563875168e-04 1.262056393292e-01
26 63 1 1.54275478 3.33292060 1.18994954 0.53034734 1.10936906 5.921460802449e-04 1.242632372869e+03 2.918221148878e+01 3.033020048406e-04 1.355504776623e-01
