# environment=00110 local_bs=3 gain_scale=1.203182956216e-13
# ue subcarrier serving_bs phi0 phi1 phi2 phi3 phi4 gain0 gain1 gain2 gain3 gain4
1 0 3 2.24613113 2.32884297 1.12537321 3.68426739 1.27106618 1.352431522644e-01 1.909824895802e+01 2.929602017140e-02 3.501279235992e+02 2.125682929727e+01
1 1 3 2.24613113 2.32884297 1.12537321 3.68426739 1.27106618 1.200738430633e-01 1.836318442948e+01 2.651265636720e-02 3.248602726705e+02 2.125704676742e+01
1 2 3 2.24613113 2.32884297 1.12537321 3.68426739 1.27106618 1.088100889751e-01 1.768975694848e+01 2.311494921958e-02 3.014659444672e+02 2.120498703349e+01
1 3 3 2.24613113 2.32884297 1.12537321 3.68426739 1.27106618 1.006155829113e-01 1.705865764486e+01 1.938734964941e-02 2.807793170904e+02 2.113586920850e+01
1 4 3 2.24613113 2.32884297 1.12537321 3.68426739 1.27106618 1.000354549488e-01 1.646218880188e+01 1.556954879576e-02 2.629815462017e+02 2.108173439251e+01
1 5 3 2.24613113 2.32884297 1.12537321 3.68426739 1.27106618 1.111785366008e-01 1.588042089332e+01 1.186946620255e-02 2.479851792159e+02 2.106775654883e+01
1 6 3 2.24613113 2.32884297 1.12537321 3.68426739 1.27106618 1.305958676950e-01 1.529073159214e+01 8.485420442488e-03 2.359482673226e+02 2.111072201650e+01
1 7 3 2.24613113 2.32884297 1.12537321 3.68426739 1.27106618 1.477325501480e-01 1.469923298350e+01 5.618598572656e-03 2.273782747789e+02 2.121952307509e+01
1 8 3 2.24613113 2.32884297 1.12537321 3.68426739 1.27106618 1.530824191574e-01 1.415159110266e+01 3.464464435534e-03 2.226463411887e+02 2.139699203397e+01
1 9 3 2.24613113 2.32884297 1.12537321 3.68426739 1.27106618 1.454863291813e-01 1.370306322873e+01 2.183927123283e-03 2.213591040060e+02 2.164214628412e+01
1 10 3 2.24613113 2.32884297 1.12537321 3.68426739 1.27106618 1.313795909310e-01 1.337461862578e+01 1.865861254622e-03 2.222595079511e+02 2.195197097530e+01
1 11 3 2.24613113 2.32884297 1.12537321 3.68426739 1.27106618 1.179209234188e-01 1.313780632016e+01 2.497112896902e-03 2.238517623008e+02 2.232218673103e+01
1 12 3 2.24613113 2.32884297 1.12537321 3.68426739 1.27106618 1.078890171859e-01 1.293915073204e+01 3.952990801091e-03 2.252180651409e+02 2.274691193656e+01
1 13 3 2.24613113 2.32884297 1.12537321 3.68426739 1.27106618 1.007605976105e-01 1.273450091012e+01 6.012664848924e-03 2.262711941286e+02 2.321757669415e+01
1 14 3 2.24613113 2.32884297 1.12537321 3.68426739 1.27106618 9.662587503353e-02 1.250040866093e+01 8.394325924413e-03 2.272248671993e+02 2.372173906147e+01
1 15 3 2.24613113 2.32884297 1.12537321 3.68426739 1.27106618 9.700947703003e-02 1.222238335685e+01 1.079873431126e-02 2.278308660265e+02 2.424251120916e+01
1 16 3 2.24613113 2.32884297 1.12537321 3.68426739 1.27106618 1.016325800924e-01 1.188670869576e+01 1.294909796178e-02 2.271534315105e+02 2.475911862209e+01
1 17 3 2.24613113 2.32884297 1.12537321 3.68426739 1.27106618 1.059060495748e-01 1.149250930453e+01 1.461940373346e-02 2.241117331199e+02 2.524875763862e+01
1 18 3 2.24613113 2.32884297 1.12537321 3.68426739 1.27106618 1.033497889731e-01 1.106933553120e+01 1.564955011949e-02 2.182733937608e+02 2.568950144663e+01
1 19 3 2.24613113 2.32884297 1.12537321 3.68426739 1.27106618 9.114874668542e-02 1.067294091400e+01 1.595059038050e-02 2.101638901373e+02 2.606365844487e+01
1 20 3 2.24613113 2.32884297 1.12537321 3.68426739 1.27106618 7.303995831465e-02 1.035416193946e+01 1.550497871884e-02 2.008463541919e+02 2.636080897676e+01
1 21 3 2.24613113 2.32884297 1.12537321 3.68426739 1.27106618 5.639397035999e-02 1.012678174181e+01 1.436488211160e-02 1.912035590359e+02 2.657978285944e+01
1 22 3 2.24613113 2.32884297 1.12537321 3.68426739 1.27106618 4.646132856888e-02 9.963872565161e+00 1.264815465881e-02 1.815641279703e+02 2.672907464268e+01
1 23 3 2.24613113 2.32884297 1.12537321 3.68426739 1.27106618 4.333734406807e-02 9.824314710785e+00 1.052892730986e-02 1.719158541736e+02 2.682555698451e+01
1 24 3 2.24613113 2.32884297 1.12537321 3.68426739 1.27106618 4.374814672067e-02 9.683205512725e+00 8.219724410797e-03 1.623902946153e+02 2.689174574999e+01
1 25 3 2.24613113 2.32884297 1.12537321 3.68426739 1.27106618 4.466770972805e-02 9.541260483224e+00 5.944795414498e-03 1.535221921376e+02 2.695219289475e+01
1 26 3 2.24613113 2.32884297 1.12537321 3.68426739 1.27106618 4.475328120472e-02 9.414190524990e+00 3.908563529203e-03 1.460860166864e+02 2.702975894430e+01
1 27 3 2.24613113 2.32884297 1.12537321 3.68426739 1.27106618 4.312261613797e-02 9.322200963720e+00 2.266526893915e-03 1.407263904699e+02 2.714251133124e+01
1 28 3 2.24613113 2.32884297 1.12537321 3.68426739 1.27106618 3.835434582799e-02 9.291825010903e+00 1.106682090601e-03 1.377261372376e+02 2.730181929212e+01
1 29 3 2.24613113 2.32884297 1.12537321 3.68426739 1.27106618 2.979195858886e-02 9.360103240901e+00 4.468913277434e-04 1.370451418624e+02 2.751192060531e+01
1 30 3 2.24613113 2.32884297 1.12537321 3.68426739 1.27106618 1.964160782684e-02 9.563694974231e+00 2.484673364459e-04 1.384959985612e+02 2.777089409908e+01
1 31 3 2.24613113 2.32884297 1.12537321 3.68426739 1.27106618 1.269324686642e-02 9.913123661328e+00 4.406605872203e-04 1.418646240033e+02 2.807266384481e+01
1 32 3 2.24613113 2.32884297 1.12537321 3.68426739 1.27106618 1.298274349103e-02 1.037438990539e+01 9.470226983266e-04 1.469237057231e+02 2.840945356195e+01
1 33 3 2.24613113 2.32884297 1.12537321 3.68426739 1.27106618 2.042479471022e-02 1.087931946491e+01 1.704363512617e-03 1.534119617335e+02 2.877404529315e+01
1 34 3 2.24613113 2.32884297 1.12537321 3.68426739 1.27106618 3.087696088322e-02 1.136045139954e+01 2.668368653513e-03 1.610291143926e+02 2.916128504649e+01
1 35 3 2.24613113 2.32884297 1.12537321 3.68426739 1.27106618 3.957540840023e-02 1.178279606656e+01 3.805553440343e-03 1.694102021195e+02 2.956849704070e+01
1 36 3 2.24613113 2.32884297 1.12537321 3.68426739 1.27106618 4.441921444669e-02 1.214892737202e+01 5.076809520346e-03 1.780533253708e+02 2.999476649930e+01
1 37 3 2.24613113 2.32884297 1.12537321 3.68426739 1.27106618 4.613267561883e-02 1.248090781157e+01 6.421074581676e-03 1.862874152798e+02 3.043935938652e+01
1 38 3 2.24613113 2.32884297 1.12537321 3.68426739 1.27106618 4.612159678329e-02 1.280258909899e+01 7.747314913413e-03 1.934099160793e+02 3.089979213070e+01
1 39 3 2.24613113 2.32884297 1.12537321 3.68426739 1.27106618 4.525963276995e-02 1.313769060792e+01 8.939280743936e-03 1.989753988435e+02 3.137018233006e+01
1 40 3 2.24613113 2.32884297 1.12537321 3.68426739 1.27106618 4.501170268227e-02 1.351449224694e+01 9.872049385285e-03 2.029990099143e+02 3.184046606304e+01
1 41 3 2.24613113 2.32884297 1.12537321 3.68426739 1.27106618 4.862848015147e-02 1.395796286341e+01 1.043461095031e-02 2.058269883779e+02 3.229685986253e+01
1 42 3 2.24613113 2.32884297 1.12537321 3.68426739 1.27106618 5.948832917432e-02 1.446804278476e+01 1.055072987159e-02 2.077194580160e+02 3.272361861095e+01
1 43 3 2.24613113 2.32884297 1.12537321 3.68426739 1.27106618 7.727455822463e-02 1.500718180074e+01 1.019179215806e-02 2.085309911835e+02 3.310577328560e+01
1 44 3 2.24613113 2.32884297 1.12537321 3.68426739 1.27106618 9.627109025932e-02 1.551905254971e+01 9.379414721397e-03 2.078698571391e+02 3.343222242886e+01
1 45 3 2.24613113 2.32884297 1.12537321 3.68426739 1.27106618 1.087643029923e-01 1.597001510117e+01 8.180093193246e-03 2.056807726060e+02 3.369839059397e+01
1 46 3 2.24613113 2.32884297 1.12537321 3.68426739 1.27106618 1.111043729684e-01 1.637786262080e+01 6.696758827369e-03 2.027206195599e+02 3.390771536658e+01
1 47 3 2.24613113 2.32884297 1.12537321 3.68426739 1.27106618 1.065376184506e-01 1.680129217081e+01 5.061496911599e-03 2.004008772744e+02 3.407148736284e+01
1 48 3 2.24613113 2.32884297 1.12537321 3.68426739 1.27106618 1.019150608084e-01 1.730172155454e+01 3.430325413679e-03 2.000358312004e+02 3.420698795428e+01
1 49 3 2.24613113 2.32884297 1.12537321 3.68426739 1.27106618 1.018516152430e-01 1.791498558891e+01 1.976946002669e-03 2.021421587553e+02 3.433433765841e+01
1 50 3 2.24613113 2.32884297 1.12537321 3.68426739 1.27106618 1.064371790180e-01 1.865468918352e+01 8.804192655863e-04 2.064464548232e+02 3.447284885884e+01
1 51 3 2.24613113 2.32884297 1.12537321 3.68426739 1.27106618 1.140731397835e-01 1.953012223284e+01 3.035058177974e-04 2.125972598070e+02 3.463784762885e+01
1 52 3 2.24613113 2.32884297 1.12537321 3.68426739 1.27106618 1.247690387134e-01 2.054634397495e+01 3.636096355474e-04 2.208752829303e+02 3.483882138126e+01
1 53 3 2.24613113 2.32884297 1.12537321 3.68426739 1.27106618 1.390009452686e-01 2.168164589731e+01 1.104346463356e-03 2.321729043541e+02 3.507937243365e+01
1 54 3 2.24613113 2.32884297 1.12537321 3.68426739 1.27106618 1.535440243891e-01 2.287443880524e+01 2.479185460507e-03 2.472284822762e+02 3.535890821148e+01
1 55 3 2.24613113 2.32884297 1.12537321 3.68426739 1.27106618 1.606731947280e-01 2.404943728586e+01 4.356666132587e-03 2.658458657968e+02 3.567543622633e+01
1 56 3 2.24613113 2.32884297 1.12537321 3.68426739 1.27106618 1.538985365710e-01 2.516894192984e+01 6.549194902752e-03 2.868477285544e+02 3.602843485413e+01
1 57 3 2.24613113 2.32884297 1.12537321 3.68426739 1.27106618 1.351059625012e-01 2.625980985486e+01 8.857249685716e-03 3.087863790244e+02 3.642068175529e+01
1 58 3 2.24613113 2.32884297 1.12537321 3.68426739 1.27106618 1.148012877697e-01 2.738621224128e+01 1.111280385330e-02 3.307127633052e+02 3.685819728227e+01
1 59 3 2.24613113 2.32884297 1.12537321 3.68426739 1.27106618 1.039898467551e-01 2.859519425209e+01 1.320440558686e-02 3.523070261135e+02 3.734804476210e+01
1 60 3 2.24613113 2.32884297 1.12537321 3.68426739 1.27106618 1.057666611689e-01 2.989110120704e+01 1.507329984321e-02 3.733550942292e+02 3.789446215646e+01
1 61 3 2.24613113 2.32884297 1.12537321 3.68426739 1.27106618 1.154370398035e-01 3.125946390275e+01 1.668288477266e-02 3.931836569995e+02 3.849445595098e+01
1 62 3 2.24613113 2.32884297 1.12537321 3.68426739 1.27106618 1.283305580773e-01 3.270078300579e+01 1.797695750708e-02 4.106272019141e+02 3.913434695371e+01
1 63 3 2.24613113 2.32884297 1.12537321 3.68426739 1.27106618 1.455929317088e-01 3.422286444833e+01 1.884917095774e-02 4.245230238445e+02 3.978867242644e+01
3 0 3 1.26226182 1.16755667 0.73341042 1.36570618 0.79370617 3.414904156582e+00 3.289194359947e+00 2.788666764690e-01 5.286538641435e+00 1.874861083782e-01
3 1 3 1.26226182 1.16755667 0.73341042 1.36570618 0.79370617 3.292296165779e+00 3.119550933147e+00 2.674407062312e-01 5.058395300581e+00 1.898812780086e-01
3 2 3 1.26226182 1.16755667 0.73341042 1.36570618 0.79370617 3.211616256605e+00 2.972591835438e+00 2.596476915894e-01 4.863140927201e+00 1.973366776444e-01
3 3 3 1.26226182 1.16755667 0.73341042 1.36570618 0.79370617 3.130642187769e+00 2.823154913911e+00 2.546257167565e-01 4.704083777703e+00 2.079083699113e-01
3 4 3 1.26226182 1.16755667 0.73341042 1.36570618 0.79370617 3.028536053146e+00 2.671261480350e+00 2.503984334018e-01 4.600932280348e+00 2.180822702310e-01
3 5 3 1.26226182 1.16755667 0.73341042 1.36570618 0.79370617 2.935484119249e+00 2.538163963201e+00 2.453537493053e-01 4.531821814616e+00 2.251468253454e-01
3 6 3 1.26226182 1.16755667 0.73341042 1.36570618 0.79370617 2.850451492001e+00 2.426122511124e+00 2.393550439796e-01 4.428902313565e+00 2.287752431395e-01
3 7 3 1.26226182 1.16755667 0.73341042 1.36570618 0.79370617 2.750901750103e+00 2.322306589458e+00 2.334418489373e-01 4.253720497258e+00 2.307114563901e-01
3 8 3 1.26226182 1.16755667 0.73341042 1.36570618 0.79370617 2.651078964095e+00 2.228450989634e+00 2.285166352905e-01 4.030873396529e+00 2.332206732930e-01
3 9 3 1.26226182 1.16755667 0.73341042 1.36570618 0.79370617 2.565841625492e+00 2.154946026197e+00 2.243784372376e-01 3.801687681703e+00 2.378421696668e-01
3 10 3 1.26226182 1.16755667 0.73341042 1.36570618 0.79370617 2.478046425674e+00 2.097876117551e+00 2.199954287871e-01 3.592348016829e+00 2.452457860837e-01
3 11 3 1.26226182 1.16755667 0.73341042 1.36570618 0.79370617 2.383642640945e+00 2.044027432678e+00 2.145905453593e-01 3.425789981817e+00 2.556512662883e-01
3 12 3 1.26226182 1.16755667 0.73341042 1.36570618 0.79370617 2.304442913642e+00 1.987575649071e+00 2.083580478810e-01 3.313660099524e+00 2.688408667028e-01
3 13 3 1.26226182 1.16755667 0.73341042 1.36570618 0.79370617 2.246924298898e+00 1.929764458411e+00 2.021522100270e-01 3.233556184087e+00 2.836399992622e-01
3 14 3 1.26226182 1.16755667 0.73341042 1.36570618 0.79370617 2.194311192909e+00 1.874059214366e+00 1.966288284903e-01 3.153308318912e+00 2.977473771632e-01
3 15 3 1.26226182 1.16755667 0.73341042 1.36570618 0.79370617 2.130807242015e+00 1.825986313737e+00 1.918316986003e-01 3.072647376654e+00 3.086972818119e-01
3 16 3 1.26226182 1.16755667 0.73341042 1.36570618 0.79370617 2.053470673099e+00 1.785103607755e+00 1.876168789225e-01 3.008062682205e+00 3.155443723318e-01
3 17 3 1.26226182 1.16755667 0.73341042 1.36570618 0.79370617 1.970087781379e+00 1.739659562699e+00 1.843235899121e-01 2.952652199814e+00 3.198632165757e-01
3 18 3 1.26226182 1.16755667 0.73341042 1.36570618 0.79370617 1.886759950513e+00 1.683490106433e+00 1.828184975339e-01 2.887788420076e+00 3.250075971672e-01
3 19 3 1.26226182 1.16755667 0.73341042 1.36570618 0.79370617 1.802866949433e+00 1.630701391467e+00 1.837391142890e-01 2.818059228632e+00 3.340410260426e-01
3 20 3 1.26226182 1.16755667 0.73341042 1.36570618 0.79370617 1.728007815368e+00 1.597184519999e+00 1.866646270377e-01 2.758608201986e+00 3.479199792178e-01
3 21 3 1.26226182 1.16755667 0.73341042 1.36570618 0.79370617 1.682197822335e+00 1.576884895677e+00 1.900830621001e-01 2.703460881731e+00 3.652525321759e-01
3 22 3 1.26226182 1.16755667 0.73341042 1.36570618 0.79370617 1.669910052915e+00 1.552635399276e+00 1.922648009492e-01 2.639493454626e+00 3.835537532406e-01
3 23 3 1.26226182 1.16755667 0.73341042 1.36570618 0.79370617 1.679144113917e+00 1.519857168774e+00 1.922898183445e-01 2.576854093410e+00 4.007506086380e-01
3 24 3 1.26226182 1.16755667 0.73341042 1.36570618 0.79370617 1.696299419945e+00 1.485170907616e+00 1.903785231483e-01 2.535978270476e+00 4.158054633064e-01
3 25 3 1.26226182 1.16755667 0.73341042 1.36570618 0.79370617 1.700682762274e+00 1.454632886838e+00 1.873969927909e-01 2.517757899374e+00 4.284407642982e-01
3 26 3 1.26226182 1.16755667 0.73341042 1.36570618 0.79370617 1.678771869169e+00 1.435934047989e+00 1.841745537439e-01 2.509265623310e+00 4.388159313425e-01
3 27 3 1.26226182 1.16755667 0.73341042 1.36570618 0.79370617 1.653027240145e+00 1.436161671655e+00 1.813165226292e-01 2.503381276115e+00 4.477613124304e-01
3 28 3 1.26226182 1.16755667 0.73341042 1.36570618 0.79370617 1.648121705789e+00 1.446339659185e+00 1.795330142739e-01 2.495827278023e+00 4.571921337991e-01
3 29 3 1.26226182 1.16755667 0.73341042 1.36570618 0.79370617 1.650112845633e+00 1.448347159898e+00 1.798789892243e-01 2.484374754133e+00 4.697834111717e-01
3 30 3 1.26226182 1.16755667 0.73341042 1.36570618 0.79370617 1.657220045559e+00 1.448078383553e+00 1.833850071244e-01 2.487498123818e+00 4.875838051784e-01
3 31 3 1.26226182 1.16755667 0.73341042 1.36570618 0.79370617 1.712692262598e+00 1.476627699756e+00 1.902601326296e-01 2.538176839754e+00 5.104379657819e-01
3 32 3 1.26226182 1.16755667 0.73341042 1.36570618 0.79370617 1.823176006103e+00 1.544108966320e+00 1.994176712815e-01 2.639801488987e+00 5.356160903616e-01
3 33 3 1.26226182 1.16755667 0.73341042 1.36570618 0.79370617 1.925940017948e+00 1.619155634032e+00 2.088864329275e-01 2.752069311663e+00 5.592403639451e-01
3 34 3 1.26226182 1.16755667 0.73341042 1.36570618 0.79370617 1.987877069153e+00 1.672654276298e+00 2.168776379614e-01 2.838332517263e+00 5.785993779915e-01
3 35 3 1.26226182 1.16755667 0.73341042 1.36570618 0.79370617 2.041651458291e+00 1.716073033029e+00 2.226649190804e-01 2.903722900109e+00 5.936464466373e-01
3 36 3 1.26226182 1.16755667 0.73341042 1.36570618 0.79370617 2.100438373184e+00 1.775672477440e+00 2.266229261883e-01 2.972871794345e+00 6.066647318670e-01
3 37 3 1.26226182 1.16755667 0.73341042 1.36570618 0.79370617 2.140802780807e+00 1.852330340800e+00 2.295756889383e-01 3.057477502566e+00 6.206227763661e-01
3 38 3 1.26226182 1.16755667 0.73341042 1.36570618 0.79370617 2.172034974343e+00 1.928909624669e+00 2.322153158168e-01 3.160243938943e+00 6.376905763523e-01
3 39 3 1.26226182 1.16755667 0.73341042 1.36570618 0.79370617 2.231869192244e+00 1.997697162176e+00 2.351480686648e-01 3.281935338424e+00 6.588935203294e-01
3 40 3 1.26226182 1.16755667 0.73341042 1.36570618 0.79370617 2.329674069552e+00 2.061053949262e+00 2.393352916638e-01 3.409315286368e+00 6.845523880041e-01
3 41 3 1.26226182 1.16755667 0.73341042 1.36570618 0.79370617 2.450736648152e+00 2.122624599259e+00 2.461773667038e-01 3.522904094093e+00 7.144296589356e-01
3 42 3 1.26226182 1.16755667 0.73341042 1.36570618 0.79370617 2.579941595634e+00 2.193151157708e+00 2.568358994408e-01 3.627338375297e+00 7.471498880771e-01
3 43 3 1.26226182 1.16755667 0.73341042 1.36570618 0.79370617 2.695453424962e+00 2.286331081407e+00 2.712790188301e-01 3.746328771317e+00 7.797400208461e-01
3 44 3 1.26226182 1.16755667 0.73341042 1.36570618 0.79370617 2.781731210632e+00 2.396662574713e+00 2.880123379438e-01 3.883838761548e+00 8.085150587401e-01
3 45 3 1.26226182 1.16755667 0.73341042 1.36570618 0.79370617 2.849540783404e+00 2.501222979665e+00 3.049326836173e-01 4.024685173817e+00 8.313543911180e-01
3 46 3 1.26226182 1.16755667 0.73341042 1.36570618 0.79370617 2.914281121857e+00 2.592853169774e+00 3.206663268865e-01 4.174284889901e+00 8.497356024214e-01
3 47 3 1.26226182 1.16755667 0.73341042 1.36570618 0.79370617 2.977152577637e+00 2.690398043553e+00 3.352271880344e-01 4.356057691103e+00 8.685406669289e-01
3 48 3 1.26226182 1.16755667 0.73341042 1.36570618 0.79370617 3.042224258193e+00 2.809058188596e+00 3.494601496659e-01 4.568213318080e+00 8.932942124816e-01
3 49 3 1.26226182 1.16755667 0.73341042 1.36570618 0.79370617 3.124288314670e+00 2.942833516722e+00 3.639329749866e-01 4.788720987444e+00 9.267595274340e-01
3 50 3 1.26226182 1.16755667 0.73341042 1.36570618 0.79370617 3.234862113369e+00 3.081826043363e+00 3.784673272665e-01 5.023380103977e+00 9.675052142397e-01
3 51 3 1.26226182 1.16755667 0.73341042 1.36570618 0.79370617 3.368754127144e+00 3.226362529167e+00 3.927629460050e-01 5.299097791735e+00 1.011374307241e+00
3 52 3 1.26226182 1.16755667 0.73341042 1.36570618 0.79370617 3.501801650557e+00 3.381888813262e+00 4.073210513052e-01 5.607504035416e+00 1.054298185852e+00
3 53 3 1.26226182 1.16755667 0.73341042 1.36570618 0.79370617 3.619434698342e+00 3.556779899936e+00 4.234785001159e-01 5.902813255966e+00 1.094026158101e+00
3 54 3 1.26226182 1.16755667 0.73341042 1.36570618 0.79370617 3.742210428830e+00 3.759946416432e+00 4.423286773771e-01 6.153972489238e+00 1.129878866894e+00
3 55 3 1.26226182 1.16755667 0.73341042 1.36570618 0.79370617 3.884833799704e+00 3.986035465043e+00 4.636359380279e-01 6.357377629330e+00 1.161844960746e+00
3 56 3 1.26226182 1.16755667 0.73341042 1.36570618 0.79370617 4.024873689733e+00 4.216808547129e+00 4.860434216583e-01 6.517341828677e+00 1.190769267954e+00
3 57 3 1.26226182 1.16755667 0.73341042 1.36570618 0.79370617 4.159456469616e+00 4.449062752257e+00 5.085700003486e-01 6.666842470751e+00 1.219546562350e+00
3 58 3 1.26226182 1.16755667 0.73341042 1.36570618 0.79370617 4.319504906253e+00 4.696380978265e+00 5.319020896705e-01 6.882089228536e+00 1.253289881963e+00
3 59 3 1.26226182 1.16755667 0.73341042 1.36570618 0.79370617 4.497506557908e+00 4.953348585737e+00 5.579823814990e-01 7.213459038110e+00 1.296885769461e+00
3 60 3 1.26226182 1.16755667 0.73341042 1.36570618 0.79370617 4.669676099125e+00 5.196461073097e+00 5.880647805067e-01 7.622468400335e+00 1.351129606491e+00
3 61 3 1.26226182 1.16755667 0.73341042 1.36570618 0.79370617 4.871982783974e+00 5.431555994310e+00 6.210798242202e-01 8.039562906275e+00 1.410877920354e+00
3 62 3 1.26226182 1.16755667 0.73341042 1.36570618 0.79370617 5.126069127656e+00 5.690086535284e+00 6.540041039065e-01 8.447225969975e+00 1.467602845291e+00
3 63 3 1.26226182 1.16755667 0.73341042 1.36570618 0.79370617 5.374086052493e+00 5.967028456740e+00 6.839691940088e-01 8.852233894959e+00 1.514910390138e+00
5 0 3 1.73628422 1.84988466 1.05013770 2.68051791 1.17052271 2.024749060597e+01 2.355231609147e+01 5.381511835260e-02 3.438073592811e+01 1.507291741088e+00
5 1 3 1.73628422 1.84988466 1.05013770 2.68051791 1.17052271 1.961801502297e+01 2.193125962462e+01 5.316928646076e-02 1.494998207227e+01 1.500207623204e+00
5 2 3 1.73628422 1.84988466 1.05013770 2.68051791 1.17052271 1.850848055632e+01 2.051783488714e+01 5.257271931217e-02 2.674891905945e+00 1.493408010310e+00
5 3 3 1.73628422 1.84988466 1.05013770 2.68051791 1.17052271 1.749605636839e+01 1.917818743831e+01 5.196654153095e-02 6.179494092051e+00 1.486801911805e+00
5 4 3 1.73628422 1.84988466 1.05013770 2.68051791 1.17052271 1.701627716613e+01 1.787050166259e+01 5.130172157398e-02 2.085231033177e+01 1.480248054764e+00
5 5 3 1.73628422 1.84988466 1.05013770 2.68051791 1.17052271 1.696090473989e+01 1.655280063882e+01 5.055657772046e-02 3.387214748869e+01 1.473606498384e+00
5 6 3 1.73628422 1.84988466 1.05013770 2.68051791 1.17052271 1.685789066658e+01 1.529414981371e+01 4.974274023345e-02 3.534490255263e+01 1.466787178735e+00
5 7 3 1.73628422 1.84988466 1.05013770 2.68051791 1.17052271 1.637731204776e+01 1.410571112217e+01 4.889837439440e-02 2.557210841572e+01 1.459778682347e+00
5 8 3 1.73628422 1.84988466 1.05013770 2.68051791 1.17052271 1.561785838266e+01 1.295333722508e+01 4.807237161959e-02 1.309853317372e+01 1.452648347612e+00
5 9 3 1.73628422 1.84988466 1.05013770 2.68051791 1.17052271 1.493537884874e+01 1.195871971529e+01 4.730622214477e-02 6.839190528905e+00 1.445515218944e+00
5 10 3 1.73628422 1.84988466 1.05013770 2.68051791 1.17052271 1.455942293482e+01 1.119560958614e+01 4.662044570799e-02 9.514449996953e+00 1.438506649363e+00
5 11 3 1.73628422 1.84988466 1.05013770 2.68051791 1.17052271 1.439398504368e+01 1.063020079024e+01 4.601001841016e-02 1.705321101867e+01 1.431714332622e+00
5 12 3 1.73628422 1.84988466 1.05013770 2.68051791 1.17052271 1.415058663608e+01 1.026679252131e+01 4.544940436171e-02 2.312542796405e+01 1.425164809301e+00
5 13 3 1.73628422 1.84988466 1.05013770 2.68051791 1.17052271 1.363875831733e+01 1.006424301320e+01 4.490418476361e-02 2.407951418648e+01 1.418813663564e+00
5 14 3 1.73628422 1.84988466 1.05013770 2.68051791 1.17052271 1.293541502558e+01 9.975393397965e+00 4.434421351687e-02 2.042623705811e+01 1.412564039142e+00
5 15 3 1.73628422 1.84988466 1.05013770 2.68051791 1.17052271 1.229837987997e+01 9.977875383811e+00 4.375330804807e-02 1.506571099398e+01 1.406301857628e+00
5 16 3 1.73628422 1.84988466 1.05013770 2.68051791 1.17052271 1.191955683788e+01 9.961948752787e+00 4.313241324492e-02 1.095015188120e+01 1.399934977712e+00
5 17 3 1.73628422 1.84988466 1.05013770 2.68051791 1.17052271 1.174714951586e+01 9.884198288590e+00 4.249599798148e-02 9.956583453255e+00 1.393422997371e+00
5 18 3 1.73628422 1.84988466 1.05013770 2.68051791 1.17052271 1.154237639183e+01 9.824825009404e+00 4.186398457081e-02 1.265769191842e+01 1.386788321455e+00
5 19 3 1.73628422 1.84988466 1.05013770 2.68051791 1.17052271 1.111831016069e+01 9.811534041651e+00 4.125285591720e-02 1.803480056539e+01 1.380105874752e+00
5 20 3 1.73628422 1.84988466 1.05013770 2.68051791 1.17052271 1.052748076906e+01 9.864249183047e+00 4.066938819955e-02 2.328651201107e+01 1.373476008208e+00
5 21 3 1.73628422 1.84988466 1.05013770 2.68051791 1.17052271 1.000917954193e+01 1.001352256322e+01 4.010899895023e-02 2.485105186401e+01 1.366990356726e+00
5 22 3 1.73628422 1.84988466 1.05013770 2.68051791 1.17052271 9.751216446570e+00 1.024397244589e+01 3.955869725444e-02 2.090424082306e+01 1.360702119433e+00
5 23 3 1.73628422 1.84988466 1.05013770 2.68051791 1.17052271 9.712545728789e+00 1.058246869758e+01 3.900289775089e-02 1.361980736171e+01 1.354610153776e+00
5 24 3 1.73628422 1.84988466 1.05013770 2.68051791 1.17052271 9.682004787091e+00 1.101617204541e+01 3.842952097196e-02 8.600591787723e+00 1.348661336533e+00
5 25 3 1.73628422 1.84988466 1.05013770 2.68051791 1.17052271 9.494988256054e+00 1.142770209530e+01 3.783404443896e-02 1.074279736343e+01 1.342769602872e+00
5 26 3 1.73628422 1.84988466 1.05013770 2.68051791 1.17052271 9.177723452440e+00 1.177090958789e+01 3.722025792709e-02 1.952829109107e+01 1.336844885376e+00
5 27 3 1.73628422 1.84988466 1.05013770 2.68051791 1.17052271 8.891805119629e+00 1.204622531469e+01 3.659789374091e-02 2.841630125074e+01 1.330822381663e+00
5 28 3 1.73628422 1.84988466 1.05013770 2.68051791 1.17052271 8.768044494225e+00 1.222590172678e+01 3.597847385726e-02 2.979047428369e+01 1.324682884916e+00
5 29 3 1.73628422 1.84988466 1.05013770 2.68051791 1.17052271 8.804733634937e+00 1.234578609796e+01 3.537122769361e-02 2.166563058850e+01 1.318458044723e+00
5 30 3 1.73628422 1.84988466 1.05013770 2.68051791 1.17052271 8.902432928247e+00 1.245185314067e+01 3.478066794759e-02 1.027649554366e+01 1.312219299369e+00
5 31 3 1.73628422 1.84988466 1.05013770 2.68051791 1.17052271 8.967878079758e+00 1.259262734093e+01 3.420655221182e-02 5.546735266092e+00 1.306054305033e+00
5 32 3 1.73628422 1.84988466 1.05013770 2.68051791 1.17052271 8.987123961168e+00 1.287895491877e+01 3.364589470540e-02 1.245762793283e+01 1.300038469051e+00
5 33 3 1.73628422 1.84988466 1.05013770 2.68051791 1.17052271 9.026113670935e+00 1.331361402442e+01 3.309585915256e-02 2.594886250747e+01 1.294210595544e+00
5 34 3 1.73628422 1.84988466 1.05013770 2.68051791 1.17052271 9.171732980727e+00 1.378399260821e+01 3.255607568391e-02 3.472193928765e+01 1.288560306300e+00
5 35 3 1.73628422 1.84988466 1.05013770 2.68051791 1.17052271 9.450065282258e+00 1.423465957276e+01 3.202926910563e-02 3.100759655241e+01 1.283031232527e+00
5 36 3 1.73628422 1.84988466 1.05013770 2.68051791 1.17052271 9.779540472669e+00 1.460977633428e+01 3.151990004384e-02 1.760654523053e+01 1.277539072337e+00
5 37 3 1.73628422 1.84988466 1.05013770 2.68051791 1.17052271 1.001843263160e+01 1.485788654656e+01 3.103145848371e-02 5.970057901231e+00 1.271998928271e+00
5 38 3 1.73628422 1.84988466 1.05013770 2.68051791 1.17052271 1.009634551266e+01 1.499569911834e+01 3.056371555102e-02 6.624926648194e+00 1.266353298273e+00
5 39 3 1.73628422 1.84988466 1.05013770 2.68051791 1.17052271 1.011171129061e+01 1.500680301324e+01 3.011134200443e-02 1.980948700349e+01 1.260591671259e+00
5 40 3 1.73628422 1.84988466 1.05013770 2.68051791 1.17052271 1.026834364773e+01 1.492028157422e+01 2.966477149997e-02 3.477997816837e+01 1.254755105449e+00
5 41 3 1.73628422 1.84988466 1.05013770 2.68051791 1.17052271 1.067760270860e+01 1.486072949797e+01 2.921321602715e-02 3.894210126533e+01 1.248923810601e+00
5 42 3 1.73628422 1.84988466 1.05013770 2.68051791 1.17052271 1.122255610515e+01 1.484508635371e+01 2.874872336759e-02 2.874382046975e+01 1.243191248033e+00
5 43 3 1.73628422 1.84988466 1.05013770 2.68051791 1.17052271 1.164971006318e+01 1.483262574241e+01 2.826954817926e-02 1.271479101987e+01 1.237632876297e+00
5 44 3 1.73628422 1.84988466 1.05013770 2.68051791 1.17052271 1.181769918553e+01 1.483754333277e+01 2.778120450932e-02 4.226420448157e+00 1.232279838026e+00
5 45 3 1.73628422 1.84988466 1.05013770 2.68051791 1.17052271 1.184689974266e+01 1.482401106178e+01 2.729441381900e-02 1.013440524939e+01 1.227106726324e+00
5 46 3 1.73628422 1.84988466 1.05013770 2.68051791 1.17052271 1.200421789799e+01 1.475966359955e+01 2.682046872735e-02 2.495480544504e+01 1.222038253851e+00
5 47 3 1.73628422 1.84988466 1.05013770 2.68051791 1.17052271 1.243582763862e+01 1.461648534019e+01 2.636577121401e-02 3.582480785446e+01 1.216973426366e+00
5 48 3 1.73628422 1.84988466 1.05013770 2.68051791 1.17052271 1.302082792414e+01 1.427921930535e+01 2.592791336966e-02 3.376656745848e+01 1.211819701466e+00
5 49 3 1.73628422 1.84988466 1.05013770 2.68051791 1.17052271 1.349134115693e+01 1.373914253591e+01 2.549529690935e-02 2.098680175933e+01 1.206525724582e+00
5 50 3 1.73628422 1.84988466 1.05013770 2.68051791 1.17052271 1.369681575653e+01 1.310730891039e+01 2.505097435160e-02 8.294720384461e+00 1.201101095575e+00
5 51 3 1.73628422 1.84988466 1.05013770 2.68051791 1.17052271 1.375671630216e+01 1.241005597620e+01 2.457960335588e-02 5.742727223427e+00 1.195615541167e+00
5 52 3 1.73628422 1.84988466 1.05013770 2.68051791 1.17052271 1.395668047241e+01 1.167986738104e+01 2.407487039721e-02 1.457821613881e+01 1.190176737951e+00
5 53 3 1.73628422 1.84988466 1.05013770 2.68051791 1.17052271 1.447802078932e+01 1.097445275354e+01 2.354417308797e-02 2.690957066843e+01 1.184893593564e+00
5 54 3 1.73628422 1.84988466 1.05013770 2.68051791 1.17052271 1.520774475587e+01 1.029599500365e+01 2.300812318793e-02 3.291446371489e+01 1.179837377487e+00
5 55 3 1.73628422 1.84988466 1.05013770 2.68051791 1.17052271 1.582669976792e+01 9.691392524112e+00 2.249436852338e-02 2.886392240519e+01 1.175014549736e+00
5 56 3 1.73628422 1.84988466 1.05013770 2.68051791 1.17052271 1.613068905755e+01 9.154353441790e+00 2.202762149733e-02 1.908270410573e+01 1.170361668892e+00
5 57 3 1.73628422 1.84988466 1.05013770 2.68051791 1.17052271 1.628504743670e+01 8.577208832747e+00 2.161963312342e-02 1.125828743539e+01 1.165765320493e+00
5 58 3 1.73628422 1.84988466 1.05013770 2.68051791 1.17052271 1.671302994777e+01 7.962972248498e+00 2.126329823552e-02 1.015418400685e+01 1.161101066325e+00
5 59 3 1.73628422 1.84988466 1.05013770 2.68051791 1.17052271 1.766167843413e+01 7.341823582199e+00 2.093377427328e-02 1.493918026310e+01 1.156278163300e+00
5 60 3 1.73628422 1.84988466 1.05013770 2.68051791 1.17052271 1.887818547830e+01 6.674436220240e+00 2.059682535394e-02 2.131367563394e+01 1.151274006566e+00
5 61 3 1.73628422 1.84988466 1.05013770 2.68051791 1.17052271 1.979893685517e+01 5.986658125921e+00 2.022158210820e-02 2.539788705799e+01 1.146145205611e+00
5 62 3 1.73628422 1.84988466 1.05013770 2.68051791 1.17052271 2.012754542064e+01 5.326307050923e+00 1.979280410155e-02 2.567095414528e+01 1.141010139239e+00
5 63 3 1.73628422 1.84988466 1.05013770 2.68051791 1.17052271 2.019729998032e+01 4.780901708976e+00 1.931753401471e-02 2.236287832328e+01 1.136008090690e+00
10 0 3 1.40184994 1.67647403 1.25557647 2.20502630 1.39095217 4.608252042780e+00 1.382226551061e+00 3.426454348539e-04 3.142375611249e+01 9.430162844438e-05
10 1 3 1.40184994 1.67647403 1.25557647 2.20502630 1.39095217 4.002399307371e+00 8.917169712807e-01 4.548233214475e-04 2.962187479139e+01 8.967741387468e-05
10 2 3 1.40184994 1.67647403 1.25557647 2.20502630 1.39095217 3.376187809126e+00 3.789451057569e-01 5.070753430121e-04 2.890431178373e+01 8.714613216877e-05
10 3 3 1.40184994 1.67647403 1.25557647 2.20502630 1.39095217 3.307789079324e+00 1.712493106050e-01 4.822790392253e-04 2.891882813352e+01 8.636143074079e-05
10 4 3 1.40184994 1.67647403 1.25557647 2.20502630 1.39095217 3.743469113422e+00 3.921720867903e-01 3.958052315871e-04 2.907527966109e+01 8.673344263641e-05
10 5 3 1.40184994 1.67647403 1.25557647 2.20502630 1.39095217 4.049783490779e+00 8.834097947012e-01 2.847001455743e-04 2.920133390832e+01 8.754555792390e-05
10 6 3 1.40184994 1.67647403 1.25557647 2.20502630 1.39095217 3.782085214632e+00 1.323232024237e+00 1.889015194383e-04 2.884142054237e+01 8.808332331200e-05
10 7 3 1.40184994 1.67647403 1.25557647 2.20502630 1.39095217 3.198960163428e+00 1.428827318933e+00 1.338639398509e-04 2.769379797106e+01 8.775291383902e-05
10 8 3 1.40184994 1.67647403 1.25557647 2.20502630 1.39095217 2.893115041739e+00 1.150130629683e+00 1.221778252569e-04 2.602925007638e+01 8.617022203309e-05
10 9 3 1.40184994 1.67647403 1.25557647 2.20502630 1.39095217 3.077511940022e+00 6.802668291496e-01 1.367038581982e-04 2.413193052264e+01 8.320811554781e-05
10 10 3 1.40184994 1.67647403 1.25557647 2.20502630 1.39095217 3.409519297855e+00 2.857178800038e-01 1.521472192257e-04 2.255288932816e+01 7.899746087528e-05
10 11 3 1.40184994 1.67647403 1.25557647 2.20502630 1.39095217 3.438936925674e+00 1.450053591153e-01 1.485323419267e-04 2.184231321089e+01 7.388559125806e-05
10 12 3 1.40184994 1.67647403 1.25557647 2.20502630 1.39095217 3.079625192759e+00 2.550246050070e-01 1.200579207145e-04 2.175247727762e+01 6.836263672251e-05
10 13 3 1.40184994 1.67647403 1.25557647 2.20502630 1.39095217 2.658404964550e+00 4.589641212746e-01 7.586246243201e-05 2.194872251450e+01 6.297051857702e-05
10 14 3 1.40184994 1.67647403 1.25557647 2.20502630 1.39095217 2.571630986450e+00 5.733151711875e-01 3.349345274307e-05 2.228566899545e+01 5.821092719169e-05
10 15 3 1.40184994 1.67647403 1.25557647 2.20502630 1.39095217 2.868649442305e+00 5.051937044858e-01 9.190114344229e-06 2.225734670794e+01 5.446727898573e-05
10 16 3 1.40184994 1.67647403 1.25557647 2.20502630 1.39095217 3.169616492779e+00 3.067832934964e-01 1.002715907082e-05 2.167797785540e+01 5.195199505215e-05
10 17 3 1.40184994 1.67647403 1.25557647 2.20502630 1.39095217 3.077716120361e+00 1.095885417055e-01 3.140104234871e-05 2.082029758348e+01 5.068530883057e-05
10 18 3 1.40184994 1.67647403 1.25557647 2.20502630 1.39095217 2.659094456574e+00 8.525784769851e-03 6.034522603019e-05 1.967693305474e+01 5.050619813111e-05
10 19 3 1.40184994 1.67647403 1.25557647 2.20502630 1.39095217 2.367440453213e+00 1.311020145491e-02 8.234303595613e-05 1.847017297218e+01 5.111091595605e-05
10 20 3 1.40184994 1.67647403 1.25557647 2.20502630 1.39095217 2.475451865185e+00 5.988102442392e-02 8.797309940632e-05 1.777218199404e+01 5.211073508709e-05
10 21 3 1.40184994 1.67647403 1.25557647 2.20502630 1.39095217 2.761378495085e+00 7.638836920157e-02 7.630254740523e-05 1.766603976508e+01 5.309838869638e-05
10 22 3 1.40184994 1.67647403 1.25557647 2.20502630 1.39095217 2.831573146554e+00 4.437814843884e-02 5.390335026687e-05 1.798246671894e+01 5.371240573983e-05
10 23 3 1.40184994 1.67647403 1.25557647 2.20502630 1.39095217 2.591090340204e+00 4.425134711639e-03 3.059188544249e-05 1.854548355302e+01 5.368991326165e-05
10 24 3 1.40184994 1.67647403 1.25557647 2.20502630 1.39095217 2.288212398707e+00 1.745601969419e-02 1.438916853227e-05 1.891245031335e+01 5.290108089043e-05
10 25 3 1.40184994 1.67647403 1.25557647 2.20502630 1.39095217 2.206995789172e+00 1.018682415507e-01 8.213711375549e-06 1.889293452923e+01 5.136166303731e-05
10 26 3 1.40184994 1.67647403 1.25557647 2.20502630 1.39095217 2.407670340269e+00 2.108102552464e-01 9.624475169680e-06 1.860889174976e+01 4.922348614898e-05
10 27 3 1.40184994 1.67647403 1.25557647 2.20502630 1.39095217 2.688758854187e+00 2.749165166739e-01 1.325596904688e-05 1.802783588308e+01 4.674574773291e-05
10 28 3 1.40184994 1.67647403 1.25557647 2.20502630 1.39095217 2.757283204181e+00 2.551446219590e-01 1.430121015613e-05 1.735766697830e+01 4.425229838803e-05
10 29 3 1.40184994 1.67647403 1.25557647 2.20502630 1.39095217 2.528689340825e+00 1.800917510042e-01 1.108429131234e-05 1.697512233970e+01 4.208148816640e-05
10 30 3 1.40184994 1.67647403 1.25557647 2.20502630 1.39095217 2.273834238531e+00 1.318808554166e-01 5.473779702268e-06 1.691582675937e+01 4.053564343116e-05
10 31 3 1.40184994 1.67647403 1.25557647 2.20502630 1.39095217 2.336871845515e+00 1.818229592710e-01 1.168766679276e-06 1.730294120547e+01 3.983688011134e-05
10 32 3 1.40184994 1.67647403 1.25557647 2.20502630 1.39095217 2.690108026027e+00 3.341300269300e-01 1.045970058652e-06 1.821402943080e+01 4.009489856653e-05
10 33 3 1.40184994 1.67647403 1.25557647 2.20502630 1.39095217 2.940579706346e+00 5.118614976650e-01 5.203061511223e-06 1.914572349747e+01 4.129081261456e-05
10 34 3 1.40184994 1.67647403 1.25557647 2.20502630 1.39095217 2.833670853804e+00 6.104177133819e-01 1.087089688460e-05 1.975136736986e+01 4.327910780452e-05
10 35 3 1.40184994 1.67647403 1.25557647 2.20502630 1.39095217 2.571743383535e+00 5.745043010916e-01 1.426387340588e-05 2.009862344078e+01 4.580766163521e-05
10 36 3 1.40184994 1.67647403 1.25557647 2.20502630 1.39095217 2.533908375589e+00 4.321959705334e-01 1.328693436832e-05 2.009691699575e+01 4.855355324452e-05
10 37 3 1.40184994 1.67647403 1.25557647 2.20502630 1.39095217 2.824848742131e+00 2.831997951270e-01 9.442874419755e-06 1.988266683556e+01 5.117032230794e-05
10 38 3 1.40184994 1.67647403 1.25557647 2.20502630 1.39095217 3.210902469631e+00 2.345515717108e-01 7.623860051726e-06 1.985662099287e+01 5.334061538288e-05
10 39 3 1.40184994 1.67647403 1.25557647 2.20502630 1.39095217 3.398474947851e+00 3.241839240079e-01 1.359773024180e-05 2.009301156129e+01 5.482701559472e-05
10 40 3 1.40184994 1.67647403 1.25557647 2.20502630 1.39095217 3.295736487691e+00 4.941105018549e-01 3.035422247107e-05 2.072238725345e+01 5.551351950787e-05
10 41 3 1.40184994 1.67647403 1.25557647 2.20502630 1.39095217 3.092750810151e+00 6.244999874837e-01 5.532805952065e-05 2.194137907109e+01 5.543078735103e-05
10 42 3 1.40184994 1.67647403 1.25557647 2.20502630 1.39095217 3.120894842826e+00 6.207125423885e-01 8.033045050989e-05 2.346841485861e+01 5.476003030070e-05
10 43 3 1.40184994 1.67647403 1.25557647 2.20502630 1.39095217 3.509809336158e+00 4.758900115618e-01 9.476571726033e-05 2.499893953676e+01 5.381313607240e-05
10 44 3 1.40184994 1.67647403 1.25557647 2.20502630 1.39095217 3.964877471750e+00 2.645114255078e-01 9.093393794839e-05 2.629373566114e+01 5.299010771730e-05
10 45 3 1.40184994 1.67647403 1.25557647 2.20502630 1.39095217 4.059070869845e+00 9.938339395555e-02 6.883381771050e-05 2.696027661110e+01 5.271864975298e-05
10 46 3 1.40184994 1.67647403 1.25557647 2.20502630 1.39095217 3.790277775695e+00 5.827874777728e-02 3.771111809034e-05 2.721174130206e+01 5.338418868124e-05
10 47 3 1.40184994 1.67647403 1.25557647 2.20502630 1.39095217 3.644566430397e+00 1.363688165933e-01 1.293068285864e-05 2.758448782159e+01 5.526111563588e-05
10 48 3 1.40184994 1.67647403 1.25557647 2.20502630 1.39095217 4.004887524315e+00 2.592444986024e-01 9.086037176742e-06 2.811239173937e+01 5.845700513190e-05
10 49 3 1.40184994 1.67647403 1.25557647 2.20502630 1.39095217 4.676031541420e+00 3.323018816618e-01 3.247204229142e-05 2.905418738828e+01 6.288060426962e-05
10 50 3 1.40184994 1.67647403 1.25557647 2.20502630 1.39095217 5.131875478060e+00 3.138579269935e-01 7.689693618018e-05 3.079417538405e+01 6.824141063141e-05
10 51 3 1.40184994 1.67647403 1.25557647 2.20502630 1.39095217 5.117747165258e+00 2.321460743437e-01 1.256170672687e-04 3.300586828195e+01 7.408394035024e-05
10 52 3 1.40184994 1.67647403 1.25557647 2.20502630 1.39095217 4.896015870754e+00 1.435686436068e-01 1.592718212642e-04 3.544773832622e+01 7.985397345960e-05
10 53 3 1.40184994 1.67647403 1.25557647 2.20502630 1.39095217 4.960085720026e+00 9.499701944510e-02 1.663990423915e-04 3.799086103204e+01 8.498808776512e-05
10 54 3 1.40184994 1.67647403 1.25557647 2.20502630 1.39095217 5.542108832298e+00 8.513439099127e-02 1.511630017829e-04 3.990046272073e+01 8.901274064611e-05
10 55 3 1.40184994 1.67647403 1.25557647 2.20502630 1.39095217 6.332568507471e+00 7.979365640062e-02 1.335986961603e-04 4.092647478704e+01 9.163607278582e-05
10 56 3 1.40184994 1.67647403 1.25557647 2.20502630 1.39095217 6.732077765300e+00 6.005457164514e-02 1.410048522532e-04 4.159237327315e+01 9.281528004317e-05
10 57 3 1.40184994 1.67647403 1.25557647 2.20502630 1.39095217 6.530093743387e+00 4.302086713386e-02 1.937027771778e-04 4.227475681454e+01 9.278518657424e-05
10 58 3 1.40184994 1.67647403 1.25557647 2.20502630 1.39095217 6.267381573019e+00 9.426332396162e-02 2.919318490006e-04 4.354671308876e+01 9.203935880063e-05
10 59 3 1.40184994 1.67647403 1.25557647 2.20502630 1.39095217 6.674423343192e+00 2.690619386021e-01 4.111127656223e-04 4.583018317557e+01 9.126295647091e-05
10 60 3 1.40184994 1.67647403 1.25557647 2.20502630 1.39095217 7.749914984284e+00 5.377398660700e-01 5.093839825261e-04 4.879625699090e+01 9.122526826073e-05
10 61 3 1.40184994 1.67647403 1.25557647 2.20502630 1.39095217 8.690971458353e+00 7.867298912870e-01 5.454417546214e-04 5.237137776264e+01 9.264797557707e-05
10 62 3 1.40184994 1.67647403 1.25557647 2.20502630 1.39095217 8.841809869257e+00 8.615490931688e-01 4.990505441105e-04 5.634378208456e+01 9.607105460312e-05
10 63 3 1.40184994 1.67647403 1.25557647 2.20502630 1.39095217 8.464063858684e+00 6.867794523835e-01 3.841472867329e-04 5.970134869006e+01 1.017405622190e-04
15 0 3 1.53146882 1.40137151 0.81820694 1.69275407 0.89410434 8.965941679516e+00 9.230958315054e+00 5.587045584117e-01 1.781490002581e+01 8.771763845072e-01
15 1 3 1.53146882 1.40137151 0.81820694 1.69275407 0.89410434 8.868193747559e+00 8.745959597606e+00 5.277006922869e-01 1.713839612003e+01 8.289238733424e-01
15 2 3 1.53146882 1.40137151 0.81820694 1.69275407 0.89410434 8.784963906625e+00 8.256320081837e+00 5.027564176122e-01 1.653532347755e+01 7.889531948611e-01
15 3 3 1.53146882 1.40137151 0.81820694 1.69275407 0.89410434 8.692568469723e+00 7.815306018823e+00 4.835115924932e-01 1.594207188035e+01 7.581948719895e-01
15 4 3 1.53146882 1.40137151 0.81820694 1.69275407 0.89410434 8.560009253960e+00 7.408926515429e+00 4.680444757648e-01 1.540166541545e+01 7.344277529494e-01
15 5 3 1.53146882 1.40137151 0.81820694 1.69275407 0.89410434 8.438670285385e+00 7.020367161286e+00 4.539489372555e-01 1.496870935334e+01 7.133409350006e-01
15 6 3 1.53146882 1.40137151 0.81820694 1.69275407 0.89410434 8.355308360193e+00 6.658129818224e+00 4.395597534759e-01 1.456519305074e+01 6.904700080814e-01
15 7 3 1.53146882 1.40137151 0.81820694 1.69275407 0.89410434 8.256920374454e+00 6.330779298140e+00 4.246006420827e-01 1.409550779500e+01 6.631307213104e-01
15 8 3 1.53146882 1.40137151 0.81820694 1.69275407 0.89410434 8.154927729517e+00 6.062841964573e+00 4.099181563875e-01 1.351954558123e+01 6.315066111795e-01
15 9 3 1.53146882 1.40137151 0.81820694 1.69275407 0.89410434 8.059686155775e+00 5.831697410564e+00 3.965622328350e-01 1.280049416098e+01 5.984496037354e-01
15 10 3 1.53146882 1.40137151 0.81820694 1.69275407 0.89410434 7.943014609458e+00 5.601617547204e+00 3.848725628252e-01 1.203749532120e+01 5.681313617703e-01
15 11 3 1.53146882 1.40137151 0.81820694 1.69275407 0.89410434 7.819703024559e+00 5.375040873626e+00 3.741737457827e-01 1.138457420275e+01 5.441767371793e-01
15 12 3 1.53146882 1.40137151 0.81820694 1.69275407 0.89410434 7.701090024271e+00 5.153224630368e+00 3.632365825404e-01 1.085904836914e+01 5.281076433306e-01
15 13 3 1.53146882 1.40137151 0.81820694 1.69275407 0.89410434 7.600622842383e+00 4.955955576764e+00 3.511492689508e-01 1.047280703594e+01 5.187547157507e-01
15 14 3 1.53146882 1.40137151 0.81820694 1.69275407 0.89410434 7.527237762607e+00 4.787753092804e+00 3.380027686410e-01 1.021321548789e+01 5.128477127209e-01
15 15 3 1.53146882 1.40137151 0.81820694 1.69275407 0.89410434 7.459640262736e+00 4.628413336150e+00 3.249607650403e-01 9.987386424583e+00 5.064803720793e-01
15 16 3 1.53146882 1.40137151 0.81820694 1.69275407 0.89410434 7.385233219692e+00 4.481945099768e+00 3.137081420823e-01 9.782104376949e+00 4.967861248746e-01
15 17 3 1.53146882 1.40137151 0.81820694 1.69275407 0.89410434 7.287268749927e+00 4.340437242054e+00 3.056512348319e-01 9.603880471012e+00 4.831026782719e-01
15 18 3 1.53146882 1.40137151 0.81820694 1.69275407 0.89410434 7.167235712721e+00 4.202025117762e+00 3.013400190610e-01 9.412930025360e+00 4.671542609362e-01
15 19 3 1.53146882 1.40137151 0.81820694 1.69275407 0.89410434 7.033767917396e+00 4.080838499964e+00 3.003738682703e-01 9.212329572520e+00 4.522170798084e-01
15 20 3 1.53146882 1.40137151 0.81820694 1.69275407 0.89410434 6.888471579112e+00 3.974504723318e+00 3.017200130094e-01 8.995790458655e+00 4.416623647242e-01
15 21 3 1.53146882 1.40137151 0.81820694 1.69275407 0.89410434 6.783569804340e+00 3.891785716956e+00 3.041556771467e-01 8.724863094098e+00 4.375137236693e-01
15 22 3 1.53146882 1.40137151 0.81820694 1.69275407 0.89410434 6.731946991092e+00 3.821667891791e+00 3.065666238739e-01 8.412922633635e+00 4.396213713103e-01
15 23 3 1.53146882 1.40137151 0.81820694 1.69275407 0.89410434 6.689933535329e+00 3.736659123452e+00 3.080368258536e-01 8.122025652984e+00 4.457745496366e-01
15 24 3 1.53146882 1.40137151 0.81820694 1.69275407 0.89410434 6.662109361032e+00 3.641814683663e+00 3.078653144382e-01 7.903418232983e+00 4.526735835770e-01
15 25 3 1.53146882 1.40137151 0.81820694 1.69275407 0.89410434 6.637644973199e+00 3.548984382779e+00 3.056876339961e-01 7.791151958594e+00 4.573330934134e-01
15 26 3 1.53146882 1.40137151 0.81820694 1.69275407 0.89410434 6.571653855769e+00 3.481265148152e+00 3.017376807325e-01 7.784022025110e+00 4.583264175286e-01
15 27 3 1.53146882 1.40137151 0.81820694 1.69275407 0.89410434 6.462978533720e+00 3.447930536080e+00 2.970832276860e-01 7.794119767313e+00 4.563639698582e-01
15 28 3 1.53146882 1.40137151 0.81820694 1.69275407 0.89410434 6.360495402867e+00 3.421871608981e+00 2.935767968464e-01 7.749208290752e+00 4.539816236551e-01
15 29 3 1.53146882 1.40137151 0.81820694 1.69275407 0.89410434 6.310825394841e+00 3.401958997831e+00 2.933760110800e-01 7.683048474514e+00 4.544796678869e-01
15 30 3 1.53146882 1.40137151 0.81820694 1.69275407 0.89410434 6.312920037315e+00 3.408160412296e+00 2.981489887650e-01 7.646089269662e+00 4.605527191675e-01
15 31 3 1.53146882 1.40137151 0.81820694 1.69275407 0.89410434 6.392887326947e+00 3.466324228300e+00 3.083213440708e-01 7.705605850707e+00 4.731707978584e-01
15 32 3 1.53146882 1.40137151 0.81820694 1.69275407 0.89410434 6.581267398993e+00 3.590751656322e+00 3.227716837461e-01 7.902948294017e+00 4.911684213157e-01
15 33 3 1.53146882 1.40137151 0.81820694 1.69275407 0.89410434 6.802796375257e+00 3.740743736385e+00 3.391870455521e-01 8.143908204080e+00 5.117147098077e-01
15 34 3 1.53146882 1.40137151 0.81820694 1.69275407 0.89410434 6.996908070669e+00 3.879604684999e+00 3.549504353102e-01 8.340748447931e+00 5.314839416923e-01
15 35 3 1.53146882 1.40137151 0.81820694 1.69275407 0.89410434 7.168865088682e+00 4.004161803043e+00 3.681483498718e-01 8.495093176769e+00 5.480599945462e-01
15 36 3 1.53146882 1.40137151 0.81820694 1.69275407 0.89410434 7.291159546923e+00 4.126074044068e+00 3.782283523729e-01 8.631458581012e+00 5.610025818538e-01
15 37 3 1.53146882 1.40137151 0.81820694 1.69275407 0.89410434 7.346571273348e+00 4.271625171847e+00 3.860399340704e-01 8.833172472940e+00 5.721241601665e-01
15 38 3 1.53146882 1.40137151 0.81820694 1.69275407 0.89410434 7.373952450817e+00 4.426872222850e+00 3.933299698240e-01 9.160197957566e+00 5.848335769774e-01
15 39 3 1.53146882 1.40137151 0.81820694 1.69275407 0.89410434 7.431929267369e+00 4.563731426770e+00 4.020296625362e-01 9.550034148581e+00 6.027810293137e-01
15 40 3 1.53146882 1.40137151 0.81820694 1.69275407 0.89410434 7.528526585028e+00 4.688396860369e+00 4.137076635323e-01 9.920117470159e+00 6.283395256337e-01
15 41 3 1.53146882 1.40137151 0.81820694 1.69275407 0.89410434 7.634382738863e+00 4.812912594081e+00 4.293718757777e-01 1.022932689847e+01 6.615538551880e-01
15 42 3 1.53146882 1.40137151 0.81820694 1.69275407 0.89410434 7.767193484138e+00 4.966992286222e+00 4.495311658224e-01 1.046331399490e+01 7.000268573530e-01
15 43 3 1.53146882 1.40137151 0.81820694 1.69275407 0.89410434 7.906256168505e+00 5.159553825079e+00 4.742765968618e-01 1.066004432917e+01 7.398443653749e-01
15 44 3 1.53146882 1.40137151 0.81820694 1.69275407 0.89410434 7.989110168034e+00 5.365844613369e+00 5.032147716326e-01 1.089793311075e+01 7.772046372345e-01
15 45 3 1.53146882 1.40137151 0.81820694 1.69275407 0.89410434 8.031007343936e+00 5.584914910860e+00 5.353151693349e-01 1.120437857422e+01 8.100950877399e-01
15 46 3 1.53146882 1.40137151 0.81820694 1.69275407 0.89410434 8.054209937396e+00 5.809769613083e+00 5.689224444297e-01 1.156487579659e+01 8.392953773254e-01
15 47 3 1.53146882 1.40137151 0.81820694 1.69275407 0.89410434 8.064967133143e+00 6.042131872722e+00 6.021543234703e-01 1.200956920836e+01 8.682289137125e-01
15 48 3 1.53146882 1.40137151 0.81820694 1.69275407 0.89410434 8.087978095636e+00 6.299677977997e+00 6.336396207849e-01 1.253364344974e+01 9.016530041958e-01
15 49 3 1.53146882 1.40137151 0.81820694 1.69275407 0.89410434 8.129685455209e+00 6.574993876530e+00 6.632294933913e-01 1.311707760177e+01 9.436842737199e-01
15 50 3 1.53146882 1.40137151 0.81820694 1.69275407 0.89410434 8.194561661866e+00 6.878726452104e+00 6.921989095772e-01 1.381947093714e+01 9.959809921069e-01
15 51 3 1.53146882 1.40137151 0.81820694 1.69275407 0.89410434 8.264288444549e+00 7.206673383647e+00 7.226887517859e-01 1.461045181742e+01 1.056890178483e+00
15 52 3 1.53146882 1.40137151 0.81820694 1.69275407 0.89410434 8.316437500909e+00 7.531071693319e+00 7.566162610279e-01 1.539371346545e+01 1.121995312882e+00
15 53 3 1.53146882 1.40137151 0.81820694 1.69275407 0.89410434 8.354287135896e+00 7.862489399281e+00 7.946877760685e-01 1.613019996903e+01 1.185909370568e+00
15 54 3 1.53146882 1.40137151 0.81820694 1.69275407 0.89410434 8.374637805844e+00 8.211378385872e+00 8.361676375808e-01 1.671073469144e+01 1.244596013177e+00
15 55 3 1.53146882 1.40137151 0.81820694 1.69275407 0.89410434 8.406810167744e+00 8.603343759933e+00 8.796145510634e-01 1.710524631459e+01 1.297222941809e+00
15 56 3 1.53146882 1.40137151 0.81820694 1.69275407 0.89410434 8.455956292069e+00 9.052981784441e+00 9.241463222171e-01 1.747461384983e+01 1.346700093928e+00
15 57 3 1.53146882 1.40137151 0.81820694 1.69275407 0.89410434 8.501975848268e+00 9.511652076485e+00 9.703763413412e-01 1.793208770560e+01 1.398592601649e+00
15 58 3 1.53146882 1.40137151 0.81820694 1.69275407 0.89410434 8.589200407647e+00 9.959973122643e+00 1.020305459280e+00 1.853899001846e+01 1.458806385786e+00
15 59 3 1.53146882 1.40137151 0.81820694 1.69275407 0.89410434 8.702510802448e+00 1.040098711083e+01 1.076109667292e+00 1.931851205874e+01 1.531013436524e+00
15 60 3 1.53146882 1.40137151 0.81820694 1.69275407 0.89410434 8.796610284032e+00 1.084097323650e+01 1.138522696978e+00 2.016141125666e+01 1.614948774366e+00
15 61 3 1.53146882 1.40137151 0.81820694 1.69275407 0.89410434 8.925669022104e+00 1.129279682930e+01 1.205851695885e+00 2.098636712567e+01 1.706374954464e+00
15 62 3 1.53146882 1.40137151 0.81820694 1.69275407 0.89410434 9.131698565890e+00 1.170478416816e+01 1.274322191491e+00 2.185303257480e+01 1.798799168963e+00
15 63 3 1.53146882 1.40137151 0.81820694 1.69275407 0.89410434 9.402037957939e+00 1.205288278945e+01 1.339629504841e+00 2.280153924743e+01 1.886246753980e+00
18 0 3 0.93241634 0.95085179 0.69903098 1.13092441 0.74672358 6.771685491953e-03 1.855431084203e-03 5.474837200238e-04 5.753193296452e-02 2.210650202625e-04
18 1 3 0.93241634 0.95085179 0.69903098 1.13092441 0.74672358 6.942177275068e-03 1.614510936374e-03 5.274099960251e-04 4.138093460270e-02 2.129367327964e-04
18 2 3 0.93241634 0.95085179 0.69903098 1.13092441 0.74672358 6.648023513968e-03 1.278611229854e-03 5.080040659675e-04 2.904192844664e-02 2.137458829977e-04
18 3 3 0.93241634 0.95085179 0.69903098 1.13092441 0.74672358 6.200068829915e-03 8.832529376254e-04 4.892659700094e-04 2.619585424373e-02 2.204464357505e-04
18 4 3 0.93241634 0.95085179 0.69903098 1.13092441 0.74672358 5.943098263521e-03 5.671472731801e-04 4.711957469261e-04 3.313813333364e-02 2.288633812319e-04
18 5 3 0.93241634 0.95085179 0.69903098 1.13092441 0.74672358 5.834174570657e-03 4.237182695074e-04 4.537934341113e-04 4.489444655136e-02 2.347899437974e-04
18 6 3 0.93241634 0.95085179 0.69903098 1.13092441 0.74672358 5.619068550898e-03 4.159620098552e-04 4.370590675767e-04 5.428154750986e-02 2.350096145711e-04
18 7 3 0.93241634 0.95085179 0.69903098 1.13092441 0.74672358 5.292799511368e-03 4.427114490216e-04 4.209926819514e-04 5.598341305954e-02 2.280004683652e-04
18 8 3 0.93241634 0.95085179 0.69903098 1.13092441 0.74672358 5.134617461549e-03 4.627410646753e-04 4.055943104828e-04 4.927071589907e-02 2.141756765809e-04
18 9 3 0.93241634 0.95085179 0.69903098 1.13092441 0.74672358 5.283746399597e-03 5.265171311273e-04 3.908639850354e-04 3.796250583967e-02 1.956383432911e-04
18 10 3 0.93241634 0.95085179 0.69903098 1.13092441 0.74672358 5.508167929932e-03 6.877020626231e-04 3.768017360911e-04 2.790814740481e-02 1.755480955527e-04
18 11 3 0.93241634 0.95085179 0.69903098 1.13092441 0.74672358 5.503950400481e-03 9.113991287491e-04 3.634075927502e-04 2.361191560906e-02 1.572826019495e-04
18 12 3 0.93241634 0.95085179 0.69903098 1.13092441 0.74672358 5.271372409032e-03 1.093391515364e-03 3.506815827297e-04 2.592064063867e-02 1.436114593472e-04
18 13 3 0.93241634 0.95085179 0.69903098 1.13092441 0.74672358 5.033920609076e-03 1.167168182604e-03 3.386237323641e-04 3.192142394322e-02 1.360789203954e-04
18 14 3 0.93241634 0.95085179 0.69903098 1.13092441 0.74672358 4.864101905840e-03 1.171456514463e-03 3.272340666055e-04 3.690323787228e-02 1.347257332861e-04
18 15 3 0.93241634 0.95085179 0.69903098 1.13092441 0.74672358 4.585495044928e-03 1.199761603685e-03 3.165126090231e-04 3.715507744978e-02 1.381889249851e-04
18 16 3 0.93241634 0.95085179 0.69903098 1.13092441 0.74672358 4.069656777795e-03 1.291574859517e-03 3.064593818034e-04 3.202555155175e-02 1.441258222067e-04
18 17 3 0.93241634 0.95085179 0.69903098 1.13092441 0.74672358 3.461541496199e-03 1.389661539345e-03 2.970744057501e-04 2.416146449844e-02 1.498370011862e-04
18 18 3 0.93241634 0.95085179 0.69903098 1.13092441 0.74672358 3.005305498437e-03 1.408531301429e-03 2.883577002840e-04 1.787496885619e-02 1.529270285278e-04
18 19 3 0.93241634 0.95085179 0.69903098 1.13092441 0.74672358 2.743622238771e-03 1.332348917564e-03 2.803092834431e-04 1.661206803346e-02 1.518466810647e-04
18 20 3 0.93241634 0.95085179 0.69903098 1.13092441 0.74672358 2.521152033411e-03 1.231275876880e-03 2.729291718823e-04 2.096971549586e-02 1.462006817051e-04
18 21 3 0.93241634 0.95085179 0.69903098 1.13092441 0.74672358 2.249080819542e-03 1.181367090649e-03 2.662173808737e-04 2.837396182657e-02 1.367680716266e-04
18 22 3 0.93241634 0.95085179 0.69903098 1.13092441 0.74672358 2.021977804016e-03 1.180951329065e-03 2.601739243065e-04 3.456784123761e-02 1.252515881339e-04
18 23 3 0.93241634 0.95085179 0.69903098 1.13092441 0.74672358 1.936888468729e-03 1.155709333097e-03 2.547988146866e-04 3.601568927760e-02 1.138317457394e-04
18 24 3 0.93241634 0.95085179 0.69903098 1.13092441 0.74672358 1.914814662014e-03 1.042443742451e-03 2.500920631371e-04 3.182339063791e-02 1.046386923202e-04
18 25 3 0.93241634 0.95085179 0.69903098 1.13092441 0.74672358 1.795375554849e-03 8.563686833043e-04 2.460536793978e-04 2.409949825229e-02 9.926448746109e-05
18 26 3 0.93241634 0.95085179 0.69903098 1.13092441 0.74672358 1.551291268769e-03 6.710527921922e-04 2.426836718257e-04 1.662773638502e-02 9.842099694444e-05
18 27 3 0.93241634 0.95085179 0.69903098 1.13092441 0.74672358 1.303901105360e-03 5.401932574672e-04 2.399820473945e-04 1.269891973615e-02 1.018104135502e-04
18 28 3 0.93241634 0.95085179 0.69903098 1.13092441 0.74672358 1.136603570509e-03 4.513477412722e-04 2.379488116947e-04 1.337651053194e-02 1.082262422564e-04
18 29 3 0.93241634 0.95085179 0.69903098 1.13092441 0.74672358 9.984449346226e-04 3.590469949710e-04 2.365839689339e-04 1.713114982695e-02 1.158531920654e-04
18 30 3 0.93241634 0.95085179 0.69903098 1.13092441 0.74672358 8.295016987526e-04 2.522752276191e-04 2.358875219364e-04 2.093594403140e-02 1.226944077355e-04
18 31 3 0.93241634 0.95085179 0.69903098 1.13092441 0.74672358 6.933550721822e-04 1.752984775771e-04 2.358594721434e-04 2.209669970522e-02 1.270307623802e-04
18 32 3 0.93241634 0.95085179 0.69903098 1.13092441 0.74672358 7.024661803927e-04 1.789652679503e-04 2.364998196130e-04 1.975401720418e-02 1.278129364667e-04
18 33 3 0.93241634 0.95085179 0.69903098 1.13092441 0.74672358 8.533434935147e-04 2.618659772490e-04 2.378085630200e-04 1.526486694153e-02 1.249025522094e-04
18 34 3 0.93241634 0.95085179 0.69903098 1.13092441 0.74672358 1.030679063846e-03 3.718244260749e-04 2.397856996562e-04 1.133299961636e-02 1.191103202126e-04
18 35 3 0.93241634 0.95085179 0.69903098 1.13092441 0.74672358 1.175019154397e-03 4.662848622945e-04 2.424312254302e-04 1.042449971865e-02 1.120210581012e-04
18 36 3 0.93241634 0.95085179 0.69903098 1.13092441 0.74672358 1.350852836950e-03 5.594792627126e-04 2.457451348674e-04 1.334584640725e-02 1.056399585904e-04
18 37 3 0.93241634 0.95085179 0.69903098 1.13092441 0.74672358 1.606927261391e-03 6.982011828456e-04 2.497274211103e-04 1.874268727321e-02 1.019333609319e-04
18 38 3 0.93241634 0.95085179 0.69903098 1.13092441 0.74672358 1.853794191607e-03 8.924416133454e-04 2.543780759181e-04 2.378412395207e-02 1.023627780366e-04
18 39 3 0.93241634 0.95085179 0.69903098 1.13092441 0.74672358 1.970654663569e-03 1.084350662076e-03 2.596970896668e-04 2.567513429257e-02 1.075171403688e-04
18 40 3 0.93241634 0.95085179 0.69903098 1.13092441 0.74672358 1.994860319326e-03 1.199031859562e-03 2.656844513497e-04 2.319153260711e-02 1.169323519032e-04
18 41 3 0.93241634 0.95085179 0.69903098 1.13092441 0.74672358 2.095236579899e-03 1.224984044545e-03 2.723401485766e-04 1.739403257908e-02 1.291506844820e-04
18 42 3 0.93241634 0.95085179 0.69903098 1.13092441 0.74672358 2.346776018534e-03 1.230898639453e-03 2.796641675748e-04 1.109956900056e-02 1.420212043507e-04
18 43 3 0.93241634 0.95085179 0.69903098 1.13092441 0.74672358 2.642473725875e-03 1.292313076840e-03 2.876564931880e-04 7.370816820892e-03 1.531863114973e-04
18 44 3 0.93241634 0.95085179 0.69903098 1.13092441 0.74672358 2.887953322330e-03 1.405602207654e-03 2.963171088774e-04 7.853957236912e-03 1.606509953182e-04
18 45 3 0.93241634 0.95085179 0.69903098 1.13092441 0.74672358 3.183051062674e-03 1.487787023802e-03 3.056459967212e-04 1.190339570044e-02 1.633028620052e-04
18 46 3 0.93241634 0.95085179 0.69903098 1.13092441 0.74672358 3.685779582430e-03 1.467488055136e-03 3.156431374146e-04 1.699039426450e-02 1.612515009046e-04
18 47 3 0.93241634 0.95085179 0.69903098 1.13092441 0.74672358 4.336743349784e-03 1.366468723534e-03 3.263085102698e-04 2.015262911922e-02 1.558885100462e-04
18 48 3 0.93241634 0.95085179 0.69903098 1.13092441 0.74672358 4.873365710239e-03 1.276440999032e-03 3.376420932166e-04 1.965095705668e-02 1.496300136595e-04
18 49 3 0.93241634 0.95085179 0.69903098 1.13092441 0.74672358 5.154719406135e-03 1.253325323758e-03 3.496438628017e-04 1.590846288109e-02 1.453796754829e-04
18 50 3 0.93241634 0.95085179 0.69903098 1.13092441 0.74672358 5.329714232530e-03 1.249336204421e-03 3.623137941892e-04 1.124243519092e-02 1.458244143181e-04
18 51 3 0.93241634 0.95085179 0.69903098 1.13092441 0.74672358 5.581578643630e-03 1.164864486671e-03 3.756518611606e-04 8.573032323161e-03 1.527280094896e-04
18 52 3 0.93241634 0.95085179 0.69903098 1.13092441 0.74672358 5.821929668182e-03 9.648916985403e-04 3.896580361145e-04 9.814462571372e-03 1.664035581670e-04
18 53 3 0.93241634 0.95085179 0.69903098 1.13092441 0.74672358 5.817410626124e-03 7.263617287260e-04 4.043322900675e-04 1.478136297766e-02 1.855162652769e-04
18 54 3 0.93241634 0.95085179 0.69903098 1.13092441 0.74672358 5.587745122562e-03 5.599295087107e-04 4.196745926533e-04 2.116978085406e-02 2.072963099471e-04
18 55 3 0.93241634 0.95085179 0.69903098 1.13092441 0.74672358 5.465272044545e-03 4.970592227738e-04 4.356849121230e-04 2.566079870842e-02 2.281420719623e-04
18 56 3 0.93241634 0.95085179 0.69903098 1.13092441 0.74672358 5.679171873643e-03 4.769109187421e-04 4.523632153458e-04 2.565687594700e-02 2.444902716858e-04
18 57 3 0.93241634 0.95085179 0.69903098 1.13092441 0.74672358 6.057726963488e-03 4.488339426536e-04 4.697094678085e-04 2.080121822170e-02 2.537486045129e-04
18 58 3 0.93241634 0.95085179 0.69903098 1.13092441 0.74672358 6.303185062188e-03 4.625462586327e-04 4.877236336152e-04 1.343109116132e-02 2.550519161210e-04
18 59 3 0.93241634 0.95085179 0.69903098 1.13092441 0.74672358 6.437317885080e-03 6.259266932421e-04 5.064056754887e-04 7.568015078410e-03 2.496284520378e-04
18 60 3 0.93241634 0.95085179 0.69903098 1.13092441 0.74672358 6.731958592147e-03 9.706921628837e-04 5.257555547688e-04 6.823868580897e-03 2.406470238070e-04
18 61 3 0.93241634 0.95085179 0.69903098 1.13092441 0.74672358 7.210608470153e-03 1.389634191028e-03 5.457732314139e-04 1.230922552687e-02 2.325419573026e-04
18 62 3 0.93241634 0.95085179 0.69903098 1.13092441 0.74672358 7.492173845473e-03 1.736380250833e-03 5.664586640006e-04 2.178779245652e-02 2.299505280507e-04
18 63 3 0.93241634 0.95085179 0.69903098 1.13092441 0.74672358 7.264725000870e-03 1.982499035991e-03 5.878118097231e-04 3.070852281377e-02 2.365114588425e-04
20 0 3 1.52719455 1.86354005 1.32908579 2.53200078 1.48956023 7.678451727180e+00 6.131222035662e+00 5.493354753080e-04 5.927611566824e+01 1.504332303365e-04
20 1 3 1.52719455 1.86354005 1.32908579 2.53200078 1.48956023 7.155795207229e+00 5.620092621945e+00 7.206789967528e-04 5.832314135532e+01 1.395876108716e-04
20 2 3 1.52719455 1.86354005 1.32908579 2.53200078 1.48956023 6.288331760550e+00 3.988966935257e+00 7.991630406236e-04 5.925613204834e+01 1.301536785909e-04
20 3 3 1.52719455 1.86354005 1.32908579 2.53200078 1.48956023 5.925166495380e+00 2.493657874847e+00 7.589644772330e-04 6.100756573020e+01 1.228519650126e-04
20 4 3 1.52719455 1.86354005 1.32908579 2.53200078 1.48956023 6.247041691666e+00 2.157616372163e+00 6.204323822420e-04 6.079582304217e+01 1.179642426215e-04
20 5 3 1.52719455 1.86354005 1.32908579 2.53200078 1.48956023 6.517937876826e+00 3.066652710373e+00 4.367295147671e-04 5.849733001367e+01 1.153109467271e-04
20 6 3 1.52719455 1.86354005 1.32908579 2.53200078 1.48956023 6.139265514594e+00 4.470141156324e+00 2.680342034514e-04 5.446841814020e+01 1.143216801492e-04
20 7 3 1.52719455 1.86354005 1.32908579 2.53200078 1.48956023 5.420150548751e+00 5.248194149865e+00 1.562426065671e-04 4.933207544880e+01 1.141774793152e-04
20 8 3 1.52719455 1.86354005 1.32908579 2.53200078 1.48956023 5.032041002607e+00 4.816388120585e+00 1.113786843580e-04 4.564925213736e+01 1.139909728466e-04
20 9 3 1.52719455 1.86354005 1.32908579 2.53200078 1.48956023 5.135791602769e+00 3.616750519041e+00 1.141541393252e-04 4.371819341918e+01 1.129858263301e-04
20 10 3 1.52719455 1.86354005 1.32908579 2.53200078 1.48956023 5.374392919683e+00 2.561154531840e+00 1.310927721500e-04 4.416851001030e+01 1.106402194744e-04
20 11 3 1.52719455 1.86354005 1.32908579 2.53200078 1.48956023 5.402314281909e+00 2.325363554083e+00 1.333018765180e-04 4.600787069029e+01 1.067691629653e-04
20 12 3 1.52719455 1.86354005 1.32908579 2.53200078 1.48956023 5.121752125951e+00 2.981372080583e+00 1.095476586907e-04 4.707914345733e+01 1.015346224775e-04
20 13 3 1.52719455 1.86354005 1.32908579 2.53200078 1.48956023 4.662471019665e+00 3.928894416573e+00 6.835910061790e-05 4.639711361580e+01 9.538748487667e-05
20 14 3 1.52719455 1.86354005 1.32908579 2.53200078 1.48956023 4.361339377455e+00 4.384551426650e+00 2.991355184923e-05 4.348734921547e+01 8.895830779452e-05
20 15 3 1.52719455 1.86354005 1.32908579 2.53200078 1.48956023 4.484010647264e+00 4.042306625320e+00 1.328197399605e-05 3.963428627246e+01 8.292220243910e-05
20 16 3 1.52719455 1.86354005 1.32908579 2.53200078 1.48956023 4.791415888700e+00 3.199117657052e+00 2.605459789914e-05 3.596753812777e+01 7.786590474107e-05
20 17 3 1.52719455 1.86354005 1.32908579 2.53200078 1.48956023 4.727860666143e+00 2.456079827700e+00 6.118239893638e-05 3.425432427829e+01 7.418213915003e-05
20 18 3 1.52719455 1.86354005 1.32908579 2.53200078 1.48956023 4.209752749389e+00 2.322944071039e+00 1.016186493849e-04 3.474911739146e+01 7.200892644112e-05
20 19 3 1.52719455 1.86354005 1.32908579 2.53200078 1.48956023 3.807582559361e+00 2.824684304849e+00 1.293992658668e-04 3.618794579701e+01 7.122143583335e-05
20 20 3 1.52719455 1.86354005 1.32908579 2.53200078 1.48956023 3.923604550005e+00 3.491040336232e+00 1.340664112743e-04 3.805828676766e+01 7.147352032466e-05
20 21 3 1.52719455 1.86354005 1.32908579 2.53200078 1.48956023 4.237950156461e+00 3.796317876809e+00 1.163740661806e-04 3.849177803162e+01 7.227720813948e-05
20 22 3 1.52719455 1.86354005 1.32908579 2.53200078 1.48956023 4.255460926001e+00 3.504055643606e+00 8.612519283337e-05 3.709832700343e+01 7.310260853382e-05
20 23 3 1.52719455 1.86354005 1.32908579 2.53200078 1.48956023 3.978265404434e+00 2.792416457470e+00 5.606986353852e-05 3.445273388779e+01 7.347862691623e-05
20 24 3 1.52719455 1.86354005 1.32908579 2.53200078 1.48956023 3.721658991749e+00 2.192918787501e+00 3.547705011409e-05 3.144218996330e+01 7.307649141362e-05
20 25 3 1.52719455 1.86354005 1.32908579 2.53200078 1.48956023 3.638276953960e+00 2.155968250807e+00 2.662143201139e-05 2.983633694112e+01 7.176264241337e-05
20 26 3 1.52719455 1.86354005 1.32908579 2.53200078 1.48956023 3.719065562563e+00 2.658790779966e+00 2.546299104991e-05 3.014414865907e+01 6.961389074971e-05
20 27 3 1.52719455 1.86354005 1.32908579 2.53200078 1.48956023 3.920513880185e+00 3.280537836032e+00 2.545017701348e-05 3.222809881498e+01 6.689463640066e-05
20 28 3 1.52719455 1.86354005 1.32908579 2.53200078 1.48956023 4.047727366072e+00 3.507688516048e+00 2.190053771419e-05 3.464494462621e+01 6.400219577564e-05
20 29 3 1.52719455 1.86354005 1.32908579 2.53200078 1.48956023 3.871718537828e+00 3.111122479527e+00 1.446469787167e-05 3.619495135488e+01 6.139103247071e-05
20 30 3 1.52719455 1.86354005 1.32908579 2.53200078 1.48956023 3.563986867748e+00 2.389258010681e+00 6.558176642554e-06 3.606692693159e+01 5.948940642295e-05
20 31 3 1.52719455 1.86354005 1.32908579 2.53200078 1.48956023 3.603335053387e+00 1.914603196662e+00 2.482625819913e-06 3.413355970054e+01 5.862248947232e-05
20 32 3 1.52719455 1.86354005 1.32908579 2.53200078 1.48956023 4.050266629276e+00 2.035838831304e+00 4.228138781389e-06 3.221760493513e+01 5.895447606398e-05
20 33 3 1.52719455 1.86354005 1.32908579 2.53200078 1.48956023 4.374296182554e+00 2.642514490310e+00 1.000655864711e-05 3.099547401936e+01 6.045899120846e-05
20 34 3 1.52719455 1.86354005 1.32908579 2.53200078 1.48956023 4.240636493301e+00 3.248393489466e+00 1.544932355181e-05 3.142733873886e+01 6.292264287455e-05
20 35 3 1.52719455 1.86354005 1.32908579 2.53200078 1.48956023 3.993752050976e+00 3.334996931190e+00 1.676985252669e-05 3.388302451876e+01 6.598144402321e-05
20 36 3 1.52719455 1.86354005 1.32908579 2.53200078 1.48956023 4.077659541017e+00 2.811551933407e+00 1.395160114684e-05 3.702590827898e+01 6.918465630904e-05
20 37 3 1.52719455 1.86354005 1.32908579 2.53200078 1.48956023 4.427053032535e+00 2.102962797281e+00 1.186978389929e-05 3.986215761934e+01 7.207603433824e-05
20 38 3 1.52719455 1.86354005 1.32908579 2.53200078 1.48956023 4.730167051309e+00 1.753843496859e+00 1.830622834083e-05 4.105518934217e+01 7.427913096698e-05
20 39 3 1.52719455 1.86354005 1.32908579 2.53200078 1.48956023 4.880750597543e+00 2.031790742663e+00 3.955460902358e-05 4.056003354949e+01 7.557185585397e-05
20 40 3 1.52719455 1.86354005 1.32908579 2.53200078 1.48956023 4.900695158405e+00 2.733600985479e+00 7.583052463625e-05 3.902470979809e+01 7.593629954591e-05
20 41 3 1.52719455 1.86354005 1.32908579 2.53200078 1.48956023 4.820499906279e+00 3.283537907099e+00 1.191485422643e-04 3.799773768615e+01 7.557310545411e-05
20 42 3 1.52719455 1.86354005 1.32908579 2.53200078 1.48956023 4.859138241331e+00 3.239190818093e+00 1.553534506283e-04 3.894319703930e+01 7.487516737275e-05
20 43 3 1.52719455 1.86354005 1.32908579 2.53200078 1.48956023 5.282089112255e+00 2.658128435480e+00 1.699587566189e-04 4.169646956888e+01 7.436247893880e-05
20 44 3 1.52719455 1.86354005 1.32908579 2.53200078 1.48956023 5.882330819740e+00 1.962344953301e+00 1.553123137981e-04 4.614309636451e+01 7.458747121316e-05
20 45 3 1.52719455 1.86354005 1.32908579 2.53200078 1.48956023 6.098391756415e+00 1.665229197048e+00 1.155037058348e-04 5.016197388587e+01 7.602676638106e-05
20 46 3 1.52719455 1.86354005 1.32908579 2.53200078 1.48956023 5.864000162582e+00 2.030931428158e+00 6.608045378532e-05 5.271195312655e+01 7.897952023592e-05
20 47 3 1.52719455 1.86354005 1.32908579 2.53200078 1.48956023 5.805298808327e+00 2.795136299070e+00 2.795237864535e-05 5.385465344859e+01 8.349324655805e-05
20 48 3 1.52719455 1.86354005 1.32908579 2.53200078 1.48956023 6.329110204635e+00 3.382998319177e+00 1.784769943892e-05 5.317047265920e+01 8.933459350712e-05
20 49 3 1.52719455 1.86354005 1.32908579 2.53200078 1.48956023 7.042688427022e+00 3.361723621626e+00 3.985403107119e-05 5.261708245742e+01 9.601514727966e-05
20 50 3 1.52719455 1.86354005 1.32908579 2.53200078 1.48956023 7.386886456181e+00 2.692696851749e+00 8.265688871712e-05 5.345672273981e+01 1.028720227061e-04
20 51 3 1.52719455 1.86354005 1.32908579 2.53200078 1.48956023 7.373231024174e+00 1.823728194797e+00 1.247201787663e-04 5.658000286850e+01 1.091915929686e-04
20 52 3 1.52719455 1.86354005 1.32908579 2.53200078 1.48956023 7.390888160386e+00 1.444314489902e+00 1.457283492679e-04 6.169158084008e+01 1.143545188763e-04
20 53 3 1.52719455 1.86354005 1.32908579 2.53200078 1.48956023 7.696635151114e+00 1.883438535622e+00 1.389855809687e-04 6.753216598508e+01 1.179735952729e-04
20 54 3 1.52719455 1.86354005 1.32908579 2.53200078 1.48956023 8.338610773811e+00 2.845111667902e+00 1.181253719206e-04 7.264553069620e+01 1.199946749980e-04
20 55 3 1.52719455 1.86354005 1.32908579 2.53200078 1.48956023 9.176473349916e+00 3.676521044416e+00 1.134909566367e-04 7.491565866479e+01 1.207359243105e-04
20 56 3 1.52719455 1.86354005 1.32908579 2.53200078 1.48956023 9.794613734024e+00 3.716320966791e+00 1.583455139779e-04 7.562666526421e+01 1.208514895931e-04
20 57 3 1.52719455 1.86354005 1.32908579 2.53200078 1.48956023 9.858721200683e+00 2.803727014781e+00 2.705321346313e-04 7.553265294920e+01 1.212205583401e-04
20 58 3 1.52719455 1.86354005 1.32908579 2.53200078 1.48956023 9.735011552762e+00 1.614729691124e+00 4.385304881237e-04 7.638739148585e+01 1.227789321572e-04
20 59 3 1.52719455 1.86354005 1.32908579 2.53200078 1.48956023 1.021508295742e+01 1.074528334781e+00 6.199793925712e-04 8.018239909823e+01 1.263241824184e-04
20 60 3 1.52719455 1.86354005 1.32908579 2.53200078 1.48956023 1.137757216340e+01 1.599804715441e+00 7.555114288023e-04 8.565216579215e+01 1.323339574717e-04
20 61 3 1.52719455 1.86354005 1.32908579 2.53200078 1.48956023 1.231418156101e+01 2.905267368195e+00 7.933072032934e-04 9.305471249705e+01 1.408376706466e-04
20 62 3 1.52719455 1.86354005 1.32908579 2.53200078 1.48956023 1.237623231441e+01 4.051189987174e+00 7.136989834592e-04 1.002100296183e+02 1.513737489765e-04
20 63 3 1.52719455 1.86354005 1.32908579 2.53200078 1.48956023 1.213378741834e+01 4.100997922227e+00 5.417576339552e-04 1.053578720335e+02 1.630488424191e-04
22 0 3 1.97373111 1.87012603 0.97484674 2.52283699 1.08383217 3.286313133739e+01 2.663306328142e+01 1.324692200586e+00 7.140062872759e+01 2.143131510072e+00
22 1 3 1.97373111 1.87012603 0.97484674 2.52283699 1.08383217 3.161994715011e+01 2.591614257527e+01 1.315569837303e+00 6.125559427423e+01 2.060355680533e+00
22 2 3 1.97373111 1.87012603 0.97484674 2.52283699 1.08383217 3.077516815743e+01 2.528403973032e+01 1.314524504989e+00 5.835441573239e+01 2.020545449195e+00
22 3 3 1.97373111 1.87012603 0.97484674 2.52283699 1.08383217 3.082395814701e+01 2.482549499649e+01 1.315453143463e+00 6.288396321525e+01 2.025577793814e+00
22 4 3 1.97373111 1.87012603 0.97484674 2.52283699 1.08383217 3.132700621533e+01 2.445764090951e+01 1.313732633595e+00 7.124594896886e+01 2.060608697487e+00
22 5 3 1.97373111 1.87012603 0.97484674 2.52283699 1.08383217 3.176417517341e+01 2.386861601322e+01 1.301864537005e+00 7.775579455903e+01 2.092791662188e+00
22 6 3 1.97373111 1.87012603 0.97484674 2.52283699 1.08383217 3.203763339353e+01 2.308122850165e+01 1.270391970973e+00 7.804685109467e+01 2.084009700364e+00
22 7 3 1.97373111 1.87012603 0.97484674 2.52283699 1.08383217 3.195595561175e+01 2.224293341836e+01 1.215051705264e+00 7.117625336831e+01 2.012317401209e+00
22 8 3 1.97373111 1.87012603 0.97484674 2.52283699 1.08383217 3.162092954996e+01 2.130637922174e+01 1.142475731189e+00 6.008481297112e+01 1.885471038357e+00
22 9 3 1.97373111 1.87012603 0.97484674 2.52283699 1.08383217 3.096557735628e+01 2.039705785024e+01 1.066916951507e+00 4.986685992293e+01 1.734335042355e+00
22 10 3 1.97373111 1.87012603 0.97484674 2.52283699 1.08383217 2.984017341023e+01 1.967288452176e+01 1.000229461550e+00 4.427088082222e+01 1.592048051053e+00
22 11 3 1.97373111 1.87012603 0.97484674 2.52283699 1.08383217 2.849052487943e+01 1.901543196896e+01 9.451969075534e-01 4.439052238001e+01 1.477606627871e+00
22 12 3 1.97373111 1.87012603 0.97484674 2.52283699 1.08383217 2.721350812600e+01 1.834396087112e+01 8.985129295025e-01 4.852615566396e+01 1.395716897034e+00
22 13 3 1.97373111 1.87012603 0.97484674 2.52283699 1.08383217 2.607625664222e+01 1.778137405390e+01 8.586698010032e-01 5.307971994866e+01 1.346469406607e+00
22 14 3 1.97373111 1.87012603 0.97484674 2.52283699 1.08383217 2.522861349968e+01 1.744003515729e+01 8.290425039891e-01 5.493744081072e+01 1.329890655555e+00
22 15 3 1.97373111 1.87012603 0.97484674 2.52283699 1.08383217 2.486838607550e+01 1.720887018003e+01 8.132861053095e-01 5.273500960105e+01 1.340620596992e+00
22 16 3 1.97373111 1.87012603 0.97484674 2.52283699 1.08383217 2.488739226285e+01 1.687462018923e+01 8.098812569128e-01 4.718822094541e+01 1.362901567936e+00
22 17 3 1.97373111 1.87012603 0.97484674 2.52283699 1.08383217 2.528205923349e+01 1.647857742972e+01 8.131068939805e-01 4.070733900709e+01 1.376594390537e+00
22 18 3 1.97373111 1.87012603 0.97484674 2.52283699 1.08383217 2.573777186104e+01 1.615100525873e+01 8.187953709900e-01 3.613948464062e+01 1.370561800499e+00
22 19 3 1.97373111 1.87012603 0.97484674 2.52283699 1.08383217 2.573590927406e+01 1.584806793135e+01 8.267700171922e-01 3.550845849034e+01 1.348986031605e+00
22 20 3 1.97373111 1.87012603 0.97484674 2.52283699 1.08383217 2.542037809999e+01 1.560826412917e+01 8.363823074695e-01 3.893194650467e+01 1.323171161582e+00
22 21 3 1.97373111 1.87012603 0.97484674 2.52283699 1.08383217 2.495102884371e+01 1.547683144881e+01 8.412723245969e-01 4.425233398199e+01 1.298076200953e+00
22 22 3 1.97373111 1.87012603 0.97484674 2.52283699 1.08383217 2.435723761784e+01 1.525303288115e+01 8.315719651957e-01 4.813915113824e+01 1.268817206641e+00
22 23 3 1.97373111 1.87012603 0.97484674 2.52283699 1.08383217 2.372482029879e+01 1.481185240412e+01 8.028224251993e-01 4.822137335479e+01 1.230128495685e+00
22 24 3 1.97373111 1.87012603 0.97484674 2.52283699 1.08383217 2.299100656166e+01 1.428595218726e+01 7.616667716125e-01 4.432374535803e+01 1.186079865977e+00
22 25 3 1.97373111 1.87012603 0.97484674 2.52283699 1.08383217 2.222243440084e+01 1.383104394342e+01 7.208384982350e-01 3.818998331898e+01 1.147367111636e+00
22 26 3 1.97373111 1.87012603 0.97484674 2.52283699 1.08383217 2.169130033913e+01 1.349449523332e+01 6.881233509698e-01 3.263557492158e+01 1.119315740184e+00
22 27 3 1.97373111 1.87012603 0.97484674 2.52283699 1.08383217 2.157833541091e+01 1.321940371888e+01 6.615688085412e-01 2.982395857164e+01 1.096031584176e+00
22 28 3 1.97373111 1.87012603 0.97484674 2.52283699 1.08383217 2.181371662791e+01 1.295015285539e+01 6.365854589001e-01 3.039380914296e+01 1.069421259078e+00
22 29 3 1.97373111 1.87012603 0.97484674 2.52283699 1.08383217 2.227834294098e+01 1.268747961050e+01 6.166934844934e-01 3.365536001274e+01 1.043436982507e+00
22 30 3 1.97373111 1.87012603 0.97484674 2.52283699 1.08383217 2.274347143898e+01 1.249828053007e+01 6.146272266797e-01 3.788213088388e+01 1.035846384565e+00
22 31 3 1.97373111 1.87012603 0.97484674 2.52283699 1.08383217 2.317262042723e+01 1.261844788168e+01 6.408614562767e-01 4.123746457543e+01 1.062725966891e+00
22 32 3 1.97373111 1.87012603 0.97484674 2.52283699 1.08383217 2.373758843939e+01 1.317769286670e+01 6.911911135388e-01 4.231758662824e+01 1.120846132174e+00
22 33 3 1.97373111 1.87012603 0.97484674 2.52283699 1.08383217 2.411057902215e+01 1.387381793010e+01 7.471823900792e-01 4.047984601385e+01 1.187167787590e+00
22 34 3 1.97373111 1.87012603 0.97484674 2.52283699 1.08383217 2.414452943387e+01 1.439177138840e+01 7.900551356690e-01 3.676542519068e+01 1.237239500780e+00
22 35 3 1.97373111 1.87012603 0.97484674 2.52283699 1.08383217 2.414107505110e+01 1.475492634507e+01 8.142311511065e-01 3.362544529269e+01 1.264218141295e+00
22 36 3 1.97373111 1.87012603 0.97484674 2.52283699 1.08383217 2.423245612268e+01 1.507234033452e+01 8.272675541436e-01 3.353425361483e+01 1.279804751425e+00
22 37 3 1.97373111 1.87012603 0.97484674 2.52283699 1.08383217 2.451483015985e+01 1.540716211504e+01 8.376734223360e-01 3.743348653746e+01 1.298035100556e+00
22 38 3 1.97373111 1.87012603 0.97484674 2.52283699 1.08383217 2.496808218110e+01 1.578015893939e+01 8.447669356519e-01 4.387643269175e+01 1.320615887679e+00
22 39 3 1.97373111 1.87012603 0.97484674 2.52283699 1.08383217 2.550742872113e+01 1.611754654881e+01 8.414220250599e-01 4.971771327046e+01 1.338897697751e+00
22 40 3 1.97373111 1.87012603 0.97484674 2.52283699 1.08383217 2.621624649443e+01 1.631776788843e+01 8.255135990666e-01 5.197478719170e+01 1.347681382752e+00
22 41 3 1.97373111 1.87012603 0.97484674 2.52283699 1.08383217 2.719004433967e+01 1.636439868284e+01 8.063238715636e-01 4.962982118150e+01 1.353191034905e+00
22 42 3 1.97373111 1.87012603 0.97484674 2.52283699 1.08383217 2.822857667821e+01 1.644324928145e+01 7.985491173372e-01 4.414193845904e+01 1.366083593298e+00
22 43 3 1.97373111 1.87012603 0.97484674 2.52283699 1.08383217 2.904645962379e+01 1.676583169135e+01 8.108279733660e-01 3.881268580915e+01 1.389235899430e+00
22 44 3 1.97373111 1.87012603 0.97484674 2.52283699 1.08383217 2.945676308051e+01 1.723575996860e+01 8.412498920330e-01 3.690160654103e+01 1.416307653420e+00
22 45 3 1.97373111 1.87012603 0.97484674 2.52283699 1.08383217 2.929521262321e+01 1.771292552595e+01 8.833560166129e-01 3.989023153482e+01 1.443395368974e+00
22 46 3 1.97373111 1.87012603 0.97484674 2.52283699 1.08383217 2.902052747902e+01 1.824937832665e+01 9.340894574792e-01 4.731464993743e+01 1.479396401417e+00
22 47 3 1.97373111 1.87012603 0.97484674 2.52283699 1.08383217 2.905536024448e+01 1.879241993278e+01 9.943009967412e-01 5.665154405496e+01 1.541527689412e+00
22 48 3 1.97373111 1.87012603 0.97484674 2.52283699 1.08383217 2.927461949579e+01 1.931626128640e+01 1.062832938257e+00 6.413990503278e+01 1.639897497501e+00
22 49 3 1.97373111 1.87012603 0.97484674 2.52283699 1.08383217 2.982793885087e+01 2.002931832783e+01 1.133289986672e+00 6.685325115827e+01 1.767881679712e+00
22 50 3 1.97373111 1.87012603 0.97484674 2.52283699 1.08383217 3.073040155012e+01 2.098792553542e+01 1.198373852089e+00 6.405971394661e+01 1.907805135143e+00
22 51 3 1.97373111 1.87012603 0.97484674 2.52283699 1.08383217 3.186856129537e+01 2.198922530575e+01 1.256082011224e+00 5.827901937040e+01 2.043368559646e+00
22 52 3 1.97373111 1.87012603 0.97484674 2.52283699 1.08383217 3.324937457917e+01 2.289483104669e+01 1.309174941782e+00 5.414480513190e+01 2.163871754478e+00
22 53 3 1.97373111 1.87012603 0.97484674 2.52283699 1.08383217 3.456282856485e+01 2.379311179369e+01 1.358105243103e+00 5.553373795512e+01 2.258148523045e+00
22 54 3 1.97373111 1.87012603 0.97484674 2.52283699 1.08383217 3.542933830288e+01 2.480513618254e+01 1.396794777002e+00 6.357436412336e+01 2.311358724025e+00
22 55 3 1.97373111 1.87012603 0.97484674 2.52283699 1.08383217 3.580516425296e+01 2.576779951945e+01 1.418024753108e+00 7.562124424642e+01 2.315208248130e+00
22 56 3 1.97373111 1.87012603 0.97484674 2.52283699 1.08383217 3.568725949254e+01 2.652792178357e+01 1.423417387312e+00 8.633220211186e+01 2.283979531777e+00
22 57 3 1.97373111 1.87012603 0.97484674 2.52283699 1.08383217 3.486985963636e+01 2.723990993967e+01 1.426574390045e+00 9.093637358693e+01 2.257400878724e+00
22 58 3 1.97373111 1.87012603 0.97484674 2.52283699 1.08383217 3.362425217807e+01 2.792995078478e+01 1.445122307997e+00 8.805323811372e+01 2.282010770480e+00
22 59 3 1.97373111 1.87012603 0.97484674 2.52283699 1.08383217 3.240697520857e+01 2.860464918876e+01 1.489699638415e+00 8.028376879560e+01 2.384290223464e+00
22 60 3 1.97373111 1.87012603 0.97484674 2.52283699 1.08383217 3.173106910284e+01 2.958473558089e+01 1.560651161053e+00 7.285296052153e+01 2.557376123200e+00
22 61 3 1.97373111 1.87012603 0.97484674 2.52283699 1.08383217 3.215630730882e+01 3.093562451677e+01 1.653648679035e+00 7.131152462551e+01 2.769922260541e+00
22 62 3 1.97373111 1.87012603 0.97484674 2.52283699 1.08383217 3.320994813692e+01 3.241978754376e+01 1.765677171678e+00 7.851249653687e+01 2.986241868472e+00
22 63 3 1.97373111 1.87012603 0.97484674 2.52283699 1.08383217 3.444581868289e+01 3.404456276034e+01 1.894181592698e+00 9.333632428457e+01 3.181246124549e+00
