# environment=00279 local_bs=2 gain_scale=2.702713485892e-14
# ue subcarrier serving_bs phi0 phi1 phi2 phi3 phi4 gain0 gain1 gain2 gain3 gain4
5 0 2 1.19008423 0.71736948 1.58183727 0.65578336 0.61636001 2.216754675029e+01 1.337018219626e-01 6.849238247929e+01 2.387697115738e+00 1.058055658352e+00
5 1 2 1.19008423 0.71736948 1.58183727 0.65578336 0.61636001 2.225880320844e+01 1.218883650576e-01 6.575369573373e+01 2.250727512698e+00 9.949034154082e-01
5 2 2 1.19008423 0.71736948 1.58183727 0.65578336 0.61636001 2.017669760521e+01 1.271234434522e-01 6.375534937819e+01 2.086428841335e+00 9.225747153666e-01
5 3 2 1.19008423 0.71736948 1.58183727 0.65578336 0.61636001 2.018703021602e+01 1.184171437101e-01 6.110799426753e+01 2.046479182696e+00 9.041583006160e-01
5 4 2 1.19008423 0.71736948 1.58183727 0.65578336 0.61636001 1.958783781103e+01 1.000661503304e-01 5.927573204126e+01 2.002244472357e+00 8.730187545332e-01
5 5 2 1.19008423 0.71736948 1.58183727 0.65578336 0.61636001 1.806203167555e+01 9.552603480440e-02 5.677936312174e+01 1.893563875776e+00 8.436438384836e-01
5 6 2 1.19008423 0.71736948 1.58183727 0.65578336 0.61636001 1.841089459961e+01 9.386339298296e-02 5.512241423961e+01 1.780465507038e+00 7.766297463000e-01
5 7 2 1.19008423 0.71736948 1.58183727 0.65578336 0.61636001 1.731541784389e+01 8.847503992675e-02 5.285793953094e+01 1.680396907756e+00 7.615695914874e-01
5 8 2 1.19008423 0.71736948 1.58183727 0.65578336 0.61636001 1.606879962621e+01 8.623870377051e-02 5.112071358746e+01 1.602663029796e+00 7.498379306842e-01
5 9 2 1.19008423 0.71736948 1.58183727 0.65578336 0.61636001 1.686807256217e+01 8.742239651401e-02 4.943709297969e+01 1.500412516304e+00 7.216535358901e-01
5 10 2 1.19008423 0.71736948 1.58183727 0.65578336 0.61636001 1.521151276791e+01 8.446458238250e-02 4.739393520842e+01 1.463002478163e+00 6.998813376300e-01
5 11 2 1.19008423 0.71736948 1.58183727 0.65578336 0.61636001 1.464696785622e+01 9.179020593966e-02 4.618646809346e+01 1.425819312364e+00 6.753476629006e-01
5 12 2 1.19008423 0.71736948 1.58183727 0.65578336 0.61636001 1.522674821714e+01 9.103674247056e-02 4.431349277723e+01 1.347875274001e+00 6.885346245551e-01
5 13 2 1.19008423 0.71736948 1.58183727 0.65578336 0.61636001 1.333328929264e+01 8.501850967176e-02 4.291859782156e+01 1.319357145495e+00 6.594165622474e-01
5 14 2 1.19008423 0.71736948 1.58183727 0.65578336 0.61636001 1.376874218730e+01 7.733737010413e-02 4.174485839034e+01 1.249356099513e+00 6.268033728510e-01
5 15 2 1.19008423 0.71736948 1.58183727 0.65578336 0.61636001 1.348322798364e+01 8.121927683122e-02 4.004192592092e+01 1.149371527817e+00 5.999121907441e-01
5 16 2 1.19008423 0.71736948 1.58183727 0.65578336 0.61636001 1.200511285402e+01 7.263944016175e-02 3.923109490600e+01 1.094351585984e+00 5.876374253695e-01
5 17 2 1.19008423 0.71736948 1.58183727 0.65578336 0.61636001 1.286664548046e+01 6.669299266686e-02 3.780149898923e+01 1.078928127944e+00 5.773785542460e-01
5 18 2 1.19008423 0.71736948 1.58183727 0.65578336 0.61636001 1.201011272183e+01 6.043256789299e-02 3.686970653919e+01 1.050592760497e+00 5.331895959966e-01
5 19 2 1.19008423 0.71736948 1.58183727 0.65578336 0.61636001 1.122177696844e+01 6.071532522125e-02 3.583200802412e+01 1.025526114682e+00 5.351939789419e-01
5 20 2 1.19008423 0.71736948 1.58183727 0.65578336 0.61636001 1.180572701112e+01 5.810494751572e-02 3.505041840349e+01 1.036044093440e+00 5.332539225829e-01
5 21 2 1.19008423 0.71736948 1.58183727 0.65578336 0.61636001 1.095405432924e+01 6.331505832039e-02 3.398428595717e+01 9.898158581215e-01 5.288462528792e-01
5 22 2 1.19008423 0.71736948 1.58183727 0.65578336 0.61636001 1.067934432923e+01 5.925515687739e-02 3.357873543324e+01 8.902145251735e-01 5.135364152425e-01
5 23 2 1.19008423 0.71736948 1.58183727 0.65578336 0.61636001 1.099637381922e+01 6.067970623973e-02 3.267462422328e+01 8.422683548987e-01 4.938533475361e-01
5 24 2 1.19008423 0.71736948 1.58183727 0.65578336 0.61636001 1.016421705356e+01 6.277138116299e-02 3.209234091041e+01 8.534696449895e-01 5.050011999930e-01
5 25 2 1.19008423 0.71736948 1.58183727 0.65578336 0.61636001 1.023765099530e+01 6.668341131652e-02 3.194721778226e+01 8.476592160334e-01 4.864090984172e-01
5 26 2 1.19008423 0.71736948 1.58183727 0.65578336 0.61636001 1.056355342812e+01 6.330445148809e-02 3.095104552970e+01 8.564235751555e-01 4.740613085422e-01
5 27 2 1.19008423 0.71736948 1.58183727 0.65578336 0.61636001 9.648450597092e+00 5.920822278367e-02 3.120160424694e+01 8.877957764206e-01 4.608761391449e-01
5 28 2 1.19008423 0.71736948 1.58183727 0.65578336 0.61636001 1.000129725825e+01 5.252577170174e-02 3.066335046036e+01 8.691731094705e-01 4.646951467187e-01
5 29 2 1.19008423 0.71736948 1.58183727 0.65578336 0.61636001 1.019242480059e+01 5.792597508306e-02 3.032144166708e+01 8.347605431208e-01 4.754996080038e-01
5 30 2 1.19008423 0.71736948 1.58183727 0.65578336 0.61636001 9.596553624649e+00 5.797746006533e-02 3.085784161531e+01 7.832906589617e-01 4.575723022999e-01
5 31 2 1.19008423 0.71736948 1.58183727 0.65578336 0.61636001 1.003792775004e+01 4.644815220878e-02 3.000737738959e+01 7.732116453427e-01 4.613842606757e-01
5 32 2 1.19008423 0.71736948 1.58183727 0.65578336 0.61636001 9.801894628124e+00 4.663251609667e-02 3.086387202038e+01 8.458037731218e-01 4.708802855452e-01
5 33 2 1.19008423 0.71736948 1.58183727 0.65578336 0.61636001 9.965654519429e+00 5.835573704167e-02 3.054570154500e+01 9.151246235611e-01 4.854229250981e-01
5 34 2 1.19008423 0.71736948 1.58183727 0.65578336 0.61636001 1.028538542887e+01 5.861600905587e-02 3.090754123643e+01 9.577522611970e-01 4.784288218605e-01
5 35 2 1.19008423 0.71736948 1.58183727 0.65578336 0.61636001 9.742220031352e+00 5.336017512634e-02 3.132679252392e+01 9.490339790399e-01 4.806009197967e-01
5 36 2 1.19008423 0.71736948 1.58183727 0.65578336 0.61636001 1.046585080844e+01 6.045738040021e-02 3.164877498345e+01 9.243628065316e-01 5.042842434570e-01
5 37 2 1.19008423 0.71736948 1.58183727 0.65578336 0.61636001 1.067662870097e+01 6.484525339735e-02 3.201114985226e+01 9.338604272580e-01 5.108687444271e-01
5 38 2 1.19008423 0.71736948 1.58183727 0.65578336 0.61636001 1.020749155252e+01 6.867262872740e-02 3.294618525179e+01 9.706469487292e-01 5.187582959165e-01
5 39 2 1.19008423 0.71736948 1.58183727 0.65578336 0.61636001 1.105220264630e+01 6.474327689394e-02 3.310885272554e+01 1.012651984861e+00 5.096396690247e-01
5 40 2 1.19008423 0.71736948 1.58183727 0.65578336 0.61636001 1.121133682067e+01 6.287836342972e-02 3.422613333995e+01 1.073603089133e+00 5.320826590710e-01
5 41 2 1.19008423 0.71736948 1.58183727 0.65578336 0.61636001 1.097914262006e+01 6.157239784898e-02 3.491171075928e+01 1.178578270333e+00 5.473176484502e-01
5 42 2 1.19008423 0.71736948 1.58183727 0.65578336 0.61636001 1.200932496909e+01 6.598003459268e-02 3.564924601888e+01 1.213118866968e+00 5.471485250905e-01
5 43 2 1.19008423 0.71736948 1.58183727 0.65578336 0.61636001 1.187059943312e+01 6.070265983119e-02 3.691221972956e+01 1.177003102773e+00 5.637101063336e-01
5 44 2 1.19008423 0.71736948 1.58183727 0.65578336 0.61636001 1.192435923658e+01 6.362741210565e-02 3.776754160911e+01 1.194726493558e+00 5.794206564224e-01
5 45 2 1.19008423 0.71736948 1.58183727 0.65578336 0.61636001 1.336382685454e+01 6.342492436230e-02 3.883437412805e+01 1.257028516062e+00 6.305999946562e-01
5 46 2 1.19008423 0.71736948 1.58183727 0.65578336 0.61636001 1.264808394021e+01 7.024806233720e-02 4.042594189002e+01 1.296864563446e+00 6.339017150426e-01
5 47 2 1.19008423 0.71736948 1.58183727 0.65578336 0.61636001 1.331449605715e+01 7.664019051786e-02 4.116492060428e+01 1.360995482619e+00 6.429952708991e-01
5 48 2 1.19008423 0.71736948 1.58183727 0.65578336 0.61636001 1.468747619809e+01 8.578643374894e-02 4.309708769354e+01 1.477499488751e+00 6.797902831230e-01
5 49 2 1.19008423 0.71736948 1.58183727 0.65578336 0.61636001 1.370288595527e+01 8.183153556326e-02 4.417042428844e+01 1.524268303516e+00 6.957317063755e-01
5 50 2 1.19008423 0.71736948 1.58183727 0.65578336 0.61636001 1.527856870808e+01 9.001372167638e-02 4.589772735694e+01 1.546470394875e+00 7.159952672896e-01
5 51 2 1.19008423 0.71736948 1.58183727 0.65578336 0.61636001 1.579308278082e+01 9.649346259602e-02 4.745703952949e+01 1.596003500957e+00 7.084637578281e-01
5 52 2 1.19008423 0.71736948 1.58183727 0.65578336 0.61636001 1.527198668033e+01 9.732073936567e-02 4.923745401846e+01 1.643856268344e+00 7.539431167926e-01
5 53 2 1.19008423 0.71736948 1.58183727 0.65578336 0.61636001 1.738996184704e+01 8.949360584994e-02 5.085190793314e+01 1.698112341394e+00 7.980513692795e-01
5 54 2 1.19008423 0.71736948 1.58183727 0.65578336 0.61636001 1.710528500445e+01 9.269480139350e-02 5.297588498400e+01 1.772453634752e+00 8.243704301492e-01
5 55 2 1.19008423 0.71736948 1.58183727 0.65578336 0.61636001 1.734773007444e+01 9.150643931176e-02 5.467333073282e+01 1.888149899165e+00 8.576885452845e-01
5 56 2 1.19008423 0.71736948 1.58183727 0.65578336 0.61636001 1.929372156979e+01 9.381663407226e-02 5.685413770456e+01 1.943403045663e+00 8.922862213282e-01
5 57 2 1.19008423 0.71736948 1.58183727 0.65578336 0.61636001 1.891664958462e+01 9.967411371744e-02 5.893616496176e+01 2.016128220469e+00 9.648840788330e-01
5 58 2 1.19008423 0.71736948 1.58183727 0.65578336 0.61636001 1.975367742616e+01 1.014024499638e-01 6.111114433854e+01 2.102544737502e+00 9.823287363604e-01
5 59 2 1.19008423 0.71736948 1.58183727 0.65578336 0.61636001 2.128743151257e+01 1.062412825686e-01 6.331382529203e+01 2.093994452131e+00 1.003195093775e+00
5 60 2 1.19008423 0.71736948 1.58183727 0.65578336 0.61636001 2.091372867056e+01 1.259171116939e-01 6.593705746457e+01 2.134879372486e+00 1.037540079753e+00
5 61 2 1.19008423 0.71736948 1.58183727 0.65578336 0.61636001 2.250931951804e+01 1.349636211009e-01 6.787912469652e+01 2.243362497007e+00 1.099718185919e+00
5 62 2 1.19008423 0.71736948 1.58183727 0.65578336 0.61636001 2.360102412058e+01 1.292612345968e-01 7.104338757807e+01 2.354305995706e+00 1.133974180059e+00
5 63 2 1.19008423 0.71736948 1.58183727 0.65578336 0.61636001 2.299766615423e+01 1.419000382073e-01 7.295464786952e+01 2.361647468931e+00 1.113522930406e+00
7 0 2 1.53034195 0.77173007 6.01895930 0.56308662 0.58921485 6.014196265073e+01 1.499458388258e-01 1.051795877807e+04 9.319023717264e-01 1.328904457489e+00
7 1 2 1.53034195 0.77173007 6.01895930 0.56308662 0.58921485 5.774431950049e+01 1.425671519286e-01 1.013714970656e+04 8.657142030030e-01 1.309763484101e+00
7 2 2 1.53034195 0.77173007 6.01895930 0.56308662 0.58921485 5.596991401611e+01 1.365647742140e-01 9.799960624675e+03 8.408686501462e-01 1.248827253137e+00
7 3 2 1.53034195 0.77173007 6.01895930 0.56308662 0.58921485 5.375297784740e+01 1.327360174904e-01 9.500849831699e+03 8.428274465339e-01 1.234323150840e+00
7 4 2 1.53034195 0.77173007 6.01895930 0.56308662 0.58921485 5.193777047565e+01 1.187073967435e-01 9.193359272344e+03 8.077078551962e-01 1.157218378861e+00
7 5 2 1.53034195 0.77173007 6.01895930 0.56308662 0.58921485 5.002218181862e+01 1.144608588879e-01 8.867430958232e+03 7.550984663408e-01 1.130061576951e+00
7 6 2 1.53034195 0.77173007 6.01895930 0.56308662 0.58921485 4.842640381206e+01 1.279535449668e-01 8.559010814099e+03 7.234510390399e-01 1.049229003111e+00
7 7 2 1.53034195 0.77173007 6.01895930 0.56308662 0.58921485 4.622160760411e+01 1.257899225473e-01 8.296897233256e+03 6.920180629398e-01 1.019840469728e+00
7 8 2 1.53034195 0.77173007 6.01895930 0.56308662 0.58921485 4.522472409280e+01 1.154848988407e-01 8.047961832134e+03 6.765556216277e-01 9.593387105219e-01
7 9 2 1.53034195 0.77173007 6.01895930 0.56308662 0.58921485 4.313391935769e+01 1.127708793057e-01 7.771724960708e+03 6.916405720049e-01 9.636631811213e-01
7 10 2 1.53034195 0.77173007 6.01895930 0.56308662 0.58921485 4.183853220059e+01 1.082245399933e-01 7.505079915670e+03 6.639373421075e-01 9.278505733981e-01
7 11 2 1.53034195 0.77173007 6.01895930 0.56308662 0.58921485 4.024940018009e+01 9.965826985201e-02 7.281697736900e+03 5.987699749122e-01 9.374221343269e-01
7 12 2 1.53034195 0.77173007 6.01895930 0.56308662 0.58921485 3.924898935775e+01 9.650659095952e-02 7.073682223037e+03 5.809249666207e-01 9.022760074177e-01
7 13 2 1.53034195 0.77173007 6.01895930 0.56308662 0.58921485 3.745968970193e+01 1.024084143784e-01 6.859335869482e+03 5.972701644991e-01 8.963410389780e-01
7 14 2 1.53034195 0.77173007 6.01895930 0.56308662 0.58921485 3.655023042156e+01 1.048480649607e-01 6.641152427902e+03 5.912516728867e-01 8.329199271292e-01
7 15 2 1.53034195 0.77173007 6.01895930 0.56308662 0.58921485 3.544611639700e+01 9.821044245845e-02 6.445506206865e+03 5.651277197601e-01 8.083772528224e-01
7 16 2 1.53034195 0.77173007 6.01895930 0.56308662 0.58921485 3.416529774417e+01 9.080637075526e-02 6.288256325848e+03 5.349079182021e-01 7.494546448848e-01
7 17 2 1.53034195 0.77173007 6.01895930 0.56308662 0.58921485 3.335783259111e+01 8.759678305906e-02 6.130134437893e+03 5.015973326506e-01 7.283867974836e-01
7 18 2 1.53034195 0.77173007 6.01895930 0.56308662 0.58921485 3.222863175373e+01 8.341620485642e-02 5.955864499308e+03 4.986704177139e-01 6.839098570493e-01
7 19 2 1.53034195 0.77173007 6.01895930 0.56308662 0.58921485 3.164880307359e+01 8.418398252432e-02 5.805318812489e+03 5.235715779661e-01 6.862500943858e-01
7 20 2 1.53034195 0.77173007 6.01895930 0.56308662 0.58921485 3.059119703014e+01 8.607232505366e-02 5.689607751492e+03 5.054020690710e-01 6.545599094272e-01
7 21 2 1.53034195 0.77173007 6.01895930 0.56308662 0.58921485 2.998554411033e+01 8.379704821189e-02 5.579603833749e+03 4.602377501138e-01 6.494406174136e-01
7 22 2 1.53034195 0.77173007 6.01895930 0.56308662 0.58921485 2.928068001746e+01 8.610748373461e-02 5.462649154809e+03 4.501386025123e-01 6.162810333668e-01
7 23 2 1.53034195 0.77173007 6.01895930 0.56308662 0.58921485 2.891971449938e+01 8.189630447600e-02 5.355763599891e+03 4.540664638534e-01 6.059934820535e-01
7 24 2 1.53034195 0.77173007 6.01895930 0.56308662 0.58921485 2.800833180311e+01 7.083344408342e-02 5.275491026697e+03 4.442199925813e-01 5.629961376367e-01
7 25 2 1.53034195 0.77173007 6.01895930 0.56308662 0.58921485 2.793197418735e+01 7.126192243005e-02 5.218702735628e+03 4.359818636745e-01 5.562902311595e-01
7 26 2 1.53034195 0.77173007 6.01895930 0.56308662 0.58921485 2.739836945136e+01 8.051999402812e-02 5.159292205193e+03 4.338815186653e-01 5.362670501730e-01
7 27 2 1.53034195 0.77173007 6.01895930 0.56308662 0.58921485 2.726675783984e+01 7.753791812445e-02 5.090998099692e+03 4.270573879469e-01 5.439265756101e-01
7 28 2 1.53034195 0.77173007 6.01895930 0.56308662 0.58921485 2.673608186058e+01 7.214805499814e-02 5.054956034168e+03 4.294226043554e-01 5.383006838393e-01
7 29 2 1.53034195 0.77173007 6.01895930 0.56308662 0.58921485 2.690230888907e+01 8.015435806314e-02 5.049876587512e+03 4.369333026165e-01 5.644055293077e-01
7 30 2 1.53034195 0.77173007 6.01895930 0.56308662 0.58921485 2.687485646673e+01 7.838327688265e-02 5.034222918672e+03 4.173325181244e-01 5.600975631634e-01
7 31 2 1.53034195 0.77173007 6.01895930 0.56308662 0.58921485 2.646038748332e+01 6.707508373774e-02 5.021831471303e+03 4.058670862422e-01 5.715087330676e-01
7 32 2 1.53034195 0.77173007 6.01895930 0.56308662 0.58921485 2.691369689827e+01 6.734550454626e-02 5.030837873016e+03 4.344118049972e-01 5.647102914948e-01
7 33 2 1.53034195 0.77173007 6.01895930 0.56308662 0.58921485 2.702221372974e+01 7.886768703002e-02 5.057630318033e+03 4.553082682816e-01 5.747431956991e-01
7 34 2 1.53034195 0.77173007 6.01895930 0.56308662 0.58921485 2.707345057391e+01 8.094114057051e-02 5.104702127612e+03 4.502620405224e-01 5.638751413156e-01
7 35 2 1.53034195 0.77173007 6.01895930 0.56308662 0.58921485 2.731667355952e+01 7.323689965668e-02 5.146364185259e+03 4.495075692735e-01 5.874572031401e-01
7 36 2 1.53034195 0.77173007 6.01895930 0.56308662 0.58921485 2.797112615830e+01 7.889250214546e-02 5.185778721090e+03 4.612872212334e-01 6.030353535804e-01
7 37 2 1.53034195 0.77173007 6.01895930 0.56308662 0.58921485 2.813189567913e+01 8.229235450988e-02 5.264387320866e+03 4.714411855764e-01 6.369980526415e-01
7 38 2 1.53034195 0.77173007 6.01895930 0.56308662 0.58921485 2.863492092948e+01 7.303389404424e-02 5.363877826678e+03 4.844561616543e-01 6.593501623527e-01
7 39 2 1.53034195 0.77173007 6.01895930 0.56308662 0.58921485 2.931070407423e+01 7.283796583923e-02 5.450413710396e+03 5.001231222174e-01 7.018588522580e-01
7 40 2 1.53034195 0.77173007 6.01895930 0.56308662 0.58921485 2.995982281881e+01 8.459297097717e-02 5.541229979535e+03 5.032109754459e-01 7.134134816320e-01
7 41 2 1.53034195 0.77173007 6.01895930 0.56308662 0.58921485 3.058575007180e+01 8.918842689969e-02 5.659804897682e+03 5.244446558681e-01 7.336159670902e-01
7 42 2 1.53034195 0.77173007 6.01895930 0.56308662 0.58921485 3.136717480030e+01 8.687994003501e-02 5.802970478845e+03 5.670951071584e-01 7.447703471142e-01
7 43 2 1.53034195 0.77173007 6.01895930 0.56308662 0.58921485 3.230094965798e+01 8.953843543512e-02 5.949325925226e+03 5.735540286653e-01 7.673445220475e-01
7 44 2 1.53034195 0.77173007 6.01895930 0.56308662 0.58921485 3.330631317659e+01 8.773080177608e-02 6.087527824863e+03 5.554094825795e-01 7.797596964245e-01
7 45 2 1.53034195 0.77173007 6.01895930 0.56308662 0.58921485 3.400283776544e+01 8.695765591280e-02 6.239535594750e+03 5.703104485691e-01 8.202631979178e-01
7 46 2 1.53034195 0.77173007 6.01895930 0.56308662 0.58921485 3.542439785498e+01 9.171449842938e-02 6.431180822840e+03 6.197107425005e-01 8.569715579025e-01
7 47 2 1.53034195 0.77173007 6.01895930 0.56308662 0.58921485 3.633314688503e+01 9.509759844537e-02 6.635706542870e+03 6.595470802971e-01 8.936183406215e-01
7 48 2 1.53034195 0.77173007 6.01895930 0.56308662 0.58921485 3.770389433830e+01 1.029967975069e-01 6.817575373605e+03 6.746763248798e-01 9.216947852157e-01
7 49 2 1.53034195 0.77173007 6.01895930 0.56308662 0.58921485 3.884377315466e+01 1.102239849310e-01 7.011347590491e+03 6.787063981648e-01 9.493127591108e-01
7 50 2 1.53034195 0.77173007 6.01895930 0.56308662 0.58921485 4.016476170891e+01 1.074174678972e-01 7.247158143803e+03 6.828289183287e-01 9.567212108613e-01
7 51 2 1.53034195 0.77173007 6.01895930 0.56308662 0.58921485 4.196356812312e+01 1.012944625301e-01 7.496925550044e+03 7.273599041295e-01 9.618487093314e-01
7 52 2 1.53034195 0.77173007 6.01895930 0.56308662 0.58921485 4.293663804463e+01 1.048595196484e-01 7.738515448503e+03 8.017784435824e-01 9.827266700727e-01
7 53 2 1.53034195 0.77173007 6.01895930 0.56308662 0.58921485 4.473083507406e+01 1.137711720450e-01 7.974650751438e+03 8.301228252882e-01 1.010416512447e+00
7 54 2 1.53034195 0.77173007 6.01895930 0.56308662 0.58921485 4.664267312919e+01 1.186829775014e-01 8.237790805998e+03 8.240208949871e-01 1.055164097437e+00
7 55 2 1.53034195 0.77173007 6.01895930 0.56308662 0.58921485 4.789674543055e+01 1.216336540936e-01 8.544669365716e+03 8.517476453702e-01 1.115404441191e+00
7 56 2 1.53034195 0.77173007 6.01895930 0.56308662 0.58921485 4.990460513876e+01 1.322514058141e-01 8.843643761102e+03 9.174567631849e-01 1.190828559331e+00
7 57 2 1.53034195 0.77173007 6.01895930 0.56308662 0.58921485 5.187842600608e+01 1.346185149680e-01 9.117036486463e+03 9.781232279102e-01 1.243428152851e+00
7 58 2 1.53034195 0.77173007 6.01895930 0.56308662 0.58921485 5.358614898156e+01 1.200821468504e-01 9.419235455099e+03 1.025874590156e+00 1.304388291480e+00
7 59 2 1.53034195 0.77173007 6.01895930 0.56308662 0.58921485 5.568952755027e+01 1.245911009186e-01 9.768104063803e+03 1.066467808406e+00 1.343488238376e+00
7 60 2 1.53034195 0.77173007 6.01895930 0.56308662 0.58921485 5.782291574918e+01 1.397360039645e-01 1.012203025702e+04 1.085233410872e+00 1.394709333373e+00
7 61 2 1.53034195 0.77173007 6.01895930 0.56308662 0.58921485 5.978804160735e+01 1.433110314363e-01 1.045062740345e+04 1.126878460295e+00 1.425659247422e+00
7 62 2 1.53034195 0.77173007 6.01895930 0.56308662 0.58921485 6.220776751314e+01 1.496857819635e-01 1.078153859979e+04 1.213304811145e+00 1.506945198968e+00
7 63 2 1.53034195 0.77173007 6.01895930 0.56308662 0.58921485 6.434439719028e+01 1.573786428155e-01 1.116298137738e+04 1.278469824281e+00 1.571003473316e+00
14 0 2 1.42022318 0.80870357 1.64252068 0.71695864 0.68294914 3.591162003951e+01 3.745071550153e-01 7.991512927267e+01 3.205282011875e+00 1.816702801461e+00
14 1 2 1.42022318 0.80870357 1.64252068 0.71695864 0.68294914 5.343553848915e+01 3.607468506643e-01 7.555275126340e+01 3.068136965530e+00 1.844663012769e+00
14 2 2 1.42022318 0.80870357 1.64252068 0.71695864 0.68294914 3.286319104251e+01 3.546808660641e-01 7.453882192791e+01 2.894550212427e+00 1.778570127341e+00
14 3 2 1.42022318 0.80870357 1.64252068 0.71695864 0.68294914 4.903860362345e+01 3.361399303226e-01 7.026328765346e+01 2.787629896617e+00 1.685022322611e+00
14 4 2 1.42022318 0.80870357 1.64252068 0.71695864 0.68294914 3.195605303987e+01 3.035961189044e-01 6.903096965029e+01 2.679693595813e+00 1.647459779057e+00
14 5 2 1.42022318 0.80870357 1.64252068 0.71695864 0.68294914 4.389442530920e+01 2.800902880605e-01 6.573732922560e+01 2.510643306593e+00 1.565348011026e+00
14 6 2 1.42022318 0.80870357 1.64252068 0.71695864 0.68294914 3.120080142544e+01 2.816040920935e-01 6.373842620844e+01 2.386945069539e+00 1.501518685041e+00
14 7 2 1.42022318 0.80870357 1.64252068 0.71695864 0.68294914 3.933089395048e+01 2.652401057917e-01 6.148713137689e+01 2.274103292429e+00 1.377175232387e+00
14 8 2 1.42022318 0.80870357 1.64252068 0.71695864 0.68294914 2.970850268916e+01 2.567795897202e-01 5.912213636433e+01 2.123530045654e+00 1.342835917188e+00
14 9 2 1.42022318 0.80870357 1.64252068 0.71695864 0.68294914 3.621703862716e+01 2.521873771367e-01 5.724567853214e+01 2.053853196791e+00 1.305824010580e+00
14 10 2 1.42022318 0.80870357 1.64252068 0.71695864 0.68294914 2.848899882653e+01 2.553241463102e-01 5.517121265726e+01 2.021578353333e+00 1.265420939564e+00
14 11 2 1.42022318 0.80870357 1.64252068 0.71695864 0.68294914 3.209699463900e+01 2.537175858162e-01 5.327152391482e+01 1.902219280460e+00 1.209577756123e+00
14 12 2 1.42022318 0.80870357 1.64252068 0.71695864 0.68294914 2.810599317105e+01 2.592045210060e-01 5.150324801245e+01 1.798620842710e+00 1.176883316615e+00
14 13 2 1.42022318 0.80870357 1.64252068 0.71695864 0.68294914 2.903296459652e+01 2.405755202252e-01 4.990319625679e+01 1.779134260952e+00 1.183302187460e+00
14 14 2 1.42022318 0.80870357 1.64252068 0.71695864 0.68294914 2.623901885272e+01 2.258476884288e-01 4.796468865721e+01 1.712931358220e+00 1.113917095722e+00
14 15 2 1.42022318 0.80870357 1.64252068 0.71695864 0.68294914 2.783344880381e+01 2.275864300052e-01 4.705597287996e+01 1.576476827192e+00 1.076898236658e+00
14 16 2 1.42022318 0.80870357 1.64252068 0.71695864 0.68294914 2.351779634907e+01 2.148336274640e-01 4.483296300445e+01 1.509384559064e+00 1.043656911506e+00
14 17 2 1.42022318 0.80870357 1.64252068 0.71695864 0.68294914 2.734234805648e+01 1.931415919361e-01 4.438657186064e+01 1.505872513632e+00 1.047019134650e+00
14 18 2 1.42022318 0.80870357 1.64252068 0.71695864 0.68294914 2.170509695197e+01 1.834321026105e-01 4.236698291920e+01 1.461429169362e+00 1.002943272244e+00
14 19 2 1.42022318 0.80870357 1.64252068 0.71695864 0.68294914 2.591653422700e+01 1.816148519563e-01 4.182190686511e+01 1.431270875367e+00 9.671562702619e-01
14 20 2 1.42022318 0.80870357 1.64252068 0.71695864 0.68294914 2.032409639999e+01 1.739270116169e-01 4.043061737138e+01 1.412329516652e+00 9.696561535426e-01
14 21 2 1.42022318 0.80870357 1.64252068 0.71695864 0.68294914 2.547811266318e+01 1.825273330642e-01 3.964109941190e+01 1.303938980169e+00 9.465172899978e-01
14 22 2 1.42022318 0.80870357 1.64252068 0.71695864 0.68294914 1.851821763816e+01 1.746634682541e-01 3.873180878110e+01 1.241253813706e+00 9.294825552566e-01
14 23 2 1.42022318 0.80870357 1.64252068 0.71695864 0.68294914 2.550708569385e+01 1.748770640670e-01 3.802756914441e+01 1.284675589327e+00 8.759964140089e-01
14 24 2 1.42022318 0.80870357 1.64252068 0.71695864 0.68294914 1.710785689459e+01 1.785390621034e-01 3.726998085312e+01 1.231215447906e+00 8.801352978735e-01
14 25 2 1.42022318 0.80870357 1.64252068 0.71695864 0.68294914 2.507913003569e+01 1.866013084084e-01 3.680689524868e+01 1.147812323401e+00 8.627108229469e-01
14 26 2 1.42022318 0.80870357 1.64252068 0.71695864 0.68294914 1.723437887003e+01 1.771048375582e-01 3.630777584872e+01 1.194537846710e+00 8.398361160314e-01
14 27 2 1.42022318 0.80870357 1.64252068 0.71695864 0.68294914 2.364117624163e+01 1.691783983983e-01 3.575183502964e+01 1.224503081468e+00 8.215686489084e-01
14 28 2 1.42022318 0.80870357 1.64252068 0.71695864 0.68294914 1.722032267337e+01 1.556879893444e-01 3.592934731086e+01 1.208111655886e+00 8.163913924062e-01
14 29 2 1.42022318 0.80870357 1.64252068 0.71695864 0.68294914 2.327461541307e+01 1.658284843400e-01 3.497284846848e+01 1.215172071633e+00 8.419905915229e-01
14 30 2 1.42022318 0.80870357 1.64252068 0.71695864 0.68294914 1.782366747063e+01 1.648359112256e-01 3.586488301189e+01 1.136329566497e+00 8.139562542289e-01
14 31 2 1.42022318 0.80870357 1.64252068 0.71695864 0.68294914 2.192800405795e+01 1.420643627399e-01 3.480062817456e+01 1.078699479134e+00 8.169079382588e-01
14 32 2 1.42022318 0.80870357 1.64252068 0.71695864 0.68294914 1.885789801926e+01 1.423496546323e-01 3.584689003148e+01 1.208493628632e+00 8.283872842786e-01
14 33 2 1.42022318 0.80870357 1.64252068 0.71695864 0.68294914 2.134199683504e+01 1.654851831575e-01 3.532719246700e+01 1.317029737673e+00 8.525006040017e-01
14 34 2 1.42022318 0.80870357 1.64252068 0.71695864 0.68294914 2.011952722289e+01 1.671089537567e-01 3.598881917845e+01 1.301510110113e+00 8.423551252669e-01
14 35 2 1.42022318 0.80870357 1.64252068 0.71695864 0.68294914 2.045451313556e+01 1.572554956103e-01 3.627060527109e+01 1.304786948450e+00 8.476005285135e-01
14 36 2 1.42022318 0.80870357 1.64252068 0.71695864 0.68294914 2.102498282301e+01 1.714471020132e-01 3.664063090869e+01 1.298812941390e+00 8.861597081173e-01
14 37 2 1.42022318 0.80870357 1.64252068 0.71695864 0.68294914 2.118355380743e+01 1.799093782891e-01 3.734875734387e+01 1.297603100426e+00 9.002765895522e-01
14 38 2 1.42022318 0.80870357 1.64252068 0.71695864 0.68294914 2.160831995359e+01 1.902896907408e-01 3.792572221471e+01 1.411254526428e+00 9.204473327017e-01
14 39 2 1.42022318 0.80870357 1.64252068 0.71695864 0.68294914 2.139900481162e+01 1.822147562067e-01 3.863313168317e+01 1.496024172485e+00 9.139154532767e-01
14 40 2 1.42022318 0.80870357 1.64252068 0.71695864 0.68294914 2.312818469949e+01 1.789580503794e-01 3.962041642473e+01 1.473528190048e+00 9.656564443908e-01
14 41 2 1.42022318 0.80870357 1.64252068 0.71695864 0.68294914 2.220516186236e+01 1.790234228013e-01 4.039472628906e+01 1.539559914421e+00 9.776747224196e-01
14 42 2 1.42022318 0.80870357 1.64252068 0.71695864 0.68294914 2.376737563357e+01 1.874345833860e-01 4.151933669155e+01 1.671779152538e+00 9.830411528742e-01
14 43 2 1.42022318 0.80870357 1.64252068 0.71695864 0.68294914 2.429339598286e+01 1.787865710468e-01 4.269015911589e+01 1.691386333957e+00 1.001373444475e+00
14 44 2 1.42022318 0.80870357 1.64252068 0.71695864 0.68294914 2.373375925350e+01 1.870653247083e-01 4.372900061780e+01 1.696898726291e+00 1.028417088086e+00
14 45 2 1.42022318 0.80870357 1.64252068 0.71695864 0.68294914 2.720020183448e+01 1.890640306862e-01 4.530860354906e+01 1.773385287979e+00 1.091094232872e+00
14 46 2 1.42022318 0.80870357 1.64252068 0.71695864 0.68294914 2.457571703099e+01 1.995580188694e-01 4.646364947221e+01 1.817082206350e+00 1.085184033987e+00
14 47 2 1.42022318 0.80870357 1.64252068 0.71695864 0.68294914 2.896692997687e+01 2.224246866846e-01 4.813162169199e+01 1.898847794028e+00 1.134037450263e+00
14 48 2 1.42022318 0.80870357 1.64252068 0.71695864 0.68294914 2.630786877551e+01 2.357451855330e-01 4.968771578775e+01 2.069281891477e+00 1.190455089964e+00
14 49 2 1.42022318 0.80870357 1.64252068 0.71695864 0.68294914 3.123181470105e+01 2.341457772163e-01 5.132548078949e+01 2.136415086973e+00 1.247212905944e+00
14 50 2 1.42022318 0.80870357 1.64252068 0.71695864 0.68294914 2.782843333618e+01 2.495610553490e-01 5.318330426717e+01 2.140833068746e+00 1.259810008880e+00
14 51 2 1.42022318 0.80870357 1.64252068 0.71695864 0.68294914 3.379842893843e+01 2.691215508982e-01 5.505522810564e+01 2.267186564054e+00 1.298855931039e+00
14 52 2 1.42022318 0.80870357 1.64252068 0.71695864 0.68294914 3.006888258622e+01 2.632212545353e-01 5.692532094625e+01 2.390343321199e+00 1.390225003099e+00
14 53 2 1.42022318 0.80870357 1.64252068 0.71695864 0.68294914 3.543513634235e+01 2.647141073762e-01 5.919021425927e+01 2.433089727558e+00 1.433846789879e+00
14 54 2 1.42022318 0.80870357 1.64252068 0.71695864 0.68294914 3.463890522470e+01 2.613113853457e-01 6.114256613090e+01 2.532904526737e+00 1.500051820552e+00
14 55 2 1.42022318 0.80870357 1.64252068 0.71695864 0.68294914 3.550385724380e+01 2.661922266610e-01 6.350843498750e+01 2.679413898808e+00 1.547137478259e+00
14 56 2 1.42022318 0.80870357 1.64252068 0.71695864 0.68294914 3.903304655640e+01 2.749125849090e-01 6.593852858176e+01 2.809606378084e+00 1.678242827197e+00
14 57 2 1.42022318 0.80870357 1.64252068 0.71695864 0.68294914 3.704099662900e+01 2.920601319709e-01 6.808376219561e+01 2.935705844552e+00 1.724355241722e+00
14 58 2 1.42022318 0.80870357 1.64252068 0.71695864 0.68294914 4.304266959960e+01 2.904049980687e-01 7.108120819391e+01 3.039257374619e+00 1.753146932712e+00
14 59 2 1.42022318 0.80870357 1.64252068 0.71695864 0.68294914 3.843896814297e+01 3.149987995081e-01 7.321555404929e+01 3.134350226697e+00 1.799749912042e+00
14 60 2 1.42022318 0.80870357 1.64252068 0.71695864 0.68294914 4.791213059876e+01 3.493750665993e-01 7.633149958108e+01 3.229965417202e+00 1.841124272078e+00
14 61 2 1.42022318 0.80870357 1.64252068 0.71695864 0.68294914 3.938632135343e+01 3.680579341241e-01 7.898017403539e+01 3.329803028498e+00 1.920410795633e+00
14 62 2 1.42022318 0.80870357 1.64252068 0.71695864 0.68294914 5.377528002583e+01 3.741003752336e-01 8.180528298365e+01 3.455810161547e+00 1.895841972532e+00
14 63 2 1.42022318 0.80870357 1.64252068 0.71695864 0.68294914 4.087078673594e+01 3.881587464262e-01 8.510758816896e+01 3.539374710607e+00 2.003607846885e+00
15 0 2 1.92085353 0.88095924 2.97973212 0.65121145 0.67439343 1.457777333578e+02 8.039211004248e-02 7.884533129811e+02 1.663350119641e+00 2.349855545468e+00
15 1 2 1.92085353 0.88095924 2.97973212 0.65121145 0.67439343 1.409907620545e+02 8.124247159699e-02 7.653724090969e+02 1.659375652276e+00 2.284591472333e+00
15 2 2 1.92085353 0.88095924 2.97973212 0.65121145 0.67439343 1.357292832400e+02 8.762108567965e-02 7.412261130693e+02 1.607619622539e+00 2.217852886122e+00
15 3 2 1.92085353 0.88095924 2.97973212 0.65121145 0.67439343 1.303516807564e+02 8.872858007446e-02 7.072568884624e+02 1.528126190780e+00 2.044942285376e+00
15 4 2 1.92085353 0.88095924 2.97973212 0.65121145 0.67439343 1.271051393324e+02 7.511115956521e-02 6.904745183876e+02 1.469746686213e+00 1.909313626211e+00
15 5 2 1.92085353 0.88095924 2.97973212 0.65121145 0.67439343 1.211228934290e+02 8.079104788448e-02 6.640203633119e+02 1.385647290855e+00 1.790200204346e+00
15 6 2 1.92085353 0.88095924 2.97973212 0.65121145 0.67439343 1.175029002880e+02 7.083081902904e-02 6.363463525779e+02 1.347565431529e+00 1.680661450056e+00
15 7 2 1.92085353 0.88095924 2.97973212 0.65121145 0.67439343 1.134651809053e+02 5.629236208480e-02 6.222999412335e+02 1.306504558840e+00 1.587466283541e+00
15 8 2 1.92085353 0.88095924 2.97973212 0.65121145 0.67439343 1.091465616205e+02 6.071002008703e-02 5.948442840052e+02 1.223754260279e+00 1.529539926115e+00
15 9 2 1.92085353 0.88095924 2.97973212 0.65121145 0.67439343 1.055392159974e+02 6.339450186846e-02 5.753172516300e+02 1.190618019359e+00 1.484982120500e+00
15 10 2 1.92085353 0.88095924 2.97973212 0.65121145 0.67439343 1.015640159925e+02 6.676506449908e-02 5.594650438889e+02 1.170465546446e+00 1.422479928197e+00
15 11 2 1.92085353 0.88095924 2.97973212 0.65121145 0.67439343 9.873967135713e+01 6.140452327786e-02 5.370861158954e+02 1.119471862934e+00 1.407342499327e+00
15 12 2 1.92085353 0.88095924 2.97973212 0.65121145 0.67439343 9.501727037884e+01 5.919562388571e-02 5.197545296362e+02 1.080061507780e+00 1.386468434875e+00
15 13 2 1.92085353 0.88095924 2.97973212 0.65121145 0.67439343 9.180494769195e+01 6.374894371033e-02 5.071621681189e+02 1.040212238151e+00 1.375886695610e+00
15 14 2 1.92085353 0.88095924 2.97973212 0.65121145 0.67439343 8.904254344038e+01 4.961978870171e-02 4.858976709664e+02 9.820052996194e-01 1.323643075052e+00
15 15 2 1.92085353 0.88095924 2.97973212 0.65121145 0.67439343 8.669368703228e+01 4.478823235207e-02 4.740436298006e+02 9.560020346629e-01 1.316537967859e+00
15 16 2 1.92085353 0.88095924 2.97973212 0.65121145 0.67439343 8.316265044243e+01 4.656373746855e-02 4.618890986885e+02 9.579567209494e-01 1.263818716887e+00
15 17 2 1.92085353 0.88095924 2.97973212 0.65121145 0.67439343 8.135660209287e+01 4.697501726042e-02 4.438352077924e+02 9.211735511877e-01 1.248629019720e+00
15 18 2 1.92085353 0.88095924 2.97973212 0.65121145 0.67439343 7.912292374831e+01 5.210990669861e-02 4.365500044314e+02 8.718927983942e-01 1.213777382806e+00
15 19 2 1.92085353 0.88095924 2.97973212 0.65121145 0.67439343 7.673255709983e+01 4.774529802347e-02 4.241566338394e+02 8.474719698869e-01 1.235657613743e+00
15 20 2 1.92085353 0.88095924 2.97973212 0.65121145 0.67439343 7.508057322589e+01 4.784950235235e-02 4.112689463194e+02 8.516537269724e-01 1.182011905364e+00
15 21 2 1.92085353 0.88095924 2.97973212 0.65121145 0.67439343 7.303366721180e+01 4.679515638921e-02 4.060784848777e+02 8.624678848029e-01 1.156603957464e+00
15 22 2 1.92085353 0.88095924 2.97973212 0.65121145 0.67439343 7.193430191134e+01 4.197905064354e-02 3.955284566168e+02 8.019215759148e-01 1.080993760571e+00
15 23 2 1.92085353 0.88095924 2.97973212 0.65121145 0.67439343 7.036911166966e+01 3.829025302014e-02 3.866578737201e+02 7.526970737087e-01 1.038432712178e+00
15 24 2 1.92085353 0.88095924 2.97973212 0.65121145 0.67439343 6.875549695660e+01 3.436569079208e-02 3.838717155365e+02 7.806728038106e-01 9.501831165209e-01
15 25 2 1.92085353 0.88095924 2.97973212 0.65121145 0.67439343 6.833221084766e+01 4.057454050880e-02 3.754009940638e+02 7.734720610849e-01 9.450475142257e-01
15 26 2 1.92085353 0.88095924 2.97973212 0.65121145 0.67439343 6.709489584839e+01 4.524855399837e-02 3.700694461295e+02 7.676946909494e-01 9.238277791536e-01
15 27 2 1.92085353 0.88095924 2.97973212 0.65121145 0.67439343 6.661029173069e+01 4.114895326610e-02 3.706697318612e+02 7.762986374582e-01 9.415716734473e-01
15 28 2 1.92085353 0.88095924 2.97973212 0.65121145 0.67439343 6.559233837655e+01 3.919840128594e-02 3.624140933478e+02 7.559313019098e-01 9.296434281515e-01
15 29 2 1.92085353 0.88095924 2.97973212 0.65121145 0.67439343 6.580470406852e+01 4.311679202982e-02 3.636369228450e+02 7.771413166174e-01 9.679375092157e-01
15 30 2 1.92085353 0.88095924 2.97973212 0.65121145 0.67439343 6.568308007456e+01 4.068422823247e-02 3.638619972258e+02 7.520497517525e-01 9.500340871123e-01
15 31 2 1.92085353 0.88095924 2.97973212 0.65121145 0.67439343 6.495043733757e+01 3.283295002373e-02 3.592252834534e+02 7.046288525617e-01 9.627129772859e-01
15 32 2 1.92085353 0.88095924 2.97973212 0.65121145 0.67439343 6.568543766762e+01 3.296323798848e-02 3.651989987022e+02 7.832293241154e-01 9.617087482994e-01
15 33 2 1.92085353 0.88095924 2.97973212 0.65121145 0.67439343 6.623138603259e+01 4.097541664828e-02 3.642810305021e+02 8.234134606165e-01 9.876013102163e-01
15 34 2 1.92085353 0.88095924 2.97973212 0.65121145 0.67439343 6.630242761036e+01 4.369855677348e-02 3.665925428758e+02 7.904670430079e-01 9.717269265593e-01
15 35 2 1.92085353 0.88095924 2.97973212 0.65121145 0.67439343 6.670709086246e+01 3.993286880877e-02 3.721137632047e+02 8.190257959550e-01 1.000012235885e+00
15 36 2 1.92085353 0.88095924 2.97973212 0.65121145 0.67439343 6.855503295603e+01 4.208144129368e-02 3.759889963783e+02 8.269230157396e-01 1.023204112311e+00
15 37 2 1.92085353 0.88095924 2.97973212 0.65121145 0.67439343 6.867414434032e+01 4.656376591132e-02 3.795347831342e+02 8.276444077039e-01 1.065528009656e+00
15 38 2 1.92085353 0.88095924 2.97973212 0.65121145 0.67439343 7.019812006311e+01 4.188514074138e-02 3.895658848017e+02 8.659586531751e-01 1.111431580374e+00
15 39 2 1.92085353 0.88095924 2.97973212 0.65121145 0.67439343 7.153970835193e+01 3.565917281260e-02 3.942804680652e+02 8.723614132281e-01 1.190823808612e+00
15 40 2 1.92085353 0.88095924 2.97973212 0.65121145 0.67439343 7.319869647113e+01 3.987922974745e-02 4.019261202587e+02 9.212070988689e-01 1.239428340235e+00
15 41 2 1.92085353 0.88095924 2.97973212 0.65121145 0.67439343 7.485659284860e+01 4.389420529372e-02 4.149570255513e+02 1.000211425506e+00 1.259752099695e+00
15 42 2 1.92085353 0.88095924 2.97973212 0.65121145 0.67439343 7.675113998837e+01 4.909438253360e-02 4.206054698700e+02 9.901971588981e-01 1.274497175950e+00
15 43 2 1.92085353 0.88095924 2.97973212 0.65121145 0.67439343 7.856097649957e+01 5.037919019456e-02 4.335460071872e+02 9.840784350015e-01 1.268719753051e+00
15 44 2 1.92085353 0.88095924 2.97973212 0.65121145 0.67439343 8.143192637358e+01 5.038719101475e-02 4.477842838494e+02 1.047079694719e+00 1.269222186124e+00
15 45 2 1.92085353 0.88095924 2.97973212 0.65121145 0.67439343 8.344839085100e+01 5.515755568741e-02 4.558398031754e+02 1.108127572952e+00 1.275936152410e+00
15 46 2 1.92085353 0.88095924 2.97973212 0.65121145 0.67439343 8.548112284486e+01 4.983741453675e-02 4.736387500129e+02 1.153736167046e+00 1.336457272594e+00
15 47 2 1.92085353 0.88095924 2.97973212 0.65121145 0.67439343 8.950971668562e+01 4.946632937971e-02 4.881890548589e+02 1.176420539168e+00 1.367660418075e+00
15 48 2 1.92085353 0.88095924 2.97973212 0.65121145 0.67439343 9.126896930359e+01 4.772458036070e-02 5.004036402499e+02 1.209837826466e+00 1.427282729362e+00
15 49 2 1.92085353 0.88095924 2.97973212 0.65121145 0.67439343 9.508567552956e+01 5.290044828813e-02 5.208770805634e+02 1.294731008664e+00 1.452586397247e+00
15 50 2 1.92085353 0.88095924 2.97973212 0.65121145 0.67439343 9.788732030799e+01 6.811173415549e-02 5.379722725044e+02 1.364505752766e+00 1.526459425716e+00
15 51 2 1.92085353 0.88095924 2.97973212 0.65121145 0.67439343 1.016230533927e+02 6.330657854154e-02 5.516768128905e+02 1.404434325872e+00 1.549697718082e+00
15 52 2 1.92085353 0.88095924 2.97973212 0.65121145 0.67439343 1.055892575224e+02 6.569423306788e-02 5.784049884977e+02 1.454428437360e+00 1.652923401337e+00
15 53 2 1.92085353 0.88095924 2.97973212 0.65121145 0.67439343 1.084168204539e+02 7.153171032832e-02 5.932760068678e+02 1.508067599168e+00 1.725308614577e+00
15 54 2 1.92085353 0.88095924 2.97973212 0.65121145 0.67439343 1.130645588838e+02 6.792603848434e-02 6.139063646236e+02 1.576890485892e+00 1.870516747220e+00
15 55 2 1.92085353 0.88095924 2.97973212 0.65121145 0.67439343 1.174697684159e+02 6.505095963507e-02 6.420931136205e+02 1.662147737419e+00 1.935606594416e+00
15 56 2 1.92085353 0.88095924 2.97973212 0.65121145 0.67439343 1.209062513583e+02 6.039736839071e-02 6.576081170339e+02 1.733830051020e+00 2.103388282548e+00
15 57 2 1.92085353 0.88095924 2.97973212 0.65121145 0.67439343 1.257925817676e+02 7.594731709871e-02 6.850803116395e+02 1.806056635971e+00 2.200026373606e+00
15 58 2 1.92085353 0.88095924 2.97973212 0.65121145 0.67439343 1.308495092118e+02 8.668051717089e-02 7.124154359666e+02 1.894196049125e+00 2.365594820647e+00
15 59 2 1.92085353 0.88095924 2.97973212 0.65121145 0.67439343 1.350356940251e+02 8.060140935959e-02 7.323364116133e+02 1.967227586915e+00 2.424070186484e+00
15 60 2 1.92085353 0.88095924 2.97973212 0.65121145 0.67439343 1.403351776665e+02 9.507986515706e-02 7.625457209220e+02 2.059340412819e+00 2.575567771689e+00
15 61 2 1.92085353 0.88095924 2.97973212 0.65121145 0.67439343 1.456493050237e+02 9.404619345489e-02 7.929522427527e+02 2.142629178208e+00 2.565588913769e+00
15 62 2 1.92085353 0.88095924 2.97973212 0.65121145 0.67439343 1.507140468765e+02 8.697202321777e-02 8.133083618928e+02 2.161685222475e+00 2.604345627966e+00
15 63 2 1.92085353 0.88095924 2.97973212 0.65121145 0.67439343 1.563544822736e+02 8.616437463640e-02 8.503146395280e+02 2.307476994907e+00 2.592113042387e+00
20 0 2 0.76105804 0.52445403 1.10640774 0.50127486 0.46605882 4.006872232497e+00 2.031838634645e-03 1.678451017150e+01 7.572814186521e-01 4.190420736595e-01
20 1 2 0.76105804 0.52445403 1.10640774 0.50127486 0.46605882 3.658194481148e+00 2.027637208252e-03 1.626465556884e+01 7.264085106283e-01 3.901053766906e-01
20 2 2 0.76105804 0.52445403 1.10640774 0.50127486 0.46605882 3.419388083249e+00 2.935338461083e-03 1.546794997565e+01 6.763647245505e-01 3.698883197250e-01
20 3 2 0.76105804 0.52445403 1.10640774 0.50127486 0.46605882 3.650721442898e+00 2.160332315160e-03 1.502298856083e+01 6.292605058711e-01 3.590850280008e-01
20 4 2 0.76105804 0.52445403 1.10640774 0.50127486 0.46605882 3.117476116813e+00 1.284889104217e-03 1.455014086366e+01 6.123923891688e-01 3.442971792704e-01
20 5 2 0.76105804 0.52445403 1.10640774 0.50127486 0.46605882 3.137518722644e+00 1.291869952763e-03 1.392921021326e+01 5.983584295816e-01 3.099301695288e-01
20 6 2 0.76105804 0.52445403 1.10640774 0.50127486 0.46605882 3.243850183223e+00 8.271141353949e-04 1.341717374688e+01 5.653759738372e-01 2.970964286858e-01
20 7 2 0.76105804 0.52445403 1.10640774 0.50127486 0.46605882 2.820971615234e+00 7.573896239461e-04 1.292778972941e+01 5.581966007834e-01 2.747797358743e-01
20 8 2 0.76105804 0.52445403 1.10640774 0.50127486 0.46605882 2.899831441513e+00 1.021409499688e-03 1.263100570877e+01 5.506126097996e-01 2.652278794778e-01
20 9 2 0.76105804 0.52445403 1.10640774 0.50127486 0.46605882 2.697514332964e+00 7.914485188395e-04 1.200298031740e+01 5.514074866538e-01 2.277582729346e-01
20 10 2 0.76105804 0.52445403 1.10640774 0.50127486 0.46605882 2.564323608320e+00 9.932697224640e-04 1.152501755938e+01 5.436653358120e-01 2.172378036390e-01
20 11 2 0.76105804 0.52445403 1.10640774 0.50127486 0.46605882 2.763258947963e+00 1.744721052674e-03 1.137665318689e+01 5.373838262488e-01 2.018833637668e-01
20 12 2 0.76105804 0.52445403 1.10640774 0.50127486 0.46605882 2.365883554725e+00 1.798729766265e-03 1.086989213533e+01 5.235581681602e-01 2.002974338944e-01
20 13 2 0.76105804 0.52445403 1.10640774 0.50127486 0.46605882 2.294768906092e+00 1.467458298088e-03 1.035459740160e+01 4.801087357692e-01 1.810766339922e-01
20 14 2 0.76105804 0.52445403 1.10640774 0.50127486 0.46605882 2.392871985678e+00 1.277280863370e-03 1.019025852822e+01 4.795398306613e-01 1.655853759460e-01
20 15 2 0.76105804 0.52445403 1.10640774 0.50127486 0.46605882 2.173510444330e+00 1.393403946527e-03 9.938878208196e+00 4.603062022763e-01 1.520645822256e-01
20 16 2 0.76105804 0.52445403 1.10640774 0.50127486 0.46605882 2.269526110821e+00 1.209346863113e-03 9.404561064684e+00 4.248850894352e-01 1.386669549399e-01
20 17 2 0.76105804 0.52445403 1.10640774 0.50127486 0.46605882 2.052003334573e+00 8.847731219478e-04 9.225032664696e+00 4.135062034151e-01 1.263861963633e-01
20 18 2 0.76105804 0.52445403 1.10640774 0.50127486 0.46605882 1.882512387455e+00 4.959420518374e-04 9.062458909748e+00 4.042575886696e-01 1.024464732714e-01
20 19 2 0.76105804 0.52445403 1.10640774 0.50127486 0.46605882 2.146677855624e+00 4.699832790237e-04 8.694705420796e+00 3.903858049191e-01 9.118298360707e-02
20 20 2 0.76105804 0.52445403 1.10640774 0.50127486 0.46605882 1.944529342935e+00 5.837287251286e-04 8.513019160624e+00 3.774724881585e-01 7.877499345604e-02
20 21 2 0.76105804 0.52445403 1.10640774 0.50127486 0.46605882 1.817655269402e+00 7.544535594831e-04 8.285009514662e+00 3.719883589425e-01 7.571756803632e-02
20 22 2 0.76105804 0.52445403 1.10640774 0.50127486 0.46605882 1.852942253996e+00 6.664951320537e-04 8.154532820373e+00 3.472650821028e-01 6.024352977462e-02
20 23 2 0.76105804 0.52445403 1.10640774 0.50127486 0.46605882 1.725675623660e+00 8.779132366595e-04 8.013095281735e+00 3.271158801184e-01 5.367152623303e-02
20 24 2 0.76105804 0.52445403 1.10640774 0.50127486 0.46605882 1.887071830871e+00 1.056836807863e-03 7.755007006257e+00 3.181693655947e-01 4.462351288109e-02
20 25 2 0.76105804 0.52445403 1.10640774 0.50127486 0.46605882 1.774659460975e+00 1.302767261622e-03 7.680217087233e+00 2.990867102487e-01 4.062387349572e-02
20 26 2 0.76105804 0.52445403 1.10640774 0.50127486 0.46605882 1.591342464288e+00 1.383489182916e-03 7.717123384766e+00 2.755987949501e-01 3.275126290388e-02
20 27 2 0.76105804 0.52445403 1.10640774 0.50127486 0.46605882 1.765312272357e+00 1.017198476579e-03 7.486670506827e+00 2.736729117796e-01 2.400720355454e-02
20 28 2 0.76105804 0.52445403 1.10640774 0.50127486 0.46605882 1.663082218972e+00 4.443224901226e-04 7.332386537139e+00 2.644734411336e-01 1.902100689816e-02
20 29 2 0.76105804 0.52445403 1.10640774 0.50127486 0.46605882 1.703771479809e+00 8.935808762957e-04 7.574408896727e+00 2.476684720489e-01 1.453793552290e-02
20 30 2 0.76105804 0.52445403 1.10640774 0.50127486 0.46605882 1.761612325282e+00 1.075654902625e-03 7.402752013850e+00 2.496846053530e-01 1.284751961809e-02
20 31 2 0.76105804 0.52445403 1.10640774 0.50127486 0.46605882 1.507525387193e+00 2.762066912222e-04 7.268456171184e+00 2.503606176543e-01 7.408400382186e-03
20 32 2 0.76105804 0.52445403 1.10640774 0.50127486 0.46605882 1.713444713427e+00 2.800536729856e-04 7.496531854696e+00 2.780477733098e-01 5.004384227856e-03
20 33 2 0.76105804 0.52445403 1.10640774 0.50127486 0.46605882 1.805041376979e+00 1.080697355711e-03 7.490513657597e+00 3.027794233830e-01 2.521466497248e-03
20 34 2 0.76105804 0.52445403 1.10640774 0.50127486 0.46605882 1.616461017454e+00 9.067151526289e-04 7.496905822730e+00 3.262404897781e-01 1.906191382970e-03
20 35 2 0.76105804 0.52445403 1.10640774 0.50127486 0.46605882 1.759137895214e+00 4.524463496963e-04 7.525664904428e+00 3.495446456182e-01 2.521060994253e-04
20 36 2 0.76105804 0.52445403 1.10640774 0.50127486 0.46605882 1.683301188891e+00 1.042784919839e-03 7.757767739293e+00 3.508456259306e-01 2.599180232618e-05
20 37 2 0.76105804 0.52445403 1.10640774 0.50127486 0.46605882 1.733270877191e+00 1.419734727087e-03 7.884171904616e+00 3.741788611751e-01 7.732772084577e-04
20 38 2 0.76105804 0.52445403 1.10640774 0.50127486 0.46605882 1.961447841946e+00 1.351841771668e-03 7.823427150990e+00 3.940384042666e-01 1.778436300466e-03
20 39 2 0.76105804 0.52445403 1.10640774 0.50127486 0.46605882 1.762009087416e+00 1.092953624404e-03 8.160711375915e+00 3.953738837646e-01 2.762126177164e-03
20 40 2 0.76105804 0.52445403 1.10640774 0.50127486 0.46605882 1.824212944720e+00 9.168275162573e-04 8.366847694578e+00 4.038730187859e-01 6.263089070768e-03
20 41 2 0.76105804 0.52445403 1.10640774 0.50127486 0.46605882 1.953478859142e+00 6.968912159831e-04 8.428940442212e+00 4.216956432985e-01 9.018460943559e-03
20 42 2 0.76105804 0.52445403 1.10640774 0.50127486 0.46605882 1.945399698294e+00 7.912957549495e-04 8.716933163722e+00 4.193075978707e-01 1.445153547846e-02
20 43 2 0.76105804 0.52445403 1.10640774 0.50127486 0.46605882 2.174362027903e+00 6.150178561469e-04 8.979787618457e+00 4.184912947001e-01 1.585298189622e-02
20 44 2 0.76105804 0.52445403 1.10640774 0.50127486 0.46605882 2.002929550999e+00 4.966884605221e-04 9.206193037353e+00 4.310267965236e-01 2.490530436781e-02
20 45 2 0.76105804 0.52445403 1.10640774 0.50127486 0.46605882 2.020469696871e+00 5.244510111996e-04 9.545660597704e+00 4.369750480886e-01 3.239607645179e-02
20 46 2 0.76105804 0.52445403 1.10640774 0.50127486 0.46605882 2.405437253826e+00 9.425824416476e-04 9.737031399445e+00 4.474801897514e-01 4.220150882510e-02
20 47 2 0.76105804 0.52445403 1.10640774 0.50127486 0.46605882 2.268425743669e+00 1.288010751970e-03 1.007848224951e+01 4.694027593439e-01 4.482837968385e-02
20 48 2 0.76105804 0.52445403 1.10640774 0.50127486 0.46605882 2.357319991728e+00 1.481721943911e-03 1.065310139988e+01 4.893030462114e-01 5.221140975466e-02
20 49 2 0.76105804 0.52445403 1.10640774 0.50127486 0.46605882 2.471974552192e+00 1.369931570681e-03 1.067388893631e+01 4.765509551952e-01 5.949436977393e-02
20 50 2 0.76105804 0.52445403 1.10640774 0.50127486 0.46605882 2.402425780853e+00 1.566538805834e-03 1.111313698945e+01 5.002342185955e-01 6.840651005831e-02
20 51 2 0.76105804 0.52445403 1.10640774 0.50127486 0.46605882 2.822985342491e+00 1.925230467132e-03 1.186180485585e+01 5.171883225919e-01 7.533930901697e-02
20 52 2 0.76105804 0.52445403 1.10640774 0.50127486 0.46605882 2.755242540443e+00 1.873040987547e-03 1.190118579776e+01 5.020164436989e-01 7.830844570362e-02
20 53 2 0.76105804 0.52445403 1.10640774 0.50127486 0.46605882 2.662275788954e+00 1.064006638642e-03 1.235471783912e+01 5.133632139288e-01 9.677978999149e-02
20 54 2 0.76105804 0.52445403 1.10640774 0.50127486 0.46605882 3.062594570722e+00 8.480585250067e-04 1.309178304452e+01 5.175636153614e-01 1.094563586347e-01
20 55 2 0.76105804 0.52445403 1.10640774 0.50127486 0.46605882 2.975528242522e+00 1.099011281691e-03 1.341328314802e+01 5.399217658484e-01 1.326552511560e-01
20 56 2 0.76105804 0.52445403 1.10640774 0.50127486 0.46605882 3.220338865973e+00 8.105962552505e-04 1.380857190854e+01 5.643997278399e-01 1.325349993218e-01
20 57 2 0.76105804 0.52445403 1.10640774 0.50127486 0.46605882 3.383811011285e+00 8.916605263592e-04 1.447316517760e+01 6.049193344621e-01 1.529802554054e-01
20 58 2 0.76105804 0.52445403 1.10640774 0.50127486 0.46605882 3.159376868016e+00 1.388046609458e-03 1.501746435506e+01 6.392602362950e-01 1.666065909465e-01
20 59 2 0.76105804 0.52445403 1.10640774 0.50127486 0.46605882 3.712780813176e+00 1.376907476095e-03 1.554375742257e+01 6.595687955578e-01 1.867386048193e-01
20 60 2 0.76105804 0.52445403 1.10640774 0.50127486 0.46605882 3.719961255679e+00 2.329769384923e-03 1.608115007789e+01 7.107886889480e-01 1.931806574961e-01
20 61 2 0.76105804 0.52445403 1.10640774 0.50127486 0.46605882 3.615481007864e+00 3.149124426014e-03 1.665689600374e+01 7.580436340367e-01 2.106494214454e-01
20 62 2 0.76105804 0.52445403 1.10640774 0.50127486 0.46605882 4.187937959185e+00 2.173291838279e-03 1.754468712065e+01 7.770539696262e-01 2.378739087809e-01
20 63 2 0.76105804 0.52445403 1.10640774 0.50127486 0.46605882 3.948785964683e+00 2.186204039094e-03 1.785986272227e+01 7.991209580228e-01 2.709800896220e-01
22 0 2 0.76383645 0.52364935 1.13601454 0.49372983 0.46239768 4.298653539950e+00 2.188214213797e-03 1.877626132032e+01 8.065042105042e-01 2.608277404475e-01
22 1 2 0.76383645 0.52364935 1.13601454 0.49372983 0.46239768 3.587703247027e+00 2.004009077890e-03 1.774814090866e+01 7.672747752720e-01 2.513676320006e-01
22 2 2 0.76383645 0.52364935 1.13601454 0.49372983 0.46239768 3.412944045823e+00 2.801458246060e-03 1.730637209009e+01 7.090103469434e-01 2.464868351387e-01
22 3 2 0.76383645 0.52364935 1.13601454 0.49372983 0.46239768 3.875752217058e+00 2.867013663094e-03 1.677795475293e+01 6.718633558596e-01 2.405774793466e-01
22 4 2 0.76383645 0.52364935 1.13601454 0.49372983 0.46239768 3.009365940228e+00 2.149904569744e-03 1.596899008320e+01 6.306505107227e-01 2.252462902243e-01
22 5 2 0.76383645 0.52364935 1.13601454 0.49372983 0.46239768 3.389276323441e+00 1.974932741046e-03 1.547562933474e+01 5.870283843774e-01 2.113472564089e-01
22 6 2 0.76383645 0.52364935 1.13601454 0.49372983 0.46239768 3.166149815164e+00 1.397052165728e-03 1.498168607987e+01 5.406191689701e-01 2.145299090011e-01
22 7 2 0.76383645 0.52364935 1.13601454 0.49372983 0.46239768 2.716005086997e+00 9.442511843604e-04 1.443914673238e+01 5.194413951923e-01 2.147383069979e-01
22 8 2 0.76383645 0.52364935 1.13601454 0.49372983 0.46239768 3.261556374782e+00 1.223072440269e-03 1.378086534376e+01 4.964344699900e-01 2.054760856338e-01
22 9 2 0.76383645 0.52364935 1.13601454 0.49372983 0.46239768 2.592831236613e+00 9.579885348181e-04 1.342519798702e+01 4.821872995883e-01 1.985878111170e-01
22 10 2 0.76383645 0.52364935 1.13601454 0.49372983 0.46239768 2.633339500493e+00 6.330430809650e-04 1.304552159094e+01 4.928564284402e-01 1.970506477053e-01
22 11 2 0.76383645 0.52364935 1.13601454 0.49372983 0.46239768 2.786972165784e+00 1.424215941433e-03 1.228311699963e+01 4.812930131997e-01 1.976988221555e-01
22 12 2 0.76383645 0.52364935 1.13601454 0.49372983 0.46239768 2.248616957618e+00 2.017099554006e-03 1.211387674531e+01 4.670205176994e-01 1.885087041774e-01
22 13 2 0.76383645 0.52364935 1.13601454 0.49372983 0.46239768 2.690603657049e+00 1.505852091886e-03 1.173959502096e+01 4.432081883822e-01 1.754010386951e-01
22 14 2 0.76383645 0.52364935 1.13601454 0.49372983 0.46239768 2.261959147529e+00 1.305884179082e-03 1.108823635056e+01 4.434272608309e-01 1.700090560684e-01
22 15 2 0.76383645 0.52364935 1.13601454 0.49372983 0.46239768 2.046585407041e+00 1.823970359801e-03 1.098813703337e+01 4.227070161478e-01 1.676503355121e-01
22 16 2 0.76383645 0.52364935 1.13601454 0.49372983 0.46239768 2.541057870293e+00 1.597513972462e-03 1.059353250828e+01 3.902437489945e-01 1.643135607101e-01
22 17 2 0.76383645 0.52364935 1.13601454 0.49372983 0.46239768 1.972553757574e+00 1.092467094157e-03 1.018898244607e+01 3.865956729389e-01 1.555462899368e-01
22 18 2 0.76383645 0.52364935 1.13601454 0.49372983 0.46239768 2.047168343896e+00 8.168542897061e-04 1.001483319797e+01 3.706978666739e-01 1.497338332540e-01
22 19 2 0.76383645 0.52364935 1.13601454 0.49372983 0.46239768 2.080950892395e+00 6.706073180828e-04 9.676797758752e+00 3.564906944817e-01 1.538380658113e-01
22 20 2 0.76383645 0.52364935 1.13601454 0.49372983 0.46239768 1.804978075078e+00 5.475311887817e-04 9.482448129667e+00 3.523122578958e-01 1.527516496206e-01
22 21 2 0.76383645 0.52364935 1.13601454 0.49372983 0.46239768 2.174305641912e+00 8.167682477722e-04 9.237966140863e+00 3.459247253294e-01 1.454043555861e-01
22 22 2 0.76383645 0.52364935 1.13601454 0.49372983 0.46239768 1.729119946327e+00 7.597588224652e-04 8.967073050551e+00 3.226494391195e-01 1.410522609043e-01
22 23 2 0.76383645 0.52364935 1.13601454 0.49372983 0.46239768 1.718908556673e+00 8.576038293299e-04 8.924987145326e+00 3.111566898931e-01 1.411019555811e-01
22 24 2 0.76383645 0.52364935 1.13601454 0.49372983 0.46239768 2.051063942904e+00 1.072609325735e-03 8.696219164985e+00 3.044255982819e-01 1.431387339672e-01
22 25 2 0.76383645 0.52364935 1.13601454 0.49372983 0.46239768 1.602153717107e+00 1.435856932029e-03 8.434754282891e+00 2.844887787229e-01 1.396359615536e-01
22 26 2 0.76383645 0.52364935 1.13601454 0.49372983 0.46239768 1.831902348435e+00 1.518419176647e-03 8.554647065712e+00 2.646456675477e-01 1.356743949818e-01
22 27 2 0.76383645 0.52364935 1.13601454 0.49372983 0.46239768 1.733805349345e+00 1.167748825797e-03 8.367761262883e+00 2.619162178605e-01 1.381677828711e-01
22 28 2 0.76383645 0.52364935 1.13601454 0.49372983 0.46239768 1.547269863271e+00 5.568110500408e-04 8.125593769625e+00 2.513090414398e-01 1.416911036312e-01
22 29 2 0.76383645 0.52364935 1.13601454 0.49372983 0.46239768 1.981331136587e+00 1.021849204457e-03 8.374983744511e+00 2.338765197130e-01 1.423332645213e-01
22 30 2 0.76383645 0.52364935 1.13601454 0.49372983 0.46239768 1.583490385834e+00 1.216052135981e-03 8.231821430390e+00 2.353633841575e-01 1.374221788671e-01
22 31 2 0.76383645 0.52364935 1.13601454 0.49372983 0.46239768 1.610597266634e+00 3.447027779258e-04 8.089543795741e+00 2.356525332136e-01 1.352362966845e-01
22 32 2 0.76383645 0.52364935 1.13601454 0.49372983 0.46239768 1.858769082790e+00 3.492377601891e-04 8.333065619711e+00 2.623106558313e-01 1.403311446878e-01
22 33 2 0.76383645 0.52364935 1.13601454 0.49372983 0.46239768 1.577550815032e+00 1.222147224829e-03 8.312869308775e+00 2.860241646014e-01 1.400166267438e-01
22 34 2 0.76383645 0.52364935 1.13601454 0.49372983 0.46239768 1.878629759685e+00 1.036714762568e-03 8.287638424510e+00 3.088119031837e-01 1.360264243656e-01
22 35 2 0.76383645 0.52364935 1.13601454 0.49372983 0.46239768 1.678689276438e+00 5.669877819937e-04 8.430429892909e+00 3.310745835847e-01 1.367030929551e-01
22 36 2 0.76383645 0.52364935 1.13601454 0.49372983 0.46239768 1.630251814454e+00 1.196821328163e-03 8.620815932655e+00 3.312816145000e-01 1.420091866013e-01
22 37 2 0.76383645 0.52364935 1.13601454 0.49372983 0.46239768 2.058744251147e+00 1.558883838482e-03 8.649271336529e+00 3.494689965569e-01 1.486452282506e-01
22 38 2 0.76383645 0.52364935 1.13601454 0.49372983 0.46239768 1.685722706203e+00 1.488787662242e-03 8.759511341531e+00 3.669523548759e-01 1.490542706863e-01
22 39 2 0.76383645 0.52364935 1.13601454 0.49372983 0.46239768 1.880355048439e+00 1.109273854587e-03 9.100648927872e+00 3.680349643889e-01 1.490524820852e-01
22 40 2 0.76383645 0.52364935 1.13601454 0.49372983 0.46239768 1.962826987821e+00 8.955678226715e-04 9.185880280699e+00 3.690518161513e-01 1.554160039805e-01
22 41 2 0.76383645 0.52364935 1.13601454 0.49372983 0.46239768 1.777219401827e+00 7.950469489529e-04 9.386353675528e+00 3.861514279990e-01 1.620368324049e-01
22 42 2 0.76383645 0.52364935 1.13601454 0.49372983 0.46239768 2.309747764275e+00 8.552329203431e-04 9.699966889337e+00 3.889379664001e-01 1.651743200714e-01
22 43 2 0.76383645 0.52364935 1.13601454 0.49372983 0.46239768 1.925433152183e+00 5.782160817512e-04 9.959705977235e+00 3.850905698598e-01 1.635857289619e-01
22 44 2 0.76383645 0.52364935 1.13601454 0.49372983 0.46239768 1.961251575921e+00 7.081068528854e-04 1.026500840557e+01 3.967299746625e-01 1.682083676480e-01
22 45 2 0.76383645 0.52364935 1.13601454 0.49372983 0.46239768 2.492407448067e+00 8.646811732907e-04 1.045356555387e+01 4.130977635914e-01 1.814996202981e-01
22 46 2 0.76383645 0.52364935 1.13601454 0.49372983 0.46239768 2.074547319779e+00 1.162034784674e-03 1.095798392429e+01 4.186859951401e-01 1.862875037749e-01
22 47 2 0.76383645 0.52364935 1.13601454 0.49372983 0.46239768 2.419073797866e+00 1.702668711515e-03 1.132095081279e+01 4.359725998745e-01 1.865188981418e-01
22 48 2 0.76383645 0.52364935 1.13601454 0.49372983 0.46239768 2.401980143167e+00 1.939553232510e-03 1.143846451016e+01 4.604776380118e-01 1.918110009232e-01
22 49 2 0.76383645 0.52364935 1.13601454 0.49372983 0.46239768 2.308700378579e+00 1.399363379980e-03 1.210299879615e+01 4.483891189441e-01 2.004541645187e-01
22 50 2 0.76383645 0.52364935 1.13601454 0.49372983 0.46239768 2.969434226934e+00 1.606854143198e-03 1.255318357384e+01 4.641517844397e-01 2.081039030541e-01
22 51 2 0.76383645 0.52364935 1.13601454 0.49372983 0.46239768 2.429088716228e+00 2.160208021538e-03 1.268095609883e+01 4.802401496912e-01 2.063825519801e-01
22 52 2 0.76383645 0.52364935 1.13601454 0.49372983 0.46239768 2.723833027018e+00 1.526731903630e-03 1.339274004742e+01 4.863752713657e-01 2.066187597712e-01
22 53 2 0.76383645 0.52364935 1.13601454 0.49372983 0.46239768 3.171446196348e+00 6.770921792233e-04 1.397841467828e+01 4.907595670234e-01 2.182929762809e-01
22 54 2 0.76383645 0.52364935 1.13601454 0.49372983 0.46239768 2.645877180260e+00 1.029227972370e-03 1.417446656541e+01 5.088090179821e-01 2.312403124867e-01
22 55 2 0.76383645 0.52364935 1.13601454 0.49372983 0.46239768 3.392720835735e+00 1.315431450310e-03 1.490742541693e+01 5.568926050711e-01 2.396898949504e-01
22 56 2 0.76383645 0.52364935 1.13601454 0.49372983 0.46239768 3.163161394370e+00 1.009740436389e-03 1.555197705019e+01 5.836747154106e-01 2.433961123200e-01
22 57 2 0.76383645 0.52364935 1.13601454 0.49372983 0.46239768 3.062806730099e+00 1.505819206359e-03 1.593453452083e+01 6.283169720787e-01 2.580150160558e-01
22 58 2 0.76383645 0.52364935 1.13601454 0.49372983 0.46239768 3.937595819205e+00 2.123604727097e-03 1.665336953286e+01 6.646334613400e-01 2.810783358718e-01
22 59 2 0.76383645 0.52364935 1.13601454 0.49372983 0.46239768 3.258692677213e+00 2.304344203016e-03 1.725018623706e+01 6.862566427876e-01 2.868665055688e-01
22 60 2 0.76383645 0.52364935 1.13601454 0.49372983 0.46239768 3.797925802465e+00 3.086420699078e-03 1.794494553361e+01 6.994566477697e-01 2.876001581739e-01
22 61 2 0.76383645 0.52364935 1.13601454 0.49372983 0.46239768 4.101277520696e+00 3.007763355649e-03 1.855130723178e+01 7.198928744535e-01 2.976275192522e-01
22 62 2 0.76383645 0.52364935 1.13601454 0.49372983 0.46239768 3.563179376045e+00 2.146523634861e-03 1.916002158814e+01 7.299336804148e-01 3.125303865030e-01
22 63 2 0.76383645 0.52364935 1.13601454 0.49372983 0.46239768 4.646522553903e+00 2.352080381555e-03 2.010655521279e+01 7.095722666167e-01 3.253588589388e-01
25 0 2 0.64749954 0.47728229 0.83332221 0.49757319 0.44373635 2.004282596944e+00 4.931254275108e-04 5.740336768849e+00 6.053220170261e-01 1.219669567691e-02
25 1 2 0.64749954 0.47728229 0.83332221 0.49757319 0.44373635 1.981865068502e+00 5.820447031948e-04 4.533900857926e+00 5.845244834035e-01 1.153785117219e-02
25 2 2 0.64749954 0.47728229 0.83332221 0.49757319 0.44373635 1.955789964629e+00 4.024482082927e-04 4.655371981637e+00 5.484266783604e-01 1.190686538115e-02
25 3 2 0.64749954 0.47728229 0.83332221 0.49757319 0.44373635 1.786647591565e+00 1.401739095575e-03 5.474879345536e+00 5.341327864804e-01 1.221046807121e-02
25 4 2 0.64749954 0.47728229 0.83332221 0.49757319 0.44373635 1.665624393849e+00 2.687021775989e-03 5.456087281921e+00 4.952912985383e-01 1.115017800655e-02
25 5 2 0.64749954 0.47728229 0.83332221 0.49757319 0.44373635 1.605858580668e+00 2.318659924755e-03 4.230613828342e+00 4.698413429280e-01 9.058740782233e-03
25 6 2 0.64749954 0.47728229 0.83332221 0.49757319 0.44373635 1.509779163011e+00 1.117615653741e-03 3.599831978041e+00 4.671108265759e-01 8.717061401868e-03
25 7 2 0.64749954 0.47728229 0.83332221 0.49757319 0.44373635 1.480639079356e+00 9.673367893997e-04 4.179673046024e+00 4.296835081026e-01 1.070709491242e-02
25 8 2 0.64749954 0.47728229 0.83332221 0.49757319 0.44373635 1.513612794844e+00 9.308782960302e-04 4.854070575165e+00 4.154052281416e-01 1.366046029861e-02
25 9 2 0.64749954 0.47728229 0.83332221 0.49757319 0.44373635 1.507127931433e+00 3.941778173239e-04 4.354136097075e+00 4.200024168153e-01 1.457340862077e-02
25 10 2 0.64749954 0.47728229 0.83332221 0.49757319 0.44373635 1.486466820930e+00 8.983145545864e-05 3.371790514140e+00 3.951697315102e-01 1.262478295021e-02
25 11 2 0.64749954 0.47728229 0.83332221 0.49757319 0.44373635 1.424711632262e+00 3.203434902777e-04 3.213052088003e+00 3.841051204228e-01 9.797839058741e-03
25 12 2 0.64749954 0.47728229 0.83332221 0.49757319 0.44373635 1.306609418250e+00 3.656179662505e-04 3.792290974462e+00 3.800741092320e-01 7.942379198563e-03
25 13 2 0.64749954 0.47728229 0.83332221 0.49757319 0.44373635 1.238913578743e+00 2.241352433053e-04 3.921190082036e+00 3.564387776655e-01 7.188915647214e-03
25 14 2 0.64749954 0.47728229 0.83332221 0.49757319 0.44373635 1.194252781695e+00 3.536289331487e-04 3.184129467621e+00 3.514532051896e-01 6.463861958493e-03
25 15 2 0.64749954 0.47728229 0.83332221 0.49757319 0.44373635 1.116256938072e+00 6.286524487920e-04 2.639241480725e+00 3.527870978523e-01 4.953712803451e-03
25 16 2 0.64749954 0.47728229 0.83332221 0.49757319 0.44373635 1.103688596255e+00 3.109134789668e-04 2.986464065360e+00 3.315539089975e-01 3.625591767817e-03
25 17 2 0.64749954 0.47728229 0.83332221 0.49757319 0.44373635 1.121862051324e+00 4.568456302281e-06 3.589894057352e+00 3.178059489629e-01 3.138207311946e-03
25 18 2 0.64749954 0.47728229 0.83332221 0.49757319 0.44373635 1.060262676785e+00 2.831590984398e-04 3.380740419143e+00 3.095526769165e-01 3.398709562403e-03
25 19 2 0.64749954 0.47728229 0.83332221 0.49757319 0.44373635 1.010762067352e+00 5.175739253600e-04 2.591509062227e+00 3.016863150897e-01 3.412625961485e-03
25 20 2 0.64749954 0.47728229 0.83332221 0.49757319 0.44373635 1.011561050558e+00 4.295275423935e-04 2.287570571114e+00 2.980858350459e-01 3.299665398401e-03
25 21 2 0.64749954 0.47728229 0.83332221 0.49757319 0.44373635 9.773098458143e-01 7.635167522302e-04 2.733944897543e+00 2.780369353397e-01 3.860482408290e-03
25 22 2 0.64749954 0.47728229 0.83332221 0.49757319 0.44373635 9.614906466690e-01 1.144788716006e-03 3.036813318546e+00 2.629921468876e-01 5.739010785271e-03
25 23 2 0.64749954 0.47728229 0.83332221 0.49757319 0.44373635 9.857329862825e-01 1.028411889163e-03 2.690514281608e+00 2.566618216160e-01 8.092882305637e-03
25 24 2 0.64749954 0.47728229 0.83332221 0.49757319 0.44373635 9.617289928218e-01 6.701647495000e-04 2.188308821185e+00 2.413395146552e-01 9.023347230625e-03
25 25 2 0.64749954 0.47728229 0.83332221 0.49757319 0.44373635 9.404853781696e-01 7.222514772591e-04 2.369868968713e+00 2.375305227196e-01 8.226017873688e-03
25 26 2 0.64749954 0.47728229 0.83332221 0.49757319 0.44373635 9.481460249008e-01 5.971331366170e-04 2.774257590042e+00 2.387537474255e-01 6.562272008059e-03
25 27 2 0.64749954 0.47728229 0.83332221 0.49757319 0.44373635 8.880169563735e-01 2.010845906338e-04 2.805183847976e+00 2.347190388512e-01 5.517278838624e-03
25 28 2 0.64749954 0.47728229 0.83332221 0.49757319 0.44373635 8.377571921726e-01 3.098440300559e-05 2.252500539099e+00 2.361804466586e-01 5.507584327639e-03
25 29 2 0.64749954 0.47728229 0.83332221 0.49757319 0.44373635 8.756034842010e-01 4.437895501726e-04 2.028707687018e+00 2.354310882032e-01 5.532496782929e-03
25 30 2 0.64749954 0.47728229 0.83332221 0.49757319 0.44373635 8.615357080568e-01 5.647685331131e-04 2.408370247984e+00 2.287031786885e-01 5.071003574193e-03
25 31 2 0.64749954 0.47728229 0.83332221 0.49757319 0.44373635 8.134721695362e-01 1.331226431706e-04 2.741709433774e+00 2.310809622268e-01 4.417984127117e-03
25 32 2 0.64749954 0.47728229 0.83332221 0.49757319 0.44373635 8.709494464454e-01 1.350496531965e-04 2.575226128789e+00 2.502541110063e-01 4.434309188098e-03
25 33 2 0.64749954 0.47728229 0.83332221 0.49757319 0.44373635 9.174377553255e-01 5.666395039008e-04 2.085074721223e+00 2.713690291676e-01 5.100358466826e-03
25 34 2 0.64749954 0.47728229 0.83332221 0.49757319 0.44373635 8.839452556633e-01 4.503265354049e-04 2.254295026222e+00 2.805401703028e-01 5.602906827112e-03
25 35 2 0.64749954 0.47728229 0.83332221 0.49757319 0.44373635 9.204138512876e-01 3.123629137502e-05 2.716171028714e+00 2.853353471822e-01 5.604479437870e-03
25 36 2 0.64749954 0.47728229 0.83332221 0.49757319 0.44373635 9.850748533950e-01 2.047766911974e-04 2.910420409815e+00 2.978960168257e-01 5.633112211770e-03
25 37 2 0.64749954 0.47728229 0.83332221 0.49757319 0.44373635 9.601746681370e-01 6.145326799616e-04 2.434248104572e+00 3.088265427347e-01 6.744989174831e-03
25 38 2 0.64749954 0.47728229 0.83332221 0.49757319 0.44373635 9.465578406052e-01 7.497722373772e-04 2.177810661783e+00 3.200270318350e-01 8.476998698869e-03
25 39 2 0.64749954 0.47728229 0.83332221 0.49757319 0.44373635 9.704059392289e-01 6.933023908042e-04 2.578906048551e+00 3.437437199791e-01 9.367233222057e-03
25 40 2 0.64749954 0.47728229 0.83332221 0.49757319 0.44373635 9.545304783684e-01 1.073615615318e-03 3.055754861370e+00 3.569121390640e-01 8.429699108605e-03
25 41 2 0.64749954 0.47728229 0.83332221 0.49757319 0.44373635 9.700907253651e-01 1.199036658355e-03 2.953583891875e+00 3.682417674193e-01 6.005472865057e-03
25 42 2 0.64749954 0.47728229 0.83332221 0.49757319 0.44373635 1.028743910392e+00 8.023481940999e-04 2.497529077226e+00 3.885794592903e-01 4.054499244565e-03
25 43 2 0.64749954 0.47728229 0.83332221 0.49757319 0.44373635 1.047451382835e+00 4.509408252048e-04 2.640107861882e+00 3.894266638391e-01 3.461130537539e-03
25 44 2 0.64749954 0.47728229 0.83332221 0.49757319 0.44373635 1.088972268216e+00 5.497016309349e-04 3.341171956399e+00 3.937173778829e-01 3.599193262275e-03
25 45 2 0.64749954 0.47728229 0.83332221 0.49757319 0.44373635 1.157968412342e+00 2.983963473920e-04 3.654830791783e+00 4.097655463569e-01 3.577863078451e-03
25 46 2 0.64749954 0.47728229 0.83332221 0.49757319 0.44373635 1.154045881468e+00 4.912314768092e-06 3.122720392271e+00 4.240492983742e-01 3.317533116826e-03
25 47 2 0.64749954 0.47728229 0.83332221 0.49757319 0.44373635 1.168592437449e+00 3.316690622390e-04 2.652620257233e+00 4.460074056698e-01 3.830794557096e-03
25 48 2 0.64749954 0.47728229 0.83332221 0.49757319 0.44373635 1.270134964840e+00 6.681107526544e-04 3.154409324929e+00 4.504289114403e-01 5.246449886839e-03
25 49 2 0.64749954 0.47728229 0.83332221 0.49757319 0.44373635 1.334859899770e+00 3.787251276483e-04 4.080378296550e+00 4.560925329444e-01 6.873987249225e-03
25 50 2 0.64749954 0.47728229 0.83332221 0.49757319 0.44373635 1.377748434042e+00 2.396873329858e-04 4.147101589002e+00 4.911578033256e-01 7.637746205927e-03
25 51 2 0.64749954 0.47728229 0.83332221 0.49757319 0.44373635 1.462991181337e+00 3.904558436067e-04 3.508907242579e+00 5.087224919056e-01 8.474569687200e-03
25 52 2 0.64749954 0.47728229 0.83332221 0.49757319 0.44373635 1.491095496656e+00 3.446436793113e-04 3.385668686328e+00 5.206102919781e-01 1.044187519903e-02
25 53 2 0.64749954 0.47728229 0.83332221 0.49757319 0.44373635 1.467705878087e+00 9.616658893002e-05 4.293968960070e+00 5.585941683000e-01 1.349508206168e-02
25 54 2 0.64749954 0.47728229 0.83332221 0.49757319 0.44373635 1.476063575042e+00 4.235994125067e-04 4.907216090715e+00 5.732207792879e-01 1.559225159226e-02
25 55 2 0.64749954 0.47728229 0.83332221 0.49757319 0.44373635 1.492308567767e+00 1.002980078640e-03 4.448273360798e+00 5.931173834252e-01 1.461112957355e-02
25 56 2 0.64749954 0.47728229 0.83332221 0.49757319 0.44373635 1.570113716484e+00 1.038162756469e-03 3.737156925271e+00 6.536050231896e-01 1.147510456074e-02
25 57 2 0.64749954 0.47728229 0.83332221 0.49757319 0.44373635 1.725182374614e+00 1.200021777011e-03 4.288540990530e+00 6.752756432593e-01 9.309091371739e-03
25 58 2 0.64749954 0.47728229 0.83332221 0.49757319 0.44373635 1.822420438884e+00 2.499192563367e-03 5.579013307270e+00 7.001826501882e-01 9.699070701273e-03
25 59 2 0.64749954 0.47728229 0.83332221 0.49757319 0.44373635 1.914094073673e+00 2.882683706226e-03 5.936394477937e+00 7.625872925136e-01 1.191764858535e-02
25 60 2 0.64749954 0.47728229 0.83332221 0.49757319 0.44373635 2.053531932214e+00 1.504564347086e-03 5.033949536825e+00 7.848305821575e-01 1.306247356422e-02
25 61 2 0.64749954 0.47728229 0.83332221 0.49757319 0.44373635 2.065386299981e+00 4.327715662804e-04 4.541803299862e+00 8.194904344657e-01 1.274359102043e-02
25 62 2 0.64749954 0.47728229 0.83332221 0.49757319 0.44373635 2.043296111908e+00 6.248391423830e-04 5.673359991067e+00 8.637111046872e-01 1.231779678297e-02
25 63 2 0.64749954 0.47728229 0.83332221 0.49757319 0.44373635 2.175618373903e+00 5.256202228336e-04 6.810530444215e+00 8.896038832768e-01 1.305361395247e-02
28 0 2 0.68120559 0.50528257 0.83073386 0.55148592 0.47837903 2.469094590292e+00 8.338907171708e-01 4.988598114954e+00 7.745799793226e-01 1.560733244702e-02
28 1 2 0.68120559 0.50528257 0.83073386 0.55148592 0.47837903 2.298334920566e+00 8.208746913852e-01 4.128827669533e+00 7.459697157048e-01 1.626135098066e-02
28 2 2 0.68120559 0.50528257 0.83073386 0.55148592 0.47837903 2.210347105784e+00 7.665216323370e-01 4.296773114086e+00 7.262807947161e-01 1.595325193678e-02
28 3 2 0.68120559 0.50528257 0.83073386 0.55148592 0.47837903 2.107915289267e+00 6.986426075780e-01 5.177591956210e+00 6.943954873182e-01 1.544245494824e-02
28 4 2 0.68120559 0.50528257 0.83073386 0.55148592 0.47837903 1.986895651040e+00 6.641909345880e-01 5.787127885861e+00 6.534833009218e-01 1.491415256074e-02
28 5 2 0.68120559 0.50528257 0.83073386 0.55148592 0.47837903 1.910813895624e+00 6.377693999681e-01 5.590170173596e+00 6.350216677574e-01 1.371051296148e-02
28 6 2 0.68120559 0.50528257 0.83073386 0.55148592 0.47837903 1.864992101003e+00 6.004814447223e-01 4.496899564257e+00 5.982327972669e-01 1.502678153148e-02
28 7 2 0.68120559 0.50528257 0.83073386 0.55148592 0.47837903 1.844951991325e+00 5.741792678951e-01 3.431789064078e+00 5.833606331295e-01 1.450813419868e-02
28 8 2 0.68120559 0.50528257 0.83073386 0.55148592 0.47837903 1.858389447353e+00 5.696022338367e-01 2.999652497100e+00 5.724460688495e-01 1.301249834349e-02
28 9 2 0.68120559 0.50528257 0.83073386 0.55148592 0.47837903 1.841331140232e+00 5.751855578467e-01 3.459798738090e+00 5.436995432253e-01 1.103547131358e-02
28 10 2 0.68120559 0.50528257 0.83073386 0.55148592 0.47837903 1.777078702557e+00 5.564872420419e-01 4.177056586927e+00 5.493690808478e-01 9.929754993149e-03
28 11 2 0.68120559 0.50528257 0.83073386 0.55148592 0.47837903 1.736340174157e+00 5.300331618041e-01 4.523276370288e+00 5.339894474254e-01 1.049586154621e-02
28 12 2 0.68120559 0.50528257 0.83073386 0.55148592 0.47837903 1.700522498304e+00 5.155307582849e-01 4.098704282487e+00 5.071452061759e-01 1.049437907738e-02
28 13 2 0.68120559 0.50528257 0.83073386 0.55148592 0.47837903 1.596116429338e+00 5.124861433182e-01 3.204164513710e+00 5.090724973299e-01 9.332333559635e-03
28 14 2 0.68120559 0.50528257 0.83073386 0.55148592 0.47837903 1.476901220444e+00 4.928158936220e-01 2.533277055567e+00 5.012182035862e-01 5.893685585241e-03
28 15 2 0.68120559 0.50528257 0.83073386 0.55148592 0.47837903 1.421191925662e+00 4.711477059767e-01 2.491966087377e+00 4.980689201673e-01 3.667968350059e-03
28 16 2 0.68120559 0.50528257 0.83073386 0.55148592 0.47837903 1.383522680253e+00 4.552109215882e-01 3.065277855150e+00 4.875359401682e-01 3.606451308846e-03
28 17 2 0.68120559 0.50528257 0.83073386 0.55148592 0.47837903 1.325072589651e+00 4.590074362925e-01 3.599781457754e+00 4.683317645587e-01 4.969709776073e-03
28 18 2 0.68120559 0.50528257 0.83073386 0.55148592 0.47837903 1.291182799332e+00 4.595996889177e-01 3.741551489759e+00 4.627668716004e-01 6.709222300287e-03
28 19 2 0.68120559 0.50528257 0.83073386 0.55148592 0.47837903 1.287509252148e+00 4.443727068190e-01 3.201131275620e+00 4.519743244144e-01 6.169050514244e-03
28 20 2 0.68120559 0.50528257 0.83073386 0.55148592 0.47837903 1.276023657426e+00 4.249845636843e-01 2.517035302200e+00 4.494562034365e-01 5.581040844592e-03
28 21 2 0.68120559 0.50528257 0.83073386 0.55148592 0.47837903 1.258401124172e+00 4.128989768493e-01 2.081371342552e+00 4.310875816557e-01 6.124745976801e-03
28 22 2 0.68120559 0.50528257 0.83073386 0.55148592 0.47837903 1.231384442030e+00 3.912531819966e-01 2.262586601732e+00 3.985484578237e-01 8.252296037887e-03
28 23 2 0.68120559 0.50528257 0.83073386 0.55148592 0.47837903 1.178162415400e+00 3.631122053421e-01 2.715723841956e+00 3.940037968940e-01 1.092669895331e-02
28 24 2 0.68120559 0.50528257 0.83073386 0.55148592 0.47837903 1.136334062143e+00 3.463895794338e-01 3.113103731994e+00 3.770747953189e-01 1.190028412312e-02
28 25 2 0.68120559 0.50528257 0.83073386 0.55148592 0.47837903 1.124226297534e+00 3.314788254910e-01 2.987826234087e+00 3.624162537635e-01 1.103428286606e-02
28 26 2 0.68120559 0.50528257 0.83073386 0.55148592 0.47837903 1.082880519574e+00 3.141687534102e-01 2.509210398622e+00 3.694394752923e-01 9.153174008305e-03
28 27 2 0.68120559 0.50528257 0.83073386 0.55148592 0.47837903 1.019352558702e+00 3.027641254222e-01 1.958999823172e+00 3.608655099350e-01 8.318657241349e-03
28 28 2 0.68120559 0.50528257 0.83073386 0.55148592 0.47837903 1.019223653102e+00 3.143500442448e-01 1.857931128343e+00 3.603811763916e-01 7.999446731203e-03
28 29 2 0.68120559 0.50528257 0.83073386 0.55148592 0.47837903 1.052982400923e+00 3.257512454539e-01 2.138655070842e+00 3.585539516339e-01 7.737769455635e-03
28 30 2 0.68120559 0.50528257 0.83073386 0.55148592 0.47837903 1.027162457525e+00 3.182530272798e-01 2.670483047948e+00 3.459053715117e-01 7.301391819475e-03
28 31 2 0.68120559 0.50528257 0.83073386 0.55148592 0.47837903 9.968149150086e-01 3.070412569281e-01 2.854634202187e+00 3.547061883420e-01 6.448800382678e-03
28 32 2 0.68120559 0.50528257 0.83073386 0.55148592 0.47837903 1.047205206442e+00 3.246820650553e-01 2.709173467159e+00 3.762799290274e-01 6.476762557589e-03
28 33 2 0.68120559 0.50528257 0.83073386 0.55148592 0.47837903 1.098401782441e+00 3.402746846116e-01 2.194420360165e+00 4.057400414802e-01 7.343461691720e-03
28 34 2 0.68120559 0.50528257 0.83073386 0.55148592 0.47837903 1.082178090625e+00 3.346691186312e-01 1.938224108912e+00 4.202532951477e-01 7.830623099902e-03
28 35 2 0.68120559 0.50528257 0.83073386 0.55148592 0.47837903 1.091541873736e+00 3.318205766584e-01 2.042238109306e+00 4.234059726191e-01 8.144189437477e-03
28 36 2 0.68120559 0.50528257 0.83073386 0.55148592 0.47837903 1.167655074524e+00 3.542937253816e-01 2.610706673681e+00 4.421802505904e-01 8.492641985425e-03
28 37 2 0.68120559 0.50528257 0.83073386 0.55148592 0.47837903 1.213168071712e+00 3.811776948496e-01 3.058994134517e+00 4.483431525963e-01 9.403182732015e-03
28 38 2 0.68120559 0.50528257 0.83073386 0.55148592 0.47837903 1.207716076568e+00 3.960690481066e-01 3.201827773757e+00 4.672067628297e-01 1.137852274197e-02
28 39 2 0.68120559 0.50528257 0.83073386 0.55148592 0.47837903 1.227800234426e+00 4.068209998754e-01 2.804516878129e+00 4.964763745662e-01 1.234716626261e-02
28 40 2 0.68120559 0.50528257 0.83073386 0.55148592 0.47837903 1.266810681393e+00 4.230192064092e-01 2.325270069610e+00 5.003656926937e-01 1.137471868519e-02
28 41 2 0.68120559 0.50528257 0.83073386 0.55148592 0.47837903 1.274296919191e+00 4.337980098531e-01 2.161628906622e+00 5.250329600777e-01 8.638544537280e-03
28 42 2 0.68120559 0.50528257 0.83073386 0.55148592 0.47837903 1.273119006448e+00 4.295185702293e-01 2.570541157352e+00 5.408794174175e-01 6.426492998063e-03
28 43 2 0.68120559 0.50528257 0.83073386 0.55148592 0.47837903 1.288511606189e+00 4.310898683894e-01 3.236510927697e+00 5.293897264136e-01 5.854371109749e-03
28 44 2 0.68120559 0.50528257 0.83073386 0.55148592 0.47837903 1.311680027483e+00 4.352828212449e-01 3.705719022729e+00 5.405204259973e-01 6.509015043872e-03
28 45 2 0.68120559 0.50528257 0.83073386 0.55148592 0.47837903 1.363502796333e+00 4.287606326185e-01 3.585931766549e+00 5.529472999811e-01 7.077688351249e-03
28 46 2 0.68120559 0.50528257 0.83073386 0.55148592 0.47837903 1.442922389027e+00 4.245872592380e-01 3.009232199793e+00 5.721149310139e-01 5.259223920907e-03
28 47 2 0.68120559 0.50528257 0.83073386 0.55148592 0.47837903 1.500147911812e+00 4.419058357312e-01 2.493405958684e+00 5.904191818454e-01 3.819052636616e-03
28 48 2 0.68120559 0.50528257 0.83073386 0.55148592 0.47837903 1.552958416310e+00 4.667113711226e-01 2.612889951274e+00 5.956886223990e-01 3.868391653309e-03
28 49 2 0.68120559 0.50528257 0.83073386 0.55148592 0.47837903 1.648342202854e+00 4.820388769047e-01 3.341388976162e+00 6.195830322587e-01 6.251038302927e-03
28 50 2 0.68120559 0.50528257 0.83073386 0.55148592 0.47837903 1.720979297652e+00 4.875187471212e-01 4.275655663664e+00 6.404001266134e-01 9.913452672560e-03
28 51 2 0.68120559 0.50528257 0.83073386 0.55148592 0.47837903 1.714030744747e+00 4.977802437815e-01 4.657687245445e+00 6.799057539997e-01 1.117459886178e-02
28 52 2 0.68120559 0.50528257 0.83073386 0.55148592 0.47837903 1.712041793594e+00 5.261996560495e-01 4.339819656234e+00 7.199991524886e-01 1.118474132121e-02
28 53 2 0.68120559 0.50528257 0.83073386 0.55148592 0.47837903 1.761966911727e+00 5.434012892549e-01 3.545916033873e+00 7.281044130637e-01 1.059599480621e-02
28 54 2 0.68120559 0.50528257 0.83073386 0.55148592 0.47837903 1.792727389764e+00 5.469109561215e-01 3.189092620304e+00 7.788271585698e-01 1.176713214534e-02
28 55 2 0.68120559 0.50528257 0.83073386 0.55148592 0.47837903 1.809045518904e+00 5.602911755968e-01 3.672953542278e+00 8.252723486327e-01 1.389561870733e-02
28 56 2 0.68120559 0.50528257 0.83073386 0.55148592 0.47837903 1.887557482546e+00 6.046923068806e-01 4.861422682273e+00 8.544761189961e-01 1.551664571031e-02
28 57 2 0.68120559 0.50528257 0.83073386 0.55148592 0.47837903 2.012721897356e+00 6.495242452622e-01 5.895160991110e+00 9.203679484396e-01 1.604986441491e-02
28 58 2 0.68120559 0.50528257 0.83073386 0.55148592 0.47837903 2.147104852894e+00 6.831203720340e-01 6.110336850760e+00 9.604806314883e-01 1.465794820994e-02
28 59 2 0.68120559 0.50528257 0.83073386 0.55148592 0.47837903 2.298857845892e+00 7.088401087225e-01 5.341170349317e+00 1.007660779345e+00 1.594899595488e-02
28 60 2 0.68120559 0.50528257 0.83073386 0.55148592 0.47837903 2.424531603542e+00 7.578534694266e-01 4.397156659216e+00 1.059579273311e+00 1.648519340530e-02
28 61 2 0.68120559 0.50528257 0.83073386 0.55148592 0.47837903 2.510820944846e+00 7.904841279199e-01 4.177681086076e+00 1.082701732215e+00 1.705814571864e-02
28 62 2 0.68120559 0.50528257 0.83073386 0.55148592 0.47837903 2.644656746291e+00 7.798079262090e-01 5.135022893119e+00 1.132689263343e+00 1.737544644682e-02
28 63 2 0.68120559 0.50528257 0.83073386 0.55148592 0.47837903 2.781573621619e+00 7.754809181104e-01 6.545992224423e+00 1.176095108143e+00 1.664303624320e-02
