# environment=00173 local_bs=3 gain_scale=1.306599172720e-14
# ue subcarrier serving_bs phi0 phi1 phi2 phi3 phi4 gain0 gain1 gain2 gain3 gain4
4 0 3 0.65348373 0.97897735 1.00693318 1.06141411 0.87689407 6.488472975411e-03 2.315322599500e+01 8.847105612436e-03 3.876121666772e+01 1.101577331479e+01
4 1 3 0.65348373 0.97897735 1.00693318 1.06141411 0.87689407 7.118112720756e-03 1.878340043055e+01 1.141946197677e-02 3.509899883670e+01 1.067681855732e+01
4 2 3 0.65348373 0.97897735 1.00693318 1.06141411 0.87689407 6.332427698555e-03 2.198097364193e+01 1.448295149646e-02 3.686220358613e+01 1.027789906863e+01
4 3 3 0.65348373 0.97897735 1.00693318 1.06141411 0.87689407 6.270715314146e-03 1.689588559316e+01 1.806692362559e-02 3.449005004761e+01 9.962565766858e+00
4 4 3 0.65348373 0.97897735 1.00693318 1.06141411 0.87689407 5.399635174922e-03 2.073522324081e+01 1.522068821217e-02 3.478840394114e+01 9.594364280771e+00
4 5 3 0.65348373 0.97897735 1.00693318 1.06141411 0.87689407 3.590863062539e-03 1.536185483413e+01 1.211326926679e-02 3.365724446948e+01 9.199035880176e+00
4 6 3 0.65348373 0.97897735 1.00693318 1.06141411 0.87689407 2.537266735236e-03 1.903247700468e+01 9.419899410980e-03 3.250477519277e+01 8.783933565639e+00
4 7 3 0.65348373 0.97897735 1.00693318 1.06141411 0.87689407 2.048684041542e-03 1.426406404384e+01 8.734566371129e-03 3.242030332214e+01 8.393556657285e+00
4 8 3 0.65348373 0.97897735 1.00693318 1.06141411 0.87689407 2.389338763597e-03 1.755429829939e+01 1.042851088964e-02 3.024107362324e+01 8.071235539024e+00
4 9 3 0.65348373 0.97897735 1.00693318 1.06141411 0.87689407 2.188065280673e-03 1.373790884021e+01 1.032488485315e-02 3.124630485561e+01 7.729490999760e+00
4 10 3 0.65348373 0.97897735 1.00693318 1.06141411 0.87689407 2.738568884817e-03 1.609161540023e+01 8.450479399166e-03 2.844045207858e+01 7.440297957527e+00
4 11 3 0.65348373 0.97897735 1.00693318 1.06141411 0.87689407 3.962980549894e-03 1.326143118579e+01 5.875788125843e-03 3.052820943874e+01 7.130415832162e+00
4 12 3 0.65348373 0.97897735 1.00693318 1.06141411 0.87689407 4.301205578175e-03 1.441204958674e+01 5.483672455398e-03 2.703958063617e+01 6.916172729007e+00
4 13 3 0.65348373 0.97897735 1.00693318 1.06141411 0.87689407 4.420518398358e-03 1.284220123528e+01 7.828137688588e-03 2.977153184833e+01 6.705630671098e+00
4 14 3 0.65348373 0.97897735 1.00693318 1.06141411 0.87689407 3.794373010142e-03 1.296006439132e+01 9.839727109794e-03 2.557603774273e+01 6.559524517503e+00
4 15 3 0.65348373 0.97897735 1.00693318 1.06141411 0.87689407 3.847042586642e-03 1.272165382629e+01 1.128447982627e-02 2.852864166752e+01 6.387184526822e+00
4 16 3 0.65348373 0.97897735 1.00693318 1.06141411 0.87689407 3.056107631864e-03 1.161975229409e+01 1.153308463566e-02 2.399656542043e+01 6.232331694143e+00
4 17 3 0.65348373 0.97897735 1.00693318 1.06141411 0.87689407 2.361208473504e-03 1.238007685882e+01 9.971235836482e-03 2.711430103718e+01 6.090162701046e+00
4 18 3 0.65348373 0.97897735 1.00693318 1.06141411 0.87689407 1.754011433601e-03 1.030320888927e+01 5.413382452966e-03 2.256566482578e+01 5.972381303475e+00
4 19 3 0.65348373 0.97897735 1.00693318 1.06141411 0.87689407 1.418763196179e-03 1.187583321025e+01 3.962992842021e-03 2.580172907441e+01 5.869641255720e+00
4 20 3 0.65348373 0.97897735 1.00693318 1.06141411 0.87689407 1.578835639348e-03 9.394740190179e+00 4.900777812127e-03 2.136838334133e+01 5.711061956437e+00
4 21 3 0.65348373 0.97897735 1.00693318 1.06141411 0.87689407 1.693530920176e-03 1.147608941603e+01 6.060196370005e-03 2.449107464392e+01 5.561664114896e+00
4 22 3 0.65348373 0.97897735 1.00693318 1.06141411 0.87689407 2.218187630865e-03 8.801378181103e+00 6.982709873463e-03 2.042705159954e+01 5.403284722028e+00
4 23 3 0.65348373 0.97897735 1.00693318 1.06141411 0.87689407 2.416990821719e-03 1.088351734462e+01 6.279582783761e-03 2.322709467482e+01 5.314173477955e+00
4 24 3 0.65348373 0.97897735 1.00693318 1.06141411 0.87689407 2.800546835609e-03 8.287864336056e+00 5.613314204344e-03 1.972473917749e+01 5.184523496143e+00
4 25 3 0.65348373 0.97897735 1.00693318 1.06141411 0.87689407 3.208548360506e-03 1.029099790372e+01 5.555484464308e-03 2.200567244791e+01 5.056716717084e+00
4 26 3 0.65348373 0.97897735 1.00693318 1.06141411 0.87689407 3.032120682626e-03 8.152197084344e+00 6.485361387754e-03 1.895839665982e+01 4.917186173241e+00
4 27 3 0.65348373 0.97897735 1.00693318 1.06141411 0.87689407 2.658730751792e-03 9.900557131433e+00 7.678842146355e-03 2.051463333675e+01 4.857875189651e+00
4 28 3 0.65348373 0.97897735 1.00693318 1.06141411 0.87689407 2.061974978305e-03 8.317218996640e+00 7.692375375009e-03 1.794164112887e+01 4.834305724141e+00
4 29 3 0.65348373 0.97897735 1.00693318 1.06141411 0.87689407 2.065631122367e-03 9.435878255777e+00 7.325983573445e-03 1.879995655978e+01 4.803371477645e+00
4 30 3 0.65348373 0.97897735 1.00693318 1.06141411 0.87689407 1.604068614890e-03 8.571123953315e+00 5.256631394753e-03 1.706165154176e+01 4.771482918366e+00
4 31 3 0.65348373 0.97897735 1.00693318 1.06141411 0.87689407 1.226328539942e-03 9.037058497500e+00 3.032668638417e-03 1.739085055507e+01 4.770284079535e+00
4 32 3 0.65348373 0.97897735 1.00693318 1.06141411 0.87689407 1.249781342751e-03 9.170800345973e+00 3.108655421845e-03 1.663389315203e+01 4.860230200268e+00
4 33 3 0.65348373 0.97897735 1.00693318 1.06141411 0.87689407 1.633300871715e-03 8.943038244984e+00 5.341625301156e-03 1.635466966882e+01 4.939039560207e+00
4 34 3 0.65348373 0.97897735 1.00693318 1.06141411 0.87689407 2.097862532636e-03 9.924614361262e+00 7.425894882898e-03 1.626298046842e+01 5.018710899858e+00
4 35 3 0.65348373 0.97897735 1.00693318 1.06141411 0.87689407 2.105214142504e-03 8.868641975862e+00 7.906068522894e-03 1.518029214206e+01 5.061143393675e+00
4 36 3 0.65348373 0.97897735 1.00693318 1.06141411 0.87689407 2.734287369987e-03 1.057280706629e+01 7.895292188198e-03 1.553426720190e+01 5.180461768448e+00
4 37 3 0.65348373 0.97897735 1.00693318 1.06141411 0.87689407 3.129298492335e-03 8.925888068897e+00 6.687465505414e-03 1.374550449548e+01 5.306644774361e+00
4 38 3 0.65348373 0.97897735 1.00693318 1.06141411 0.87689407 3.282437858982e-03 1.140042983171e+01 5.711756724068e-03 1.469931138567e+01 5.428928716801e+00
4 39 3 0.65348373 0.97897735 1.00693318 1.06141411 0.87689407 2.886152247010e-03 9.339513393146e+00 5.760906848696e-03 1.245316719482e+01 5.495234347878e+00
4 40 3 0.65348373 0.97897735 1.00693318 1.06141411 0.87689407 2.497510977619e-03 1.227715250579e+01 6.500721334655e-03 1.406933472146e+01 5.573266518387e+00
4 41 3 0.65348373 0.97897735 1.00693318 1.06141411 0.87689407 2.316129785614e-03 9.788286254099e+00 7.297961255982e-03 1.147048695024e+01 5.698354045836e+00
4 42 3 0.65348373 0.97897735 1.00693318 1.06141411 0.87689407 1.772620554324e-03 1.284272524586e+01 6.347200584886e-03 1.350032765297e+01 5.824150255540e+00
4 43 3 0.65348373 0.97897735 1.00693318 1.06141411 0.87689407 1.666148174457e-03 1.042926170316e+01 5.177573331625e-03 1.062620790779e+01 5.950607225944e+00
4 44 3 0.65348373 0.97897735 1.00693318 1.06141411 0.87689407 1.516475642556e-03 1.338575568960e+01 4.229634360067e-03 1.287201526214e+01 6.038246550846e+00
4 45 3 0.65348373 0.97897735 1.00693318 1.06141411 0.87689407 1.864519929941e-03 1.153114128861e+01 5.797692046123e-03 9.833518719644e+00 6.204062568329e+00
4 46 3 0.65348373 0.97897735 1.00693318 1.06141411 0.87689407 2.526981919635e-03 1.385805139789e+01 1.067818400536e-02 1.224103502829e+01 6.384538924967e+00
4 47 3 0.65348373 0.97897735 1.00693318 1.06141411 0.87689407 3.242648511625e-03 1.273635585779e+01 1.221052504514e-02 9.065096843263e+00 6.634364013283e+00
4 48 3 0.65348373 0.97897735 1.00693318 1.06141411 0.87689407 4.067635832440e-03 1.400470729128e+01 1.197540502739e-02 1.146956549113e+01 6.853766133939e+00
4 49 3 0.65348373 0.97897735 1.00693318 1.06141411 0.87689407 4.017448262289e-03 1.405722690028e+01 1.057842746814e-02 8.273927835822e+00 7.127085771268e+00
4 50 3 0.65348373 0.97897735 1.00693318 1.06141411 0.87689407 4.707203258388e-03 1.436383028320e+01 8.275939282555e-03 1.052143799051e+01 7.421215320241e+00
4 51 3 0.65348373 0.97897735 1.00693318 1.06141411 0.87689407 4.597309676964e-03 1.577136767876e+01 5.789865547093e-03 7.603553065654e+00 7.771383800653e+00
4 52 3 0.65348373 0.97897735 1.00693318 1.06141411 0.87689407 4.195932105872e-03 1.487166262005e+01 6.309431287199e-03 9.748027974615e+00 8.143707097314e+00
4 53 3 0.65348373 0.97897735 1.00693318 1.06141411 0.87689407 2.933037937681e-03 1.751809853647e+01 9.086763082932e-03 7.222058311012e+00 8.492200428493e+00
4 54 3 0.65348373 0.97897735 1.00693318 1.06141411 0.87689407 2.374691476531e-03 1.528313768949e+01 1.116579909846e-02 9.219894831424e+00 8.854910675776e+00
4 55 3 0.65348373 0.97897735 1.00693318 1.06141411 0.87689407 2.599011132595e-03 1.926832060635e+01 1.127037137543e-02 6.962560396462e+00 9.176853286050e+00
4 56 3 0.65348373 0.97897735 1.00693318 1.06141411 0.87689407 2.194609269898e-03 1.615833273514e+01 9.442102964403e-03 8.531241987692e+00 9.571569398277e+00
4 57 3 0.65348373 0.97897735 1.00693318 1.06141411 0.87689407 2.715024593992e-03 2.136316740743e+01 1.018580954425e-02 6.582751036197e+00 9.902969826655e+00
4 58 3 0.65348373 0.97897735 1.00693318 1.06141411 0.87689407 3.876230917543e-03 1.752129967777e+01 1.304208451299e-02 7.596957052589e+00 1.025457822250e+01
4 59 3 0.65348373 0.97897735 1.00693318 1.06141411 0.87689407 5.746891034307e-03 2.312089617674e+01 1.624980964634e-02 6.145144466441e+00 1.050554464271e+01
4 60 3 0.65348373 0.97897735 1.00693318 1.06141411 0.87689407 6.660713603166e-03 1.914820290812e+01 1.927643022035e-02 6.745767082387e+00 1.083400372581e+01
4 61 3 0.65348373 0.97897735 1.00693318 1.06141411 0.87689407 6.730881851116e-03 2.450017147169e+01 1.542006312997e-02 5.815982942521e+00 1.117725415350e+01
4 62 3 0.65348373 0.97897735 1.00693318 1.06141411 0.87689407 7.643480004534e-03 2.138491271469e+01 1.222148737236e-02 6.098478193150e+00 1.156323771464e+01
4 63 3 0.65348373 0.97897735 1.00693318 1.06141411 0.87689407 6.962986858076e-03 2.594226524431e+01 9.513014764406e-03 5.658433558196e+00 1.191714066405e+01
8 0 3 0.76300084 1.29417057 1.30213227 1.39996719 1.12077903 8.872041258164e-03 6.584488144689e+01 3.797015285672e-02 7.096680480019e+01 3.147373718685e+01
8 1 3 0.76300084 1.29417057 1.30213227 1.39996719 1.12077903 1.131865142117e-02 6.351746900967e+01 4.599965772219e-02 7.601180817560e+01 3.062190523035e+01
8 2 3 0.76300084 1.29417057 1.30213227 1.39996719 1.12077903 1.439533046595e-02 6.110568590019e+01 4.544296602809e-02 7.010936445059e+01 2.966065994852e+01
8 3 3 0.76300084 1.29417057 1.30213227 1.39996719 1.12077903 1.834526662213e-02 5.923141698099e+01 3.899706587674e-02 6.590727936065e+01 2.876917317449e+01
8 4 3 0.76300084 1.29417057 1.30213227 1.39996719 1.12077903 1.886987823350e-02 5.702421416398e+01 2.893786936751e-02 6.939114397113e+01 2.781764263471e+01
8 5 3 0.76300084 1.29417057 1.30213227 1.39996719 1.12077903 1.378476072867e-02 5.437144409499e+01 3.308170224785e-02 6.035579587998e+01 2.676030916387e+01
8 6 3 0.76300084 1.29417057 1.30213227 1.39996719 1.12077903 8.893794463195e-03 5.227244314982e+01 4.836504106512e-02 6.179830453228e+01 2.574990228078e+01
8 7 3 0.76300084 1.29417057 1.30213227 1.39996719 1.12077903 7.716382105593e-03 4.994902172137e+01 5.279297586677e-02 6.014233325250e+01 2.484435331216e+01
8 8 3 0.76300084 1.29417057 1.30213227 1.39996719 1.12077903 8.218550961700e-03 4.808637779195e+01 4.379890812206e-02 5.341974758011e+01 2.405423924682e+01
8 9 3 0.76300084 1.29417057 1.30213227 1.39996719 1.12077903 7.903016383842e-03 4.678205230829e+01 2.933005250260e-02 5.714454177197e+01 2.333426660219e+01
8 10 3 0.76300084 1.29417057 1.30213227 1.39996719 1.12077903 7.529231489279e-03 4.520317558998e+01 1.965700183486e-02 5.139792873112e+01 2.248740724251e+01
8 11 3 0.76300084 1.29417057 1.30213227 1.39996719 1.12077903 7.427339275444e-03 4.365971585517e+01 2.284269555480e-02 5.010964887635e+01 2.147060804124e+01
8 12 3 0.76300084 1.29417057 1.30213227 1.39996719 1.12077903 7.136859745638e-03 4.215005684819e+01 3.123412524330e-02 5.231322435404e+01 2.049186692327e+01
8 13 3 0.76300084 1.29417057 1.30213227 1.39996719 1.12077903 7.617892478106e-03 4.072945536218e+01 3.551577229468e-02 4.588946382032e+01 1.966200382863e+01
8 14 3 0.76300084 1.29417057 1.30213227 1.39996719 1.12077903 9.628672874282e-03 3.967246783174e+01 2.778312221821e-02 4.836957919120e+01 1.897883088434e+01
8 15 3 0.76300084 1.29417057 1.30213227 1.39996719 1.12077903 1.128897405122e-02 3.866172000952e+01 1.837595890331e-02 4.603949755531e+01 1.846910867022e+01
8 16 3 0.76300084 1.29417057 1.30213227 1.39996719 1.12077903 1.087833707291e-02 3.747466486778e+01 2.484629725828e-02 4.204366776912e+01 1.807649152006e+01
8 17 3 0.76300084 1.29417057 1.30213227 1.39996719 1.12077903 8.837224904518e-03 3.629468855950e+01 3.627881576384e-02 4.489773697982e+01 1.772276111875e+01
8 18 3 0.76300084 1.29417057 1.30213227 1.39996719 1.12077903 5.903103758584e-03 3.494522077989e+01 3.509336073249e-02 3.980816574372e+01 1.743420812505e+01
8 19 3 0.76300084 1.29417057 1.30213227 1.39996719 1.12077903 3.921724010445e-03 3.362248777611e+01 2.614169215820e-02 4.008345812208e+01 1.713943537619e+01
8 20 3 0.76300084 1.29417057 1.30213227 1.39996719 1.12077903 4.080591248680e-03 3.267741216193e+01 1.626041762692e-02 4.086932930833e+01 1.668499840188e+01
8 21 3 0.76300084 1.29417057 1.30213227 1.39996719 1.12077903 5.752709513178e-03 3.181558209160e+01 1.297341234634e-02 3.633221840065e+01 1.615678689049e+01
8 22 3 0.76300084 1.29417057 1.30213227 1.39996719 1.12077903 6.757778665059e-03 3.083741949087e+01 1.940194203218e-02 3.926388411622e+01 1.576016157191e+01
8 23 3 0.76300084 1.29417057 1.30213227 1.39996719 1.12077903 6.404703578863e-03 2.986462524305e+01 2.533491218746e-02 3.702825747131e+01 1.550974481278e+01
8 24 3 0.76300084 1.29417057 1.30213227 1.39996719 1.12077903 6.063451307951e-03 2.897536895180e+01 2.597321813625e-02 3.554539823804e+01 1.530436815213e+01
8 25 3 0.76300084 1.29417057 1.30213227 1.39996719 1.12077903 6.260930974575e-03 2.820705930741e+01 2.104950785422e-02 3.837827472724e+01 1.506874002700e+01
8 26 3 0.76300084 1.29417057 1.30213227 1.39996719 1.12077903 6.515276108656e-03 2.784696507919e+01 1.681383859081e-02 3.439278592212e+01 1.478578448552e+01
8 27 3 0.76300084 1.29417057 1.30213227 1.39996719 1.12077903 6.869208397677e-03 2.760499053916e+01 2.031262425792e-02 3.600556836245e+01 1.454543898645e+01
8 28 3 0.76300084 1.29417057 1.30213227 1.39996719 1.12077903 7.284866480764e-03 2.734637056359e+01 2.581607691486e-02 3.602625313727e+01 1.439249982374e+01
8 29 3 0.76300084 1.29417057 1.30213227 1.39996719 1.12077903 6.744384991042e-03 2.728230403449e+01 2.658440951215e-02 3.280411302610e+01 1.421474596662e+01
8 30 3 0.76300084 1.29417057 1.30213227 1.39996719 1.12077903 5.000823828526e-03 2.701422720034e+01 2.107884252441e-02 3.602608624388e+01 1.402743617374e+01
8 31 3 0.76300084 1.29417057 1.30213227 1.39996719 1.12077903 3.235861393034e-03 2.716179843383e+01 1.157728168581e-02 3.379349551051e+01 1.404986439984e+01
8 32 3 0.76300084 1.29417057 1.30213227 1.39996719 1.12077903 3.272686592592e-03 2.771749779674e+01 1.175225835099e-02 3.416116904939e+01 1.432530202200e+01
8 33 3 0.76300084 1.29417057 1.30213227 1.39996719 1.12077903 5.072735245019e-03 2.803735878745e+01 2.139227581774e-02 3.717370482727e+01 1.465275871115e+01
8 34 3 0.76300084 1.29417057 1.30213227 1.39996719 1.12077903 6.817965683902e-03 2.865665068904e+01 2.693917539494e-02 3.415145036866e+01 1.490247343379e+01
8 35 3 0.76300084 1.29417057 1.30213227 1.39996719 1.12077903 7.417346068333e-03 2.918628663841e+01 2.639743802939e-02 3.743713696666e+01 1.509134276488e+01
8 36 3 0.76300084 1.29417057 1.30213227 1.39996719 1.12077903 7.065273140150e-03 2.962117686838e+01 2.090323130012e-02 3.736461987737e+01 1.528492940677e+01
8 37 3 0.76300084 1.29417057 1.30213227 1.39996719 1.12077903 6.692432734045e-03 3.045381080509e+01 1.728339546277e-02 3.551233331785e+01 1.553432592729e+01
8 38 3 0.76300084 1.29417057 1.30213227 1.39996719 1.12077903 6.400656989462e-03 3.134939435520e+01 2.161344008172e-02 3.965684691502e+01 1.577887323486e+01
8 39 3 0.76300084 1.29417057 1.30213227 1.39996719 1.12077903 6.233217455302e-03 3.236892467739e+01 2.678578775713e-02 3.711518668030e+01 1.597249624975e+01
8 40 3 0.76300084 1.29417057 1.30213227 1.39996719 1.12077903 6.644514273511e-03 3.333460328045e+01 2.633858989127e-02 3.902229452566e+01 1.627223258967e+01
8 41 3 0.76300084 1.29417057 1.30213227 1.39996719 1.12077903 7.041716181300e-03 3.405203149233e+01 2.026482776144e-02 4.198263924467e+01 1.676891110277e+01
8 42 3 0.76300084 1.29417057 1.30213227 1.39996719 1.12077903 6.031637345701e-03 3.481875211262e+01 1.366031687946e-02 3.923095407207e+01 1.727080308396e+01
8 43 3 0.76300084 1.29417057 1.30213227 1.39996719 1.12077903 4.311206733657e-03 3.578585411398e+01 1.725053603322e-02 4.441719471844e+01 1.764049149866e+01
8 44 3 0.76300084 1.29417057 1.30213227 1.39996719 1.12077903 4.143619284823e-03 3.678277392969e+01 2.770319632293e-02 4.422258858433e+01 1.797578321136e+01
8 45 3 0.76300084 1.29417057 1.30213227 1.39996719 1.12077903 6.222435046299e-03 3.782154451771e+01 3.736964015503e-02 4.413109872419e+01 1.838578712122e+01
8 46 3 0.76300084 1.29417057 1.30213227 1.39996719 1.12077903 9.339804341693e-03 3.890175059576e+01 3.869367314904e-02 4.996547940732e+01 1.894427466575e+01
8 47 3 0.76300084 1.29417057 1.30213227 1.39996719 1.12077903 1.149220806674e-02 3.966190839748e+01 2.629666736969e-02 4.695555184747e+01 1.969305158286e+01
8 48 3 0.76300084 1.29417057 1.30213227 1.39996719 1.12077903 1.190308244840e-02 4.047960356788e+01 1.950476353395e-02 5.110229373028e+01 2.055440452969e+01
8 49 3 0.76300084 1.29417057 1.30213227 1.39996719 1.12077903 1.019047410953e-02 4.174683697364e+01 2.960011153107e-02 5.375962105843e+01 2.148626856415e+01
8 50 3 0.76300084 1.29417057 1.30213227 1.39996719 1.12077903 8.109865187854e-03 4.320858490292e+01 3.774852122588e-02 5.082547241802e+01 2.253949620999e+01
8 51 3 0.76300084 1.29417057 1.30213227 1.39996719 1.12077903 7.586903069493e-03 4.484596697199e+01 3.334001905356e-02 5.825130365583e+01 2.359201627959e+01
8 52 3 0.76300084 1.29417057 1.30213227 1.39996719 1.12077903 7.894967184093e-03 4.652311641878e+01 2.457094848087e-02 5.692886256182e+01 2.445470909070e+01
8 53 3 0.76300084 1.29417057 1.30213227 1.39996719 1.12077903 8.085977494601e-03 4.796594743496e+01 2.127045299162e-02 5.879080366088e+01 2.518522894585e+01
8 54 3 0.76300084 1.29417057 1.30213227 1.39996719 1.12077903 8.526986499183e-03 4.975216767559e+01 3.159019731519e-02 6.623676794507e+01 2.591412047320e+01
8 55 3 0.76300084 1.29417057 1.30213227 1.39996719 1.12077903 8.786119475862e-03 5.184381385280e+01 4.702149012901e-02 6.244964651237e+01 2.672529250350e+01
8 56 3 0.76300084 1.29417057 1.30213227 1.39996719 1.12077903 8.176361966394e-03 5.388847939432e+01 5.685124667400e-02 7.013693638728e+01 2.775157483436e+01
8 57 3 0.76300084 1.29417057 1.30213227 1.39996719 1.12077903 9.468988038305e-03 5.646823532366e+01 5.201508190530e-02 7.244572357056e+01 2.892391895420e+01
8 58 3 0.76300084 1.29417057 1.30213227 1.39996719 1.12077903 1.469914823008e-02 5.843800578324e+01 3.530812915921e-02 7.024643708076e+01 2.997497566497e+01
8 59 3 0.76300084 1.29417057 1.30213227 1.39996719 1.12077903 2.005788177845e-02 5.994602025918e+01 3.085488578279e-02 8.078696617987e+01 3.093728583739e+01
8 60 3 0.76300084 1.29417057 1.30213227 1.39996719 1.12077903 1.949905307584e-02 6.206531073005e+01 4.163784656328e-02 7.707046987835e+01 3.201844561628e+01
8 61 3 0.76300084 1.29417057 1.30213227 1.39996719 1.12077903 1.537312326515e-02 6.391054494987e+01 4.890638196637e-02 8.142629611785e+01 3.315691370837e+01
8 62 3 0.76300084 1.29417057 1.30213227 1.39996719 1.12077903 1.217553476019e-02 6.618594477368e+01 4.970404572796e-02 8.903848261591e+01 3.429080565462e+01
8 63 3 0.76300084 1.29417057 1.30213227 1.39996719 1.12077903 9.526756510186e-03 6.848007536472e+01 4.071538678398e-02 8.357850523346e+01 3.558974837619e+01
9 0 3 0.89673104 1.87107968 1.73560784 1.94915523 1.52141091 1.977644536569e-01 2.726036398634e+02 3.902152237515e-01 3.294261855900e+02 1.145011222961e+02
9 1 3 0.89673104 1.87107968 1.73560784 1.94915523 1.52141091 1.653198046505e-01 2.607584261670e+02 3.480112351667e-01 3.162805425781e+02 1.104204415444e+02
9 2 3 0.89673104 1.87107968 1.73560784 1.94915523 1.52141091 1.450056765454e-01 2.500196475384e+02 3.329886371840e-01 3.028234700734e+02 1.065863581012e+02
9 3 3 0.89673104 1.87107968 1.73560784 1.94915523 1.52141091 1.419722350780e-01 2.403559406574e+02 3.729609721510e-01 2.902353761167e+02 1.025820991427e+02
9 4 3 0.89673104 1.87107968 1.73560784 1.94915523 1.52141091 1.425919130831e-01 2.315668991812e+02 3.697193779776e-01 2.783336086364e+02 9.855183371317e+01
9 5 3 0.89673104 1.87107968 1.73560784 1.94915523 1.52141091 1.399284145177e-01 2.229681322606e+02 2.820784132820e-01 2.665287120426e+02 9.479022403170e+01
9 6 3 0.89673104 1.87107968 1.73560784 1.94915523 1.52141091 1.390777290770e-01 2.143164131359e+02 2.408301805425e-01 2.552439205683e+02 9.125444003811e+01
9 7 3 0.89673104 1.87107968 1.73560784 1.94915523 1.52141091 1.406078424228e-01 2.063929909230e+02 2.753639313729e-01 2.447898638363e+02 8.776007004274e+01
9 8 3 0.89673104 1.87107968 1.73560784 1.94915523 1.52141091 1.368022704140e-01 1.997679006217e+02 3.036131003394e-01 2.346676257053e+02 8.439359592613e+01
9 9 3 0.89673104 1.87107968 1.73560784 1.94915523 1.52141091 1.270452774523e-01 1.940413346271e+02 2.872066811731e-01 2.248413872101e+02 8.144966768360e+01
9 10 3 0.89673104 1.87107968 1.73560784 1.94915523 1.52141091 1.209407739299e-01 1.886672996712e+02 2.560333078355e-01 2.159617544762e+02 7.905389040373e+01
9 11 3 0.89673104 1.87107968 1.73560784 1.94915523 1.52141091 1.204697337544e-01 1.832821615508e+02 2.539945592409e-01 2.080819163049e+02 7.702438878176e+01
9 12 3 0.89673104 1.87107968 1.73560784 1.94915523 1.52141091 1.140670833375e-01 1.774338433429e+02 2.458822686552e-01 2.005656210625e+02 7.503105455034e+01
9 13 3 0.89673104 1.87107968 1.73560784 1.94915523 1.52141091 9.730876278994e-02 1.712878647412e+02 2.198406789342e-01 1.930856134457e+02 7.276296087835e+01
9 14 3 0.89673104 1.87107968 1.73560784 1.94915523 1.52141091 8.552981084187e-02 1.659441200456e+02 2.155848780550e-01 1.857270893887e+02 7.006544115545e+01
9 15 3 0.89673104 1.87107968 1.73560784 1.94915523 1.52141091 9.269560488629e-02 1.620542707393e+02 2.085498374282e-01 1.785741388115e+02 6.712849116229e+01
9 16 3 0.89673104 1.87107968 1.73560784 1.94915523 1.52141091 1.081395617879e-01 1.589656926919e+02 1.932678169979e-01 1.718472875872e+02 6.448643938168e+01
9 17 3 0.89673104 1.87107968 1.73560784 1.94915523 1.52141091 1.100698624080e-01 1.557055224493e+02 1.979791941011e-01 1.659468056399e+02 6.258365458043e+01
9 18 3 0.89673104 1.87107968 1.73560784 1.94915523 1.52141091 9.598931388599e-02 1.519451831252e+02 2.120934640423e-01 1.610582082800e+02 6.129033393051e+01
9 19 3 0.89673104 1.87107968 1.73560784 1.94915523 1.52141091 8.302819859756e-02 1.478237174412e+02 2.162157150737e-01 1.570381301785e+02 6.004328374172e+01
9 20 3 0.89673104 1.87107968 1.73560784 1.94915523 1.52141091 8.069647072655e-02 1.435670380421e+02 1.956132569160e-01 1.536027171525e+02 5.853496964575e+01
9 21 3 0.89673104 1.87107968 1.73560784 1.94915523 1.52141091 8.080571716057e-02 1.393518554508e+02 1.724548781055e-01 1.504308494227e+02 5.705437385468e+01
9 22 3 0.89673104 1.87107968 1.73560784 1.94915523 1.52141091 7.620902824651e-02 1.352444335946e+02 1.658602870256e-01 1.473520837361e+02 5.600755952831e+01
9 23 3 0.89673104 1.87107968 1.73560784 1.94915523 1.52141091 7.251146393512e-02 1.313481990948e+02 1.567302525631e-01 1.444785730290e+02 5.531366831267e+01
9 24 3 0.89673104 1.87107968 1.73560784 1.94915523 1.52141091 7.470497100413e-02 1.279314925458e+02 1.631848876304e-01 1.418907934687e+02 5.455374234836e+01
9 25 3 0.89673104 1.87107968 1.73560784 1.94915523 1.52141091 7.658324096296e-02 1.252381096353e+02 1.819864964483e-01 1.394255366153e+02 5.362076039805e+01
9 26 3 0.89673104 1.87107968 1.73560784 1.94915523 1.52141091 7.285535155640e-02 1.232780747187e+02 1.713259048978e-01 1.370163584683e+02 5.286057357208e+01
9 27 3 0.89673104 1.87107968 1.73560784 1.94915523 1.52141091 7.016963080844e-02 1.217851764867e+02 1.521241894599e-01 1.348230259253e+02 5.247888503629e+01
9 28 3 0.89673104 1.87107968 1.73560784 1.94915523 1.52141091 7.474679910748e-02 1.203479687550e+02 1.626098222034e-01 1.329059654197e+02 5.214860803807e+01
9 29 3 0.89673104 1.87107968 1.73560784 1.94915523 1.52141091 7.834372400565e-02 1.189076709796e+02 1.886951155205e-01 1.313272381506e+02 5.149317584379e+01
9 30 3 0.89673104 1.87107968 1.73560784 1.94915523 1.52141091 7.016218316426e-02 1.180985181261e+02 1.771568211383e-01 1.305088799174e+02 5.077459111707e+01
9 31 3 0.89673104 1.87107968 1.73560784 1.94915523 1.52141091 5.674378654859e-02 1.185916590987e+02 1.284565972065e-01 1.308492511911e+02 5.070867167323e+01
9 32 3 0.89673104 1.87107968 1.73560784 1.94915523 1.52141091 5.480553925116e-02 1.202364708755e+02 1.290629294302e-01 1.321442307613e+02 5.155397463654e+01
9 33 3 0.89673104 1.87107968 1.73560784 1.94915523 1.52141091 6.618878697262e-02 1.223262676085e+02 1.788387144297e-01 1.339113200486e+02 5.272117374003e+01
9 34 3 0.89673104 1.87107968 1.73560784 1.94915523 1.52141091 7.521226375397e-02 1.244141354070e+02 1.913772159845e-01 1.359431428939e+02 5.347873541360e+01
9 35 3 0.89673104 1.87107968 1.73560784 1.94915523 1.52141091 7.257062563533e-02 1.264337455803e+02 1.657967557145e-01 1.381033703116e+02 5.380920504355e+01
9 36 3 0.89673104 1.87107968 1.73560784 1.94915523 1.52141091 6.698928661327e-02 1.284826224931e+02 1.555452274593e-01 1.401308028319e+02 5.428162572010e+01
9 37 3 0.89673104 1.87107968 1.73560784 1.94915523 1.52141091 6.802661768907e-02 1.308588665415e+02 1.758844804017e-01 1.420698965628e+02 5.520832479156e+01
9 38 3 0.89673104 1.87107968 1.73560784 1.94915523 1.52141091 7.124578443997e-02 1.338260792238e+02 1.873243737029e-01 1.443140031129e+02 5.631017650738e+01
9 39 3 0.89673104 1.87107968 1.73560784 1.94915523 1.52141091 6.927698350761e-02 1.371980688669e+02 1.686322775443e-01 1.470076786651e+02 5.728240439315e+01
9 40 3 0.89673104 1.87107968 1.73560784 1.94915523 1.52141091 6.597188475355e-02 1.405244435560e+02 1.633290451776e-01 1.499732899707e+02 5.832403853451e+01
9 41 3 0.89673104 1.87107968 1.73560784 1.94915523 1.52141091 6.809538758127e-02 1.435945424000e+02 1.734867547058e-01 1.532121317821e+02 5.982746092740e+01
9 42 3 0.89673104 1.87107968 1.73560784 1.94915523 1.52141091 7.188518309444e-02 1.465057981689e+02 1.808164116642e-01 1.569652257379e+02 6.174622511308e+01
9 43 3 0.89673104 1.87107968 1.73560784 1.94915523 1.52141091 7.105019699689e-02 1.494020252534e+02 2.057648176614e-01 1.614344901875e+02 6.364356581443e+01
9 44 3 0.89673104 1.87107968 1.73560784 1.94915523 1.52141091 7.142112783316e-02 1.522823224938e+02 2.279861385304e-01 1.667851830547e+02 6.536791419698e+01
9 45 3 0.89673104 1.87107968 1.73560784 1.94915523 1.52141091 8.226746853178e-02 1.551051830894e+02 2.242175974814e-01 1.731284186999e+02 6.733654062669e+01
9 46 3 0.89673104 1.87107968 1.73560784 1.94915523 1.52141091 9.650054823724e-02 1.581744748465e+02 2.091020227744e-01 1.802949086328e+02 6.998165649560e+01
9 47 3 0.89673104 1.87107968 1.73560784 1.94915523 1.52141091 9.668121612308e-02 1.621312409338e+02 2.044311831207e-01 1.878718930660e+02 7.313134745290e+01
9 48 3 0.89673104 1.87107968 1.73560784 1.94915523 1.52141091 8.197071449825e-02 1.673111812283e+02 2.219979563987e-01 1.954556477615e+02 7.616143371340e+01
9 49 3 0.89673104 1.87107968 1.73560784 1.94915523 1.52141091 7.234641759263e-02 1.734990818282e+02 2.298645728483e-01 2.028126046302e+02 7.866581756922e+01
9 50 3 0.89673104 1.87107968 1.73560784 1.94915523 1.52141091 8.069571319490e-02 1.803193003371e+02 2.346362318225e-01 2.101447342099e+02 8.079398032943e+01
9 51 3 0.89673104 1.87107968 1.73560784 1.94915523 1.52141091 9.596653209182e-02 1.872365095998e+02 2.628450428612e-01 2.181129957728e+02 8.300760623231e+01
9 52 3 0.89673104 1.87107968 1.73560784 1.94915523 1.52141091 1.025249014499e-01 1.936112717049e+02 2.716370136347e-01 2.271114996186e+02 8.571759336336e+01
9 53 3 0.89673104 1.87107968 1.73560784 1.94915523 1.52141091 1.025533976665e-01 1.997319370662e+02 2.737850194199e-01 2.368763978628e+02 8.912040090759e+01
9 54 3 0.89673104 1.87107968 1.73560784 1.94915523 1.52141091 1.071897402479e-01 2.069535084400e+02 3.061752419517e-01 2.472019692428e+02 9.312839526364e+01
9 55 3 0.89673104 1.87107968 1.73560784 1.94915523 1.52141091 1.160283964540e-01 2.159221477079e+02 3.238731342932e-01 2.581756110467e+02 9.738306639837e+01
9 56 3 0.89673104 1.87107968 1.73560784 1.94915523 1.52141091 1.200531514867e-01 2.257985446056e+02 2.948859246317e-01 2.694250717329e+02 1.015316601210e+02
9 57 3 0.89673104 1.87107968 1.73560784 1.94915523 1.52141091 1.186327680921e-01 2.357141192820e+02 2.577882579195e-01 2.805106930745e+02 1.055795353747e+02
9 58 3 0.89673104 1.87107968 1.73560784 1.94915523 1.52141091 1.186996129722e-01 2.456240091104e+02 3.020929573380e-01 2.920661706801e+02 1.097977757612e+02
9 59 3 0.89673104 1.87107968 1.73560784 1.94915523 1.52141091 1.203862092992e-01 2.556898373132e+02 3.965006594489e-01 3.048285065444e+02 1.142333271593e+02
9 60 3 0.89673104 1.87107968 1.73560784 1.94915523 1.52141091 1.188658364526e-01 2.661835640483e+02 4.001546493544e-01 3.180920663119e+02 1.186026903730e+02
9 61 3 0.89673104 1.87107968 1.73560784 1.94915523 1.52141091 1.199926798739e-01 2.775015032724e+02 3.569801385020e-01 3.310271547446e+02 1.228423421677e+02
9 62 3 0.89673104 1.87107968 1.73560784 1.94915523 1.52141091 1.372345337899e-01 2.893751490983e+02 3.712041773699e-01 3.442803685556e+02 1.273958631126e+02
9 63 3 0.89673104 1.87107968 1.73560784 1.94915523 1.52141091 1.677076194866e-01 3.009896955896e+02 4.161473442728e-01 3.584557081223e+02 1.325299508177e+02
15 0 3 0.78446160 0.90192243 1.22892135 0.87575023 0.93630872 1.535715403662e-03 6.296525282759e+00 9.716707452690e-03 1.664671441331e+01 1.150691745629e-02
15 1 3 0.78446160 0.90192243 1.22892135 0.87575023 0.93630872 5.528184340902e-04 5.909670981134e+00 6.459503984305e-03 1.576817024045e+01 1.551635351913e-02
15 2 3 0.78446160 0.90192243 1.22892135 0.87575023 0.93630872 1.490603413575e-03 5.509574343535e+00 6.737289970447e-03 1.521916203134e+01 1.724883758198e-02
15 3 3 0.78446160 0.90192243 1.22892135 0.87575023 0.93630872 1.491139317878e-03 5.416830487516e+00 6.964819367288e-03 1.441565681023e+01 9.108192105922e-03
15 4 3 0.78446160 0.90192243 1.22892135 0.87575023 0.93630872 2.001408409224e-03 4.992209652075e+00 5.698052612543e-03 1.371704869061e+01 1.116433864643e-02
15 5 3 0.78446160 0.90192243 1.22892135 0.87575023 0.93630872 2.159973051774e-03 4.627785093112e+00 5.955369737625e-03 1.318573780695e+01 1.597077471254e-02
15 6 3 0.78446160 0.90192243 1.22892135 0.87575023 0.93630872 9.788601153528e-04 4.499459287400e+00 7.110493408187e-03 1.246644473056e+01 1.369669890446e-02
15 7 3 0.78446160 0.90192243 1.22892135 0.87575023 0.93630872 8.008870710720e-04 4.064374315760e+00 7.341005098565e-03 1.182300747322e+01 1.439479193180e-02
15 8 3 0.78446160 0.90192243 1.22892135 0.87575023 0.93630872 1.298571239907e-03 3.759009911019e+00 5.399594373028e-03 1.127031180043e+01 1.365255898695e-02
15 9 3 0.78446160 0.90192243 1.22892135 0.87575023 0.93630872 1.086842432772e-03 3.592069227204e+00 3.407091904915e-03 1.059276028490e+01 9.421990951897e-03
15 10 3 0.78446160 0.90192243 1.22892135 0.87575023 0.93630872 1.140241946764e-03 3.314723357192e+00 5.343360154837e-03 9.973277564469e+00 9.446067060964e-03
15 11 3 0.78446160 0.90192243 1.22892135 0.87575023 0.93630872 1.423823153898e-03 3.102973525208e+00 7.403831601516e-03 9.435178241651e+00 7.678574737582e-03
15 12 3 0.78446160 0.90192243 1.22892135 0.87575023 0.93630872 1.378997986061e-03 3.073848789049e+00 5.141650586055e-03 8.826030954294e+00 7.228469567534e-03
15 13 3 0.78446160 0.90192243 1.22892135 0.87575023 0.93630872 1.030757915968e-03 2.821844732210e+00 3.590436894065e-03 8.284329700180e+00 1.553383597860e-02
15 14 3 0.78446160 0.90192243 1.22892135 0.87575023 0.93630872 3.518720789197e-04 2.618892390085e+00 4.985025964882e-03 7.830663089240e+00 1.697196073075e-02
15 15 3 0.78446160 0.90192243 1.22892135 0.87575023 0.93630872 7.915388579507e-04 2.538196300659e+00 4.628071146212e-03 7.332441795875e+00 8.501797298577e-03
15 16 3 0.78446160 0.90192243 1.22892135 0.87575023 0.93630872 2.191191248011e-03 2.283126085556e+00 3.180022348607e-03 6.922384362528e+00 5.907724935050e-03
15 17 3 0.78446160 0.90192243 1.22892135 0.87575023 0.93630872 1.734922716473e-03 2.187444781843e+00 4.291455639198e-03 6.572804934453e+00 6.704676695523e-03
15 18 3 0.78446160 0.90192243 1.22892135 0.87575023 0.93630872 3.861421242080e-04 2.231971664539e+00 5.872936129511e-03 6.191246370658e+00 6.595995584517e-03
15 19 3 0.78446160 0.90192243 1.22892135 0.87575023 0.93630872 6.325040802802e-04 2.097528082086e+00 4.575548458083e-03 5.909331821670e+00 9.767036742934e-03
15 20 3 0.78446160 0.90192243 1.22892135 0.87575023 0.93630872 9.062681844124e-04 2.119857331737e+00 2.201307913309e-03 5.621163353300e+00 1.016673753717e-02
15 21 3 0.78446160 0.90192243 1.22892135 0.87575023 0.93630872 6.198144098166e-04 2.100734309850e+00 2.912243618262e-03 5.345303925404e+00 7.636187301542e-03
15 22 3 0.78446160 0.90192243 1.22892135 0.87575023 0.93630872 1.103303078564e-03 1.937475669426e+00 5.505386471077e-03 5.140347028228e+00 8.455101559057e-03
15 23 3 0.78446160 0.90192243 1.22892135 0.87575023 0.93630872 1.149147137568e-03 1.886322579759e+00 4.847790512923e-03 4.884352987943e+00 7.271475586639e-03
15 24 3 0.78446160 0.90192243 1.22892135 0.87575023 0.93630872 5.001942382620e-04 1.852079472374e+00 2.419353327034e-03 4.716137207691e+00 5.033691556950e-03
15 25 3 0.78446160 0.90192243 1.22892135 0.87575023 0.93630872 6.801843940689e-04 1.742894013854e+00 3.140480424267e-03 4.543251807970e+00 7.136609830315e-03
15 26 3 0.78446160 0.90192243 1.22892135 0.87575023 0.93630872 7.867336329556e-04 1.742439763170e+00 4.314672497310e-03 4.357831971235e+00 6.464909373310e-03
15 27 3 0.78446160 0.90192243 1.22892135 0.87575023 0.93630872 3.804428809150e-04 1.739093543820e+00 2.711339399869e-03 4.298953775987e+00 4.925003815163e-03
15 28 3 0.78446160 0.90192243 1.22892135 0.87575023 0.93630872 8.540749778293e-04 1.623504430099e+00 2.536368176891e-03 4.161472246920e+00 1.013986229423e-02
15 29 3 0.78446160 0.90192243 1.22892135 0.87575023 0.93630872 1.429522290362e-03 1.597559108131e+00 5.026005140567e-03 4.112406015915e+00 1.232069324581e-02
15 30 3 0.78446160 0.90192243 1.22892135 0.87575023 0.93630872 9.509505588526e-04 1.621194950103e+00 4.899835502494e-03 4.139760410792e+00 7.056767203769e-03
15 31 3 0.78446160 0.90192243 1.22892135 0.87575023 0.93630872 3.386513328473e-04 1.533433597119e+00 1.994326788060e-03 4.078553213256e+00 3.650822352185e-03
15 32 3 0.78446160 0.90192243 1.22892135 0.87575023 0.93630872 3.449175942270e-04 1.678820549991e+00 2.029162712887e-03 4.180338693540e+00 3.677870848124e-03
15 33 3 0.78446160 0.90192243 1.22892135 0.87575023 0.93630872 9.793035942382e-04 1.743983984640e+00 5.003292702421e-03 4.252463788253e+00 7.240235810017e-03
15 34 3 0.78446160 0.90192243 1.22892135 0.87575023 0.93630872 1.456722717336e-03 1.757443522634e+00 5.107099740031e-03 4.300588753135e+00 1.254122228035e-02
15 35 3 0.78446160 0.90192243 1.22892135 0.87575023 0.93630872 8.488846828386e-04 1.872798640476e+00 2.536925539951e-03 4.494620577330e+00 1.014934145392e-02
15 36 3 0.78446160 0.90192243 1.22892135 0.87575023 0.93630872 3.862637603701e-04 1.896354987220e+00 2.774137329764e-03 4.585839995017e+00 4.993602805178e-03
15 37 3 0.78446160 0.90192243 1.22892135 0.87575023 0.93630872 8.209384580116e-04 1.861782245169e+00 4.462544697875e-03 4.740682030185e+00 6.755584649949e-03
15 38 3 0.78446160 0.90192243 1.22892135 0.87575023 0.93630872 7.002072933901e-04 1.993943094865e+00 3.241334196156e-03 4.951659514731e+00 7.340920708469e-03
15 39 3 0.78446160 0.90192243 1.22892135 0.87575023 0.93630872 5.296027536722e-04 2.036757926952e+00 2.551333348675e-03 5.080579227475e+00 5.228379294448e-03
15 40 3 0.78446160 0.90192243 1.22892135 0.87575023 0.93630872 1.202639767929e-03 2.078060601362e+00 5.063708759128e-03 5.317581536893e+00 7.631115706519e-03
15 41 3 0.78446160 0.90192243 1.22892135 0.87575023 0.93630872 1.126964403103e-03 2.193664720989e+00 5.650483063600e-03 5.526873915208e+00 8.767923507887e-03
15 42 3 0.78446160 0.90192243 1.22892135 0.87575023 0.93630872 6.456544822765e-04 2.250453866590e+00 3.021813992048e-03 5.747651215777e+00 8.052704222255e-03
15 43 3 0.78446160 0.90192243 1.22892135 0.87575023 0.93630872 9.705730117395e-04 2.199988458831e+00 2.392327612182e-03 6.050864512805e+00 1.078548780160e-02
15 44 3 0.78446160 0.90192243 1.22892135 0.87575023 0.93630872 6.681496158615e-04 2.397768746570e+00 4.818432948195e-03 6.308829202515e+00 1.016961937404e-02
15 45 3 0.78446160 0.90192243 1.22892135 0.87575023 0.93630872 4.194031494222e-04 2.482142192614e+00 6.190183773919e-03 6.663721902483e+00 6.944280041221e-03
15 46 3 0.78446160 0.90192243 1.22892135 0.87575023 0.93630872 1.828014747444e-03 2.625741493266e+00 4.580002254852e-03 7.034202892290e+00 7.255413130552e-03
15 47 3 0.78446160 0.90192243 1.22892135 0.87575023 0.93630872 2.267159223660e-03 2.980119323621e+00 3.342416370645e-03 7.394727755456e+00 6.310279786794e-03
15 48 3 0.78446160 0.90192243 1.22892135 0.87575023 0.93630872 8.269144371712e-04 3.129181569691e+00 4.941442136662e-03 7.872845254418e+00 9.058038138704e-03
15 49 3 0.78446160 0.90192243 1.22892135 0.87575023 0.93630872 4.010604840353e-04 3.268810928480e+00 5.416396202307e-03 8.307404317667e+00 1.797330959209e-02
15 50 3 0.78446160 0.90192243 1.22892135 0.87575023 0.93630872 1.083998598341e-03 3.582114876113e+00 3.824238776805e-03 8.763027273675e+00 1.631012131277e-02
15 51 3 0.78446160 0.90192243 1.22892135 0.87575023 0.93630872 1.461704989802e-03 3.630472147609e+00 5.477480924682e-03 9.317742520404e+00 7.822230099875e-03
15 52 3 0.78446160 0.90192243 1.22892135 0.87575023 0.93630872 1.531079582483e-03 3.857850699293e+00 7.967476196037e-03 9.797828337132e+00 8.449927531214e-03
15 53 3 0.78446160 0.90192243 1.22892135 0.87575023 0.93630872 1.203181032247e-03 4.229098847063e+00 5.688717453076e-03 1.030720289191e+01 9.977077908156e-03
15 54 3 0.78446160 0.90192243 1.22892135 0.87575023 0.93630872 1.175216202172e-03 4.471117750388e+00 3.677635375317e-03 1.092317326778e+01 1.003019114929e-02
15 55 3 0.78446160 0.90192243 1.22892135 0.87575023 0.93630872 1.427544806857e-03 4.745638632744e+00 5.874454792106e-03 1.145049328116e+01 1.472277555771e-02
15 56 3 0.78446160 0.90192243 1.22892135 0.87575023 0.93630872 8.542914060319e-04 5.225834488409e+00 7.797017357211e-03 1.202513540301e+01 1.536140159434e-02
15 57 3 0.78446160 0.90192243 1.22892135 0.87575023 0.93630872 1.046623156156e-03 5.362429129945e+00 7.601311828059e-03 1.276407300229e+01 1.478847695841e-02
15 58 3 0.78446160 0.90192243 1.22892135 0.87575023 0.93630872 2.313625917495e-03 5.648519635916e+00 6.483469269316e-03 1.339149503119e+01 1.727081989902e-02
15 59 3 0.78446160 0.90192243 1.22892135 0.87575023 0.93630872 2.117875785969e-03 6.107423713832e+00 6.081313924196e-03 1.411253585490e+01 1.186198585346e-02
15 60 3 0.78446160 0.90192243 1.22892135 0.87575023 0.93630872 1.623568521205e-03 6.301394802877e+00 7.472150303627e-03 1.507339061685e+01 9.880518023663e-03
15 61 3 0.78446160 0.90192243 1.22892135 0.87575023 0.93630872 1.648427792375e-03 6.604559003309e+00 7.294469292010e-03 1.584142576404e+01 1.863966960937e-02
15 62 3 0.78446160 0.90192243 1.22892135 0.87575023 0.93630872 5.825721022321e-04 7.284723964926e+00 6.887027788225e-03 1.677968604133e+01 1.642988801087e-02
15 63 3 0.78446160 0.90192243 1.22892135 0.87575023 0.93630872 1.632313453473e-03 7.416927032031e+00 1.047970440770e-02 1.797921195382e+01 1.233034992899e-02
22 0 3 0.78060804 1.22135776 1.34541228 1.27233525 1.11094113 1.143408552138e-02 4.977459159165e+01 3.412821716868e-02 4.943700614989e+01 3.126913462763e+01
22 1 3 0.78060804 1.22135776 1.34541228 1.27233525 1.11094113 1.215192868509e-02 4.877410207640e+01 3.990032691077e-02 5.433726643173e+01 2.960120493170e+01
22 2 3 0.78060804 1.22135776 1.34541228 1.27233525 1.11094113 8.638941565720e-03 4.769144303923e+01 3.152299533281e-02 5.818753733347e+01 2.778226100355e+01
22 3 3 0.78060804 1.22135776 1.34541228 1.27233525 1.11094113 5.157540184096e-03 4.634540191774e+01 2.028613786585e-02 6.045128111165e+01 2.614657905140e+01
22 4 3 0.78060804 1.22135776 1.34541228 1.27233525 1.11094113 4.030959934932e-03 4.499202510197e+01 2.661920820832e-02 6.003009509711e+01 2.472656102064e+01
22 5 3 0.78060804 1.22135776 1.34541228 1.27233525 1.11094113 3.638555649962e-03 4.349478320778e+01 3.972299004660e-02 5.729995416899e+01 2.325766795915e+01
22 6 3 0.78060804 1.22135776 1.34541228 1.27233525 1.11094113 3.697259254581e-03 4.249461317060e+01 2.922972678712e-02 5.226330161307e+01 2.164136811969e+01
22 7 3 0.78060804 1.22135776 1.34541228 1.27233525 1.11094113 5.732289291652e-03 4.136888906048e+01 1.277740985534e-02 4.586773596998e+01 2.011168000327e+01
22 8 3 0.78060804 1.22135776 1.34541228 1.27233525 1.11094113 7.525963040158e-03 4.032972638024e+01 1.535510621238e-02 3.933630458411e+01 1.881424312207e+01
22 9 3 0.78060804 1.22135776 1.34541228 1.27233525 1.11094113 6.168762274815e-03 3.884750048101e+01 2.476544552243e-02 3.348322144232e+01 1.757670989774e+01
22 10 3 0.78060804 1.22135776 1.34541228 1.27233525 1.11094113 4.267495656267e-03 3.731409894733e+01 2.942330145608e-02 2.924925784296e+01 1.625335333999e+01
22 11 3 0.78060804 1.22135776 1.34541228 1.27233525 1.11094113 4.855784847662e-03 3.568178820968e+01 2.599502072673e-02 2.716137969222e+01 1.497429103619e+01
22 12 3 0.78060804 1.22135776 1.34541228 1.27233525 1.11094113 5.802733766110e-03 3.420252536667e+01 1.857752494285e-02 2.725695811070e+01 1.392013012820e+01
22 13 3 0.78060804 1.22135776 1.34541228 1.27233525 1.11094113 4.528420186317e-03 3.315242483280e+01 1.579054227786e-02 2.901361474725e+01 1.307725865210e+01
22 14 3 0.78060804 1.22135776 1.34541228 1.27233525 1.11094113 2.259004800306e-03 3.185260380425e+01 1.700465542751e-02 3.182370711686e+01 1.227047840911e+01
22 15 3 0.78060804 1.22135776 1.34541228 1.27233525 1.11094113 1.789570015394e-03 3.082965205775e+01 1.995761897483e-02 3.488784037077e+01 1.130912908082e+01
22 16 3 0.78060804 1.22135776 1.34541228 1.27233525 1.11094113 4.012668140717e-03 2.983106467835e+01 1.819120015998e-02 3.724955022574e+01 1.014699167195e+01
22 17 3 0.78060804 1.22135776 1.34541228 1.27233525 1.11094113 6.391862124757e-03 2.878111676007e+01 1.015603596723e-02 3.826747565378e+01 8.965476196483e+00
22 18 3 0.78060804 1.22135776 1.34541228 1.27233525 1.11094113 5.978390696065e-03 2.794331070470e+01 1.354825427411e-02 3.786170054093e+01 7.993451742168e+00
22 19 3 0.78060804 1.22135776 1.34541228 1.27233525 1.11094113 3.889243537701e-03 2.707389468856e+01 2.628521402873e-02 3.571678956864e+01 7.233213159571e+00
22 20 3 0.78060804 1.22135776 1.34541228 1.27233525 1.11094113 2.947487174730e-03 2.614257996575e+01 2.405108347544e-02 3.244632961346e+01 6.504385508262e+00
22 21 3 0.78060804 1.22135776 1.34541228 1.27233525 1.11094113 2.935689832004e-03 2.518621338468e+01 1.327814273889e-02 2.853180017570e+01 5.726381702447e+00
22 22 3 0.78060804 1.22135776 1.34541228 1.27233525 1.11094113 2.524373305071e-03 2.425766688053e+01 9.590128956248e-03 2.477174966770e+01 4.989697790581e+00
22 23 3 0.78060804 1.22135776 1.34541228 1.27233525 1.11094113 2.300928083811e-03 2.349309682237e+01 1.169755080259e-02 2.173176103858e+01 4.373102824952e+00
22 24 3 0.78060804 1.22135776 1.34541228 1.27233525 1.11094113 2.911713399704e-03 2.287655713686e+01 1.521761094766e-02 1.988996711852e+01 3.838649668395e+00
22 25 3 0.78060804 1.22135776 1.34541228 1.27233525 1.11094113 3.515282681752e-03 2.253407664377e+01 1.576943391302e-02 1.962349774674e+01 3.310337190863e+00
22 26 3 0.78060804 1.22135776 1.34541228 1.27233525 1.11094113 3.278705407960e-03 2.228607374227e+01 1.329186348590e-02 2.055029538123e+01 2.774338939087e+00
22 27 3 0.78060804 1.22135776 1.34541228 1.27233525 1.11094113 2.867352360185e-03 2.210816529047e+01 1.172118904117e-02 2.262880523047e+01 2.287242776068e+00
22 28 3 0.78060804 1.22135776 1.34541228 1.27233525 1.11094113 3.628392992052e-03 2.178773614813e+01 1.376022058049e-02 2.520815498986e+01 1.894869422851e+00
22 29 3 0.78060804 1.22135776 1.34541228 1.27233525 1.11094113 4.751836710902e-03 2.156837415084e+01 1.962393868128e-02 2.788581324930e+01 1.554543695246e+00
22 30 3 0.78060804 1.22135776 1.34541228 1.27233525 1.11094113 3.700514875925e-03 2.131508532301e+01 1.838614199259e-02 3.000707550659e+01 1.186736882561e+00
22 31 3 0.78060804 1.22135776 1.34541228 1.27233525 1.11094113 1.277518697485e-03 2.140836943275e+01 7.232890385661e-03 3.123995532488e+01 8.027925638204e-01
22 32 3 0.78060804 1.22135776 1.34541228 1.27233525 1.11094113 1.307982984464e-03 2.195056632622e+01 7.386893214674e-03 3.147589980973e+01 4.996194924658e-01
22 33 3 0.78060804 1.22135776 1.34541228 1.27233525 1.11094113 3.755813644706e-03 2.236435500312e+01 1.863344226446e-02 3.028325433065e+01 3.200015099119e-01
22 34 3 0.78060804 1.22135776 1.34541228 1.27233525 1.11094113 4.802821933916e-03 2.300157510591e+01 1.985500337569e-02 2.834148113967e+01 2.077931827691e-01
22 35 3 0.78060804 1.22135776 1.34541228 1.27233525 1.11094113 3.695052641070e-03 2.337330710694e+01 1.407536627023e-02 2.570092682687e+01 1.093967586439e-01
22 36 3 0.78060804 1.22135776 1.34541228 1.27233525 1.11094113 2.943942155418e-03 2.370346306573e+01 1.198769406909e-02 2.316656438737e+01 3.489825822927e-02
22 37 3 0.78060804 1.22135776 1.34541228 1.27233525 1.11094113 3.352468534461e-03 2.414621832728e+01 1.362742658101e-02 2.122561940758e+01 9.232449713596e-03
22 38 3 0.78060804 1.22135776 1.34541228 1.27233525 1.11094113 3.603510177098e-03 2.477499023231e+01 1.624422751590e-02 2.057161777360e+01 2.918168218842e-02
22 39 3 0.78060804 1.22135776 1.34541228 1.27233525 1.11094113 3.006414731704e-03 2.557827721327e+01 1.567129100452e-02 2.147243552279e+01 8.374651781980e-02
22 40 3 0.78060804 1.22135776 1.34541228 1.27233525 1.11094113 2.399028509291e-03 2.645228705978e+01 1.223546554822e-02 2.379755722639e+01 1.825460956231e-01
22 41 3 0.78060804 1.22135776 1.34541228 1.27233525 1.11094113 2.666144813232e-03 2.734746810011e+01 1.015150182288e-02 2.752770958184e+01 3.449939841109e-01
22 42 3 0.78060804 1.22135776 1.34541228 1.27233525 1.11094113 3.102046556318e-03 2.809702254477e+01 1.398898744127e-02 3.177868465290e+01 5.635390160899e-01
22 43 3 0.78060804 1.22135776 1.34541228 1.27233525 1.11094113 3.090979351308e-03 2.880182775778e+01 2.537171029658e-02 3.602696513684e+01 8.056045122245e-01
22 44 3 0.78060804 1.22135776 1.34541228 1.27233525 1.11094113 4.082881898725e-03 2.943460433337e+01 2.767996128942e-02 3.940129930013e+01 1.078065860378e+00
22 45 3 0.78060804 1.22135776 1.34541228 1.27233525 1.11094113 6.299789809812e-03 3.017724661289e+01 1.431475629389e-02 4.151903210144e+01 1.443931671375e+00
22 46 3 0.78060804 1.22135776 1.34541228 1.27233525 1.11094113 6.749330917755e-03 3.094185119636e+01 1.082102601256e-02 4.194395112623e+01 1.919588564927e+00
22 47 3 0.78060804 1.22135776 1.34541228 1.27233525 1.11094113 4.260283648098e-03 3.183593890949e+01 1.914936935344e-02 4.068086598562e+01 2.411365700854e+00
22 48 3 0.78060804 1.22135776 1.34541228 1.27233525 1.11094113 1.909062357893e-03 3.290677396163e+01 2.124872827903e-02 3.839559435616e+01 2.824777875346e+00
22 49 3 0.78060804 1.22135776 1.34541228 1.27233525 1.11094113 2.408448821767e-03 3.373945113104e+01 1.845470710354e-02 3.550966651707e+01 3.186962388917e+00
22 50 3 0.78060804 1.22135776 1.34541228 1.27233525 1.11094113 4.882933844170e-03 3.487484872836e+01 1.694646522512e-02 3.297917279871e+01 3.612636267150e+00
22 51 3 0.78060804 1.22135776 1.34541228 1.27233525 1.11094113 6.248927233499e-03 3.618767140725e+01 1.987155710926e-02 3.178741713551e+01 4.196066055183e+00
22 52 3 0.78060804 1.22135776 1.34541228 1.27233525 1.11094113 5.140370686777e-03 3.728309977969e+01 2.783353290230e-02 3.253603853310e+01 4.938016068719e+00
22 53 3 0.78060804 1.22135776 1.34541228 1.27233525 1.11094113 4.506250252454e-03 3.857889362498e+01 3.142116744161e-02 3.548989366640e+01 5.733557335103e+00
22 54 3 0.78060804 1.22135776 1.34541228 1.27233525 1.11094113 6.636532455714e-03 3.935626696678e+01 2.656389713234e-02 4.064619565043e+01 6.485559324640e+00
22 55 3 0.78060804 1.22135776 1.34541228 1.27233525 1.11094113 8.082017448251e-03 4.019230192379e+01 1.642131329474e-02 4.745346639878e+01 7.253788675667e+00
22 56 3 0.78060804 1.22135776 1.34541228 1.27233525 1.11094113 6.111219843563e-03 4.103071228363e+01 1.369011441647e-02 5.491005712749e+01 8.161166785396e+00
22 57 3 0.78060804 1.22135776 1.34541228 1.27233525 1.11094113 3.979546986888e-03 4.230338252415e+01 3.164533518570e-02 6.176233417412e+01 9.153765212837e+00
22 58 3 0.78060804 1.22135776 1.34541228 1.27233525 1.11094113 3.952794327902e-03 4.380427042930e+01 4.292127847308e-02 6.736501862108e+01 1.006788540414e+01
22 59 3 0.78060804 1.22135776 1.34541228 1.27233525 1.11094113 4.327308494769e-03 4.533127070640e+01 2.874475479257e-02 7.023783490330e+01 1.092791750857e+01
22 60 3 0.78060804 1.22135776 1.34541228 1.27233525 1.11094113 5.479307755791e-03 4.696901066022e+01 2.170243725483e-02 7.042442664012e+01 1.191614062860e+01
22 61 3 0.78060804 1.22135776 1.34541228 1.27233525 1.11094113 9.179630763209e-03 4.831676933179e+01 3.352070955911e-02 6.791673999503e+01 1.304687739439e+01
22 62 3 0.78060804 1.22135776 1.34541228 1.27233525 1.11094113 1.297789965383e-02 4.997259540237e+01 4.293759131751e-02 6.366852141939e+01 1.411672346322e+01
22 63 3 0.78060804 1.22135776 1.34541228 1.27233525 1.11094113 1.227605817492e-02 5.191193613893e+01 3.669251683332e-02 5.899671760997e+01 1.499611541281e+01
23 0 3 0.76584778 1.15040614 1.29528558 1.19202032 1.06278664 5.966929088705e-03 3.981659299796e+01 1.936100815523e-02 4.618714261998e+01 2.026127586515e+00
23 1 3 0.76584778 1.15040614 1.29528558 1.19202032 1.06278664 9.321645078641e-03 3.886253274378e+01 2.678372083890e-02 4.838348961781e+01 2.005709023631e+00
23 2 3 0.76584778 1.15040614 1.29528558 1.19202032 1.06278664 8.775245317620e-03 3.792456722744e+01 2.651298454012e-02 4.869846276069e+01 1.914705143894e+00
23 3 3 0.76584778 1.15040614 1.29528558 1.19202032 1.06278664 5.727589299643e-03 3.687647903825e+01 1.608703080833e-02 4.744127636997e+01 1.827660042359e+00
23 4 3 0.76584778 1.15040614 1.29528558 1.19202032 1.06278664 3.638761717347e-03 3.573433046077e+01 1.709612774104e-02 4.433754652648e+01 1.779797676473e+00
23 5 3 0.76584778 1.15040614 1.29528558 1.19202032 1.06278664 2.759600571807e-03 3.462071384102e+01 2.941512384397e-02 4.023472507644e+01 1.720728682280e+00
23 6 3 0.76584778 1.15040614 1.29528558 1.19202032 1.06278664 2.427810946798e-03 3.376381383099e+01 2.635844255313e-02 3.520514932535e+01 1.618156718227e+00
23 7 3 0.76584778 1.15040614 1.29528558 1.19202032 1.06278664 3.509332732788e-03 3.278002862004e+01 1.304545987105e-02 3.042043006175e+01 1.519870570242e+00
23 8 3 0.76584778 1.15040614 1.29528558 1.19202032 1.06278664 5.019538859895e-03 3.180841226730e+01 9.212435310754e-03 2.630005324599e+01 1.463080591520e+00
23 9 3 0.76584778 1.15040614 1.29528558 1.19202032 1.06278664 4.755861758276e-03 3.059989412401e+01 1.561978437588e-02 2.335435653508e+01 1.411869049668e+00
23 10 3 0.76584778 1.15040614 1.29528558 1.19202032 1.06278664 3.655727062564e-03 2.940362733476e+01 2.109224513165e-02 2.196111135440e+01 1.331985159295e+00
23 11 3 0.76584778 1.15040614 1.29528558 1.19202032 1.06278664 3.775909355456e-03 2.808614230103e+01 1.991450095510e-02 2.207338734954e+01 1.253381775580e+00
23 12 3 0.76584778 1.15040614 1.29528558 1.19202032 1.06278664 4.460806005232e-03 2.713443006637e+01 1.610423196959e-02 2.328490878045e+01 1.225561617455e+00
23 13 3 0.76584778 1.15040614 1.29528558 1.19202032 1.06278664 3.993967924908e-03 2.594564983880e+01 1.286230045625e-02 2.526010596542e+01 1.255694776005e+00
23 14 3 0.76584778 1.15040614 1.29528558 1.19202032 1.06278664 2.281336213425e-03 2.510328268202e+01 1.123299161810e-02 2.738885100854e+01 1.295736477422e+00
23 15 3 0.76584778 1.15040614 1.29528558 1.19202032 1.06278664 1.115597564872e-03 2.413006389737e+01 1.503998344102e-02 2.902432316939e+01 1.274577289553e+00
23 16 3 0.76584778 1.15040614 1.29528558 1.19202032 1.06278664 2.272752517552e-03 2.325359903111e+01 1.597008112569e-02 2.986663269110e+01 1.170510818021e+00
23 17 3 0.76584778 1.15040614 1.29528558 1.19202032 1.06278664 4.508202016332e-03 2.263185811924e+01 7.615757286334e-03 2.970437882885e+01 1.051179153945e+00
23 18 3 0.76584778 1.15040614 1.29528558 1.19202032 1.06278664 4.857703074858e-03 2.193104325214e+01 8.165332956322e-03 2.830312213061e+01 9.955436669403e-01
23 19 3 0.76584778 1.15040614 1.29528558 1.19202032 1.06278664 3.393057773444e-03 2.128931105612e+01 1.902198785190e-02 2.618049456052e+01 9.929414544748e-01
23 20 3 0.76584778 1.15040614 1.29528558 1.19202032 1.06278664 2.447021992607e-03 2.054819081779e+01 2.018551707996e-02 2.338901858446e+01 9.771668562714e-01
23 21 3 0.76584778 1.15040614 1.29528558 1.19202032 1.06278664 2.295504228167e-03 1.978838294172e+01 1.142617726860e-02 2.057717172437e+01 9.332540994509e-01
23 22 3 0.76584778 1.15040614 1.29528558 1.19202032 1.06278664 1.927407491701e-03 1.901965196154e+01 6.752601606252e-03 1.802127151321e+01 9.039660022736e-01
23 23 3 0.76584778 1.15040614 1.29528558 1.19202032 1.06278664 1.679718130256e-03 1.841999394696e+01 8.212388818524e-03 1.629499186226e+01 9.101073953410e-01
23 24 3 0.76584778 1.15040614 1.29528558 1.19202032 1.06278664 2.136202132438e-03 1.797517940455e+01 1.171185173761e-02 1.534608124791e+01 9.225167689642e-01
23 25 3 0.76584778 1.15040614 1.29528558 1.19202032 1.06278664 2.673794415975e-03 1.770760997444e+01 1.198742339276e-02 1.547190938849e+01 9.093957997467e-01
23 26 3 0.76584778 1.15040614 1.29528558 1.19202032 1.06278664 2.503231739993e-03 1.754313188977e+01 9.807114600468e-03 1.642063442967e+01 8.794311890676e-01
23 27 3 0.76584778 1.15040614 1.29528558 1.19202032 1.06278664 2.144666300072e-03 1.739748879159e+01 8.573654950325e-03 1.794997271210e+01 8.691450823097e-01
23 28 3 0.76584778 1.15040614 1.29528558 1.19202032 1.06278664 2.811183033308e-03 1.713486133510e+01 1.029587793653e-02 1.980367984321e+01 8.863358717493e-01
23 29 3 0.76584778 1.15040614 1.29528558 1.19202032 1.06278664 3.818882016288e-03 1.693992095190e+01 1.533554080963e-02 2.161604294733e+01 8.826251507294e-01
23 30 3 0.76584778 1.15040614 1.29528558 1.19202032 1.06278664 2.965303386497e-03 1.677131110154e+01 1.437115793393e-02 2.307468310974e+01 8.185929886170e-01
23 31 3 0.76584778 1.15040614 1.29528558 1.19202032 1.06278664 9.252473359522e-04 1.682006895367e+01 5.262313449866e-03 2.387678709379e+01 7.420367109658e-01
23 32 3 0.76584778 1.15040614 1.29528558 1.19202032 1.06278664 9.515863198324e-04 1.727779990450e+01 5.389983347909e-03 2.408859953199e+01 7.389013604984e-01
23 33 3 0.76584778 1.15040614 1.29528558 1.19202032 1.06278664 3.012492581785e-03 1.759067704751e+01 1.456972845573e-02 2.328924590109e+01 8.110723237803e-01
23 34 3 0.76584778 1.15040614 1.29528558 1.19202032 1.06278664 3.859413237221e-03 1.814478718787e+01 1.550355395825e-02 2.204602403534e+01 8.744338978936e-01
23 35 3 0.76584778 1.15040614 1.29528558 1.19202032 1.06278664 2.860662089170e-03 1.839940983155e+01 1.053444033998e-02 2.021915985723e+01 8.793407305146e-01
23 36 3 0.76584778 1.15040614 1.29528558 1.19202032 1.06278664 2.201153910880e-03 1.869260735801e+01 8.769290854387e-03 1.843048915546e+01 8.621798446327e-01
23 37 3 0.76584778 1.15040614 1.29528558 1.19202032 1.06278664 2.559507815537e-03 1.900582066498e+01 1.004268817615e-02 1.689129611226e+01 8.708198938194e-01
23 38 3 0.76584778 1.15040614 1.29528558 1.19202032 1.06278664 2.742686835441e-03 1.950900952565e+01 1.234672288728e-02 1.621185689696e+01 8.992877472478e-01
23 39 3 0.76584778 1.15040614 1.29528558 1.19202032 1.06278664 2.207868177184e-03 2.011462206473e+01 1.207771845610e-02 1.636002371790e+01 9.116161866236e-01
23 40 3 0.76584778 1.15040614 1.29528558 1.19202032 1.06278664 1.753672840223e-03 2.087993670997e+01 8.604635975255e-03 1.772037081934e+01 8.975738870669e-01
23 41 3 0.76584778 1.15040614 1.29528558 1.19202032 1.06278664 2.039058678856e-03 2.155894481506e+01 7.156553848428e-03 1.999925684721e+01 8.885486967213e-01
23 42 3 0.76584778 1.15040614 1.29528558 1.19202032 1.06278664 2.427053159259e-03 2.222232025135e+01 1.201011518312e-02 2.294350532957e+01 9.153421110494e-01
23 43 3 0.76584778 1.15040614 1.29528558 1.19202032 1.06278664 2.563443723352e-03 2.275518196118e+01 2.128730040317e-02 2.616265881499e+01 9.576103736651e-01
23 44 3 0.76584778 1.15040614 1.29528558 1.19202032 1.06278664 3.559050795150e-03 2.325948034961e+01 2.003201864084e-02 2.916912642646e+01 9.709707289834e-01
23 45 3 0.76584778 1.15040614 1.29528558 1.19202032 1.06278664 5.118044474037e-03 2.375656121758e+01 8.578542596321e-03 3.149121232268e+01 9.698977603394e-01
23 46 3 0.76584778 1.15040614 1.29528558 1.19202032 1.06278664 4.762367051399e-03 2.443728864835e+01 8.118419883455e-03 3.277754567625e+01 1.022483113541e+00
23 47 3 0.76584778 1.15040614 1.29528558 1.19202032 1.06278664 2.421423256926e-03 2.526001896650e+01 1.688172981767e-02 3.304955140205e+01 1.141278813132e+00
23 48 3 0.76584778 1.15040614 1.29528558 1.19202032 1.06278664 1.196112737458e-03 2.599411252382e+01 1.602489296355e-02 3.206734526742e+01 1.247276146501e+00
23 49 3 0.76584778 1.15040614 1.29528558 1.19202032 1.06278664 2.428779035856e-03 2.700892616573e+01 1.220316168665e-02 3.042934478274e+01 1.270426243117e+00
23 50 3 0.76584778 1.15040614 1.29528558 1.19202032 1.06278664 4.300845523269e-03 2.776787036979e+01 1.378474811689e-02 2.847541832704e+01 1.228982258980e+00
23 51 3 0.76584778 1.15040614 1.29528558 1.19202032 1.06278664 4.810089599572e-03 2.870695366189e+01 1.718552542180e-02 2.672437365580e+01 1.193681942924e+00
23 52 3 0.76584778 1.15040614 1.29528558 1.19202032 1.06278664 3.992880305062e-03 2.972221531352e+01 2.131806738324e-02 2.588849968017e+01 1.216748406211e+00
23 53 3 0.76584778 1.15040614 1.29528558 1.19202032 1.06278664 3.852199533390e-03 3.054462838474e+01 2.247251451507e-02 2.638704990883e+01 1.293765783547e+00
23 54 3 0.76584778 1.15040614 1.29528558 1.19202032 1.06278664 5.123633524070e-03 3.144483707736e+01 1.672091960065e-02 2.837381268967e+01 1.372567437837e+00
23 55 3 0.76584778 1.15040614 1.29528558 1.19202032 1.06278664 5.424678722321e-03 3.205559407451e+01 9.933007308189e-03 3.191571042625e+01 1.420950816881e+00
23 56 3 0.76584778 1.15040614 1.29528558 1.19202032 1.06278664 3.762946985975e-03 3.284909649913e+01 1.403996073624e-02 3.681846842239e+01 1.475614404704e+00
23 57 3 0.76584778 1.15040614 1.29528558 1.19202032 1.06278664 2.614486619481e-03 3.370578446937e+01 2.846188807538e-02 4.223623438135e+01 1.574051157223e+00
23 58 3 0.76584778 1.15040614 1.29528558 1.19202032 1.06278664 2.980972295538e-03 3.493545341145e+01 3.177718832277e-02 4.784486404373e+01 1.676441995601e+00
23 59 3 0.76584778 1.15040614 1.29528558 1.19202032 1.06278664 3.893584963286e-03 3.599792879294e+01 1.845327119880e-02 5.270194304050e+01 1.733499937791e+00
23 60 3 0.76584778 1.15040614 1.29528558 1.19202032 1.06278664 6.101125753652e-03 3.735816609457e+01 1.715593269680e-02 5.606204526912e+01 1.779350624275e+00
23 61 3 0.76584778 1.15040614 1.29528558 1.19202032 1.06278664 9.342458325760e-03 3.847333601696e+01 2.815044153794e-02 5.764257927191e+01 1.865488643261e+00
23 62 3 0.76584778 1.15040614 1.29528558 1.19202032 1.06278664 9.953411842799e-03 3.983515311448e+01 2.878237239982e-02 5.716960126851e+01 1.955890612211e+00
23 63 3 0.76584778 1.15040614 1.29528558 1.19202032 1.06278664 6.425599832670e-03 4.130838081136e+01 2.098441267139e-02 5.499630029151e+01 1.974686449020e+00
