# environment=00070 local_bs=1 gain_scale=6.098130730003e-14
# ue subcarrier serving_bs phi0 phi1 phi2 phi3 phi4 gain0 gain1 gain2 gain3 gain4
0 0 1 0.58147905 1.57978486 0.77355014 0.88920409 1.18163401 7.485788578085e-04 2.387482827348e+01 1.737186349013e+00 3.225632865123e+00 9.661585506975e+00
0 1 1 0.58147905 1.57978486 0.77355014 0.88920409 1.18163401 1.003269586072e-03 2.642976641454e+01 1.739586726125e+00 3.131240886947e+00 9.348033541888e+00
0 2 1 0.58147905 1.57978486 0.77355014 0.88920409 1.18163401 1.180189688196e-03 3.192749438932e+01 1.612798233171e+00 3.001798614390e+00 8.978399244667e+00
0 3 1 0.58147905 1.57978486 0.77355014 0.88920409 1.18163401 1.050319405757e-03 3.328257928437e+01 1.558769561796e+00 2.898228308968e+00 8.649001580323e+00
0 4 1 0.58147905 1.57978486 0.77355014 0.88920409 1.18163401 6.837961011687e-04 2.809875300283e+01 1.541359710313e+00 2.808405042652e+00 8.301982721310e+00
0 5 1 0.58147905 1.57978486 0.77355014 0.88920409 1.18163401 4.608585677876e-04 2.170462150164e+01 1.429232674944e+00 2.724045096215e+00 7.929875442244e+00
0 6 1 0.58147905 1.57978486 0.77355014 0.88920409 1.18163401 4.922728228424e-04 1.942095602054e+01 1.397247198064e+00 2.631155399032e+00 7.737938832949e+00
0 7 1 0.58147905 1.57978486 0.77355014 0.88920409 1.18163401 6.867223949655e-04 2.268524575525e+01 1.362181010385e+00 2.528778535247e+00 7.487369548176e+00
0 8 1 0.58147905 1.57978486 0.77355014 0.88920409 1.18163401 7.579121989772e-04 2.679732327166e+01 1.280381265058e+00 2.443332542779e+00 7.223491028631e+00
0 9 1 0.58147905 1.57978486 0.77355014 0.88920409 1.18163401 5.674272040582e-04 2.622142553608e+01 1.239132491125e+00 2.350215537670e+00 6.946489814044e+00
0 10 1 0.58147905 1.57978486 0.77355014 0.88920409 1.18163401 4.267495596031e-04 2.137381422205e+01 1.228112162059e+00 2.258413456618e+00 6.626929610016e+00
0 11 1 0.58147905 1.57978486 0.77355014 0.88920409 1.18163401 4.464984828977e-04 1.671261400974e+01 1.128112265539e+00 2.172822881481e+00 6.454867080281e+00
0 12 1 0.58147905 1.57978486 0.77355014 0.88920409 1.18163401 5.590683747682e-04 1.616277948555e+01 1.128823097922e+00 2.057388727395e+00 6.249764653587e+00
0 13 1 0.58147905 1.57978486 0.77355014 0.88920409 1.18163401 6.944389059891e-04 1.977438812675e+01 1.088692069396e+00 1.964734096803e+00 6.025042001996e+00
0 14 1 0.58147905 1.57978486 0.77355014 0.88920409 1.18163401 5.967662790322e-04 2.229461621829e+01 1.020974884436e+00 1.919858039670e+00 5.843095863418e+00
0 15 1 0.58147905 1.57978486 0.77355014 0.88920409 1.18163401 4.298425196637e-04 2.078333247545e+01 1.019713397805e+00 1.864254254039e+00 5.673185998880e+00
0 16 1 0.58147905 1.57978486 0.77355014 0.88920409 1.18163401 5.358577254910e-04 1.644799290083e+01 9.841729555479e-01 1.790893790438e+00 5.439448188159e+00
0 17 1 0.58147905 1.57978486 0.77355014 0.88920409 1.18163401 6.840142394813e-04 1.326608007794e+01 9.251700640398e-01 1.719859069984e+00 5.316316588426e+00
0 18 1 0.58147905 1.57978486 0.77355014 0.88920409 1.18163401 6.717218584444e-04 1.424964716307e+01 9.383477219056e-01 1.665402883472e+00 5.183273129358e+00
0 19 1 0.58147905 1.57978486 0.77355014 0.88920409 1.18163401 5.739153128126e-04 1.750971888123e+01 8.922301131894e-01 1.615796788780e+00 5.022621675940e+00
0 20 1 0.58147905 1.57978486 0.77355014 0.88920409 1.18163401 4.431572478991e-04 1.892452793152e+01 8.585862476557e-01 1.543578914552e+00 4.852556508827e+00
0 21 1 0.58147905 1.57978486 0.77355014 0.88920409 1.18163401 4.348104728062e-04 1.685116760585e+01 8.668549984156e-01 1.477653675247e+00 4.776350497202e+00
0 22 1 0.58147905 1.57978486 0.77355014 0.88920409 1.18163401 5.601132586728e-04 1.312671552521e+01 8.301135052338e-01 1.439315294071e+00 4.719867101710e+00
0 23 1 0.58147905 1.57978486 0.77355014 0.88920409 1.18163401 6.323521079904e-04 1.145319843992e+01 8.028869270518e-01 1.417718879068e+00 4.610870079753e+00
0 24 1 0.58147905 1.57978486 0.77355014 0.88920409 1.18163401 5.703769899318e-04 1.332876270117e+01 8.241992162401e-01 1.409735636311e+00 4.499011086732e+00
0 25 1 0.58147905 1.57978486 0.77355014 0.88920409 1.18163401 3.837360811492e-04 1.619466672769e+01 7.774249296401e-01 1.392464946729e+00 4.373950710529e+00
0 26 1 0.58147905 1.57978486 0.77355014 0.88920409 1.18163401 2.528359700682e-04 1.678505645410e+01 7.791300514899e-01 1.365176771423e+00 4.342649293322e+00
0 27 1 0.58147905 1.57978486 0.77355014 0.88920409 1.18163401 3.238622955225e-04 1.445251432808e+01 7.864472138508e-01 1.347016718177e+00 4.350493975347e+00
0 28 1 0.58147905 1.57978486 0.77355014 0.88920409 1.18163401 4.496958759117e-04 1.140139894001e+01 7.604619113164e-01 1.334935432271e+00 4.349900581309e+00
0 29 1 0.58147905 1.57978486 0.77355014 0.88920409 1.18163401 5.042924856305e-04 1.093994472638e+01 7.573393375007e-01 1.326260200289e+00 4.306265436105e+00
0 30 1 0.58147905 1.57978486 0.77355014 0.88920409 1.18163401 4.067460866432e-04 1.348453555725e+01 7.886902933787e-01 1.306715048306e+00 4.235417561949e+00
0 31 1 0.58147905 1.57978486 0.77355014 0.88920409 1.18163401 1.925110580630e-04 1.600460645781e+01 7.397000182732e-01 1.296314156222e+00 4.150079786151e+00
0 32 1 0.58147905 1.57978486 0.77355014 0.88920409 1.18163401 1.833870731986e-04 1.612706096024e+01 7.823930692545e-01 1.334499858707e+00 4.262496434536e+00
0 33 1 0.58147905 1.57978486 0.77355014 0.88920409 1.18163401 3.913871700694e-04 1.343965319351e+01 7.819642979387e-01 1.377386165410e+00 4.368349536426e+00
0 34 1 0.58147905 1.57978486 0.77355014 0.88920409 1.18163401 4.982604057560e-04 1.100448503116e+01 7.646106032098e-01 1.392565767815e+00 4.369192375974e+00
0 35 1 0.58147905 1.57978486 0.77355014 0.88920409 1.18163401 4.543424788956e-04 1.171858455484e+01 8.066978446552e-01 1.409926135523e+00 4.366753579235e+00
0 36 1 0.58147905 1.57978486 0.77355014 0.88920409 1.18163401 3.305296847056e-04 1.483463938124e+01 8.074793047281e-01 1.435392898143e+00 4.375371028793e+00
0 37 1 0.58147905 1.57978486 0.77355014 0.88920409 1.18163401 2.501472854084e-04 1.733928973238e+01 8.041767980054e-01 1.466209963968e+00 4.449136225908e+00
0 38 1 0.58147905 1.57978486 0.77355014 0.88920409 1.18163401 3.730341796376e-04 1.669689134361e+01 8.520930774991e-01 1.492016184591e+00 4.589661556814e+00
0 39 1 0.58147905 1.57978486 0.77355014 0.88920409 1.18163401 5.641100667791e-04 1.358153484537e+01 8.548883984534e-01 1.511875366550e+00 4.721150753382e+00
0 40 1 0.58147905 1.57978486 0.77355014 0.88920409 1.18163401 6.377789783808e-04 1.193287278505e+01 8.616974011856e-01 1.554840437569e+00 4.795173282337e+00
0 41 1 0.58147905 1.57978486 0.77355014 0.88920409 1.18163401 5.743710502104e-04 1.382534115505e+01 9.213447278473e-01 1.617618303467e+00 4.878032897508e+00
0 42 1 0.58147905 1.57978486 0.77355014 0.88920409 1.18163401 4.482312281566e-04 1.779510819267e+01 9.178636534888e-01 1.690475361268e+00 4.956995855994e+00
0 43 1 0.58147905 1.57978486 0.77355014 0.88920409 1.18163401 4.529770688935e-04 1.995236194221e+01 9.453526010790e-01 1.761045574553e+00 5.156414446074e+00
0 44 1 0.58147905 1.57978486 0.77355014 0.88920409 1.18163401 5.865417846207e-04 1.830289849412e+01 1.006002898075e+00 1.802872415960e+00 5.328304916848e+00
0 45 1 0.58147905 1.57978486 0.77355014 0.88920409 1.18163401 6.918968815702e-04 1.485579911122e+01 1.005662127125e+00 1.845011350351e+00 5.470764726321e+00
0 46 1 0.58147905 1.57978486 0.77355014 0.88920409 1.18163401 7.125751084340e-04 1.418899772426e+01 1.047488648428e+00 1.909104231927e+00 5.602724181577e+00
0 47 1 0.58147905 1.57978486 0.77355014 0.88920409 1.18163401 5.630521695358e-04 1.757811439936e+01 1.113940040056e+00 1.971544324211e+00 5.832917407562e+00
0 48 1 0.58147905 1.57978486 0.77355014 0.88920409 1.18163401 4.497989056256e-04 2.222920672749e+01 1.111440659314e+00 2.021986453402e+00 6.041700849615e+00
0 49 1 0.58147905 1.57978486 0.77355014 0.88920409 1.18163401 6.240036679900e-04 2.379526030778e+01 1.174350895208e+00 2.069134720944e+00 6.201304195838e+00
0 50 1 0.58147905 1.57978486 0.77355014 0.88920409 1.18163401 7.312243598641e-04 2.080458013344e+01 1.240210550721e+00 2.156799548529e+00 6.440828782622e+00
0 51 1 0.58147905 1.57978486 0.77355014 0.88920409 1.18163401 5.897050342345e-04 1.724458540163e+01 1.238502244925e+00 2.268101542685e+00 6.668132746422e+00
0 52 1 0.58147905 1.57978486 0.77355014 0.88920409 1.18163401 4.661448720408e-04 1.794757980273e+01 1.326041279301e+00 2.333266775884e+00 6.874269718103e+00
0 53 1 0.58147905 1.57978486 0.77355014 0.88920409 1.18163401 4.380348582733e-04 2.297373189184e+01 1.382642920639e+00 2.390708532879e+00 7.174183696473e+00
0 54 1 0.58147905 1.57978486 0.77355014 0.88920409 1.18163401 5.813183092824e-04 2.836856076406e+01 1.390409945121e+00 2.466524918592e+00 7.500452253451e+00
0 55 1 0.58147905 1.57978486 0.77355014 0.88920409 1.18163401 7.858892975972e-04 2.857673648720e+01 1.499981484692e+00 2.532149094047e+00 7.703480851712e+00
0 56 1 0.58147905 1.57978486 0.77355014 0.88920409 1.18163401 7.167516082967e-04 2.408187940439e+01 1.538049667863e+00 2.611582327323e+00 7.989581840091e+00
0 57 1 0.58147905 1.57978486 0.77355014 0.88920409 1.18163401 5.069672057198e-04 2.078422056663e+01 1.578130955218e+00 2.691201188251e+00 8.210568590662e+00
0 58 1 0.58147905 1.57978486 0.77355014 0.88920409 1.18163401 4.589926935665e-04 2.326848831924e+01 1.673830588112e+00 2.761189164157e+00 8.595140033838e+00
0 59 1 0.58147905 1.57978486 0.77355014 0.88920409 1.18163401 6.803122537966e-04 3.057234273146e+01 1.742145735926e+00 2.848984130743e+00 8.991934029051e+00
0 60 1 0.58147905 1.57978486 0.77355014 0.88920409 1.18163401 1.066391369591e-03 3.586355592577e+01 1.753295390243e+00 2.947587895688e+00 9.291792848360e+00
0 61 1 0.58147905 1.57978486 0.77355014 0.88920409 1.18163401 1.216377693302e-03 3.401657287379e+01 1.907299391924e+00 3.061294603838e+00 9.625563534962e+00
0 62 1 0.58147905 1.57978486 0.77355014 0.88920409 1.18163401 1.040730257165e-03 2.796788932997e+01 1.926231415780e+00 3.154785287099e+00 9.963839864650e+00
0 63 1 0.58147905 1.57978486 0.77355014 0.88920409 1.18163401 7.678102988418e-04 2.555621819295e+01 1.985374417720e+00 3.221408626387e+00 1.021217317182e+01
3 0 1 0.78765821 10.19019042 1.06970527 1.61184067 1.79222135 2.339219732463e-02 2.564966881807e+04 5.636934717372e+00 3.356194721554e+01 4.953405789961e+01
3 1 1 0.78765821 10.19019042 1.06970527 1.61184067 1.79222135 2.064438603251e-02 2.546725225683e+04 5.513205978048e+00 3.213790421978e+01 4.735169323372e+01
3 2 1 0.78765821 10.19019042 1.06970527 1.61184067 1.79222135 1.662290265541e-02 2.507262586591e+04 5.388844347421e+00 3.078747334637e+01 4.556900466794e+01
3 3 1 0.78765821 10.19019042 1.06970527 1.61184067 1.79222135 1.516382370032e-02 2.409813210515e+04 5.059519602437e+00 2.959964528900e+01 4.405819833298e+01
3 4 1 0.78765821 10.19019042 1.06970527 1.61184067 1.79222135 1.678780898431e-02 2.278428474792e+04 4.959952183585e+00 2.865755583816e+01 4.290930075051e+01
3 5 1 0.78765821 10.19019042 1.06970527 1.61184067 1.79222135 1.841150027570e-02 2.175603317174e+04 4.814960217891e+00 2.752549999378e+01 4.151631651597e+01
3 6 1 0.78765821 10.19019042 1.06970527 1.61184067 1.79222135 1.733955454412e-02 2.129674352744e+04 4.555109277510e+00 2.625031379702e+01 3.968624323922e+01
3 7 1 0.78765821 10.19019042 1.06970527 1.61184067 1.79222135 1.419662447529e-02 2.115075501540e+04 4.438910136974e+00 2.511449335596e+01 3.822252908559e+01
3 8 1 0.78765821 10.19019042 1.06970527 1.61184067 1.79222135 1.207104850612e-02 2.077297418317e+04 4.335951288468e+00 2.418964194595e+01 3.669803687573e+01
3 9 1 0.78765821 10.19019042 1.06970527 1.61184067 1.79222135 1.273288201533e-02 1.991740664476e+04 4.077350944380e+00 2.331515251182e+01 3.550679158477e+01
3 10 1 0.78765821 10.19019042 1.06970527 1.61184067 1.79222135 1.460144715270e-02 1.886819409384e+04 4.005373613572e+00 2.231287685932e+01 3.450979977441e+01
3 11 1 0.78765821 10.19019042 1.06970527 1.61184067 1.79222135 1.492511243889e-02 1.810386527300e+04 3.898371293196e+00 2.141257947555e+01 3.353945921622e+01
3 12 1 0.78765821 10.19019042 1.06970527 1.61184067 1.79222135 1.292748902033e-02 1.781510687769e+04 3.669739974653e+00 2.065390505963e+01 3.238767740211e+01
3 13 1 0.78765821 10.19019042 1.06970527 1.61184067 1.79222135 1.063384534594e-02 1.773538005885e+04 3.630822622330e+00 1.992308193890e+01 3.095087731789e+01
3 14 1 0.78765821 10.19019042 1.06970527 1.61184067 1.79222135 1.039154405070e-02 1.741197861210e+04 3.515039730545e+00 1.926547334562e+01 2.986475746290e+01
3 15 1 0.78765821 10.19019042 1.06970527 1.61184067 1.79222135 1.196392853475e-02 1.671499806091e+04 3.334599040570e+00 1.855487279789e+01 2.895624715186e+01
3 16 1 0.78765821 10.19019042 1.06970527 1.61184067 1.79222135 1.303586667882e-02 1.590331015631e+04 3.302359052108e+00 1.784167127362e+01 2.816011006783e+01
3 17 1 0.78765821 10.19019042 1.06970527 1.61184067 1.79222135 1.201231958300e-02 1.538588063659e+04 3.207063015388e+00 1.725839105068e+01 2.748524388859e+01
3 18 1 0.78765821 10.19019042 1.06970527 1.61184067 1.79222135 9.837091079566e-03 1.527047755042e+04 3.048490811804e+00 1.677664697362e+01 2.689049367162e+01
3 19 1 0.78765821 10.19019042 1.06970527 1.61184067 1.79222135 8.835433213701e-03 1.527147062385e+04 3.043646842585e+00 1.636985315729e+01 2.617785849986e+01
3 20 1 0.78765821 10.19019042 1.06970527 1.61184067 1.79222135 9.780089625237e-03 1.504785435794e+04 2.956119806965e+00 1.591418795155e+01 2.538163986625e+01
3 21 1 0.78765821 10.19019042 1.06970527 1.61184067 1.79222135 1.110295286338e-02 1.450573810017e+04 2.823035199894e+00 1.549714122179e+01 2.468510950024e+01
3 22 1 0.78765821 10.19019042 1.06970527 1.61184067 1.79222135 1.091036640062e-02 1.393301969033e+04 2.853157568266e+00 1.520621460179e+01 2.408401181444e+01
3 23 1 0.78765821 10.19019042 1.06970527 1.61184067 1.79222135 9.168651195469e-03 1.364462606469e+04 2.753036646584e+00 1.485902961194e+01 2.353317445153e+01
3 24 1 0.78765821 10.19019042 1.06970527 1.61184067 1.79222135 7.745087645369e-03 1.369129165429e+04 2.678343572057e+00 1.452846014456e+01 2.308314637506e+01
3 25 1 0.78765821 10.19019042 1.06970527 1.61184067 1.79222135 8.070870823147e-03 1.381221882440e+04 2.701758673734e+00 1.433004625535e+01 2.301314736515e+01
3 26 1 0.78765821 10.19019042 1.06970527 1.61184067 1.79222135 9.464298951481e-03 1.369824276589e+04 2.635631278705e+00 1.420782104882e+01 2.290584828510e+01
3 27 1 0.78765821 10.19019042 1.06970527 1.61184067 1.79222135 1.009016893836e-02 1.333142415749e+04 2.572419541166e+00 1.414008263158e+01 2.272157122617e+01
3 28 1 0.78765821 10.19019042 1.06970527 1.61184067 1.79222135 9.075792582435e-03 1.297083574221e+04 2.637328860475e+00 1.408896076793e+01 2.244878594006e+01
3 29 1 0.78765821 10.19019042 1.06970527 1.61184067 1.79222135 7.576915729707e-03 1.289105803638e+04 2.551917407820e+00 1.403054560997e+01 2.206980837832e+01
3 30 1 0.78765821 10.19019042 1.06970527 1.61184067 1.79222135 7.393665398541e-03 1.311934867526e+04 2.563974516262e+00 1.389103609528e+01 2.181413447524e+01
3 31 1 0.78765821 10.19019042 1.06970527 1.61184067 1.79222135 8.762415117005e-03 1.337327008935e+04 2.592484591164e+00 1.382009499404e+01 2.166120649998e+01
3 32 1 0.78765821 10.19019042 1.06970527 1.61184067 1.79222135 1.014307966560e-02 1.340287336153e+04 2.579043904421e+00 1.406858784043e+01 2.202776847827e+01
3 33 1 0.78765821 10.19019042 1.06970527 1.61184067 1.79222135 9.981169276137e-03 1.318778349147e+04 2.568982540976e+00 1.435622168323e+01 2.245932507042e+01
3 34 1 0.78765821 10.19019042 1.06970527 1.61184067 1.79222135 8.592328360374e-03 1.301239035147e+04 2.656311834926e+00 1.446836026101e+01 2.272551633063e+01
3 35 1 0.78765821 10.19019042 1.06970527 1.61184067 1.79222135 7.896179209573e-03 1.314583979512e+04 2.633242203749e+00 1.458999959642e+01 2.292352111646e+01
3 36 1 0.78765821 10.19019042 1.06970527 1.61184067 1.79222135 9.023793876135e-03 1.356430183222e+04 2.661541505242e+00 1.478772163831e+01 2.296821084655e+01
3 37 1 0.78765821 10.19019042 1.06970527 1.61184067 1.79222135 1.093841583511e-02 1.399246544960e+04 2.771906453420e+00 1.507159968508e+01 2.314019630266e+01
3 38 1 0.78765821 10.19019042 1.06970527 1.61184067 1.79222135 1.160489741064e-02 1.414277008291e+04 2.751824568421e+00 1.543849148527e+01 2.336888675414e+01
3 39 1 0.78765821 10.19019042 1.06970527 1.61184067 1.79222135 1.042357668585e-02 1.406154995380e+04 2.822693805914e+00 1.588870861754e+01 2.397611981982e+01
3 40 1 0.78765821 10.19019042 1.06970527 1.61184067 1.79222135 9.146844579803e-03 1.405797528545e+04 2.944100083625e+00 1.635921385850e+01 2.474025061988e+01
3 41 1 0.78765821 10.19019042 1.06970527 1.61184067 1.79222135 9.723381490969e-03 1.440510940778e+04 2.941166701693e+00 1.675293776910e+01 2.538269582410e+01
3 42 1 0.78765821 10.19019042 1.06970527 1.61184067 1.79222135 1.187203098941e-02 1.505329604320e+04 3.041811259077e+00 1.724624830764e+01 2.608443462611e+01
3 43 1 0.78765821 10.19019042 1.06970527 1.61184067 1.79222135 1.336953217223e-02 1.564245663651e+04 3.188863293446e+00 1.782884130332e+01 2.680389034545e+01
3 44 1 0.78765821 10.19019042 1.06970527 1.61184067 1.79222135 1.264600384784e-02 1.590553774761e+04 3.182278091988e+00 1.834744640876e+01 2.748525952065e+01
3 45 1 0.78765821 10.19019042 1.06970527 1.61184067 1.79222135 1.088819869091e-02 1.593030988281e+04 3.343088685713e+00 1.895499078890e+01 2.807043728202e+01
3 46 1 0.78765821 10.19019042 1.06970527 1.61184067 1.79222135 1.068503613849e-02 1.608885427488e+04 3.476289624648e+00 1.968588657987e+01 2.884364259609e+01
3 47 1 0.78765821 10.19019042 1.06970527 1.61184067 1.79222135 1.282070080327e-02 1.667815116284e+04 3.511391710201e+00 2.048462385666e+01 2.981438242962e+01
3 48 1 0.78765821 10.19019042 1.06970527 1.61184067 1.79222135 1.529825592213e-02 1.755076430058e+04 3.687080475118e+00 2.126083756671e+01 3.092685569865e+01
3 49 1 0.78765821 10.19019042 1.06970527 1.61184067 1.79222135 1.556037449314e-02 1.831341822046e+04 3.848817482801e+00 2.194576081992e+01 3.210884561157e+01
3 50 1 0.78765821 10.19019042 1.06970527 1.61184067 1.79222135 1.370949916471e-02 1.865685721465e+04 3.889304828236e+00 2.273395236062e+01 3.346955495756e+01
3 51 1 0.78765821 10.19019042 1.06970527 1.61184067 1.79222135 1.263711395069e-02 1.875998771754e+04 4.108908656280e+00 2.360673407718e+01 3.460894818528e+01
3 52 1 0.78765821 10.19019042 1.06970527 1.61184067 1.79222135 1.448974779583e-02 1.908646803925e+04 4.280536462011e+00 2.453945092667e+01 3.544194643666e+01
3 53 1 0.78765821 10.19019042 1.06970527 1.61184067 1.79222135 1.802191659073e-02 1.991902906955e+04 4.331859674823e+00 2.556919755105e+01 3.658934351893e+01
3 54 1 0.78765821 10.19019042 1.06970527 1.61184067 1.79222135 1.980376886080e-02 2.105470617677e+04 4.605715129115e+00 2.646855322069e+01 3.793741433964e+01
3 55 1 0.78765821 10.19019042 1.06970527 1.61184067 1.79222135 1.833875161265e-02 2.196059805147e+04 4.762270023140e+00 2.738082840873e+01 3.964127911491e+01
3 56 1 0.78765821 10.19019042 1.06970527 1.61184067 1.79222135 1.629014838404e-02 2.235173163338e+04 4.860756327025e+00 2.851709549187e+01 4.119708901467e+01
3 57 1 0.78765821 10.19019042 1.06970527 1.61184067 1.79222135 1.729656784068e-02 2.250286955108e+04 5.147330015716e+00 2.970679040298e+01 4.280434672353e+01
3 58 1 0.78765821 10.19019042 1.06970527 1.61184067 1.79222135 2.145398135866e-02 2.299365516196e+04 5.329656987269e+00 3.073473130069e+01 4.429313078556e+01
3 59 1 0.78765821 10.19019042 1.06970527 1.61184067 1.79222135 2.487693739188e-02 2.412188811844e+04 5.443580625410e+00 3.158836999086e+01 4.538943286002e+01
3 60 1 0.78765821 10.19019042 1.06970527 1.61184067 1.79222135 2.419104728627e-02 2.551794419636e+04 5.757423583976e+00 3.271163156569e+01 4.716407928772e+01
3 61 1 0.78765821 10.19019042 1.06970527 1.61184067 1.79222135 2.110323702934e-02 2.653443017958e+04 5.979030571039e+00 3.409133418395e+01 4.917982156462e+01
3 62 1 0.78765821 10.19019042 1.06970527 1.61184067 1.79222135 2.049666698865e-02 2.691387574018e+04 6.061388390816e+00 3.536401810151e+01 5.138369243571e+01
3 63 1 0.78765821 10.19019042 1.06970527 1.61184067 1.79222135 2.436786365636e-02 2.708943486340e+04 6.481210139048e+00 3.669433160330e+01 5.324771107407e+01
9 0 1 0.69204048 3.34480514 0.93426870 1.26048869 1.65328413 1.671964302943e-02 4.943359443508e+02 3.397078380377e+00 1.297792134705e+01 3.615138484666e+01
9 1 1 0.69204048 3.34480514 0.93426870 1.26048869 1.65328413 1.294271175754e-02 5.202612914331e+02 3.127137942405e+00 1.256898981909e+01 3.499318603512e+01
9 2 1 0.69204048 3.34480514 0.93426870 1.26048869 1.65328413 1.276014124956e-02 5.493785421098e+02 3.743453132347e+00 1.202442224906e+01 3.367739065436e+01
9 3 1 0.69204048 3.34480514 0.93426870 1.26048869 1.65328413 1.541680931810e-02 5.336195754326e+02 2.933715352350e+00 1.154433580188e+01 3.207277940191e+01
9 4 1 0.69204048 3.34480514 0.93426870 1.26048869 1.65328413 1.712543607988e-02 4.741699814133e+02 2.896654299376e+00 1.118835722358e+01 3.098383597745e+01
9 5 1 0.69204048 3.34480514 0.93426870 1.26048869 1.65328413 1.547108748483e-02 4.178022523178e+02 3.335215991017e+00 1.080267890377e+01 2.996427448692e+01
9 6 1 0.69204048 3.34480514 0.93426870 1.26048869 1.65328413 1.197904858513e-02 4.052302755404e+02 2.575460530277e+00 1.035793301105e+01 2.897764534631e+01
9 7 1 0.69204048 3.34480514 0.93426870 1.26048869 1.65328413 9.960524083104e-03 4.309203146960e+02 2.659610439975e+00 9.921933132880e+00 2.808140777963e+01
9 8 1 0.69204048 3.34480514 0.93426870 1.26048869 1.65328413 1.093926359146e-02 4.486785681754e+02 2.997978576729e+00 9.579898437837e+00 2.704516878220e+01
9 9 1 0.69204048 3.34480514 0.93426870 1.26048869 1.65328413 1.315290977205e-02 4.276448186937e+02 2.230772529415e+00 9.235099416564e+00 2.594985864219e+01
9 10 1 0.69204048 3.34480514 0.93426870 1.26048869 1.65328413 1.368571325697e-02 3.761612355520e+02 2.500354092488e+00 8.849813691912e+00 2.495438019786e+01
9 11 1 0.69204048 3.34480514 0.93426870 1.26048869 1.65328413 1.172851645800e-02 3.363588705529e+02 2.629195246121e+00 8.525308358030e+00 2.419873033508e+01
9 12 1 0.69204048 3.34480514 0.93426870 1.26048869 1.65328413 9.188319847720e-03 3.362550584258e+02 1.998444677720e+00 8.181108865870e+00 2.346081605900e+01
9 13 1 0.69204048 3.34480514 0.93426870 1.26048869 1.65328413 8.518965067701e-03 3.590733352846e+02 2.314833835473e+00 7.831146989763e+00 2.264638259084e+01
9 14 1 0.69204048 3.34480514 0.93426870 1.26048869 1.65328413 9.947072901618e-03 3.707989134556e+02 2.334308416629e+00 7.550517060138e+00 2.190130274799e+01
9 15 1 0.69204048 3.34480514 0.93426870 1.26048869 1.65328413 1.132813990028e-02 3.459959376671e+02 1.799637027633e+00 7.254860606808e+00 2.135206940493e+01
9 16 1 0.69204048 3.34480514 0.93426870 1.26048869 1.65328413 1.083374287933e-02 3.038023904185e+02 2.164324007993e+00 6.966881012501e+00 2.059618237444e+01
9 17 1 0.69204048 3.34480514 0.93426870 1.26048869 1.65328413 8.788966551137e-03 2.789914836405e+02 2.074151819854e+00 6.734728757017e+00 1.996837018126e+01
9 18 1 0.69204048 3.34480514 0.93426870 1.26048869 1.65328413 7.175128476841e-03 2.861915866694e+02 1.654531841361e+00 6.552154666539e+00 1.933292025859e+01
9 19 1 0.69204048 3.34480514 0.93426870 1.26048869 1.65328413 7.492614041567e-03 3.090316009364e+02 2.031640237378e+00 6.395324443718e+00 1.884381572974e+01
9 20 1 0.69204048 3.34480514 0.93426870 1.26048869 1.65328413 8.984592488772e-03 3.138298549217e+02 1.868173288784e+00 6.178807464255e+00 1.841522477827e+01
9 21 1 0.69204048 3.34480514 0.93426870 1.26048869 1.65328413 9.646130546168e-03 2.896545737749e+02 1.542367473690e+00 5.948990623670e+00 1.809498755759e+01
9 22 1 0.69204048 3.34480514 0.93426870 1.26048869 1.65328413 8.543531665268e-03 2.567965272331e+02 1.944877758540e+00 5.776501487923e+00 1.781985139873e+01
9 23 1 0.69204048 3.34480514 0.93426870 1.26048869 1.65328413 6.687901745205e-03 2.434818519413e+02 1.679382325057e+00 5.640287379202e+00 1.730059621201e+01
9 24 1 0.69204048 3.34480514 0.93426870 1.26048869 1.65328413 5.925789174288e-03 2.575225281146e+02 1.502573888078e+00 5.562050773380e+00 1.679725286640e+01
9 25 1 0.69204048 3.34480514 0.93426870 1.26048869 1.65328413 6.888721253720e-03 2.791828524700e+02 1.851729956313e+00 5.506025796665e+00 1.653946074878e+01
9 26 1 0.69204048 3.34480514 0.93426870 1.26048869 1.65328413 8.341157960378e-03 2.804008739517e+02 1.566718302197e+00 5.438404889448e+00 1.649031750451e+01
9 27 1 0.69204048 3.34480514 0.93426870 1.26048869 1.65328413 8.588939566986e-03 2.585995671820e+02 1.479165495836e+00 5.389369810967e+00 1.646412788437e+01
9 28 1 0.69204048 3.34480514 0.93426870 1.26048869 1.65328413 7.270689672506e-03 2.333665364039e+02 1.813802615219e+00 5.353459303382e+00 1.640484196345e+01
9 29 1 0.69204048 3.34480514 0.93426870 1.26048869 1.65328413 5.822779895682e-03 2.295442135886e+02 1.474720431607e+00 5.322854344797e+00 1.616554286300e+01
9 30 1 0.69204048 3.34480514 0.93426870 1.26048869 1.65328413 5.849495164486e-03 2.502208860304e+02 1.526551665598e+00 5.260062265083e+00 1.593968688464e+01
9 31 1 0.69204048 3.34480514 0.93426870 1.26048869 1.65328413 7.311572648282e-03 2.712182780668e+02 1.764257438597e+00 5.229220533779e+00 1.578414286473e+01
9 32 1 0.69204048 3.34480514 0.93426870 1.26048869 1.65328413 8.683545257858e-03 2.722237697651e+02 1.474766203903e+00 5.346564789905e+00 1.606383489651e+01
9 33 1 0.69204048 3.34480514 0.93426870 1.26048869 1.65328413 8.518123349430e-03 2.509418743430e+02 1.563878631324e+00 5.481800344178e+00 1.637756740345e+01
9 34 1 0.69204048 3.34480514 0.93426870 1.26048869 1.65328413 7.079264488321e-03 2.318499656158e+02 1.794398514693e+00 5.536029817945e+00 1.651578342671e+01
9 35 1 0.69204048 3.34480514 0.93426870 1.26048869 1.65328413 6.207006942536e-03 2.378313619050e+02 1.489618530251e+00 5.594787703719e+00 1.654672105527e+01
9 36 1 0.69204048 3.34480514 0.93426870 1.26048869 1.65328413 7.127392019328e-03 2.645970319073e+02 1.663757666946e+00 5.680926258954e+00 1.656182616783e+01
9 37 1 0.69204048 3.34480514 0.93426870 1.26048869 1.65328413 9.048718368763e-03 2.885631532983e+02 1.849049576568e+00 5.790018789362e+00 1.676960304379e+01
9 38 1 0.69204048 3.34480514 0.93426870 1.26048869 1.65328413 1.003340410905e-02 2.869648668249e+02 1.552026491296e+00 5.905568249522e+00 1.714360015465e+01
9 39 1 0.69204048 3.34480514 0.93426870 1.26048869 1.65328413 9.124688671868e-03 2.651127057791e+02 1.800927286600e+00 6.042907056867e+00 1.771577896409e+01
9 40 1 0.69204048 3.34480514 0.93426870 1.26048869 1.65328413 7.602107431323e-03 2.523526866967e+02 1.939125651517e+00 6.248223344033e+00 1.819633517346e+01
9 41 1 0.69204048 3.34480514 0.93426870 1.26048869 1.65328413 7.582970807861e-03 2.682574802746e+02 1.659356131372e+00 6.472558972613e+00 1.846334991523e+01
9 42 1 0.69204048 3.34480514 0.93426870 1.26048869 1.65328413 9.556500510600e-03 3.040028611581e+02 1.981488563171e+00 6.703462643948e+00 1.873559777053e+01
9 43 1 0.69204048 3.34480514 0.93426870 1.26048869 1.65328413 1.169573381187e-02 3.295740210044e+02 2.066168614231e+00 6.916474535553e+00 1.929978132537e+01
9 44 1 0.69204048 3.34480514 0.93426870 1.26048869 1.65328413 1.179372929802e-02 3.233050801261e+02 1.810387065662e+00 7.067653988398e+00 1.986621092619e+01
9 45 1 0.69204048 3.34480514 0.93426870 1.26048869 1.65328413 9.980114540660e-03 3.007855925576e+02 2.208018077155e+00 7.258812288234e+00 2.058189904351e+01
9 46 1 0.69204048 3.34480514 0.93426870 1.26048869 1.65328413 8.676184821090e-03 2.945313083288e+02 2.217360012250e+00 7.525121025198e+00 2.123673285135e+01
9 47 1 0.69204048 3.34480514 0.93426870 1.26048869 1.65328413 9.829945507668e-03 3.227824943320e+02 2.023071202407e+00 7.822788163108e+00 2.195847409454e+01
9 48 1 0.69204048 3.34480514 0.93426870 1.26048869 1.65328413 1.276003321284e-02 3.686317051136e+02 2.458523408559e+00 8.118701039075e+00 2.258813229770e+01
9 49 1 0.69204048 3.34480514 0.93426870 1.26048869 1.65328413 1.462292314285e-02 3.927898114261e+02 2.423039247599e+00 8.376235960672e+00 2.327396467164e+01
9 50 1 0.69204048 3.34480514 0.93426870 1.26048869 1.65328413 1.361253283253e-02 3.814563552562e+02 2.273288306619e+00 8.679417245058e+00 2.419865457113e+01
9 51 1 0.69204048 3.34480514 0.93426870 1.26048869 1.65328413 1.131405061174e-02 3.567710509429e+02 2.752425894116e+00 8.996939530343e+00 2.497614460176e+01
9 52 1 0.69204048 3.34480514 0.93426870 1.26048869 1.65328413 1.087190259597e-02 3.587054194947e+02 2.674763743780e+00 9.257492426155e+00 2.583247310327e+01
9 53 1 0.69204048 3.34480514 0.93426870 1.26048869 1.65328413 1.348646636119e-02 4.031629398093e+02 2.554928967180e+00 9.571575960466e+00 2.686082929705e+01
9 54 1 0.69204048 3.34480514 0.93426870 1.26048869 1.65328413 1.697328936286e-02 4.572253903029e+02 3.112631512639e+00 9.883607635244e+00 2.801055205753e+01
9 55 1 0.69204048 3.34480514 0.93426870 1.26048869 1.65328413 1.798731521529e-02 4.796994590853e+02 2.944478423815e+00 1.016767397403e+01 2.897766080583e+01
9 56 1 0.69204048 3.34480514 0.93426870 1.26048869 1.65328413 1.597506795955e-02 4.591645768412e+02 2.901738763331e+00 1.054348039049e+01 2.990162305620e+01
9 57 1 0.69204048 3.34480514 0.93426870 1.26048869 1.65328413 1.396376453772e-02 4.314677706554e+02 3.513151681715e+00 1.092312388763e+01 3.087741490019e+01
9 58 1 0.69204048 3.34480514 0.93426870 1.26048869 1.65328413 1.525673866560e-02 4.472649570381e+02 3.235334079120e+00 1.123531830437e+01 3.211584938671e+01
9 59 1 0.69204048 3.34480514 0.93426870 1.26048869 1.65328413 1.955351158186e-02 5.091092868194e+02 3.326053882600e+00 1.154185883825e+01 3.328932980862e+01
9 60 1 0.69204048 3.34480514 0.93426870 1.26048869 1.65328413 2.289359037393e-02 5.725484775351e+02 3.917940032722e+00 1.194659122798e+01 3.486671110385e+01
9 61 1 0.69204048 3.34480514 0.93426870 1.26048869 1.65328413 2.230255267271e-02 5.873056120690e+02 3.606123754598e+00 1.241812210506e+01 3.619671949691e+01
9 62 1 0.69204048 3.34480514 0.93426870 1.26048869 1.65328413 1.930882674486e-02 5.529421742708e+02 3.767681600507e+00 1.274612699952e+01 3.719996315958e+01
9 63 1 0.69204048 3.34480514 0.93426870 1.26048869 1.65328413 1.838841448479e-02 5.270336263220e+02 4.405807176304e+00 1.304200388745e+01 3.832454819075e+01
19 0 1 0.66780402 3.07919916 0.84436690 1.54744916 2.65315920 1.431526128212e-02 3.991507149752e+02 2.144297404822e+00 2.712573534387e+01 2.260325528640e+02
19 1 1 0.66780402 3.07919916 0.84436690 1.54744916 2.65315920 1.300300540504e-02 3.845588999315e+02 2.107107291304e+00 2.765448593918e+01 2.183856798316e+02
19 2 1 0.66780402 3.07919916 0.84436690 1.54744916 2.65315920 1.061977689999e-02 3.698186477813e+02 2.056184194896e+00 2.617820925842e+01 2.101302392104e+02
19 3 1 0.66780402 3.07919916 0.84436690 1.54744916 2.65315920 9.444531047552e-03 3.568182169595e+02 1.925969674770e+00 2.361680651389e+01 2.017532049853e+02
19 4 1 0.66780402 3.07919916 0.84436690 1.54744916 2.65315920 1.015125014106e-02 3.446382571864e+02 1.894112880991e+00 2.275188262893e+01 1.947638948928e+02
19 5 1 0.66780402 3.07919916 0.84436690 1.54744916 2.65315920 1.117471311225e-02 3.333851257313e+02 1.834984391110e+00 2.341633654009e+01 1.882887425649e+02
19 6 1 0.66780402 3.07919916 0.84436690 1.54744916 2.65315920 1.079264870716e-02 3.222496481109e+02 1.734868245766e+00 2.286618589730e+01 1.821156332008e+02
19 7 1 0.66780402 3.07919916 0.84436690 1.54744916 2.65315920 9.048505043331e-03 3.113423994023e+02 1.692121525310e+00 2.079870784834e+01 1.758860228341e+02
19 8 1 0.66780402 3.07919916 0.84436690 1.54744916 2.65315920 7.641928052812e-03 2.997114309432e+02 1.653002174076e+00 1.957332516432e+01 1.696304377277e+02
19 9 1 0.66780402 3.07919916 0.84436690 1.54744916 2.65315920 7.813421703357e-03 2.886686998952e+02 1.550774775564e+00 2.015092984573e+01 1.637289932578e+02
19 10 1 0.66780402 3.07919916 0.84436690 1.54744916 2.65315920 8.879519518503e-03 2.796364007474e+02 1.526498152431e+00 2.017206625637e+01 1.576313168009e+02
19 11 1 0.66780402 3.07919916 0.84436690 1.54744916 2.65315920 9.230430666171e-03 2.706755090298e+02 1.484950478397e+00 1.868117090175e+01 1.525436496604e+02
19 12 1 0.66780402 3.07919916 0.84436690 1.54744916 2.65315920 8.195626598737e-03 2.615477308042e+02 1.394541297171e+00 1.729199828754e+01 1.478734010099e+02
19 13 1 0.66780402 3.07919916 0.84436690 1.54744916 2.65315920 6.800199160963e-03 2.544103712102e+02 1.383305449525e+00 1.739500383305e+01 1.429048211107e+02
19 14 1 0.66780402 3.07919916 0.84436690 1.54744916 2.65315920 6.492876949003e-03 2.455280810484e+02 1.337267382253e+00 1.795860845266e+01 1.387421379832e+02
19 15 1 0.66780402 3.07919916 0.84436690 1.54744916 2.65315920 7.327292386380e-03 2.378182077739e+02 1.266895457583e+00 1.712502380546e+01 1.348169427103e+02
19 16 1 0.66780402 3.07919916 0.84436690 1.54744916 2.65315920 8.025594572471e-03 2.311032849361e+02 1.256677126948e+00 1.568207965462e+01 1.300752558574e+02
19 17 1 0.66780402 3.07919916 0.84436690 1.54744916 2.65315920 7.541702232942e-03 2.244621399127e+02 1.219633025968e+00 1.534887424874e+01 1.261151408431e+02
19 18 1 0.66780402 3.07919916 0.84436690 1.54744916 2.65315920 6.276530012173e-03 2.182945629138e+02 1.156972110033e+00 1.582345645397e+01 1.231285106834e+02
19 19 1 0.66780402 3.07919916 0.84436690 1.54744916 2.65315920 5.581765917881e-03 2.130307391481e+02 1.157502160575e+00 1.545945202904e+01 1.200121386508e+02
19 20 1 0.66780402 3.07919916 0.84436690 1.54744916 2.65315920 6.033127828756e-03 2.082439310389e+02 1.123788531783e+00 1.397433059716e+01 1.171738264995e+02
19 21 1 0.66780402 3.07919916 0.84436690 1.54744916 2.65315920 6.812753198322e-03 2.033031099204e+02 1.069562772647e+00 1.325439162511e+01 1.144391437290e+02
19 22 1 0.66780402 3.07919916 0.84436690 1.54744916 2.65315920 6.780024274296e-03 1.991779350471e+02 1.086055993279e+00 1.377055522143e+01 1.121845789379e+02
19 23 1 0.66780402 3.07919916 0.84436690 1.54744916 2.65315920 5.802260912987e-03 1.952372045488e+02 1.043773611551e+00 1.385858564877e+01 1.100172570635e+02
19 24 1 0.66780402 3.07919916 0.84436690 1.54744916 2.65315920 4.919533419551e-03 1.916627294729e+02 1.016115759041e+00 1.294448737973e+01 1.078308179637e+02
19 25 1 0.66780402 3.07919916 0.84436690 1.54744916 2.65315920 5.028221799734e-03 1.887485783597e+02 1.026080437210e+00 1.223769386657e+01 1.060619584159e+02
19 26 1 0.66780402 3.07919916 0.84436690 1.54744916 2.65315920 5.818939731239e-03 1.870124210070e+02 1.000213929931e+00 1.253338808959e+01 1.048168593370e+02
19 27 1 0.66780402 3.07919916 0.84436690 1.54744916 2.65315920 6.235491384300e-03 1.854967551886e+02 9.737895892625e-01 1.296166215428e+01 1.043371372742e+02
19 28 1 0.66780402 3.07919916 0.84436690 1.54744916 2.65315920 5.699567150930e-03 1.838001313190e+02 1.003392875614e+00 1.239306459137e+01 1.036913252303e+02
19 29 1 0.66780402 3.07919916 0.84436690 1.54744916 2.65315920 4.822319633210e-03 1.826551364039e+02 9.650461764541e-01 1.158557861416e+01 1.030780390749e+02
19 30 1 0.66780402 3.07919916 0.84436690 1.54744916 2.65315920 4.668040106945e-03 1.821063206234e+02 9.739523942502e-01 1.173883533818e+01 1.020920361583e+02
19 31 1 0.66780402 3.07919916 0.84436690 1.54744916 2.65315920 5.438539535503e-03 1.811868638056e+02 9.819874244044e-01 1.239126969353e+01 1.013819325348e+02
19 32 1 0.66780402 3.07919916 0.84436690 1.54744916 2.65315920 6.272601904426e-03 1.826036966254e+02 9.790676634795e-01 1.262549135744e+01 1.025547484218e+02
19 33 1 0.66780402 3.07919916 0.84436690 1.54744916 2.65315920 6.233088049559e-03 1.839388904644e+02 9.721776677194e-01 1.210762357523e+01 1.038909234615e+02
19 34 1 0.66780402 3.07919916 0.84436690 1.54744916 2.65315920 5.449066031858e-03 1.850550910676e+02 1.008811063956e+00 1.209703721272e+01 1.044374936783e+02
19 35 1 0.66780402 3.07919916 0.84436690 1.54744916 2.65315920 5.027496301336e-03 1.869751077440e+02 9.978988703819e-01 1.311042984515e+01 1.049536810565e+02
19 36 1 0.66780402 3.07919916 0.84436690 1.54744916 2.65315920 5.662745574535e-03 1.888620947719e+02 1.007902305438e+00 1.366647226849e+01 1.058855234695e+02
19 37 1 0.66780402 3.07919916 0.84436690 1.54744916 2.65315920 6.787183910660e-03 1.912041338007e+02 1.052923880288e+00 1.316375731187e+01 1.074339528349e+02
19 38 1 0.66780402 3.07919916 0.84436690 1.54744916 2.65315920 7.211669723085e-03 1.945443625231e+02 1.042305701506e+00 1.284918706880e+01 1.097080969874e+02
19 39 1 0.66780402 3.07919916 0.84436690 1.54744916 2.65315920 6.553913274924e-03 1.989445374680e+02 1.069599344976e+00 1.369032760534e+01 1.121139712174e+02
19 40 1 0.66780402 3.07919916 0.84436690 1.54744916 2.65315920 5.816866484918e-03 2.030291653442e+02 1.118315642185e+00 1.474354102486e+01 1.143810997611e+02
19 41 1 0.66780402 3.07919916 0.84436690 1.54744916 2.65315920 6.144841118549e-03 2.076012194308e+02 1.114180204204e+00 1.457758995153e+01 1.168447119712e+02
19 42 1 0.66780402 3.07919916 0.84436690 1.54744916 2.65315920 7.392664374175e-03 2.125862840398e+02 1.152852002758e+00 1.418456553512e+01 1.196178711726e+02
19 43 1 0.66780402 3.07919916 0.84436690 1.54744916 2.65315920 8.274327986139e-03 2.179695471377e+02 1.212245592755e+00 1.503090785979e+01 1.228503565007e+02
19 44 1 0.66780402 3.07919916 0.84436690 1.54744916 2.65315920 7.870624860225e-03 2.236171324118e+02 1.204344151108e+00 1.630576967832e+01 1.261137270883e+02
19 45 1 0.66780402 3.07919916 0.84436690 1.54744916 2.65315920 6.868509702075e-03 2.303033212443e+02 1.269442184788e+00 1.649008350623e+01 1.296825463517e+02
19 46 1 0.66780402 3.07919916 0.84436690 1.54744916 2.65315920 6.770352101859e-03 2.375212612835e+02 1.319584851952e+00 1.592046906009e+01 1.338211232046e+02
19 47 1 0.66780402 3.07919916 0.84436690 1.54744916 2.65315920 8.021929070165e-03 2.448692555549e+02 1.331248267578e+00 1.614688631964e+01 1.386761384431e+02
19 48 1 0.66780402 3.07919916 0.84436690 1.54744916 2.65315920 9.458769709420e-03 2.525779002453e+02 1.398828338759e+00 1.761785325939e+01 1.429770878550e+02
19 49 1 0.66780402 3.07919916 0.84436690 1.54744916 2.65315920 9.607788088593e-03 2.618815893056e+02 1.462649756946e+00 1.840397439447e+01 1.468595015663e+02
19 50 1 0.66780402 3.07919916 0.84436690 1.54744916 2.65315920 8.555941245891e-03 2.694470871891e+02 1.473771083258e+00 1.800449206370e+01 1.523040345893e+02
19 51 1 0.66780402 3.07919916 0.84436690 1.54744916 2.65315920 7.991585731584e-03 2.784248296018e+02 1.560188575157e+00 1.806160780707e+01 1.574103512974e+02
19 52 1 0.66780402 3.07919916 0.84436690 1.54744916 2.65315920 9.124130685467e-03 2.885999496509e+02 1.626433850128e+00 1.968332420598e+01 1.627847535564e+02
19 53 1 0.66780402 3.07919916 0.84436690 1.54744916 2.65315920 1.118624399751e-02 2.981406207156e+02 1.641923826540e+00 2.137780950771e+01 1.692015126412e+02
19 54 1 0.66780402 3.07919916 0.84436690 1.54744916 2.65315920 1.219265848819e-02 3.096930414920e+02 1.749528609326e+00 2.126237216277e+01 1.753030273329e+02
19 55 1 0.66780402 3.07919916 0.84436690 1.54744916 2.65315920 1.134142345596e-02 3.214845829815e+02 1.809077605879e+00 2.092236655254e+01 1.815411296260e+02
19 56 1 0.66780402 3.07919916 0.84436690 1.54744916 2.65315920 1.023528769848e-02 3.326496929030e+02 1.843402910022e+00 2.251778139399e+01 1.877751552695e+02
19 57 1 0.66780402 3.07919916 0.84436690 1.54744916 2.65315920 1.094170880663e-02 3.434189413257e+02 1.954993374145e+00 2.481802796569e+01 1.943754344923e+02
19 58 1 0.66780402 3.07919916 0.84436690 1.54744916 2.65315920 1.340654373108e-02 3.557663188618e+02 2.024836912112e+00 2.544978520848e+01 2.012150528468e+02
19 59 1 0.66780402 3.07919916 0.84436690 1.54744916 2.65315920 1.533345251909e-02 3.685356425954e+02 2.065474272975e+00 2.491733416851e+01 2.089011224799e+02
19 60 1 0.66780402 3.07919916 0.84436690 1.54744916 2.65315920 1.486320982765e-02 3.826302188757e+02 2.184669492526e+00 2.605821952852e+01 2.173367211945e+02
19 61 1 0.66780402 3.07919916 0.84436690 1.54744916 2.65315920 1.312896385843e-02 3.974230861384e+02 2.275588256972e+00 2.886604555168e+01 2.255347271927e+02
19 62 1 0.66780402 3.07919916 0.84436690 1.54744916 2.65315920 1.295535524783e-02 4.120459436259e+02 2.294690796870e+00 3.035210408282e+01 2.330496189763e+02
19 63 1 0.66780402 3.07919916 0.84436690 1.54744916 2.65315920 1.532069604525e-02 4.254538164872e+02 2.465187769391e+00 2.974862178478e+01 2.400764383963e+02
21 0 1 0.66254826 1.90640493 0.94035681 0.93278413 1.10394523 4.828896510229e-01 5.387168683523e+01 3.882554389809e+00 3.772549412261e+00 7.445868269289e+00
21 1 1 0.66254826 1.90640493 0.94035681 0.93278413 1.10394523 3.309912899323e-01 6.270035704577e+01 3.808609232097e+00 3.650846133635e+00 7.198327216677e+00
21 2 1 0.66254826 1.90640493 0.94035681 0.93278413 1.10394523 2.466957098289e-01 6.933006039629e+01 3.600584587135e+00 3.521563490437e+00 6.847158675650e+00
21 3 1 0.66254826 1.90640493 0.94035681 0.93278413 1.10394523 2.845431638676e-01 6.465118413956e+01 3.465873108680e+00 3.376563779638e+00 6.502351222927e+00
21 4 1 0.66254826 1.90640493 0.94035681 0.93278413 1.10394523 4.027579040006e-01 5.232541733047e+01 3.370347580048e+00 3.245736581785e+00 6.289838172133e+00
21 5 1 0.66254826 1.90640493 0.94035681 0.93278413 1.10394523 4.980237001834e-01 4.337479523633e+01 3.198324886583e+00 3.103800883252e+00 6.117412301672e+00
21 6 1 0.66254826 1.90640493 0.94035681 0.93278413 1.10394523 4.907469506656e-01 4.462056111470e+01 3.079676632743e+00 2.972818244194e+00 5.957282889832e+00
21 7 1 0.66254826 1.90640493 0.94035681 0.93278413 1.10394523 3.874702988500e-01 5.203089505012e+01 2.991130347333e+00 2.860391860858e+00 5.779199578254e+00
21 8 1 0.66254826 1.90640493 0.94035681 0.93278413 1.10394523 2.659862595479e-01 5.619223434991e+01 2.848298735688e+00 2.766543232566e+00 5.529005634078e+00
21 9 1 0.66254826 1.90640493 0.94035681 0.93278413 1.10394523 2.179248230112e-01 5.085832739688e+01 2.728416364178e+00 2.666915368915e+00 5.271201385837e+00
21 10 1 0.66254826 1.90640493 0.94035681 0.93278413 1.10394523 2.751814870622e-01 4.079830275782e+01 2.687475561396e+00 2.539367282562e+00 5.014532731450e+00
21 11 1 0.66254826 1.90640493 0.94035681 0.93278413 1.10394523 3.808448771459e-01 3.494910969903e+01 2.511039481292e+00 2.448719942758e+00 4.908276859489e+00
21 12 1 0.66254826 1.90640493 0.94035681 0.93278413 1.10394523 4.461932705019e-01 3.714032749976e+01 2.468733100803e+00 2.385273321753e+00 4.803109002279e+00
21 13 1 0.66254826 1.90640493 0.94035681 0.93278413 1.10394523 4.180265134858e-01 4.362799757118e+01 2.386843609290e+00 2.300600216466e+00 4.633170043740e+00
21 14 1 0.66254826 1.90640493 0.94035681 0.93278413 1.10394523 3.146497341723e-01 4.563545696593e+01 2.262975411692e+00 2.213464122941e+00 4.505750596793e+00
21 15 1 0.66254826 1.90640493 0.94035681 0.93278413 1.10394523 2.192650644221e-01 4.061060815881e+01 2.223629017814e+00 2.123398222813e+00 4.324175295986e+00
21 16 1 0.66254826 1.90640493 0.94035681 0.93278413 1.10394523 2.044644548775e-01 3.245016047182e+01 2.157248480254e+00 2.045549170034e+00 4.157397259641e+00
21 17 1 0.66254826 1.90640493 0.94035681 0.93278413 1.10394523 2.691098518541e-01 2.886339239164e+01 2.045242065791e+00 1.990412387726e+00 4.016965757484e+00
21 18 1 0.66254826 1.90640493 0.94035681 0.93278413 1.10394523 3.542855180768e-01 3.200653192760e+01 2.039065051015e+00 1.944898664160e+00 3.914537635301e+00
21 19 1 0.66254826 1.90640493 0.94035681 0.93278413 1.10394523 3.901975802797e-01 3.720286927928e+01 1.958973726610e+00 1.906283604784e+00 3.855977870009e+00
21 20 1 0.66254826 1.90640493 0.94035681 0.93278413 1.10394523 3.465229935394e-01 3.840649273543e+01 1.889390194315e+00 1.850465490935e+00 3.761895108533e+00
21 21 1 0.66254826 1.90640493 0.94035681 0.93278413 1.10394523 2.578748449785e-01 3.340957673936e+01 1.883600532162e+00 1.794540799245e+00 3.676348346361e+00
21 22 1 0.66254826 1.90640493 0.94035681 0.93278413 1.10394523 1.903087793593e-01 2.707173283515e+01 1.820150333599e+00 1.754655372730e+00 3.608298022863e+00
21 23 1 0.66254826 1.90640493 0.94035681 0.93278413 1.10394523 1.892541658219e-01 2.524850537766e+01 1.766196567784e+00 1.706877702142e+00 3.478926592309e+00
21 24 1 0.66254826 1.90640493 0.94035681 0.93278413 1.10394523 2.484602611317e-01 2.887433279850e+01 1.784400663392e+00 1.676044840947e+00 3.376969056067e+00
21 25 1 0.66254826 1.90640493 0.94035681 0.93278413 1.10394523 3.149916229691e-01 3.362105172395e+01 1.711788901646e+00 1.666030982939e+00 3.361970933259e+00
21 26 1 0.66254826 1.90640493 0.94035681 0.93278413 1.10394523 3.346475904896e-01 3.405112814179e+01 1.704245107003e+00 1.653216960827e+00 3.344737878110e+00
21 27 1 0.66254826 1.90640493 0.94035681 0.93278413 1.10394523 2.916309640517e-01 2.944947445786e+01 1.707856791086e+00 1.643424667195e+00 3.357634841647e+00
21 28 1 0.66254826 1.90640493 0.94035681 0.93278413 1.10394523 2.156036381313e-01 2.433723432631e+01 1.671371125965e+00 1.632910904770e+00 3.319972836923e+00
21 29 1 0.66254826 1.90640493 0.94035681 0.93278413 1.10394523 1.625276821210e-01 2.382938065716e+01 1.658298897341e+00 1.620226866452e+00 3.261145001090e+00
21 30 1 0.66254826 1.90640493 0.94035681 0.93278413 1.10394523 1.687448508504e-01 2.832401273197e+01 1.707929125522e+00 1.596275972322e+00 3.222608828258e+00
21 31 1 0.66254826 1.90640493 0.94035681 0.93278413 1.10394523 2.229483709534e-01 3.274751587205e+01 1.635191650241e+00 1.581788127885e+00 3.169162559690e+00
21 32 1 0.66254826 1.90640493 0.94035681 0.93278413 1.10394523 2.826582597507e-01 3.293293478843e+01 1.701685024500e+00 1.618165530337e+00 3.254953267633e+00
21 33 1 0.66254826 1.90640493 0.94035681 0.93278413 1.10394523 3.000056671029e-01 2.825356436777e+01 1.703277749740e+00 1.659296746613e+00 3.328789151224e+00
21 34 1 0.66254826 1.90640493 0.94035681 0.93278413 1.10394523 2.551672980933e-01 2.399302325631e+01 1.686354080085e+00 1.671040579916e+00 3.343060102367e+00
21 35 1 0.66254826 1.90640493 0.94035681 0.93278413 1.10394523 1.811321843813e-01 2.491921012226e+01 1.754792238606e+00 1.681829065043e+00 3.367279031803e+00
21 36 1 0.66254826 1.90640493 0.94035681 0.93278413 1.10394523 1.350251426049e-01 3.030876063383e+01 1.762401166415e+00 1.698481530490e+00 3.348653117735e+00
21 37 1 0.66254826 1.90640493 0.94035681 0.93278413 1.10394523 1.504161873853e-01 3.512959467760e+01 1.773994989889e+00 1.724204396962e+00 3.389810691350e+00
21 38 1 0.66254826 1.90640493 0.94035681 0.93278413 1.10394523 2.150510641542e-01 3.454536443033e+01 1.851308525778e+00 1.755131504105e+00 3.459936254197e+00
21 39 1 0.66254826 1.90640493 0.94035681 0.93278413 1.10394523 2.760441071395e-01 2.971336544576e+01 1.871180306483e+00 1.801876587946e+00 3.571292240987e+00
21 40 1 0.66254826 1.90640493 0.94035681 0.93278413 1.10394523 2.813585925581e-01 2.604713036809e+01 1.899448330016e+00 1.868194702543e+00 3.704119041225e+00
21 41 1 0.66254826 1.90640493 0.94035681 0.93278413 1.10394523 2.248421287539e-01 2.846002389993e+01 2.000284795076e+00 1.920147866810e+00 3.759988172440e+00
21 42 1 0.66254826 1.90640493 0.94035681 0.93278413 1.10394523 1.492074975545e-01 3.538438918807e+01 2.015358720152e+00 1.975548205874e+00 3.818208426984e+00
21 43 1 0.66254826 1.90640493 0.94035681 0.93278413 1.10394523 1.142137581165e-01 4.039352443354e+01 2.079340245474e+00 2.038787667435e+00 3.929025229308e+00
21 44 1 0.66254826 1.90640493 0.94035681 0.93278413 1.10394523 1.484615021250e-01 3.904083701382e+01 2.185809575123e+00 2.084412952944e+00 4.020248661432e+00
21 45 1 0.66254826 1.90640493 0.94035681 0.93278413 1.10394523 2.232616340337e-01 3.354787070981e+01 2.209860131764e+00 2.143393799750e+00 4.135787962056e+00
21 46 1 0.66254826 1.90640493 0.94035681 0.93278413 1.10394523 2.780944738488e-01 3.036816351040e+01 2.302404283013e+00 2.223601341568e+00 4.313886268084e+00
21 47 1 0.66254826 1.90640493 0.94035681 0.93278413 1.10394523 2.660400206582e-01 3.478400762668e+01 2.416893087506e+00 2.319220917428e+00 4.470587110186e+00
21 48 1 0.66254826 1.90640493 0.94035681 0.93278413 1.10394523 1.927776615206e-01 4.355774730968e+01 2.448011091163e+00 2.422541814249e+00 4.646199977212e+00
21 49 1 0.66254826 1.90640493 0.94035681 0.93278413 1.10394523 1.190222736012e-01 4.876817452285e+01 2.573180184426e+00 2.509692579329e+00 4.767715433596e+00
21 50 1 0.66254826 1.90640493 0.94035681 0.93278413 1.10394523 1.037337009748e-01 4.614858778868e+01 2.689790861764e+00 2.595240823571e+00 4.907908502993e+00
21 51 1 0.66254826 1.90640493 0.94035681 0.93278413 1.10394523 1.554797258742e-01 3.934334930569e+01 2.730831550944e+00 2.675310670432e+00 5.070254445104e+00
21 52 1 0.66254826 1.90640493 0.94035681 0.93278413 1.10394523 2.340992045896e-01 3.719533374001e+01 2.892851225524e+00 2.774592029711e+00 5.193189662396e+00
21 53 1 0.66254826 1.90640493 0.94035681 0.93278413 1.10394523 2.755667268507e-01 4.404199374721e+01 2.999803096246e+00 2.915499114038e+00 5.487441611493e+00
21 54 1 0.66254826 1.90640493 0.94035681 0.93278413 1.10394523 2.422995426508e-01 5.518354569468e+01 3.061736839237e+00 3.026330653339e+00 5.762621318784e+00
21 55 1 0.66254826 1.90640493 0.94035681 0.93278413 1.10394523 1.605612898296e-01 6.008389034828e+01 3.260201244694e+00 3.120129207754e+00 5.963821901839e+00
21 56 1 0.66254826 1.90640493 0.94035681 0.93278413 1.10394523 9.456828043852e-02 5.528634039984e+01 3.333995135303e+00 3.247486928890e+00 6.126346218866e+00
21 57 1 0.66254826 1.90640493 0.94035681 0.93278413 1.10394523 9.706684525149e-02 4.730312212468e+01 3.467760074652e+00 3.388746839196e+00 6.269114630893e+00
21 58 1 0.66254826 1.90640493 0.94035681 0.93278413 1.10394523 1.697157489636e-01 4.649690524146e+01 3.623414513321e+00 3.533704590262e+00 6.507652070946e+00
21 59 1 0.66254826 1.90640493 0.94035681 0.93278413 1.10394523 2.539435276991e-01 5.677795629152e+01 3.763652910471e+00 3.660781782461e+00 6.771075613401e+00
21 60 1 0.66254826 1.90640493 0.94035681 0.93278413 1.10394523 2.793987504843e-01 7.009357581465e+01 3.855535666566e+00 3.792286220585e+00 7.140866947150e+00
21 61 1 0.66254826 1.90640493 0.94035681 0.93278413 1.10394523 2.229605415413e-01 7.404792395072e+01 4.085307450805e+00 3.930546939618e+00 7.467669155677e+00
21 62 1 0.66254826 1.90640493 0.94035681 0.93278413 1.10394523 1.281826594120e-01 6.648014995696e+01 4.177347300369e+00 4.054599909801e+00 7.669322789164e+00
21 63 1 0.66254826 1.90640493 0.94035681 0.93278413 1.10394523 7.497657911360e-02 5.704653149695e+01 4.327201253350e+00 4.227247546422e+00 7.830094114919e+00
25 0 1 1.10125824 3.68193916 1.59855366 1.77981553 1.28227545 1.021009935598e-03 6.748669458741e+02 4.943125725261e-01 7.879397983186e-02 1.344506054689e+01
25 1 1 1.10125824 3.68193916 1.59855366 1.77981553 1.28227545 5.673799457490e-04 7.133577977482e+02 4.985774950203e-01 1.451862912278e-01 1.295146799607e+01
25 2 1 1.10125824 3.68193916 1.59855366 1.77981553 1.28227545 1.125426706200e-04 7.518687439688e+02 4.889161864174e-01 1.925969187034e-01 1.249348212116e+01
25 3 1 1.10125824 3.68193916 1.59855366 1.77981553 1.28227545 2.768784166913e-04 7.851621303448e+02 4.534575427106e-01 1.695512729225e-01 1.206377193616e+01
25 4 1 1.10125824 3.68193916 1.59855366 1.77981553 1.28227545 8.235430244105e-04 8.106451946630e+02 4.424947172966e-01 7.885488526855e-02 1.159696265915e+01
25 5 1 1.10125824 3.68193916 1.59855366 1.77981553 1.28227545 1.108711633620e-03 8.259356646374e+02 4.273685866094e-01 4.015778166602e-02 1.122398596765e+01
25 6 1 1.10125824 3.68193916 1.59855366 1.77981553 1.28227545 7.861924719555e-04 8.276752901141e+02 4.309072345430e-01 1.122222148121e-01 1.096844975359e+01
25 7 1 1.10125824 3.68193916 1.59855366 1.77981553 1.28227545 2.522614221684e-04 8.157666645739e+02 3.631096968604e-01 1.743963632177e-01 1.054348964838e+01
25 8 1 1.10125824 3.68193916 1.59855366 1.77981553 1.28227545 2.721213076330e-04 7.910084791837e+02 4.360464905316e-01 1.400180129930e-01 1.003650682112e+01
25 9 1 1.10125824 3.68193916 1.59855366 1.77981553 1.28227545 7.830448876674e-04 7.559005593140e+02 3.160840886684e-01 7.229181093053e-02 9.604741750231e+00
25 10 1 1.10125824 3.68193916 1.59855366 1.77981553 1.28227545 9.871295295708e-04 7.107422175656e+02 4.056737052440e-01 4.242635415469e-02 9.197986205468e+00
25 11 1 1.10125824 3.68193916 1.59855366 1.77981553 1.28227545 6.361475730980e-04 6.578350260522e+02 2.947123653462e-01 6.595470043175e-02 8.831890279584e+00
25 12 1 1.10125824 3.68193916 1.59855366 1.77981553 1.28227545 1.875954662405e-04 6.006885398331e+02 3.886607554876e-01 1.211946314866e-01 8.518781845095e+00
25 13 1 1.10125824 3.68193916 1.59855366 1.77981553 1.28227545 1.011824394149e-04 5.429655799922e+02 2.542246069627e-01 1.378340052660e-01 8.337450904062e+00
25 14 1 1.10125824 3.68193916 1.59855366 1.77981553 1.28227545 4.290222627717e-04 4.854768819961e+02 3.880294700258e-01 8.200114307554e-02 8.187155507852e+00
25 15 1 1.10125824 3.68193916 1.59855366 1.77981553 1.28227545 7.233114492468e-04 4.322600498908e+02 2.241663789910e-01 3.124567788250e-02 7.877414219961e+00
25 16 1 1.10125824 3.68193916 1.59855366 1.77981553 1.28227545 5.815113821312e-04 3.846784997471e+02 3.604750357549e-01 5.070803059356e-02 7.571927039825e+00
25 17 1 1.10125824 3.68193916 1.59855366 1.77981553 1.28227545 2.120962490732e-04 3.470295940370e+02 2.150338620218e-01 9.489273776414e-02 7.344623176971e+00
25 18 1 1.10125824 3.68193916 1.59855366 1.77981553 1.28227545 4.074513803123e-05 3.181054108279e+02 3.411872588433e-01 1.049850762624e-01 7.093353866724e+00
25 19 1 1.10125824 3.68193916 1.59855366 1.77981553 1.28227545 2.087162642567e-04 2.994112634914e+02 1.909840974118e-01 8.036769091770e-02 6.847393302820e+00
25 20 1 1.10125824 3.68193916 1.59855366 1.77981553 1.28227545 5.383649790450e-04 2.920828449268e+02 3.420772218894e-01 4.311638943866e-02 6.649796725428e+00
25 21 1 1.10125824 3.68193916 1.59855366 1.77981553 1.28227545 6.268487163433e-04 2.942478735594e+02 1.728926803899e-01 2.960974331652e-02 6.537172712785e+00
25 22 1 1.10125824 3.68193916 1.59855366 1.77981553 1.28227545 3.320751285919e-04 3.052802327559e+02 3.200549597146e-01 6.514448292256e-02 6.414244572256e+00
25 23 1 1.10125824 3.68193916 1.59855366 1.77981553 1.28227545 6.808353439033e-05 3.222189740467e+02 1.758044133151e-01 1.032728671359e-01 6.230694451441e+00
25 24 1 1.10125824 3.68193916 1.59855366 1.77981553 1.28227545 1.608648336424e-04 3.449315993458e+02 2.985749355924e-01 8.522595077783e-02 6.156981690675e+00
25 25 1 1.10125824 3.68193916 1.59855366 1.77981553 1.28227545 4.096412034255e-04 3.706541829390e+02 1.658005950807e-01 4.046707296177e-02 6.146549897081e+00
25 26 1 1.10125824 3.68193916 1.59855366 1.77981553 1.28227545 4.838745118032e-04 3.960397023369e+02 3.041626091162e-01 2.851559918049e-02 6.065341334677e+00
25 27 1 1.10125824 3.68193916 1.59855366 1.77981553 1.28227545 2.917622042788e-04 4.207570763579e+02 1.535163186704e-01 5.046314665823e-02 5.965280069686e+00
25 28 1 1.10125824 3.68193916 1.59855366 1.77981553 1.28227545 5.531588568627e-05 4.431583437441e+02 2.970124829310e-01 7.922139176110e-02 5.884185308130e+00
25 29 1 1.10125824 3.68193916 1.59855366 1.77981553 1.28227545 6.595853225906e-05 4.611977658514e+02 1.624546254615e-01 8.818439947782e-02 5.829900882310e+00
25 30 1 1.10125824 3.68193916 1.59855366 1.77981553 1.28227545 2.475923035957e-04 4.743166783166e+02 2.788586223683e-01 5.778863431536e-02 5.754030329904e+00
25 31 1 1.10125824 3.68193916 1.59855366 1.77981553 1.28227545 3.185413584004e-04 4.803617941955e+02 1.672319317469e-01 2.338347695251e-02 5.703679705388e+00
25 32 1 1.10125824 3.68193916 1.59855366 1.77981553 1.28227545 2.361730602915e-04 4.819356935032e+02 2.809193538567e-01 4.023715968403e-02 5.810589604498e+00
25 33 1 1.10125824 3.68193916 1.59855366 1.77981553 1.28227545 9.517490780364e-05 4.759584099966e+02 1.684956416841e-01 8.270479827741e-02 5.938837198328e+00
25 34 1 1.10125824 3.68193916 1.59855366 1.77981553 1.28227545 4.344232046047e-06 4.635439734472e+02 2.776568901415e-01 8.809166232181e-02 5.985181600195e+00
25 35 1 1.10125824 3.68193916 1.59855366 1.77981553 1.28227545 1.075084685379e-04 4.459025509652e+02 1.875186086078e-01 5.946976784837e-02 6.043758009514e+00
25 36 1 1.10125824 3.68193916 1.59855366 1.77981553 1.28227545 3.217246605649e-04 4.236702608574e+02 2.650079087537e-01 3.498694445824e-02 6.117356721579e+00
25 37 1 1.10125824 3.68193916 1.59855366 1.77981553 1.28227545 3.766602801231e-04 3.992049987127e+02 1.996288060106e-01 3.510927876836e-02 6.180490377106e+00
25 38 1 1.10125824 3.68193916 1.59855366 1.77981553 1.28227545 2.197495261026e-04 3.727464501049e+02 2.764890810047e-01 6.636517615091e-02 6.216097511741e+00
25 39 1 1.10125824 3.68193916 1.59855366 1.77981553 1.28227545 3.939493920419e-05 3.479451307687e+02 2.034394243708e-01 9.783178884953e-02 6.308233689625e+00
25 40 1 1.10125824 3.68193916 1.59855366 1.77981553 1.28227545 6.960190115895e-05 3.270457849042e+02 2.861139175620e-01 8.214200747899e-02 6.528518527676e+00
25 41 1 1.10125824 3.68193916 1.59855366 1.77981553 1.28227545 3.519317300525e-04 3.118480590875e+02 2.327125180358e-01 4.148026649989e-02 6.702214429719e+00
25 42 1 1.10125824 3.68193916 1.59855366 1.77981553 1.28227545 5.371044927478e-04 3.039065407757e+02 2.739567276639e-01 3.753895923700e-02 6.831906537097e+00
25 43 1 1.10125824 3.68193916 1.59855366 1.77981553 1.28227545 3.522477565672e-04 3.055667522655e+02 2.633977654504e-01 6.910134235471e-02 7.065342560441e+00
25 44 1 1.10125824 3.68193916 1.59855366 1.77981553 1.28227545 6.969805372368e-05 3.176144909151e+02 2.818655747526e-01 9.379233549940e-02 7.336018779916e+00
25 45 1 1.10125824 3.68193916 1.59855366 1.77981553 1.28227545 3.306675930451e-05 3.406611880899e+02 2.764568543369e-01 9.417772143898e-02 7.584276351203e+00
25 46 1 1.10125824 3.68193916 1.59855366 1.77981553 1.28227545 2.392351237248e-04 3.729971730124e+02 2.993798762010e-01 7.072874403343e-02 7.801610755942e+00
25 47 1 1.10125824 3.68193916 1.59855366 1.77981553 1.28227545 4.867473439063e-04 4.160135489465e+02 3.121812891031e-01 4.436441488954e-02 8.052891731781e+00
25 48 1 1.10125824 3.68193916 1.59855366 1.77981553 1.28227545 4.908775099884e-04 4.671104275063e+02 2.939321755285e-01 5.761469733921e-02 8.339252628258e+00
25 49 1 1.10125824 3.68193916 1.59855366 1.77981553 1.28227545 2.073183469227e-04 5.247008721862e+02 3.564502824867e-01 1.055872815475e-01 8.507216919844e+00
25 50 1 1.10125824 3.68193916 1.59855366 1.77981553 1.28227545 1.876137288609e-05 5.852650531005e+02 3.042036402837e-01 1.244621713049e-01 8.719566295028e+00
25 51 1 1.10125824 3.68193916 1.59855366 1.77981553 1.28227545 1.836527175243e-04 6.479745374069e+02 3.773003283999e-01 9.287483090229e-02 9.134379624139e+00
25 52 1 1.10125824 3.68193916 1.59855366 1.77981553 1.28227545 5.348289899669e-04 7.093321109707e+02 3.295995601452e-01 6.017691846438e-02 9.582169601882e+00
25 53 1 1.10125824 3.68193916 1.59855366 1.77981553 1.28227545 7.270292612570e-04 7.648744075042e+02 4.191924198655e-01 6.346640497959e-02 1.001364997615e+01
25 54 1 1.10125824 3.68193916 1.59855366 1.77981553 1.28227545 4.916811879322e-04 8.117199947922e+02 3.306027923756e-01 9.937087069726e-02 1.043077586955e+01
25 55 1 1.10125824 3.68193916 1.59855366 1.77981553 1.28227545 1.097537013896e-04 8.477487825128e+02 4.745130309119e-01 1.433741855109e-01 1.085063360883e+01
25 56 1 1.10125824 3.68193916 1.59855366 1.77981553 1.28227545 2.292110708000e-04 8.722132778605e+02 3.496579563017e-01 1.443345030120e-01 1.122446395951e+01
25 57 1 1.10125824 3.68193916 1.59855366 1.77981553 1.28227545 7.489081905661e-04 8.792781958543e+02 4.942111968680e-01 8.778510198797e-02 1.146001778754e+01
25 58 1 1.10125824 3.68193916 1.59855366 1.77981553 1.28227545 9.253549848503e-04 8.726160758313e+02 3.923649633729e-01 5.851408665834e-02 1.183074751265e+01
25 59 1 1.10125824 3.68193916 1.59855366 1.77981553 1.28227545 5.581660187457e-04 8.523629064888e+02 5.366776453380e-01 1.131987549930e-01 1.238455092950e+01
25 60 1 1.10125824 3.68193916 1.59855366 1.77981553 1.28227545 1.096899640425e-04 8.222646123420e+02 3.975951285381e-01 1.746341680265e-01 1.287077428030e+01
25 61 1 1.10125824 3.68193916 1.59855366 1.77981553 1.28227545 1.080936821080e-04 7.836626692527e+02 6.155366872615e-01 1.694595246883e-01 1.336564272778e+01
25 62 1 1.10125824 3.68193916 1.59855366 1.77981553 1.28227545 5.883440366329e-04 7.420669389105e+02 4.127147426486e-01 1.236945533602e-01 1.390934100618e+01
25 63 1 1.10125824 3.68193916 1.59855366 1.77981553 1.28227545 8.880848313886e-04 7.046230538156e+02 6.450975381757e-01 8.483461220487e-02 1.449334632521e+01
28 0 1 0.95679465 2.91473385 1.60857410 1.18632878 1.08672425 2.282344337849e-02 3.082446937938e+02 3.114132980616e+01 5.535894783951e+00 9.038692018935e+00
28 1 1 0.95679465 2.91473385 1.60857410 1.18632878 1.08672425 2.392949519783e-02 2.692758284078e+02 3.030047280681e+01 5.338800928218e+00 7.179561712103e+00
28 2 1 0.95679465 2.91473385 1.60857410 1.18632878 1.08672425 4.367023534407e-02 2.548885685838e+02 2.871691427355e+01 5.143902934825e+00 5.354259061228e+00
28 3 1 0.95679465 2.91473385 1.60857410 1.18632878 1.08672425 5.888735168365e-02 2.656836671579e+02 2.784880858353e+01 4.969913197257e+00 4.389838692396e+00
28 4 1 0.95679465 2.91473385 1.60857410 1.18632878 1.08672425 5.287910139296e-02 2.882976434998e+02 2.708738909375e+01 4.797123646604e+00 4.611460237009e+00
28 5 1 0.95679465 2.91473385 1.60857410 1.18632878 1.08672425 3.242105370078e-02 3.058053790532e+02 2.559651000961e+01 4.642133762520e+00 5.644311047453e+00
28 6 1 0.95679465 2.91473385 1.60857410 1.18632878 1.08672425 1.836656042804e-02 3.043501603339e+02 2.502404700088e+01 4.508413095481e+00 6.797610412827e+00
28 7 1 0.95679465 2.91473385 1.60857410 1.18632878 1.08672425 2.275035743002e-02 2.824299640452e+02 2.410874977882e+01 4.352545729505e+00 7.330509395595e+00
28 8 1 0.95679465 2.91473385 1.60857410 1.18632878 1.08672425 3.781101135440e-02 2.470780799756e+02 2.302012830023e+01 4.181833531921e+00 6.754554861089e+00
28 9 1 0.95679465 2.91473385 1.60857410 1.18632878 1.08672425 4.531412498713e-02 2.121107109563e+02 2.234342315924e+01 4.039920914354e+00 5.404018734376e+00
28 10 1 0.95679465 2.91473385 1.60857410 1.18632878 1.08672425 3.673633242371e-02 1.915139416720e+02 2.173366802610e+01 3.922104175568e+00 4.010620926102e+00
28 11 1 0.95679465 2.91473385 1.60857410 1.18632878 1.08672425 2.125311534456e-02 1.909900121910e+02 2.055432335065e+01 3.815902647882e+00 3.202424688407e+00
28 12 1 0.95679465 2.91473385 1.60857410 1.18632878 1.08672425 1.457067766790e-02 2.057740398573e+02 2.026020253773e+01 3.714982982043e+00 3.267712861040e+00
28 13 1 0.95679465 2.91473385 1.60857410 1.18632878 1.08672425 2.261506157292e-02 2.231676399505e+02 1.948736213793e+01 3.584225913714e+00 4.020180299154e+00
28 14 1 0.95679465 2.91473385 1.60857410 1.18632878 1.08672425 3.513836081419e-02 2.309805127745e+02 1.862985521393e+01 3.437327421140e+00 4.997111253512e+00
28 15 1 0.95679465 2.91473385 1.60857410 1.18632878 1.08672425 3.761451021828e-02 2.228225371415e+02 1.838386038725e+01 3.345112278204e+00 5.523945705717e+00
28 16 1 0.95679465 2.91473385 1.60857410 1.18632878 1.08672425 2.725891743185e-02 2.009156819585e+02 1.767512771309e+01 3.298406389606e+00 5.209149968753e+00
28 17 1 0.95679465 2.91473385 1.60857410 1.18632878 1.08672425 1.416021870331e-02 1.736476693568e+02 1.701128716563e+01 3.227726443014e+00 4.270855439985e+00
28 18 1 0.95679465 2.91473385 1.60857410 1.18632878 1.08672425 1.085181444220e-02 1.527223435523e+02 1.687273817473e+01 3.128991207500e+00 3.200207347663e+00
28 19 1 0.95679465 2.91473385 1.60857410 1.18632878 1.08672425 1.997024640268e-02 1.463582367867e+02 1.617481344101e+01 3.028412299936e+00 2.554062014165e+00
28 20 1 0.95679465 2.91473385 1.60857410 1.18632878 1.08672425 3.107864955224e-02 1.542750023482e+02 1.579731093147e+01 2.940398381115e+00 2.613744113515e+00
28 21 1 0.95679465 2.91473385 1.60857410 1.18632878 1.08672425 3.233464707173e-02 1.697728514954e+02 1.560375503044e+01 2.903338580459e+00 3.249940332402e+00
28 22 1 0.95679465 2.91473385 1.60857410 1.18632878 1.08672425 2.257150511874e-02 1.820028394034e+02 1.513983268571e+01 2.905650887607e+00 4.048180293758e+00
28 23 1 0.95679465 2.91473385 1.60857410 1.18632878 1.08672425 1.141922351118e-02 1.842086792141e+02 1.478729726415e+01 2.858686064366e+00 4.476370409904e+00
28 24 1 0.95679465 2.91473385 1.60857410 1.18632878 1.08672425 9.450824719520e-03 1.739738288971e+02 1.481339304482e+01 2.758711782968e+00 4.306326283701e+00
28 25 1 0.95679465 2.91473385 1.60857410 1.18632878 1.08672425 1.739998418755e-02 1.552529723644e+02 1.430647430963e+01 2.700512395799e+00 3.623808947770e+00
28 26 1 0.95679465 2.91473385 1.60857410 1.18632878 1.08672425 2.616225375211e-02 1.368738619348e+02 1.425281299055e+01 2.703553797281e+00 2.745659071701e+00
28 27 1 0.95679465 2.91473385 1.60857410 1.18632878 1.08672425 2.661751964245e-02 1.269210365444e+02 1.422517313369e+01 2.716916362700e+00 2.174235321998e+00
28 28 1 0.95679465 2.91473385 1.60857410 1.18632878 1.08672425 1.840385337346e-02 1.300858802108e+02 1.394910964297e+01 2.719686549083e+00 2.199196734054e+00
28 29 1 0.95679465 2.91473385 1.60857410 1.18632878 1.08672425 1.026114806809e-02 1.431188536899e+02 1.391475343423e+01 2.691257877370e+00 2.762065853835e+00
28 30 1 0.95679465 2.91473385 1.60857410 1.18632878 1.08672425 1.053382385961e-02 1.594173250425e+02 1.413936557207e+01 2.634397118859e+00 3.506944628533e+00
28 31 1 0.95679465 2.91473385 1.60857410 1.18632878 1.08672425 1.844974882264e-02 1.699925083661e+02 1.374395644289e+01 2.631013367968e+00 4.017078051362e+00
28 32 1 0.95679465 2.91473385 1.60857410 1.18632878 1.08672425 2.573783662448e-02 1.705200506090e+02 1.413736773552e+01 2.706554415389e+00 4.068145831083e+00
28 33 1 0.95679465 2.91473385 1.60857410 1.18632878 1.08672425 2.468509703185e-02 1.596005720266e+02 1.416460190445e+01 2.760335650079e+00 3.580122395244e+00
28 34 1 0.95679465 2.91473385 1.60857410 1.18632878 1.08672425 1.636960139341e-02 1.436457803144e+02 1.409612840844e+01 2.748093563392e+00 2.806825583944e+00
28 35 1 0.95679465 2.91473385 1.60857410 1.18632878 1.08672425 1.050352606971e-02 1.311122093150e+02 1.453537929948e+01 2.737979387105e+00 2.256283367589e+00
28 36 1 0.95679465 2.91473385 1.60857410 1.18632878 1.08672425 1.448928444038e-02 1.297428063423e+02 1.464235138877e+01 2.767325362968e+00 2.281221366640e+00
28 37 1 0.95679465 2.91473385 1.60857410 1.18632878 1.08672425 2.515310792455e-02 1.416218627782e+02 1.474618713545e+01 2.832838185918e+00 2.915297785908e+00
28 38 1 0.95679465 2.91473385 1.60857410 1.18632878 1.08672425 3.184055904538e-02 1.615427662143e+02 1.529773931194e+01 2.930786081349e+00 3.813883120212e+00
28 39 1 0.95679465 2.91473385 1.60857410 1.18632878 1.08672425 2.727840078451e-02 1.812614228925e+02 1.547074639906e+01 3.002816378250e+00 4.527028369756e+00
28 40 1 0.95679465 2.91473385 1.60857410 1.18632878 1.08672425 1.627118783063e-02 1.919106473803e+02 1.575146190373e+01 3.010107930366e+00 4.694717917625e+00
28 41 1 0.95679465 2.91473385 1.60857410 1.18632878 1.08672425 1.119436987273e-02 1.889987329665e+02 1.640858503411e+01 3.038009402835e+00 4.177522811126e+00
28 42 1 0.95679465 2.91473385 1.60857410 1.18632878 1.08672425 1.879231204821e-02 1.753960867611e+02 1.665794299374e+01 3.150652906475e+00 3.322056023149e+00
28 43 1 0.95679465 2.91473385 1.60857410 1.18632878 1.08672425 3.265643118295e-02 1.596860440193e+02 1.711865339747e+01 3.280735993216e+00 2.668303530000e+00
28 44 1 0.95679465 2.91473385 1.60857410 1.18632878 1.08672425 3.894233124388e-02 1.534359405397e+02 1.786278188794e+01 3.373688490250e+00 2.644203682418e+00
28 45 1 0.95679465 2.91473385 1.60857410 1.18632878 1.08672425 3.137898942134e-02 1.625530685612e+02 1.823793412412e+01 3.448326184893e+00 3.375826158996e+00
28 46 1 0.95679465 2.91473385 1.60857410 1.18632878 1.08672425 1.838889364178e-02 1.860992404701e+02 1.879995291697e+01 3.518536363422e+00 4.513534477788e+00
28 47 1 0.95679465 2.91473385 1.60857410 1.18632878 1.08672425 1.417209430223e-02 2.144475946648e+02 1.975249684090e+01 3.615656215464e+00 5.492278165070e+00
28 48 1 0.95679465 2.91473385 1.60857410 1.18632878 1.08672425 2.468916081081e-02 2.374453927172e+02 2.009775001280e+01 3.773736787900e+00 5.770585722065e+00
28 49 1 0.95679465 2.91473385 1.60857410 1.18632878 1.08672425 4.033973788865e-02 2.444107198997e+02 2.093471717759e+01 3.935176252702e+00 5.242591690257e+00
28 50 1 0.95679465 2.91473385 1.60857410 1.18632878 1.08672425 4.503358318489e-02 2.353707146830e+02 2.195017348624e+01 4.039848339611e+00 4.330362451503e+00
28 51 1 0.95679465 2.91473385 1.60857410 1.18632878 1.08672425 3.468333128313e-02 2.166426183683e+02 2.234582523185e+01 4.138975930561e+00 3.555132743273e+00
28 52 1 0.95679465 2.91473385 1.60857410 1.18632878 1.08672425 2.151745982417e-02 2.028340764963e+02 2.347364360774e+01 4.282087045280e+00 3.486875956715e+00
28 53 1 0.95679465 2.91473385 1.60857410 1.18632878 1.08672425 2.097395769439e-02 2.056807272480e+02 2.445794578436e+01 4.447455046769e+00 4.401480367920e+00
28 54 1 0.95679465 2.91473385 1.60857410 1.18632878 1.08672425 3.567093063659e-02 2.289277969445e+02 2.503516310747e+01 4.623288015194e+00 5.967063342538e+00
28 55 1 0.95679465 2.91473385 1.60857410 1.18632878 1.08672425 5.119116688774e-02 2.659205836402e+02 2.634700761776e+01 4.797409964314e+00 7.410757672986e+00
28 56 1 0.95679465 2.91473385 1.60857410 1.18632878 1.08672425 5.136676785787e-02 3.034405708817e+02 2.733602206408e+01 4.943951150173e+00 7.915627127119e+00
28 57 1 0.95679465 2.91473385 1.60857410 1.18632878 1.08672425 3.650124024846e-02 3.259892198295e+02 2.816258812734e+01 5.097607614780e+00 7.333873585551e+00
28 58 1 0.95679465 2.91473385 1.60857410 1.18632878 1.08672425 2.400116457672e-02 3.260236875709e+02 2.948040129189e+01 5.296303576636e+00 6.074460719089e+00
28 59 1 0.95679465 2.91473385 1.60857410 1.18632878 1.08672425 3.086429044531e-02 3.058587812965e+02 3.077070754195e+01 5.500877911732e+00 4.841290228718e+00
28 60 1 0.95679465 2.91473385 1.60857410 1.18632878 1.08672425 5.388584690245e-02 2.816007574821e+02 3.143782821410e+01 5.693428099407e+00 4.567076233358e+00
28 61 1 0.95679465 2.91473385 1.60857410 1.18632878 1.08672425 7.136502902284e-02 2.719679731342e+02 3.326369834227e+01 5.900965415836e+00 5.654153519907e+00
28 62 1 0.95679465 2.91473385 1.60857410 1.18632878 1.08672425 6.566996474942e-02 2.895111235529e+02 3.429338160559e+01 6.105305282395e+00 7.704915400765e+00
28 63 1 0.95679465 2.91473385 1.60857410 1.18632878 1.08672425 4.236782839015e-02 3.323665472457e+02 3.537455046061e+01 6.302876502579e+00 9.659084413174e+00
29 0 1 0.55192101 1.54292635 0.69928865 0.96546206 1.50407468 7.949172853294e-03 3.006174320261e+01 1.365477250142e+00 4.267299879935e+00 2.504449446619e+01
29 1 1 0.55192101 1.54292635 0.69928865 0.96546206 1.50407468 7.285266121018e-03 3.040885107909e+01 1.171947035473e+00 4.096141833265e+00 2.391831456089e+01
29 2 1 0.55192101 1.54292635 0.69928865 0.96546206 1.50407468 8.893746010097e-03 3.131446519188e+01 7.930171775506e-01 3.996053815460e+00 2.315679317380e+01
29 3 1 0.55192101 1.54292635 0.69928865 0.96546206 1.50407468 1.061270379354e-02 2.306062664712e+01 1.274620482091e+00 3.831392089899e+00 2.232638133237e+01
29 4 1 0.55192101 1.54292635 0.69928865 0.96546206 1.50407468 1.039470325345e-02 1.631885309611e+01 9.895316072216e-01 3.635812119694e+00 2.137603133569e+01
29 5 1 0.55192101 1.54292635 0.69928865 0.96546206 1.50407468 8.407806409257e-03 2.190042602079e+01 7.307131128068e-01 3.484090292966e+00 2.071709839154e+01
29 6 1 0.55192101 1.54292635 0.69928865 0.96546206 1.50407468 6.630700261969e-03 2.606566907351e+01 1.186327936207e+00 3.363462462551e+00 2.001462288325e+01
29 7 1 0.55192101 1.54292635 0.69928865 0.96546206 1.50407468 6.516399363708e-03 2.402566117708e+01 8.137722262839e-01 3.270603709293e+00 1.930028797155e+01
29 8 1 0.55192101 1.54292635 0.69928865 0.96546206 1.50407468 7.608338290357e-03 2.357160663137e+01 6.985535078475e-01 3.145220059224e+00 1.859356276881e+01
29 9 1 0.55192101 1.54292635 0.69928865 0.96546206 1.50407468 8.224793366730e-03 2.037031328083e+01 1.076592650924e+00 3.080869579921e+00 1.790875778920e+01
29 10 1 0.55192101 1.54292635 0.69928865 0.96546206 1.50407468 7.422207745442e-03 1.377052284874e+01 6.827555153523e-01 2.999971391502e+00 1.726872364271e+01
29 11 1 0.55192101 1.54292635 0.69928865 0.96546206 1.50407468 5.952872445824e-03 1.542545937792e+01 6.654098479802e-01 2.929967134697e+00 1.676043762212e+01
29 12 1 0.55192101 1.54292635 0.69928865 0.96546206 1.50407468 5.233962239784e-03 2.179544549527e+01 9.884739475883e-01 2.886512988497e+00 1.615800929639e+01
29 13 1 0.55192101 1.54292635 0.69928865 0.96546206 1.50407468 5.795734025854e-03 2.073406294959e+01 5.581149929025e-01 2.802025944593e+00 1.558554568852e+01
29 14 1 0.55192101 1.54292635 0.69928865 0.96546206 1.50407468 6.693233941178e-03 1.785350316525e+01 6.600217100786e-01 2.711886942854e+00 1.510566714453e+01
29 15 1 0.55192101 1.54292635 0.69928865 0.96546206 1.50407468 6.620543867671e-03 1.676320796022e+01 8.857150278824e-01 2.618968585448e+00 1.460912358283e+01
29 16 1 0.55192101 1.54292635 0.69928865 0.96546206 1.50407468 5.424113207450e-03 1.268627749126e+01 4.675587593708e-01 2.525452034665e+00 1.422996945014e+01
29 17 1 0.55192101 1.54292635 0.69928865 0.96546206 1.50407468 4.102856799757e-03 1.150851507128e+01 6.592065611817e-01 2.428035586223e+00 1.383455592554e+01
29 18 1 0.55192101 1.54292635 0.69928865 0.96546206 1.50407468 3.779979418253e-03 1.704705949398e+01 7.907222781100e-01 2.339249122989e+00 1.339809563566e+01
29 19 1 0.55192101 1.54292635 0.69928865 0.96546206 1.50407468 4.636588291324e-03 1.887564225534e+01 3.992582404594e-01 2.282452727129e+00 1.290390247886e+01
29 20 1 0.55192101 1.54292635 0.69928865 0.96546206 1.50407468 5.645561906671e-03 1.497141229358e+01 6.702362312134e-01 2.202696906299e+00 1.264697921336e+01
29 21 1 0.55192101 1.54292635 0.69928865 0.96546206 1.50407468 5.684442702035e-03 1.329131374648e+01 6.897846627474e-01 2.147493021044e+00 1.251736865087e+01
29 22 1 0.55192101 1.54292635 0.69928865 0.96546206 1.50407468 4.658354029486e-03 1.194145535761e+01 3.668756042570e-01 2.118362009500e+00 1.220921837985e+01
29 23 1 0.55192101 1.54292635 0.69928865 0.96546206 1.50407468 3.474588998019e-03 9.998623787917e+00 6.733953937038e-01 2.072567040290e+00 1.187840162423e+01
29 24 1 0.55192101 1.54292635 0.69928865 0.96546206 1.50407468 3.157848878165e-03 1.322798566503e+01 6.128012916632e-01 2.032611376108e+00 1.164986934204e+01
29 25 1 0.55192101 1.54292635 0.69928865 0.96546206 1.50407468 3.834712885712e-03 1.722594269311e+01 3.480815605602e-01 1.991506403483e+00 1.147418441524e+01
29 26 1 0.55192101 1.54292635 0.69928865 0.96546206 1.50407468 4.678509949453e-03 1.456809943169e+01 6.952494323276e-01 1.930390403706e+00 1.131973008435e+01
29 27 1 0.55192101 1.54292635 0.69928865 0.96546206 1.50407468 4.802374766467e-03 1.122233376316e+01 5.298447008845e-01 1.886602839931e+00 1.127044806360e+01
29 28 1 0.55192101 1.54292635 0.69928865 0.96546206 1.50407468 4.089701413234e-03 1.106993243038e+01 3.665396495930e-01 1.856828681283e+00 1.120980549118e+01
29 29 1 0.55192101 1.54292635 0.69928865 0.96546206 1.50407468 3.309723235456e-03 1.017813661845e+01 6.999613677703e-01 1.847138856241e+00 1.119477377005e+01
29 30 1 0.55192101 1.54292635 0.69928865 0.96546206 1.50407468 3.271595031758e-03 1.129944998958e+01 4.778342651251e-01 1.833962524917e+00 1.102585474871e+01
29 31 1 0.55192101 1.54292635 0.69928865 0.96546206 1.50407468 3.961643817312e-03 1.574815247052e+01 3.912691244725e-01 1.801374474158e+00 1.085759684773e+01
29 32 1 0.55192101 1.54292635 0.69928865 0.96546206 1.50407468 4.647300815146e-03 1.580782932853e+01 7.309842518129e-01 1.870639800981e+00 1.108305844483e+01
29 33 1 0.55192101 1.54292635 0.69928865 0.96546206 1.50407468 4.605329014065e-03 1.124835535742e+01 4.215006647934e-01 1.930355900185e+00 1.130111916551e+01
29 34 1 0.55192101 1.54292635 0.69928865 0.96546206 1.50407468 3.931150119543e-03 1.028030633739e+01 4.592828670361e-01 1.945248375610e+00 1.130081450691e+01
29 35 1 0.55192101 1.54292635 0.69928865 0.96546206 1.50407468 3.542115175087e-03 1.130774945428e+01 7.406423221334e-01 1.988788554849e+00 1.130863218251e+01
29 36 1 0.55192101 1.54292635 0.69928865 0.96546206 1.50407468 4.096979773280e-03 1.152652776178e+01 3.916163181047e-01 2.037578880587e+00 1.145008662531e+01
29 37 1 0.55192101 1.54292635 0.69928865 0.96546206 1.50407468 5.220429767229e-03 1.512334535260e+01 5.379793064643e-01 2.086781878047e+00 1.162062770848e+01
29 38 1 0.55192101 1.54292635 0.69928865 0.96546206 1.50407468 5.845671569546e-03 1.777069065342e+01 7.516959162544e-01 2.120226619902e+00 1.188504412633e+01
29 39 1 0.55192101 1.54292635 0.69928865 0.96546206 1.50407468 5.321478408206e-03 1.354371059910e+01 3.854777246990e-01 2.136614151119e+00 1.213908388061e+01
29 40 1 0.55192101 1.54292635 0.69928865 0.96546206 1.50407468 4.257592699171e-03 1.030160839733e+01 6.375392422018e-01 2.181200452478e+00 1.243977899756e+01
29 41 1 0.55192101 1.54292635 0.69928865 0.96546206 1.50407468 3.948348918325e-03 1.257089390879e+01 7.633219300377e-01 2.214991551935e+00 1.276754952186e+01
29 42 1 0.55192101 1.54292635 0.69928865 0.96546206 1.50407468 4.991078142754e-03 1.400396919895e+01 4.025469375309e-01 2.270578020279e+00 1.291423375203e+01
29 43 1 0.55192101 1.54292635 0.69928865 0.96546206 1.50407468 6.590444427771e-03 1.591600095844e+01 7.508360204747e-01 2.354332590340e+00 1.323794048699e+01
29 44 1 0.55192101 1.54292635 0.69928865 0.96546206 1.50407468 7.270063955674e-03 1.989324420986e+01 7.692237287081e-01 2.419106135469e+00 1.376523834291e+01
29 45 1 0.55192101 1.54292635 0.69928865 0.96546206 1.50407468 6.499233533552e-03 1.778795467161e+01 4.516108070620e-01 2.486044924517e+00 1.427074600075e+01
29 46 1 0.55192101 1.54292635 0.69928865 0.96546206 1.50407468 5.286585282290e-03 1.204307041958e+01 8.704245062525e-01 2.582975732399e+00 1.461748166485e+01
29 47 1 0.55192101 1.54292635 0.69928865 0.96546206 1.50407468 5.097308233592e-03 1.361930792107e+01 7.877262102408e-01 2.645122348305e+00 1.502750938099e+01
29 48 1 0.55192101 1.54292635 0.69928865 0.96546206 1.50407468 6.413424693867e-03 1.800218334219e+01 5.225833193861e-01 2.718575704463e+00 1.555522150649e+01
29 49 1 0.55192101 1.54292635 0.69928865 0.96546206 1.50407468 8.102784416090e-03 1.909435166868e+01 1.006371629502e+00 2.777739739952e+00 1.609009143744e+01
29 50 1 0.55192101 1.54292635 0.69928865 0.96546206 1.50407468 8.574916163043e-03 2.219201166356e+01 8.026829465835e-01 2.848572395563e+00 1.668939196214e+01
29 51 1 0.55192101 1.54292635 0.69928865 0.96546206 1.50407468 7.652480339059e-03 2.295414816261e+01 6.265001576643e-01 2.899295380211e+00 1.728512243703e+01
29 52 1 0.55192101 1.54292635 0.69928865 0.96546206 1.50407468 6.680950275555e-03 1.638863434259e+01 1.147695605158e+00 2.980576721475e+00 1.787885747301e+01
29 53 1 0.55192101 1.54292635 0.69928865 0.96546206 1.50407468 7.036632945796e-03 1.482202991805e+01 8.246594046504e-01 3.109196029921e+00 1.847552004368e+01
29 54 1 0.55192101 1.54292635 0.69928865 0.96546206 1.50407468 8.650008683204e-03 2.200670884327e+01 7.653323217808e-01 3.219023405480e+00 1.926065602890e+01
29 55 1 0.55192101 1.54292635 0.69928865 0.96546206 1.50407468 9.969544334236e-03 2.542868804910e+01 1.290279492032e+00 3.377723156093e+00 1.994762387309e+01
29 56 1 0.55192101 1.54292635 0.69928865 0.96546206 1.50407468 9.721437931072e-03 2.565430100841e+01 8.502625952612e-01 3.536994804886e+00 2.066617976657e+01
29 57 1 0.55192101 1.54292635 0.69928865 0.96546206 1.50407468 8.385592874566e-03 2.785754331757e+01 9.411936882589e-01 3.687007080853e+00 2.142676329817e+01
29 58 1 0.55192101 1.54292635 0.69928865 0.96546206 1.50407468 7.789082746085e-03 2.331088274907e+01 1.415013353971e+00 3.884381026757e+00 2.211608124399e+01
29 59 1 0.55192101 1.54292635 0.69928865 0.96546206 1.50407468 9.214561920258e-03 1.745162651864e+01 9.115051676338e-01 4.078950907932e+00 2.310110413460e+01
29 60 1 0.55192101 1.54292635 0.69928865 0.96546206 1.50407468 1.181216113425e-02 2.499893350853e+01 1.128378858003e+00 4.251001556923e+00 2.398962793360e+01
29 61 1 0.55192101 1.54292635 0.69928865 0.96546206 1.50407468 1.337230355314e-02 3.384852523575e+01 1.566698329746e+00 4.364128407592e+00 2.477387616048e+01
29 62 1 0.55192101 1.54292635 0.69928865 0.96546206 1.50407468 1.254348826605e-02 3.252587370677e+01 9.641221296659e-01 4.530786292057e+00 2.576921244273e+01
29 63 1 0.55192101 1.54292635 0.69928865 0.96546206 1.50407468 1.034048859807e-02 3.216358011548e+01 1.374136875664e+00 4.798195726295e+00 2.672999564539e+01
