# environment=00002 local_bs=3 gain_scale=1.347489004491e-13
# ue subcarrier serving_bs phi0 phi1 phi2 phi3 phi4 gain0 gain1 gain2 gain3 gain4
7 0 3 0.75314394 0.75130246 0.86311304 1.10654903 0.53687484 7.171136429956e-01 5.181475353685e-03 1.551378873734e-02 2.345639477891e+00 2.400467438370e+00
7 1 3 0.75314394 0.75130246 0.86311304 1.10654903 0.53687484 5.132008546858e-01 5.046365651219e-03 2.190449340151e-02 2.274172241005e+00 2.358080164524e+00
7 2 3 0.75314394 0.75130246 0.86311304 1.10654903 0.53687484 5.058235402332e-01 4.914236488303e-03 2.470328491905e-02 2.232744036928e+00 2.314031087809e+00
7 3 3 0.75314394 0.75130246 0.86311304 1.10654903 0.53687484 4.667156557665e-01 4.785050840995e-03 1.893641584183e-02 2.194588708885e+00 2.271679183186e+00
7 4 3 0.75314394 0.75130246 0.86311304 1.10654903 0.53687484 6.203118900718e-01 4.658799735903e-03 1.411717785884e-02 2.163211821602e+00 2.242621242989e+00
7 5 3 0.75314394 0.75130246 0.86311304 1.10654903 0.53687484 7.898991217540e-01 4.535500955277e-03 1.758236575829e-02 2.109811860576e+00 2.211074276121e+00
7 6 3 0.75314394 0.75130246 0.86311304 1.10654903 0.53687484 8.044505206976e-01 4.415197572490e-03 2.238802628466e-02 2.044562703429e+00 2.183810034973e+00
7 7 3 0.75314394 0.75130246 0.86311304 1.10654903 0.53687484 8.799694289975e-01 4.297956331690e-03 1.889437846752e-02 1.953500763117e+00 2.156865399598e+00
7 8 3 0.75314394 0.75130246 0.86311304 1.10654903 0.53687484 7.391158260264e-01 4.183865886359e-03 1.180927694478e-02 1.889827009444e+00 2.129057331840e+00
7 9 3 0.75314394 0.75130246 0.86311304 1.10654903 0.53687484 5.873961580091e-01 4.073034912217e-03 1.221022151565e-02 1.819418206668e+00 2.097660382484e+00
7 10 3 0.75314394 0.75130246 0.86311304 1.10654903 0.53687484 5.794444352387e-01 3.965590110565e-03 1.903788873009e-02 1.779720206316e+00 2.068696841351e+00
7 11 3 0.75314394 0.75130246 0.86311304 1.10654903 0.53687484 5.302173482765e-01 3.861674118750e-03 2.103238443012e-02 1.757073181432e+00 2.038555871451e+00
7 12 3 0.75314394 0.75130246 0.86311304 1.10654903 0.53687484 6.896407812648e-01 3.761443344810e-03 1.452783199503e-02 1.715332904169e+00 2.009091702018e+00
7 13 3 0.75314394 0.75130246 0.86311304 1.10654903 0.53687484 8.359216234237e-01 3.665065743742e-03 9.661168950788e-03 1.679243002292e+00 1.975724774844e+00
7 14 3 0.75314394 0.75130246 0.86311304 1.10654903 0.53687484 8.665489159143e-01 3.572718552996e-03 1.336582222772e-02 1.618315702499e+00 1.944838167617e+00
7 15 3 0.75314394 0.75130246 0.86311304 1.10654903 0.53687484 9.499177288302e-01 3.484586004944e-03 1.809907258938e-02 1.551429906752e+00 1.910106130281e+00
7 16 3 0.75314394 0.75130246 0.86311304 1.10654903 0.53687484 8.236630568766e-01 3.400857034003e-03 1.523758575975e-02 1.500630253395e+00 1.873244698773e+00
7 17 3 0.75314394 0.75130246 0.86311304 1.10654903 0.53687484 7.002451332951e-01 3.321722996017e-03 9.023241777282e-03 1.456391269085e+00 1.841681897853e+00
7 18 3 0.75314394 0.75130246 0.86311304 1.10654903 0.53687484 6.821831280989e-01 3.247375417218e-03 9.892643431115e-03 1.421205239731e+00 1.809974131878e+00
7 19 3 0.75314394 0.75130246 0.86311304 1.10654903 0.53687484 6.393576324594e-01 3.178003789762e-03 1.669043531492e-02 1.387147022899e+00 1.778580973468e+00
7 20 3 0.75314394 0.75130246 0.86311304 1.10654903 0.53687484 8.018241480788e-01 3.113793430370e-03 1.792778653513e-02 1.339872957230e+00 1.752183846590e+00
7 21 3 0.75314394 0.75130246 0.86311304 1.10654903 0.53687484 9.372719108875e-01 3.054923418030e-03 1.108796457347e-02 1.289297902807e+00 1.724631852411e+00
7 22 3 0.75314394 0.75130246 0.86311304 1.10654903 0.53687484 1.006528019231e+00 3.001564626085e-03 6.244847655229e-03 1.239742477846e+00 1.693972415880e+00
7 23 3 0.75314394 0.75130246 0.86311304 1.10654903 0.53687484 1.112687613400e+00 2.953877863234e-03 1.034795540978e-02 1.199110409021e+00 1.666908607050e+00
7 24 3 0.75314394 0.75130246 0.86311304 1.10654903 0.53687484 9.860154433571e-01 2.912012137174e-03 1.609487707769e-02 1.169954859673e+00 1.637126709497e+00
7 25 3 0.75314394 0.75130246 0.86311304 1.10654903 0.53687484 8.846212606141e-01 2.876103053616e-03 1.362528424583e-02 1.154358667025e+00 1.608686753679e+00
7 26 3 0.75314394 0.75130246 0.86311304 1.10654903 0.53687484 8.529104411078e-01 2.846271362460e-03 7.057768517573e-03 1.137895427616e+00 1.580204599801e+00
7 27 3 0.75314394 0.75130246 0.86311304 1.10654903 0.53687484 7.890099749531e-01 2.822621661780e-03 6.733839869409e-03 1.130171231589e+00 1.553233959495e+00
7 28 3 0.75314394 0.75130246 0.86311304 1.10654903 0.53687484 9.552850445076e-01 2.805241269142e-03 1.270634016758e-02 1.110179988920e+00 1.523376749259e+00
7 29 3 0.75314394 0.75130246 0.86311304 1.10654903 0.53687484 1.102653375824e+00 2.794199268558e-03 1.482812459062e-02 1.101790782697e+00 1.492094045315e+00
7 30 3 0.75314394 0.75130246 0.86311304 1.10654903 0.53687484 1.201858412588e+00 2.789545740114e-03 8.919869458577e-03 1.106486267774e+00 1.459246876236e+00
7 31 3 0.75314394 0.75130246 0.86311304 1.10654903 0.53687484 1.340784708631e+00 2.791311178017e-03 4.113628584969e-03 1.120595635893e+00 1.427211541742e+00
7 32 3 0.75314394 0.75130246 0.86311304 1.10654903 0.53687484 1.232982775964e+00 2.799506101441e-03 7.387634152793e-03 1.170358057916e+00 1.392420056471e+00
7 33 3 0.75314394 0.75130246 0.86311304 1.10654903 0.53687484 1.129486799306e+00 2.814120861207e-03 1.308350457407e-02 1.208425698152e+00 1.364193729729e+00
7 34 3 0.75314394 0.75130246 0.86311304 1.10654903 0.53687484 1.070956061485e+00 2.835125643915e-03 1.226520392614e-02 1.252790196797e+00 1.337582818678e+00
7 35 3 0.75314394 0.75130246 0.86311304 1.10654903 0.53687484 9.813394414481e-01 2.862470673771e-03 6.196976197934e-03 1.285972184173e+00 1.311545744132e+00
7 36 3 0.75314394 0.75130246 0.86311304 1.10654903 0.53687484 1.148423824448e+00 2.896086610931e-03 4.471439705922e-03 1.308926462535e+00 1.289211418479e+00
7 37 3 0.75314394 0.75130246 0.86311304 1.10654903 0.53687484 1.301204605370e+00 2.935885143803e-03 8.867968705673e-03 1.335702126942e+00 1.267019001132e+00
7 38 3 0.75314394 0.75130246 0.86311304 1.10654903 0.53687484 1.446500520247e+00 2.981759771340e-03 1.137056057264e-02 1.373422818001e+00 1.241652020901e+00
7 39 3 0.75314394 0.75130246 0.86311304 1.10654903 0.53687484 1.638563956762e+00 3.033586770045e-03 7.665546970612e-03 1.412280418528e+00 1.218610838405e+00
7 40 3 0.75314394 0.75130246 0.86311304 1.10654903 0.53687484 1.519500370375e+00 3.091226339022e-03 3.530882910915e-03 1.454984003850e+00 1.195398727864e+00
7 41 3 0.75314394 0.75130246 0.86311304 1.10654903 0.53687484 1.412808684348e+00 3.154523915173e-03 5.907001320546e-03 1.501766974450e+00 1.171428240141e+00
7 42 3 0.75314394 0.75130246 0.86311304 1.10654903 0.53687484 1.321881177497e+00 3.223311649383e-03 1.094995687239e-02 1.521164728087e+00 1.149457815805e+00
7 43 3 0.75314394 0.75130246 0.86311304 1.10654903 0.53687484 1.172819449411e+00 3.297410033328e-03 1.053733640359e-02 1.549754289948e+00 1.126859298472e+00
7 44 3 0.75314394 0.75130246 0.86311304 1.10654903 0.53687484 1.344999413716e+00 3.376629665461e-03 5.380487232733e-03 1.565672827649e+00 1.104287107809e+00
7 45 3 0.75314394 0.75130246 0.86311304 1.10654903 0.53687484 1.520110559861e+00 3.460773143657e-03 3.075844282404e-03 1.589121148938e+00 1.078613714571e+00
7 46 3 0.75314394 0.75130246 0.86311304 1.10654903 0.53687484 1.712522966898e+00 3.549637071010e-03 6.626800649485e-03 1.636115578466e+00 1.054433132072e+00
7 47 3 0.75314394 0.75130246 0.86311304 1.10654903 0.53687484 1.962538143656e+00 3.643014160420e-03 9.594386041982e-03 1.679039147540e+00 1.030109974731e+00
7 48 3 0.75314394 0.75130246 0.86311304 1.10654903 0.53687484 1.845474462064e+00 3.740695422766e-03 6.984399743170e-03 1.728848612255e+00 1.005989623942e+00
7 49 3 0.75314394 0.75130246 0.86311304 1.10654903 0.53687484 1.722187791799e+00 3.842472422773e-03 3.305470495997e-03 1.762670026194e+00 9.842941656454e-01
7 50 3 0.75314394 0.75130246 0.86311304 1.10654903 0.53687484 1.567963104910e+00 3.948139586065e-03 4.348053954452e-03 1.787493925719e+00 9.669332546704e-01
7 51 3 0.75314394 0.75130246 0.86311304 1.10654903 0.53687484 1.357131590366e+00 4.057496540375e-03 8.358241853090e-03 1.824307028385e+00 9.454348909708e-01
7 52 3 0.75314394 0.75130246 0.86311304 1.10654903 0.53687484 1.540485735750e+00 4.170350473496e-03 8.706957316280e-03 1.872351045183e+00 9.281301570758e-01
7 53 3 0.75314394 0.75130246 0.86311304 1.10654903 0.53687484 1.712597105996e+00 4.286518490256e-03 4.625381783246e-03 1.950564909251e+00 9.101049770746e-01
7 54 3 0.75314394 0.75130246 0.86311304 1.10654903 0.53687484 1.981944744740e+00 4.405829950598e-03 2.438963376770e-03 2.037532824832e+00 8.900260866947e-01
7 55 3 0.75314394 0.75130246 0.86311304 1.10654903 0.53687484 2.309923469231e+00 4.528128770816e-03 4.934308962696e-03 2.124234227680e+00 8.715450690341e-01
7 56 3 0.75314394 0.75130246 0.86311304 1.10654903 0.53687484 2.153072852914e+00 4.653275670015e-03 7.864986500267e-03 2.196082097906e+00 8.549553029434e-01
7 57 3 0.75314394 0.75130246 0.86311304 1.10654903 0.53687484 2.030454673657e+00 4.781150343994e-03 6.769306877403e-03 2.257829739882e+00 8.347856505360e-01
7 58 3 0.75314394 0.75130246 0.86311304 1.10654903 0.53687484 1.813735329422e+00 4.911653549117e-03 3.801874887886e-03 2.303060197195e+00 8.152823560198e-01
7 59 3 0.75314394 0.75130246 0.86311304 1.10654903 0.53687484 1.530072425585e+00 5.044709078997e-03 4.053856073201e-03 2.366997408467e+00 7.934434294574e-01
7 60 3 0.75314394 0.75130246 0.86311304 1.10654903 0.53687484 1.741568318185e+00 5.180265617440e-03 6.642652163777e-03 2.461760815867e+00 7.689721137319e-01
7 61 3 0.75314394 0.75130246 0.86311304 1.10654903 0.53687484 1.941603532240e+00 5.318298451614e-03 6.902741522345e-03 2.564795958482e+00 7.437591775606e-01
7 62 3 0.75314394 0.75130246 0.86311304 1.10654903 0.53687484 2.307691665035e+00 5.458811030172e-03 4.198072672634e-03 2.716093716077e+00 7.197105041495e-01
7 63 3 0.75314394 0.75130246 0.86311304 1.10654903 0.53687484 2.693862389099e+00 5.601836351875e-03 3.133632772753e-03 2.830627249700e+00 6.999563388193e-01
9 0 3 1.02564399 1.32529403 1.48056282 1.59537764 0.68912574 1.920474377296e-04 2.979235153482e-08 1.071262944417e-05 4.475557789190e-03 1.189824636217e-09
9 1 3 1.02564399 1.32529403 1.48056282 1.59537764 0.68912574 3.321425349914e-04 2.938008808419e-08 1.067488881537e-05 4.686403748831e-03 5.102576855070e-09
9 2 3 1.02564399 1.32529403 1.48056282 1.59537764 0.68912574 5.245112830842e-04 2.778030669296e-08 1.246026502565e-05 5.000029096160e-03 1.172803008121e-08
9 3 3 1.02564399 1.32529403 1.48056282 1.59537764 0.68912574 6.167792091094e-04 2.517084887599e-08 1.616976337550e-05 5.375102151551e-03 1.918290077772e-08
9 4 3 1.02564399 1.32529403 1.48056282 1.59537764 0.68912574 5.319487538832e-04 2.180087356115e-08 2.008196430140e-05 5.727235996442e-03 2.554404114383e-08
9 5 3 1.02564399 1.32529403 1.48056282 1.59537764 0.68912574 3.493816353911e-04 1.796417656370e-08 2.199732074364e-05 6.062449578283e-03 2.929231426737e-08
9 6 3 1.02564399 1.32529403 1.48056282 1.59537764 0.68912574 2.561390560059e-04 1.397099231339e-08 2.138104228302e-05 6.376357916986e-03 2.962881291443e-08
9 7 3 1.02564399 1.32529403 1.48056282 1.59537764 0.68912574 3.946017130519e-04 1.012083786530e-08 2.003064052529e-05 6.615755432925e-03 2.660096842804e-08
9 8 3 1.02564399 1.32529403 1.48056282 1.59537764 0.68912574 7.306984132181e-04 6.678637246022e-09 2.029246042802e-05 6.802492169224e-03 2.102501913498e-08
9 9 3 1.02564399 1.32529403 1.48056282 1.59537764 0.68912574 1.061254634120e-03 3.855869221366e-09 2.255948534716e-05 6.983653449090e-03 1.423924086714e-08
9 10 3 1.02564399 1.32529403 1.48056282 1.59537764 0.68912574 1.166167391752e-03 1.797875272264e-09 2.481403299464e-05 7.125707491877e-03 7.758249739077e-09
9 11 3 1.02564399 1.32529403 1.48056282 1.59537764 0.68912574 9.855937025564e-04 5.778138905807e-10 2.485316993970e-05 7.204762741502e-03 2.915318186466e-09
9 12 3 1.02564399 1.32529403 1.48056282 1.59537764 0.68912574 6.743802944176e-04 1.971175023287e-10 2.276871159902e-05 7.236241931808e-03 5.748920822220e-10
9 13 3 1.02564399 1.32529403 1.48056282 1.59537764 0.68912574 4.840121325922e-04 5.917566078323e-10 2.083833077316e-05 7.175142187772e-03 9.744094104980e-10
9 14 3 1.02564399 1.32529403 1.48056282 1.59537764 0.68912574 5.654789821023e-04 1.643186255700e-09 2.089177294568e-05 6.982898209320e-03 3.720099192442e-09
9 15 3 1.02564399 1.32529403 1.48056282 1.59537764 0.68912574 8.528906392793e-04 3.192570539654e-09 2.216093311898e-05 6.725524739286e-03 7.924611697927e-09
9 16 3 1.02564399 1.32529403 1.48056282 1.59537764 0.68912574 1.120444214714e-03 5.056761509631e-09 2.212089233328e-05 6.452906746171e-03 1.244368529438e-08
9 17 3 1.02564399 1.32529403 1.48056282 1.59537764 0.68912574 1.162092685194e-03 7.044542691323e-09 1.938895903012e-05 6.127211818373e-03 1.615088786995e-08
9 18 3 1.02564399 1.32529403 1.48056282 1.59537764 0.68912574 9.458345032114e-04 8.971812521777e-09 1.536725372309e-05 5.738071794978e-03 1.818658468511e-08
9 19 3 1.02564399 1.32529403 1.48056282 1.59537764 0.68912574 6.229158825163e-04 1.067464662033e-08 1.276604494658e-05 5.317471741866e-03 1.812873866162e-08
9 20 3 1.02564399 1.32529403 1.48056282 1.59537764 0.68912574 3.968071128084e-04 1.201950070612e-08 1.270494406545e-05 4.863830946308e-03 1.605490621741e-08
9 21 3 1.02564399 1.32529403 1.48056282 1.59537764 0.68912574 3.681173856339e-04 1.291015745487e-08 1.362273617178e-05 4.387835399655e-03 1.249100160219e-08
9 22 3 1.02564399 1.32529403 1.48056282 1.59537764 0.68912574 4.784019473671e-04 1.329134317139e-08 1.307507064909e-05 3.940319403746e-03 8.266936259790e-09
9 23 3 1.02564399 1.32529403 1.48056282 1.59537764 0.68912574 5.821556342461e-04 1.314921346950e-08 1.029128148488e-05 3.529318554548e-03 4.317079460249e-09
9 24 3 1.02564399 1.32529403 1.48056282 1.59537764 0.68912574 5.706345295845e-04 1.250911069959e-08 6.747906180066e-06 3.129750388993e-03 1.471667842424e-09
9 25 3 1.02564399 1.32529403 1.48056282 1.59537764 0.68912574 4.426268858104e-04 1.143112037046e-08 4.430779629623e-06 2.757567460125e-03 2.832454967296e-10
9 26 3 1.02564399 1.32529403 1.48056282 1.59537764 0.68912574 2.787884929612e-04 1.000400111135e-08 3.912091283809e-06 2.427058286536e-03 9.215303917862e-10
9 27 3 1.02564399 1.32529403 1.48056282 1.59537764 0.68912574 1.620330307775e-04 8.338044271900e-09 4.189817860383e-06 2.115337516105e-03 3.153858475064e-09
9 28 3 1.02564399 1.32529403 1.48056282 1.59537764 0.68912574 1.199298949105e-04 6.557353562030e-09 4.037729941553e-06 1.832095194722e-03 6.410271940060e-09
9 29 3 1.02564399 1.32529403 1.48056282 1.59537764 0.68912574 1.274177940642e-04 4.791944423936e-09 3.144210429106e-06 1.620320076009e-03 9.915930569140e-09
9 30 3 1.02564399 1.32529403 1.48056282 1.59537764 0.68912574 1.469153077944e-04 3.169969487499e-09 2.019065653132e-06 1.486221031065e-03 1.286158381533e-08
9 31 3 1.02564399 1.32529403 1.48056282 1.59537764 0.68912574 1.582937560012e-04 1.810299649671e-09 1.235133091930e-06 1.417837210049e-03 1.457698599981e-08
9 32 3 1.02564399 1.32529403 1.48056282 1.59537764 0.68912574 1.578034914875e-04 8.156432249824e-10 1.033130774544e-06 1.419765083415e-03 1.467284716367e-08
9 33 3 1.02564399 1.32529403 1.48056282 1.59537764 0.68912574 1.448477416548e-04 2.663736825057e-10 1.444002364206e-06 1.482673206863e-03 1.312364557223e-08
9 34 3 1.02564399 1.32529403 1.48056282 1.59537764 0.68912574 1.232698363999e-04 2.152568285753e-10 2.364476194172e-06 1.597976028400e-03 1.027504731162e-08
9 35 3 1.02564399 1.32529403 1.48056282 1.59537764 0.68912574 1.153745353452e-04 6.833103595735e-10 3.407491231826e-06 1.789807302133e-03 6.773886725549e-09
9 36 3 1.02564399 1.32529403 1.48056282 1.59537764 0.68912574 1.605421532135e-04 1.657076081799e-09 4.024586500265e-06 2.060259452302e-03 3.433414255013e-09
9 37 3 1.02564399 1.32529403 1.48056282 1.59537764 0.68912574 2.820898455755e-04 3.087618217230e-09 4.131220337282e-06 2.371333281083e-03 1.059430069133e-09
9 38 3 1.02564399 1.32529403 1.48056282 1.59537764 0.68912574 4.473667229605e-04 4.891560637035e-09 4.521973741876e-06 2.715185782299e-03 2.717080267411e-10
9 39 3 1.02564399 1.32529403 1.48056282 1.59537764 0.68912574 5.696528741019e-04 6.954425615736e-09 6.232862700466e-06 3.103391473871e-03 1.357902244644e-09
9 40 3 1.02564399 1.32529403 1.48056282 1.59537764 0.68912574 5.708932170880e-04 9.136427294860e-09 9.245300040251e-06 3.512091171125e-03 4.192829093692e-09
9 41 3 1.02564399 1.32529403 1.48056282 1.59537764 0.68912574 4.613782243241e-04 1.128070373911e-08 1.207343560563e-05 3.933366049793e-03 8.244692930616e-09
9 42 3 1.02564399 1.32529403 1.48056282 1.59537764 0.68912574 3.588032558752e-04 1.322375139067e-08 1.309653559547e-05 4.398937788924e-03 1.267293468770e-08
9 43 3 1.02564399 1.32529403 1.48056282 1.59537764 0.68912574 4.090713297301e-04 1.480757371503e-08 1.243278348067e-05 4.900091460433e-03 1.650278600480e-08
9 44 3 1.02564399 1.32529403 1.48056282 1.59537764 0.68912574 6.598828802877e-04 1.589279889273e-08 1.215949215961e-05 5.397019482307e-03 1.884321831065e-08
9 45 3 1.02564399 1.32529403 1.48056282 1.59537764 0.68912574 9.954906223671e-04 1.637179195152e-08 1.428640182856e-05 5.883420486206e-03 1.910205084656e-08
9 46 3 1.02564399 1.32529403 1.48056282 1.59537764 0.68912574 1.204494881672e-03 1.618061880728e-08 1.850093822606e-05 6.333498681742e-03 1.714818863509e-08
9 47 3 1.02564399 1.32529403 1.48056282 1.59537764 0.68912574 1.142128525788e-03 1.530864470007e-08 2.223749907766e-05 6.692755665013e-03 1.337836000526e-08
9 48 3 1.02564399 1.32529403 1.48056282 1.59537764 0.68912574 8.577407250988e-04 1.380459187386e-08 2.319500141798e-05 6.985393892254e-03 8.663980565192e-09
9 49 3 1.02564399 1.32529403 1.48056282 1.59537764 0.68912574 5.733601288248e-04 1.177805457004e-08 2.166813125552e-05 7.269492921845e-03 4.179855980129e-09
9 50 3 1.02564399 1.32529403 1.48056282 1.59537764 0.68912574 5.174494529300e-04 9.395773206701e-09 2.017092980251e-05 7.505639539457e-03 1.144971988883e-09
9 51 3 1.02564399 1.32529403 1.48056282 1.59537764 0.68912574 7.424996439235e-04 6.872388432531e-09 2.078266180766e-05 7.637259525804e-03 5.299066506016e-10
9 52 3 1.02564399 1.32529403 1.48056282 1.59537764 0.68912574 1.076768182226e-03 4.455898901154e-09 2.310615887268e-05 7.687437401454e-03 2.798943103586e-09
9 53 3 1.02564399 1.32529403 1.48056282 1.59537764 0.68912574 1.254864394856e-03 2.408590300247e-09 2.493740084603e-05 7.662640717191e-03 7.753168928687e-09
9 54 3 1.02564399 1.32529403 1.48056282 1.59537764 0.68912574 1.124745233890e-03 9.847341015239e-10 2.470243928974e-05 7.543370494786e-03 1.452245693922e-08
9 55 3 1.02564399 1.32529403 1.48056282 1.59537764 0.68912574 7.642658350279e-04 4.068149697548e-10 2.292209818657e-05 7.382365484453e-03 2.172203474006e-08
9 56 3 1.02564399 1.32529403 1.48056282 1.59537764 0.68912574 4.144754802520e-04 8.423796456405e-10 2.129919488099e-05 7.218123908710e-03 2.774999704295e-08
9 57 3 1.02564399 1.32529403 1.48056282 1.59537764 0.68912574 2.876032001972e-04 2.383759146666e-09 2.072870933768e-05 6.995577986000e-03 3.116478005866e-08
9 58 3 1.02564399 1.32529403 1.48056282 1.59537764 0.68912574 4.081855968102e-04 5.032865908698e-09 2.049884289065e-05 6.701378710476e-03 3.105594937030e-08
9 59 3 1.02564399 1.32529403 1.48056282 1.59537764 0.68912574 6.126212630886e-04 8.692992399191e-09 1.934559718186e-05 6.378668216231e-03 2.731531777453e-08
9 60 3 1.02564399 1.32529403 1.48056282 1.59537764 0.68912574 6.968189015716e-04 1.316904423317e-08 1.694917662642e-05 6.000577936702e-03 2.073190213154e-08
9 61 3 1.02564399 1.32529403 1.48056282 1.59537764 0.68912574 5.812654882223e-04 1.817695864744e-08 1.422701953878e-05 5.560949472960e-03 1.287154336955e-08
9 62 3 1.02564399 1.32529403 1.48056282 1.59537764 0.68912574 3.589007972419e-04 2.336224014389e-08 1.231993819765e-05 5.168415434243e-03 5.752621108119e-09
9 63 3 1.02564399 1.32529403 1.48056282 1.59537764 0.68912574 2.004824314852e-04 2.832665946867e-08 1.151989314659e-05 4.879506535431e-03 1.381550397257e-09
16 0 3 1.03888444 1.41047073 1.54198187 1.58021335 0.70092383 2.215645133909e-04 2.104943123237e-07 7.025809678333e-06 2.255862868692e-03 1.288889781534e-08
16 1 3 1.03888444 1.41047073 1.54198187 1.58021335 0.70092383 2.453185180981e-04 1.843808793679e-07 5.859290860547e-06 2.121841144179e-03 1.428469686203e-08
16 2 3 1.03888444 1.41047073 1.54198187 1.58021335 0.70092383 3.282530214932e-04 1.596802382335e-07 5.723707981273e-06 2.254527041056e-03 1.360502337435e-08
16 3 3 1.03888444 1.41047073 1.54198187 1.58021335 0.70092383 3.845154020525e-04 1.388092255739e-07 7.124885542227e-06 2.541780970628e-03 1.111965159424e-08
16 4 3 1.03888444 1.41047073 1.54198187 1.58021335 0.70092383 3.449285392042e-04 1.234458100490e-07 9.832347533095e-06 2.880808612436e-03 7.609016698092e-09
16 5 3 1.03888444 1.41047073 1.54198187 1.58021335 0.70092383 2.277205251792e-04 1.143626373320e-07 1.295821548244e-05 3.226526830339e-03 4.085484375569e-09
16 6 3 1.03888444 1.41047073 1.54198187 1.58021335 0.70092383 1.473732859151e-04 1.114025016981e-07 1.574198527511e-05 3.556440844759e-03 1.474496635546e-09
16 7 3 1.03888444 1.41047073 1.54198187 1.58021335 0.70092383 2.272394598760e-04 1.135861603508e-07 1.796289676664e-05 3.887057009927e-03 3.519268984776e-10
16 8 3 1.03888444 1.41047073 1.54198187 1.58021335 0.70092383 4.796884783870e-04 1.193252696370e-07 1.938713832071e-05 4.263066787127e-03 8.085385666171e-10
16 9 3 1.03888444 1.41047073 1.54198187 1.58021335 0.70092383 7.678402065756e-04 1.267010608729e-07 1.933533074536e-05 4.689222365430e-03 2.468870576584e-09
16 10 3 1.03888444 1.41047073 1.54198187 1.58021335 0.70092383 9.017352153430e-04 1.337638958647e-07 1.757200481106e-05 5.118723097424e-03 4.644522056257e-09
16 11 3 1.03888444 1.41047073 1.54198187 1.58021335 0.70092383 7.975021693731e-04 1.388101807499e-07 1.556406482503e-05 5.478226812059e-03 6.564752975324e-09
16 12 3 1.03888444 1.41047073 1.54198187 1.58021335 0.70092383 5.594802525383e-04 1.406004115033e-07 1.585909697873e-05 5.677813678322e-03 7.610290285205e-09
16 13 3 1.03888444 1.41047073 1.54198187 1.58021335 0.70092383 4.044817024568e-04 1.384937457778e-07 1.943217373296e-05 5.683381696046e-03 7.482212249894e-09
16 14 3 1.03888444 1.41047073 1.54198187 1.58021335 0.70092383 4.856825396323e-04 1.324883607138e-07 2.394659388249e-05 5.591435516052e-03 6.262816545133e-09
16 15 3 1.03888444 1.41047073 1.54198187 1.58021335 0.70092383 7.649244268173e-04 1.231707808227e-07 2.548086948046e-05 5.531863335432e-03 4.360404451828e-09
16 16 3 1.03888444 1.41047073 1.54198187 1.58021335 0.70092383 1.042132668806e-03 1.115893900839e-07 2.229440633852e-05 5.509527552202e-03 2.363922803842e-09
16 17 3 1.03888444 1.41047073 1.54198187 1.58021335 0.70092383 1.115343175183e-03 9.907601554761e-08 1.657740435645e-05 5.424915074133e-03 8.568046540621e-10
16 18 3 1.03888444 1.41047073 1.54198187 1.58021335 0.70092383 9.358545886112e-04 8.704397335593e-08 1.230612073225e-05 5.204352201373e-03 2.465624725962e-10
16 19 3 1.03888444 1.41047073 1.54198187 1.58021335 0.70092383 6.339630294316e-04 7.679118064235e-08 1.162713526538e-05 4.847610286021e-03 6.573049134832e-10
16 20 3 1.03888444 1.41047073 1.54198187 1.58021335 0.70092383 4.052419299273e-04 6.933335874489e-08 1.344719718076e-05 4.409171188208e-03 1.910665826528e-09
16 21 3 1.03888444 1.41047073 1.54198187 1.58021335 0.70092383 3.605486334924e-04 6.528595097358e-08 1.507261203161e-05 3.970247952991e-03 3.593905948999e-09
16 22 3 1.03888444 1.41047073 1.54198187 1.58021335 0.70092383 4.601406788694e-04 6.480537641144e-08 1.465383879173e-05 3.580797684092e-03 5.190015587373e-09
16 23 3 1.03888444 1.41047073 1.54198187 1.58021335 0.70092383 5.698847724451e-04 6.759190335109e-08 1.216558147025e-05 3.229110228858e-03 6.229708714635e-09
16 24 3 1.03888444 1.41047073 1.54198187 1.58021335 0.70092383 5.762729138470e-04 7.294886094125e-08 8.775838670283e-06 2.890775992341e-03 6.422329483806e-09
16 25 3 1.03888444 1.41047073 1.54198187 1.58021335 0.70092383 4.625401075080e-04 7.988693139808e-08 5.800933804156e-06 2.560791713424e-03 5.731421499708e-09
16 26 3 1.03888444 1.41047073 1.54198187 1.58021335 0.70092383 2.976581198672e-04 8.725833291644e-08 4.053504254095e-06 2.227354246094e-03 4.377619681289e-09
16 27 3 1.03888444 1.41047073 1.54198187 1.58021335 0.70092383 1.675910153231e-04 9.390391398413e-08 3.612877793379e-06 1.886063416070e-03 2.771528605196e-09
16 28 3 1.03888444 1.41047073 1.54198187 1.58021335 0.70092383 1.148286835826e-04 9.879634003044e-08 3.922743203620e-06 1.585318968877e-03 1.397101589933e-09
16 29 3 1.03888444 1.41047073 1.54198187 1.58021335 0.70092383 1.270202243651e-04 1.011642809171e-07 4.215792166856e-06 1.391310104622e-03 6.776098021281e-10
16 30 3 1.03888444 1.41047073 1.54198187 1.58021335 0.70092383 1.648614253070e-04 1.005853455177e-07 4.031497383303e-06 1.312571412513e-03 8.593843672483e-10
16 31 3 1.03888444 1.41047073 1.54198187 1.58021335 0.70092383 1.932962333613e-04 9.703902557484e-08 3.413192378016e-06 1.301170244047e-03 1.943043241626e-09
16 32 3 1.03888444 1.41047073 1.54198187 1.58021335 0.70092383 1.941581910458e-04 9.091476458183e-08 2.692600620154e-06 1.308916079145e-03 3.679635391671e-09
16 33 3 1.03888444 1.41047073 1.54198187 1.58021335 0.70092383 1.663049099539e-04 8.297423146187e-08 2.185695129367e-06 1.326760966325e-03 5.633064942519e-09
16 34 3 1.03888444 1.41047073 1.54198187 1.58021335 0.70092383 1.273166323700e-04 7.427081867494e-08 2.054966082533e-06 1.396601108990e-03 7.293890933369e-09
16 35 3 1.03888444 1.41047073 1.54198187 1.58021335 0.70092383 1.146336120536e-04 6.603320558377e-08 2.283919272017e-06 1.575186812621e-03 8.216648941129e-09
16 36 3 1.03888444 1.41047073 1.54198187 1.58021335 0.70092383 1.701828954303e-04 5.952341107407e-08 2.725887372551e-06 1.862589581163e-03 8.146074589495e-09
16 37 3 1.03888444 1.41047073 1.54198187 1.58021335 0.70092383 3.052255826964e-04 5.588290457389e-08 3.341905616605e-06 2.198162496100e-03 7.098762582198e-09
16 38 3 1.03888444 1.41047073 1.54198187 1.58021335 0.70092383 4.720675441017e-04 5.598274442356e-08 4.462889487472e-06 2.535955492635e-03 5.376098557277e-09
16 39 3 1.03888444 1.41047073 1.54198187 1.58021335 0.70092383 5.801399200059e-04 6.029496755977e-08 6.530146308996e-06 2.872184304918e-03 3.500258149083e-09
16 40 3 1.03888444 1.41047073 1.54198187 1.58021335 0.70092383 5.622520943207e-04 6.880213320045e-08 9.248490308984e-06 3.208392225400e-03 2.084497739034e-09
16 41 3 1.03888444 1.41047073 1.54198187 1.58021335 0.70092383 4.439053042008e-04 8.095965860758e-08 1.119509872167e-05 3.553587523369e-03 1.667419481042e-09
16 42 3 1.03888444 1.41047073 1.54198187 1.58021335 0.70092383 3.475548275574e-04 9.572118876256e-08 1.093773262979e-05 3.942266835484e-03 2.553513266813e-09
16 43 3 1.03888444 1.41047073 1.54198187 1.58021335 0.70092383 4.076891278599e-04 1.116308109387e-07 8.903925288144e-06 4.390170816093e-03 4.704954057045e-09
16 44 3 1.03888444 1.41047073 1.54198187 1.58021335 0.70092383 6.535009409091e-04 1.269779135608e-07 7.694604905751e-06 4.853342338844e-03 7.720285456371e-09
16 45 3 1.03888444 1.41047073 1.54198187 1.58021335 0.70092383 9.604611699669e-04 1.400017200360e-07 9.799685455852e-06 5.253437248564e-03 1.091517716565e-08
16 46 3 1.03888444 1.41047073 1.54198187 1.58021335 0.70092383 1.128218420084e-03 1.491241358965e-07 1.483178850707e-05 5.515728143991e-03 1.349313749584e-08
16 47 3 1.03888444 1.41047073 1.54198187 1.58021335 0.70092383 1.035945511948e-03 1.531828410989e-07 1.947925335772e-05 5.613338951940e-03 1.476678200006e-08
16 48 3 1.03888444 1.41047073 1.54198187 1.58021335 0.70092383 7.489330905808e-04 1.516328301896e-07 2.053193731689e-05 5.620500890301e-03 1.437095336011e-08
16 49 3 1.03888444 1.41047073 1.54198187 1.58021335 0.70092383 4.787500491818e-04 1.446848984788e-07 1.779737877932e-05 5.656180021967e-03 1.240443245267e-08
16 50 3 1.03888444 1.41047073 1.54198187 1.58021335 0.70092383 4.195032862122e-04 1.333544739467e-07 1.391894098499e-05 5.727456916564e-03 9.450521438052e-09
16 51 3 1.03888444 1.41047073 1.54198187 1.58021335 0.70092383 5.927173398766e-04 1.194036439544e-07 1.172339711122e-05 5.710935289287e-03 6.456769295918e-09
16 52 3 1.03888444 1.41047073 1.54198187 1.58021335 0.70092383 8.320085576215e-04 1.051724350605e-07 1.213717724004e-05 5.510315509410e-03 4.493670239809e-09
16 53 3 1.03888444 1.41047073 1.54198187 1.58021335 0.70092383 9.213138397196e-04 9.331087895943e-08 1.426636674003e-05 5.142286860090e-03 4.450564720509e-09
16 54 3 1.03888444 1.41047073 1.54198187 1.58021335 0.70092383 7.688390172687e-04 8.643908281389e-08 1.652827219393e-05 4.683774844720e-03 6.752424854161e-09
16 55 3 1.03888444 1.41047073 1.54198187 1.58021335 0.70092383 4.709266697260e-04 8.677606160249e-08 1.738639918545e-05 4.224179160900e-03 1.118439392402e-08
16 56 3 1.03888444 1.41047073 1.54198187 1.58021335 0.70092383 2.200072084540e-04 9.578716712613e-08 1.581514529145e-05 3.830581638690e-03 1.688824580232e-08
16 57 3 1.03888444 1.41047073 1.54198187 1.58021335 0.70092383 1.460451305080e-04 1.139026624556e-07 1.202424436285e-05 3.500277068964e-03 2.255024068557e-08
16 58 3 1.03888444 1.41047073 1.54198187 1.58021335 0.70092383 2.290831734906e-04 1.403552083402e-07 7.730159875273e-06 3.189732264288e-03 2.674431691936e-08
16 59 3 1.03888444 1.41047073 1.54198187 1.58021335 0.70092383 3.445082530532e-04 1.731716487604e-07 5.018535808587e-06 2.881640141891e-03 2.834393121512e-08
16 60 3 1.03888444 1.41047073 1.54198187 1.58021335 0.70092383 3.818453295806e-04 2.093355664065e-07 4.602404009630e-06 2.577366550619e-03 2.688614238664e-08
16 61 3 1.03888444 1.41047073 1.54198187 1.58021335 0.70092383 3.262940068842e-04 2.451138015190e-07 5.416800190245e-06 2.304689412333e-03 2.277402714678e-08
16 62 3 1.03888444 1.41047073 1.54198187 1.58021335 0.70092383 2.472069356083e-04 2.765155547109e-07 5.966785488152e-06 2.179015158322e-03 1.724080410592e-08
16 63 3 1.03888444 1.41047073 1.54198187 1.58021335 0.70092383 2.305763290825e-04 2.998303915784e-07 5.725302934496e-06 2.330573689143e-03 1.206327430346e-08
18 0 3 1.98631275 1.29851103 2.09722158 10.27744458 0.95885885 4.202724174218e+01 5.704664477059e+00 5.054597165941e+01 1.209234965185e+04 1.868408555543e+00
18 1 3 1.98631275 1.29851103 2.09722158 10.27744458 0.95885885 3.764766468220e+01 5.537616084365e+00 4.109095243157e+01 1.174610850356e+04 1.826461422651e+00
18 2 3 1.98631275 1.29851103 2.09722158 10.27744458 0.95885885 2.992461400788e+01 5.314160161870e+00 3.923674986897e+01 1.139670691879e+04 1.732789023114e+00
18 3 3 1.98631275 1.29851103 2.09722158 10.27744458 0.95885885 2.388069904905e+01 5.104641102512e+00 4.334410768569e+01 1.101745047093e+04 1.669292651702e+00
18 4 3 1.98631275 1.29851103 2.09722158 10.27744458 0.95885885 2.171773032520e+01 4.914052698213e+00 4.008382735105e+01 1.067537099425e+04 1.642718381077e+00
18 5 3 1.98631275 1.29851103 2.09722158 10.27744458 0.95885885 2.503668198157e+01 4.782655608323e+00 3.152895330844e+01 1.037764937833e+04 1.560822700487e+00
18 6 3 1.98631275 1.29851103 2.09722158 10.27744458 0.95885885 2.997604046499e+01 4.565564017587e+00 3.022144154205e+01 1.005201318246e+04 1.523061325636e+00
18 7 3 1.98631275 1.29851103 2.09722158 10.27744458 0.95885885 3.293503161037e+01 4.378183387177e+00 3.320565849893e+01 9.716651304100e+03 1.505845969260e+00
18 8 3 1.98631275 1.29851103 2.09722158 10.27744458 0.95885885 3.129074527256e+01 4.252061272990e+00 3.041696684673e+01 9.415201836414e+03 1.427719870946e+00
18 9 3 1.98631275 1.29851103 2.09722158 10.27744458 0.95885885 2.597357387960e+01 4.142270837823e+00 2.423433865754e+01 9.150674549902e+03 1.392403421002e+00
18 10 3 1.98631275 1.29851103 2.09722158 10.27744458 0.95885885 2.059081408944e+01 3.929034879338e+00 2.347786074086e+01 8.870575901695e+03 1.405041950905e+00
18 11 3 1.98631275 1.29851103 2.09722158 10.27744458 0.95885885 1.731834789022e+01 3.705144061596e+00 2.572582147294e+01 8.588840565651e+03 1.348767915993e+00
18 12 3 1.98631275 1.29851103 2.09722158 10.27744458 0.95885885 1.781594160202e+01 3.559940555598e+00 2.345318840067e+01 8.349777647528e+03 1.292474548597e+00
18 13 3 1.98631275 1.29851103 2.09722158 10.27744458 0.95885885 2.034378632179e+01 3.497313478529e+00 1.908909335756e+01 8.135330319253e+03 1.286412751048e+00
18 14 3 1.98631275 1.29851103 2.09722158 10.27744458 0.95885885 2.290978089679e+01 3.397130415864e+00 1.912542239558e+01 7.905487478046e+03 1.212266615825e+00
18 15 3 1.98631275 1.29851103 2.09722158 10.27744458 0.95885885 2.386875297077e+01 3.265076296458e+00 2.153591297884e+01 7.680611685553e+03 1.149534076739e+00
18 16 3 1.98631275 1.29851103 2.09722158 10.27744458 0.95885885 2.236818830094e+01 3.136266813332e+00 2.055852223462e+01 7.489729465993e+03 1.118333730324e+00
18 17 3 1.98631275 1.29851103 2.09722158 10.27744458 0.95885885 1.977503926320e+01 3.037556800296e+00 1.782357440741e+01 7.317148565552e+03 1.063701172086e+00
18 18 3 1.98631275 1.29851103 2.09722158 10.27744458 0.95885885 1.677064804100e+01 2.945343475860e+00 1.830843433057e+01 7.143940335154e+03 9.887835080923e-01
18 19 3 1.98631275 1.29851103 2.09722158 10.27744458 0.95885885 1.498377593203e+01 2.895717136060e+00 2.091751060238e+01 6.973761016811e+03 9.701474112810e-01
18 20 3 1.98631275 1.29851103 2.09722158 10.27744458 0.95885885 1.453119989135e+01 2.850305202736e+00 2.103539027370e+01 6.840082478743e+03 9.437830812623e-01
18 21 3 1.98631275 1.29851103 2.09722158 10.27744458 0.95885885 1.535786475153e+01 2.800978661116e+00 1.867834952382e+01 6.723493990918e+03 9.110939471636e-01
18 22 3 1.98631275 1.29851103 2.09722158 10.27744458 0.95885885 1.740390906505e+01 2.741418022429e+00 1.871297947819e+01 6.598223140981e+03 9.260984399629e-01
18 23 3 1.98631275 1.29851103 2.09722158 10.27744458 0.95885885 1.900772966000e+01 2.665671955909e+00 2.184083803755e+01 6.481856185163e+03 9.497652973073e-01
18 24 3 1.98631275 1.29851103 2.09722158 10.27744458 0.95885885 1.934845344996e+01 2.598168358315e+00 2.235507338046e+01 6.390328634988e+03 9.271161079889e-01
18 25 3 1.98631275 1.29851103 2.09722158 10.27744458 0.95885885 1.757534793522e+01 2.559103457352e+00 1.978470731575e+01 6.311300111376e+03 8.957400796034e-01
18 26 3 1.98631275 1.29851103 2.09722158 10.27744458 0.95885885 1.473959169808e+01 2.541289838230e+00 1.979658837064e+01 6.234971652830e+03 8.674511249866e-01
18 27 3 1.98631275 1.29851103 2.09722158 10.27744458 0.95885885 1.246796681685e+01 2.534594359580e+00 2.310917954099e+01 6.174771473798e+03 8.217621774096e-01
18 28 3 1.98631275 1.29851103 2.09722158 10.27744458 0.95885885 1.182366156190e+01 2.544828804782e+00 2.354945781497e+01 6.136924898101e+03 7.880244742948e-01
18 29 3 1.98631275 1.29851103 2.09722158 10.27744458 0.95885885 1.347615066246e+01 2.523804267685e+00 2.047943961865e+01 6.116280499867e+03 7.624577517006e-01
18 30 3 1.98631275 1.29851103 2.09722158 10.27744458 0.95885885 1.594092480448e+01 2.470270289795e+00 2.024350670259e+01 6.084068536135e+03 7.328340069540e-01
18 31 3 1.98631275 1.29851103 2.09722158 10.27744458 0.95885885 1.800646583167e+01 2.436547305573e+00 2.330492725371e+01 6.060363969015e+03 7.226457131609e-01
18 32 3 1.98631275 1.29851103 2.09722158 10.27744458 0.95885885 1.853971944967e+01 2.535307905111e+00 2.401456469908e+01 6.102525136980e+03 7.908549557052e-01
18 33 3 1.98631275 1.29851103 2.09722158 10.27744458 0.95885885 1.676844707279e+01 2.627135545823e+00 2.110726580854e+01 6.151386540175e+03 8.550747535172e-01
18 34 3 1.98631275 1.29851103 2.09722158 10.27744458 0.95885885 1.406316736203e+01 2.650689828527e+00 2.103790156413e+01 6.180295784422e+03 8.962042695171e-01
18 35 3 1.98631275 1.29851103 2.09722158 10.27744458 0.95885885 1.205395396157e+01 2.646461853028e+00 2.422456523831e+01 6.221905740447e+03 9.166842470851e-01
18 36 3 1.98631275 1.29851103 2.09722158 10.27744458 0.95885885 1.270173006960e+01 2.685558428619e+00 2.391362089463e+01 6.295854624623e+03 9.482544056801e-01
18 37 3 1.98631275 1.29851103 2.09722158 10.27744458 0.95885885 1.520345584572e+01 2.742826343975e+00 2.049314738568e+01 6.377393154859e+03 9.580770597128e-01
18 38 3 1.98631275 1.29851103 2.09722158 10.27744458 0.95885885 1.831844514986e+01 2.826918626809e+00 2.042204429639e+01 6.465075540201e+03 9.526204359898e-01
18 39 3 1.98631275 1.29851103 2.09722158 10.27744458 0.95885885 2.012840059894e+01 2.913625267457e+00 2.302544322014e+01 6.563035100360e+03 9.583963054548e-01
18 40 3 1.98631275 1.29851103 2.09722158 10.27744458 0.95885885 1.963887922680e+01 3.010620849940e+00 2.242703171550e+01 6.682720604664e+03 9.343516311626e-01
18 41 3 1.98631275 1.29851103 2.09722158 10.27744458 0.95885885 1.809202112314e+01 3.067715053959e+00 1.951525741911e+01 6.815737651107e+03 9.325491052447e-01
18 42 3 1.98631275 1.29851103 2.09722158 10.27744458 0.95885885 1.603586879268e+01 3.140615603102e+00 1.946644776591e+01 6.939268098250e+03 9.848205609732e-01
18 43 3 1.98631275 1.29851103 2.09722158 10.27744458 0.95885885 1.512969256136e+01 3.214216583860e+00 2.151895574534e+01 7.087637833265e+03 1.042592480318e+00
18 44 3 1.98631275 1.29851103 2.09722158 10.27744458 0.95885885 1.549019217601e+01 3.325959323509e+00 2.136628041269e+01 7.268471609619e+03 1.067103938678e+00
18 45 3 1.98631275 1.29851103 2.09722158 10.27744458 0.95885885 1.774098355989e+01 3.461280567672e+00 1.891790591471e+01 7.457993625360e+03 1.136581608466e+00
18 46 3 1.98631275 1.29851103 2.09722158 10.27744458 0.95885885 2.112700315022e+01 3.624779284712e+00 1.868963924329e+01 7.640126717224e+03 1.192330472997e+00
18 47 3 1.98631275 1.29851103 2.09722158 10.27744458 0.95885885 2.386676815906e+01 3.767441173374e+00 2.156731548314e+01 7.845989101436e+03 1.201686183933e+00
18 48 3 1.98631275 1.29851103 2.09722158 10.27744458 0.95885885 2.531149058583e+01 3.933146056487e+00 2.247498916099e+01 8.080780383859e+03 1.236594143093e+00
18 49 3 1.98631275 1.29851103 2.09722158 10.27744458 0.95885885 2.405200221943e+01 4.046327387402e+00 2.049464376528e+01 8.319505724977e+03 1.292646859526e+00
18 50 3 1.98631275 1.29851103 2.09722158 10.27744458 0.95885885 2.124041781631e+01 4.172306264193e+00 2.069972142323e+01 8.547807358272e+03 1.281173957888e+00
18 51 3 1.98631275 1.29851103 2.09722158 10.27744458 0.95885885 1.868624439846e+01 4.362183559896e+00 2.519518417083e+01 8.795793778494e+03 1.304342546140e+00
18 52 3 1.98631275 1.29851103 2.09722158 10.27744458 0.95885885 1.864895572328e+01 4.636156660730e+00 2.749932844616e+01 9.091580039613e+03 1.355147405368e+00
18 53 3 1.98631275 1.29851103 2.09722158 10.27744458 0.95885885 2.266820063775e+01 4.835740952187e+00 2.504493325115e+01 9.381236228153e+03 1.352491956002e+00
18 54 3 1.98631275 1.29851103 2.09722158 10.27744458 0.95885885 2.864352391438e+01 4.944746082648e+00 2.545785132091e+01 9.652807906122e+03 1.387757754725e+00
18 55 3 1.98631275 1.29851103 2.09722158 10.27744458 0.95885885 3.411774292466e+01 5.072105026048e+00 3.202265479053e+01 9.959459856284e+03 1.476411079100e+00
18 56 3 1.98631275 1.29851103 2.09722158 10.27744458 0.95885885 3.511289963310e+01 5.304799348322e+00 3.544104430234e+01 1.029731611094e+04 1.531277833367e+00
18 57 3 1.98631275 1.29851103 2.09722158 10.27744458 0.95885885 3.142071483768e+01 5.549353536075e+00 3.205284091771e+01 1.062349145212e+04 1.555948693767e+00
18 58 3 1.98631275 1.29851103 2.09722158 10.27744458 0.95885885 2.645924710059e+01 5.719625293177e+00 3.395805385805e+01 1.092589604636e+04 1.669402640471e+00
18 59 3 1.98631275 1.29851103 2.09722158 10.27744458 0.95885885 2.359662245719e+01 5.928209048820e+00 4.353665808209e+01 1.127056048641e+04 1.719962712339e+00
18 60 3 1.98631275 1.29851103 2.09722158 10.27744458 0.95885885 2.623927239471e+01 6.194831502499e+00 4.677867773912e+01 1.166005400962e+04 1.782071488708e+00
18 61 3 1.98631275 1.29851103 2.09722158 10.27744458 0.95885885 3.268150731073e+01 6.447021563596e+00 4.207174188428e+01 1.202059947542e+04 1.890092281136e+00
18 62 3 1.98631275 1.29851103 2.09722158 10.27744458 0.95885885 4.025877142117e+01 6.662583618658e+00 4.507764607990e+01 1.237431147270e+04 1.944279847293e+00
18 63 3 1.98631275 1.29851103 2.09722158 10.27744458 0.95885885 4.423961703505e+01 6.932764023616e+00 5.623352752172e+01 1.277579936835e+04 1.979205311691e+00
20 0 3 0.66712475 0.66781782 0.75106672 0.93041203 0.49143605 4.126512327480e-01 4.426289272042e-06 1.738044130373e-03 1.364627831212e+00 1.384729479366e-01
20 1 3 0.66712475 0.66781782 0.75106672 0.93041203 0.49143605 2.084482370733e-01 6.057272722610e-06 2.708561344007e-03 1.325744925141e+00 1.399821940331e-01
20 2 3 0.66712475 0.66781782 0.75106672 0.93041203 0.49143605 1.238704255391e-01 7.943078916403e-06 1.518753663292e-03 1.289504554373e+00 1.425278308069e-01
20 3 3 0.66712475 0.66781782 0.75106672 0.93041203 0.49143605 1.971360008228e-01 1.003217977681e-05 2.330885897714e-04 1.241762338145e+00 1.450108338289e-01
20 4 3 0.66712475 0.66781782 0.75106672 0.93041203 0.49143605 3.622297664514e-01 1.227575327144e-05 1.170567933799e-03 1.201004787024e+00 1.470992734318e-01
20 5 3 0.66712475 0.66781782 0.75106672 0.93041203 0.49143605 5.098871949541e-01 1.462809899280e-05 2.544472774331e-03 1.162371355692e+00 1.497023082589e-01
20 6 3 0.66712475 0.66781782 0.75106672 0.93041203 0.49143605 5.541517941448e-01 1.704698443628e-05 2.001815533985e-03 1.128568932255e+00 1.505036286547e-01
20 7 3 0.66712475 0.66781782 0.75106672 0.93041203 0.49143605 4.681444677848e-01 1.949392029071e-05 3.379905020518e-04 1.096295650096e+00 1.515219138733e-01
20 8 3 0.66712475 0.66781782 0.75106672 0.93041203 0.49143605 2.972638872291e-01 2.193436407419e-05 4.010008640048e-04 1.076736638349e+00 1.516329846808e-01
20 9 3 0.66712475 0.66781782 0.75106672 0.93041203 0.49143605 1.410798290185e-01 2.433785244829e-05 2.071969776364e-03 1.049132004017e+00 1.515968934132e-01
20 10 3 0.66712475 0.66781782 0.75106672 0.93041203 0.49143605 8.200911078845e-02 2.667806351885e-05 2.237385468985e-03 1.027707560843e+00 1.518313433393e-01
20 11 3 0.66712475 0.66781782 0.75106672 0.93041203 0.49143605 1.382784709204e-01 2.893281136590e-05 7.156046138661e-04 1.008653694351e+00 1.529421957812e-01
20 12 3 0.66712475 0.66781782 0.75106672 0.93041203 0.49143605 2.660465616549e-01 3.108397593155e-05 2.575833464995e-05 9.757973128580e-01 1.538916049228e-01
20 13 3 0.66712475 0.66781782 0.75106672 0.93041203 0.49143605 3.841921794855e-01 3.311737221836e-05 1.109023124338e-03 9.521985712850e-01 1.565483740927e-01
20 14 3 0.66712475 0.66781782 0.75106672 0.93041203 0.49143605 4.175584819071e-01 3.502256350713e-05 1.959260127538e-03 9.167111637441e-01 1.585629502632e-01
20 15 3 0.66712475 0.66781782 0.75106672 0.93041203 0.49143605 3.443135039154e-01 3.679262397857e-05 9.534288028200e-04 8.781312130808e-01 1.612477177554e-01
20 16 3 0.66712475 0.66781782 0.75106672 0.93041203 0.49143605 2.137174796390e-01 3.842385671489e-05 2.114786275628e-05 8.414434918939e-01 1.638547279275e-01
20 17 3 0.66712475 0.66781782 0.75106672 0.93041203 0.49143605 9.600157257871e-02 3.991547355560e-05 6.424219093557e-04 7.992348322633e-01 1.660426582488e-01
20 18 3 0.66712475 0.66781782 0.75106672 0.93041203 0.49143605 5.260716287199e-02 4.126924368281e-05 1.389879742787e-03 7.615842937096e-01 1.683741981525e-01
20 19 3 0.66712475 0.66781782 0.75106672 0.93041203 0.49143605 1.049540599363e-01 4.248911811119e-05 8.941837296926e-04 7.271263863866e-01 1.708914996621e-01
20 20 3 0.66712475 0.66781782 0.75106672 0.93041203 0.49143605 2.115425317437e-01 4.358083745322e-05 6.889927549465e-05 6.986514073378e-01 1.730563290144e-01
20 21 3 0.66712475 0.66781782 0.75106672 0.93041203 0.49143605 3.043010574498e-01 4.455153042027e-05 6.302286389241e-04 6.743636154937e-01 1.759705793436e-01
20 22 3 0.66712475 0.66781782 0.75106672 0.93041203 0.49143605 3.294575777187e-01 4.540931050501e-05 1.471576560215e-03 6.568663621707e-01 1.787214691862e-01
20 23 3 0.66712475 0.66781782 0.75106672 0.93041203 0.49143605 2.728356856479e-01 4.616287817032e-05 9.207354610855e-04 6.407099809004e-01 1.812516574825e-01
20 24 3 0.66712475 0.66781782 0.75106672 0.93041203 0.49143605 1.664976736906e-01 4.682113564870e-05 5.728070591414e-05 6.257237672465e-01 1.844191592882e-01
20 25 3 0.66712475 0.66781782 0.75106672 0.93041203 0.49143605 7.532492873554e-02 4.739282113616e-05 5.505944680407e-04 6.116895863012e-01 1.866742838731e-01
20 26 3 0.66712475 0.66781782 0.75106672 0.93041203 0.49143605 5.135207348114e-02 4.788616875202e-05 1.842145590137e-03 5.943283788475e-01 1.896236775332e-01
20 27 3 0.66712475 0.66781782 0.75106672 0.93041203 0.49143605 1.030601864072e-01 4.830860013580e-05 1.575821513198e-03 5.823628388621e-01 1.925946196083e-01
20 28 3 0.66712475 0.66781782 0.75106672 0.93041203 0.49143605 1.972417658771e-01 4.866645297294e-05 2.099560876619e-04 5.681553101200e-01 1.959776713247e-01
20 29 3 0.66712475 0.66781782 0.75106672 0.93041203 0.49143605 2.782153581006e-01 4.896475108893e-05 3.787366762383e-04 5.644519677485e-01 2.000601745356e-01
20 30 3 0.66712475 0.66781782 0.75106672 0.93041203 0.49143605 2.956602558234e-01 4.920702003719e-05 1.865606327863e-03 5.673389835867e-01 2.051005963943e-01
20 31 3 0.66712475 0.66781782 0.75106672 0.93041203 0.49143605 2.395483627490e-01 4.939515133788e-05 2.289507363697e-03 5.746459409023e-01 2.098818112740e-01
20 32 3 0.66712475 0.66781782 0.75106672 0.93041203 0.49143605 1.497231624843e-01 4.952931771439e-05 8.312511203869e-04 5.972762851796e-01 2.160230396587e-01
20 33 3 0.66712475 0.66781782 0.75106672 0.93041203 0.49143605 7.743153516423e-02 4.960794083116e-05 1.252075047701e-04 6.161537764612e-01 2.210202580603e-01
20 34 3 0.66712475 0.66781782 0.75106672 0.93041203 0.49143605 6.678763680199e-02 4.962771217361e-05 1.627954262193e-03 6.415340375363e-01 2.263603091687e-01
20 35 3 0.66712475 0.66781782 0.75106672 0.93041203 0.49143605 1.289842420440e-01 4.958366683764e-05 2.631611045484e-03 6.658422034886e-01 2.310439191480e-01
20 36 3 0.66712475 0.66781782 0.75106672 0.93041203 0.49143605 2.272243865119e-01 4.946930912627e-05 1.520004759433e-03 6.844072221527e-01 2.351396973319e-01
20 37 3 0.66712475 0.66781782 0.75106672 0.93041203 0.49143605 3.059430303101e-01 4.927678799451e-05 2.124608291855e-04 7.015967605895e-01 2.390416375289e-01
20 38 3 0.66712475 0.66781782 0.75106672 0.93041203 0.49143605 3.233265133149e-01 4.899711955244e-05 1.074954531988e-03 7.184362382566e-01 2.432136857967e-01
20 39 3 0.66712475 0.66781782 0.75106672 0.93041203 0.49143605 2.713871213218e-01 4.862045304240e-05 2.701499605196e-03 7.334972534002e-01 2.468012241040e-01
20 40 3 0.66712475 0.66781782 0.75106672 0.93041203 0.49143605 1.795968260422e-01 4.813637595866e-05 2.124094280474e-03 7.498988702726e-01 2.516096104902e-01
20 41 3 0.66712475 0.66781782 0.75106672 0.93041203 0.49143605 1.065469493011e-01 4.753425328840e-05 5.631615785907e-04 7.774783418296e-01 2.559910018054e-01
20 42 3 0.66712475 0.66781782 0.75106672 0.93041203 0.49143605 9.931047534676e-02 4.680359522980e-05 8.461309533880e-04 7.970391901451e-01 2.606306241690e-01
20 43 3 0.66712475 0.66781782 0.75106672 0.93041203 0.49143605 1.645899429435e-01 4.593444719573e-05 2.564276606837e-03 8.295851708806e-01 2.658377642472e-01
20 44 3 0.66712475 0.66781782 0.75106672 0.93041203 0.49143605 2.714186155128e-01 4.491779544725e-05 2.718722414140e-03 8.580401687986e-01 2.702172414294e-01
20 45 3 0.66712475 0.66781782 0.75106672 0.93041203 0.49143605 3.671964106626e-01 4.374598132723e-05 1.005031768505e-03 8.804278210765e-01 2.753090210029e-01
20 46 3 0.66712475 0.66781782 0.75106672 0.93041203 0.49143605 3.977655204891e-01 4.241311678619e-05 8.324353925853e-04 9.082397497200e-01 2.804322020438e-01
20 47 3 0.66712475 0.66781782 0.75106672 0.93041203 0.49143605 3.485773826944e-01 4.091549371415e-05 2.754370550973e-03 9.221561022796e-01 2.856377028205e-01
20 48 3 0.66712475 0.66781782 0.75106672 0.93041203 0.49143605 2.581526126035e-01 3.925197951810e-05 3.553580688689e-03 9.393329073003e-01 2.915757178923e-01
20 49 3 0.66712475 0.66781782 0.75106672 0.93041203 0.49143605 1.761593360021e-01 3.742439141611e-05 1.791596169814e-03 9.509620884976e-01 2.979955437766e-01
20 50 3 0.66712475 0.66781782 0.75106672 0.93041203 0.49143605 1.552022352716e-01 3.543784205632e-05 5.304236833779e-04 9.651370389230e-01 3.035378122807e-01
20 51 3 0.66712475 0.66781782 0.75106672 0.93041203 0.49143605 2.185322830406e-01 3.330104931310e-05 2.496360673593e-03 9.794610490270e-01 3.103067445804e-01
20 52 3 0.66712475 0.66781782 0.75106672 0.93041203 0.49143605 3.348474602656e-01 3.102660345999e-05 4.587675012626e-03 1.000375281141e+00 3.147995631654e-01
20 53 3 0.66712475 0.66781782 0.75106672 0.93041203 0.49143605 4.444884083957e-01 2.863118536786e-05 3.320870805068e-03 1.026004310188e+00 3.197163123706e-01
20 54 3 0.66712475 0.66781782 0.75106672 0.93041203 0.49143605 4.941437797435e-01 2.613572992088e-05 8.159259991662e-04 1.057169016087e+00 3.236114712724e-01
20 55 3 0.66712475 0.66781782 0.75106672 0.93041203 0.49143605 4.608467445689e-01 2.356552948007e-05 1.224940194028e-03 1.099379759984e+00 3.272970257972e-01
20 56 3 0.66712475 0.66781782 0.75106672 0.93041203 0.49143605 3.614500704372e-01 2.095027294191e-05 4.195403189001e-03 1.140410392401e+00 3.314086781694e-01
20 57 3 0.66712475 0.66781782 0.75106672 0.93041203 0.49143605 2.612622756056e-01 1.832401673736e-05 4.848491711872e-03 1.196562743464e+00 3.371464122591e-01
20 58 3 0.66712475 0.66781782 0.75106672 0.93041203 0.49143605 2.265546662269e-01 1.572508497763e-05 2.209783397055e-03 1.244386111863e+00 3.427424449590e-01
20 59 3 0.66712475 0.66781782 0.75106672 0.93041203 0.49143605 2.822282653322e-01 1.319589687419e-05 7.761377205948e-04 1.299147829235e+00 3.513755675308e-01
20 60 3 0.66712475 0.66781782 0.75106672 0.93041203 0.49143605 4.100465869041e-01 1.078272052633e-05 2.587341730871e-03 1.353806227903e+00 3.595177151869e-01
20 61 3 0.66712475 0.66781782 0.75106672 0.93041203 0.49143605 5.552246783984e-01 8.535353171553e-06 4.554240021730e-03 1.395124411722e+00 3.685233158243e-01
20 62 3 0.66712475 0.66781782 0.75106672 0.93041203 0.49143605 6.356283512156e-01 6.506729018255e-06 3.483232398816e-03 1.452387430298e+00 3.780566774613e-01
20 63 3 0.66712475 0.66781782 0.75106672 0.93041203 0.49143605 6.096536174769e-01 4.752456816046e-06 1.490001580185e-03 1.499642081742e+00 3.861975939192e-01
23 0 3 0.74425187 0.67544450 0.79534638 1.07215330 0.53126859 4.152225721325e-01 2.341038095089e-03 5.192667013806e-01 2.455441701779e+00 1.310122955484e-01
23 1 3 0.74425187 0.67544450 0.79534638 1.07215330 0.53126859 4.250645537644e-01 2.320096962653e-03 4.767049484715e-01 2.354707645495e+00 1.264779872029e-01
23 2 3 0.74425187 0.67544450 0.79534638 1.07215330 0.53126859 4.435729556291e-01 2.249202505261e-03 4.683047059954e-01 2.244097779399e+00 1.257801991083e-01
23 3 3 0.74425187 0.67544450 0.79534638 1.07215330 0.53126859 4.561801997760e-01 2.139044385233e-03 4.695174679563e-01 2.146002466896e+00 1.258769096520e-01
23 4 3 0.74425187 0.67544450 0.79534638 1.07215330 0.53126859 4.529933470865e-01 2.001907990453e-03 4.363279377479e-01 2.061570745931e+00 1.216608016367e-01
23 5 3 0.74425187 0.67544450 0.79534638 1.07215330 0.53126859 4.324073488696e-01 1.851064409071e-03 4.058600077733e-01 1.962210935643e+00 1.185440518916e-01
23 6 3 0.74425187 0.67544450 0.79534638 1.07215330 0.53126859 4.132372792566e-01 1.699953981241e-03 4.027780250417e-01 1.873644770726e+00 1.177593063651e-01
23 7 3 0.74425187 0.67544450 0.79534638 1.07215330 0.53126859 4.001566035388e-01 1.560801942789e-03 3.885535407552e-01 1.790620176966e+00 1.150237062251e-01
23 8 3 0.74425187 0.67544450 0.79534638 1.07215330 0.53126859 4.019340744343e-01 1.443055550249e-03 3.600291972854e-01 1.693806720183e+00 1.123799664893e-01
23 9 3 0.74425187 0.67544450 0.79534638 1.07215330 0.53126859 4.037134971174e-01 1.352418145915e-03 3.489820621507e-01 1.609794972676e+00 1.096133742022e-01
23 10 3 0.74425187 0.67544450 0.79534638 1.07215330 0.53126859 3.999109795976e-01 1.290886282795e-03 3.451631219139e-01 1.527862562590e+00 1.032596979640e-01
23 11 3 0.74425187 0.67544450 0.79534638 1.07215330 0.53126859 3.861934728465e-01 1.257464186247e-03 3.292757212709e-01 1.436965804603e+00 9.736149218598e-02
23 12 3 0.74425187 0.67544450 0.79534638 1.07215330 0.53126859 3.677149567465e-01 1.248863983052e-03 3.124930024890e-01 1.360931573066e+00 9.408688938131e-02
23 13 3 0.74425187 0.67544450 0.79534638 1.07215330 0.53126859 3.540232773892e-01 1.259815659082e-03 2.979574391695e-01 1.284842759960e+00 8.875743026321e-02
23 14 3 0.74425187 0.67544450 0.79534638 1.07215330 0.53126859 3.423952061433e-01 1.283228344563e-03 2.812667170661e-01 1.204217923950e+00 8.222567499114e-02
23 15 3 0.74425187 0.67544450 0.79534638 1.07215330 0.53126859 3.311701382360e-01 1.310717494531e-03 2.711847401011e-01 1.138107747117e+00 7.753716107653e-02
23 16 3 0.74425187 0.67544450 0.79534638 1.07215330 0.53126859 3.116789197373e-01 1.333685642757e-03 2.623244087631e-01 1.069564040544e+00 7.278590623451e-02
23 17 3 0.74425187 0.67544450 0.79534638 1.07215330 0.53126859 2.879052853046e-01 1.344579571855e-03 2.457512968722e-01 9.992950267756e-01 6.872233818778e-02
23 18 3 0.74425187 0.67544450 0.79534638 1.07215330 0.53126859 2.664241516964e-01 1.337725751279e-03 2.383700926158e-01 9.415080541479e-01 6.682703920959e-02
23 19 3 0.74425187 0.67544450 0.79534638 1.07215330 0.53126859 2.549436414866e-01 1.309482510774e-03 2.398552890958e-01 8.793589432169e-01 6.377237299497e-02
23 20 3 0.74425187 0.67544450 0.79534638 1.07215330 0.53126859 2.519847130644e-01 1.257995505184e-03 2.254920753381e-01 8.181124084233e-01 5.973103854283e-02
23 21 3 0.74425187 0.67544450 0.79534638 1.07215330 0.53126859 2.491109089197e-01 1.183064427474e-03 2.083029415539e-01 7.677937868115e-01 5.794067635718e-02
23 22 3 0.74425187 0.67544450 0.79534638 1.07215330 0.53126859 2.369781865766e-01 1.086331898895e-03 2.114930383531e-01 7.132785965762e-01 5.650403307147e-02
23 23 3 0.74425187 0.67544450 0.79534638 1.07215330 0.53126859 2.167080068359e-01 9.715191739956e-04 2.118387620045e-01 6.641634807618e-01 5.397414405651e-02
23 24 3 0.74425187 0.67544450 0.79534638 1.07215330 0.53126859 1.955671277177e-01 8.442617500262e-04 1.979924719362e-01 6.262747101646e-01 5.219732898063e-02
23 25 3 0.74425187 0.67544450 0.79534638 1.07215330 0.53126859 1.848486298598e-01 7.114112179437e-04 1.977116053779e-01 5.871760020341e-01 5.026774563339e-02
23 26 3 0.74425187 0.67544450 0.79534638 1.07215330 0.53126859 1.858684579274e-01 5.801407307176e-04 2.070449783442e-01 5.598327659357e-01 4.807391330413e-02
23 27 3 0.74425187 0.67544450 0.79534638 1.07215330 0.53126859 1.925705740235e-01 4.573362630293e-04 2.019453009981e-01 5.445742436537e-01 4.811306097418e-02
23 28 3 0.74425187 0.67544450 0.79534638 1.07215330 0.53126859 1.971827490867e-01 3.494299654901e-04 1.966282034722e-01 5.320443484174e-01 4.887655239629e-02
23 29 3 0.74425187 0.67544450 0.79534638 1.07215330 0.53126859 1.956043995197e-01 2.623783757991e-04 2.036211287523e-01 5.363196416945e-01 4.859230427939e-02
23 30 3 0.74425187 0.67544450 0.79534638 1.07215330 0.53126859 1.956004632348e-01 2.013813437128e-04 2.081378484870e-01 5.507672087280e-01 4.978989295396e-02
23 31 3 0.74425187 0.67544450 0.79534638 1.07215330 0.53126859 1.999991898494e-01 1.702848113964e-04 2.120699186943e-01 5.695864018979e-01 5.258972624077e-02
23 32 3 0.74425187 0.67544450 0.79534638 1.07215330 0.53126859 2.129541439092e-01 1.710333894172e-04 2.225499985799e-01 6.054654648722e-01 5.525172203866e-02
23 33 3 0.74425187 0.67544450 0.79534638 1.07215330 0.53126859 2.253036411975e-01 2.035702050661e-04 2.291458235019e-01 6.451504364104e-01 5.894717805484e-02
23 34 3 0.74425187 0.67544450 0.79534638 1.07215330 0.53126859 2.339192166219e-01 2.661741179934e-04 2.363050092219e-01 6.875387316529e-01 6.282294710717e-02
23 35 3 0.74425187 0.67544450 0.79534638 1.07215330 0.53126859 2.385544734647e-01 3.558187536208e-04 2.501500543656e-01 7.425891814167e-01 6.497251177128e-02
23 36 3 0.74425187 0.67544450 0.79534638 1.07215330 0.53126859 2.462815556036e-01 4.681944060108e-04 2.533442770316e-01 7.931516289257e-01 6.798596344256e-02
23 37 3 0.74425187 0.67544450 0.79534638 1.07215330 0.53126859 2.645172653979e-01 5.975144832403e-04 2.520739688323e-01 8.440740101536e-01 7.238457752488e-02
23 38 3 0.74425187 0.67544450 0.79534638 1.07215330 0.53126859 2.882232974735e-01 7.366046575890e-04 2.695231719445e-01 9.024405707522e-01 7.484555470831e-02
23 39 3 0.74425187 0.67544450 0.79534638 1.07215330 0.53126859 3.102357788172e-01 8.775929945630e-04 2.853462247120e-01 9.506574539050e-01 7.639312541016e-02
23 40 3 0.74425187 0.67544450 0.79534638 1.07215330 0.53126859 3.184698243876e-01 1.012932616306e-03 2.823809120370e-01 9.996247188590e-01 7.879236591344e-02
23 41 3 0.74425187 0.67544450 0.79534638 1.07215330 0.53126859 3.158122681315e-01 1.136129250131e-03 2.915539358799e-01 1.053448137129e+00 8.033741382294e-02
23 42 3 0.74425187 0.67544450 0.79534638 1.07215330 0.53126859 3.108239126067e-01 1.241849105739e-03 3.147930281485e-01 1.096139107489e+00 8.244057965116e-02
23 43 3 0.74425187 0.67544450 0.79534638 1.07215330 0.53126859 3.151926354383e-01 1.325762465509e-03 3.177057752171e-01 1.143298855757e+00 8.635071096767e-02
23 44 3 0.74425187 0.67544450 0.79534638 1.07215330 0.53126859 3.307977546069e-01 1.384785859575e-03 3.136366930102e-01 1.195219696745e+00 8.842788335113e-02
23 45 3 0.74425187 0.67544450 0.79534638 1.07215330 0.53126859 3.498639503423e-01 1.417922983691e-03 3.306571492625e-01 1.237844361414e+00 8.938493479592e-02
23 46 3 0.74425187 0.67544450 0.79534638 1.07215330 0.53126859 3.612784266359e-01 1.427119178907e-03 3.476184757720e-01 1.289865939275e+00 9.295541772839e-02
23 47 3 0.74425187 0.67544450 0.79534638 1.07215330 0.53126859 3.627988996666e-01 1.417303102966e-03 3.511624767532e-01 1.346479604830e+00 9.650286531193e-02
23 48 3 0.74425187 0.67544450 0.79534638 1.07215330 0.53126859 3.584596021802e-01 1.395429812373e-03 3.614498888838e-01 1.395663483423e+00 9.834908743480e-02
23 49 3 0.74425187 0.67544450 0.79534638 1.07215330 0.53126859 3.585166550710e-01 1.369233948183e-03 3.766674276023e-01 1.458425231816e+00 1.007437623366e-01
23 50 3 0.74425187 0.67544450 0.79534638 1.07215330 0.53126859 3.642731007979e-01 1.346579355053e-03 3.848676923927e-01 1.523723577121e+00 1.015667306014e-01
23 51 3 0.74425187 0.67544450 0.79534638 1.07215330 0.53126859 3.709612223774e-01 1.335508641706e-03 3.942808525854e-01 1.582891362231e+00 1.006065525757e-01
23 52 3 0.74425187 0.67544450 0.79534638 1.07215330 0.53126859 3.739131859502e-01 1.344175321396e-03 4.033261923998e-01 1.658994627742e+00 1.022552637268e-01
23 53 3 0.74425187 0.67544450 0.79534638 1.07215330 0.53126859 3.702000117834e-01 1.379828393047e-03 4.098449177687e-01 1.734334468588e+00 1.038397408549e-01
23 54 3 0.74425187 0.67544450 0.79534638 1.07215330 0.53126859 3.730666062979e-01 1.447016639306e-03 4.315970472079e-01 1.806338178788e+00 1.019897279426e-01
23 55 3 0.74425187 0.67544450 0.79534638 1.07215330 0.53126859 3.842178815178e-01 1.546151337306e-03 4.580449007503e-01 1.899441695177e+00 1.015020600808e-01
23 56 3 0.74425187 0.67544450 0.79534638 1.07215330 0.53126859 4.094857078925e-01 1.673416570357e-03 4.630562640277e-01 1.990035351047e+00 1.031438395655e-01
23 57 3 0.74425187 0.67544450 0.79534638 1.07215330 0.53126859 4.320764081772e-01 1.821823538340e-03 4.733722326205e-01 2.084522368597e+00 1.042226372176e-01
23 58 3 0.74425187 0.67544450 0.79534638 1.07215330 0.53126859 4.450144104217e-01 1.982219743618e-03 5.085660388404e-01 2.206706941099e+00 1.076345906888e-01
23 59 3 0.74425187 0.67544450 0.79534638 1.07215330 0.53126859 4.458413204297e-01 2.143385165056e-03 5.237103097746e-01 2.328053888995e+00 1.118118217999e-01
23 60 3 0.74425187 0.67544450 0.79534638 1.07215330 0.53126859 4.465319536281e-01 2.291675534713e-03 5.172782485467e-01 2.464710702010e+00 1.129185772275e-01
23 61 3 0.74425187 0.67544450 0.79534638 1.07215330 0.53126859 4.674310650084e-01 2.411551268820e-03 5.463557039896e-01 2.635970396272e+00 1.166332412726e-01
23 62 3 0.74425187 0.67544450 0.79534638 1.07215330 0.53126859 5.092117324357e-01 2.487710299905e-03 5.902989011351e-01 2.807858372746e+00 1.240886367022e-01
23 63 3 0.74425187 0.67544450 0.79534638 1.07215330 0.53126859 5.682146143614e-01 2.507990523615e-03 5.955130049937e-01 3.004854186005e+00 1.284440832253e-01
