# environment=00132 local_bs=4 gain_scale=1.236037643056e-13
# ue subcarrier serving_bs phi0 phi1 phi2 phi3 phi4 gain0 gain1 gain2 gain3 gain4
1 0 4 0.87566608 0.77869456 1.74607885 0.57416958 3.46720809 1.751982476413e+00 8.081027348829e-01 2.060756487787e+01 2.941719933918e-03 3.342139238739e+02
1 1 4 0.87566608 0.77869456 1.74607885 0.57416958 3.46720809 1.769521871012e+00 1.124611528779e+00 2.503779438708e+01 2.241841857652e-03 2.934113289387e+02
1 2 4 0.87566608 0.77869456 1.74607885 0.57416958 3.46720809 8.069436477503e-01 9.538436192618e-01 2.113841432196e+01 2.136144415062e-03 2.636316409090e+02
1 3 4 0.87566608 0.77869456 1.74607885 0.57416958 3.46720809 1.431539422991e+00 6.028191445427e-01 1.822558628847e+01 1.423376154833e-03 2.205577051248e+02
1 4 4 0.87566608 0.77869456 1.74607885 0.57416958 3.46720809 1.441690494554e+00 7.776169999000e-01 1.666056746417e+01 1.930309643931e-03 2.216576829228e+02
1 5 4 0.87566608 0.77869456 1.74607885 0.57416958 3.46720809 1.344959138646e+00 9.873148243289e-01 2.093700508756e+01 1.591871201382e-03 2.249772418373e+02
1 6 4 0.87566608 0.77869456 1.74607885 0.57416958 3.46720809 1.162797881453e+00 7.211457344901e-01 1.906714244188e+01 2.148579946338e-03 2.329186306233e+02
1 7 4 0.87566608 0.77869456 1.74607885 0.57416958 3.46720809 9.027625913994e-01 5.134186904796e-01 1.659098788644e+01 1.869544884002e-03 2.648540204703e+02
1 8 4 0.87566608 0.77869456 1.74607885 0.57416958 3.46720809 9.731985906634e-01 7.164723293389e-01 1.399021818795e+01 1.738713567086e-03 2.665592730929e+02
1 9 4 0.87566608 0.77869456 1.74607885 0.57416958 3.46720809 1.606201975797e+00 8.227035591572e-01 1.711000959700e+01 1.316588345411e-03 2.673989758139e+02
1 10 4 0.87566608 0.77869456 1.74607885 0.57416958 3.46720809 9.660833116659e-01 5.520075948932e-01 1.684957931909e+01 8.738500582412e-04 2.643639885527e+02
1 11 4 0.87566608 0.77869456 1.74607885 0.57416958 3.46720809 7.758196558674e-01 4.640946886126e-01 1.528488144315e+01 5.326041199340e-04 2.280575977484e+02
1 12 4 0.87566608 0.77869456 1.74607885 0.57416958 3.46720809 8.999686008025e-01 6.865371350646e-01 1.209186640804e+01 3.543832031760e-04 2.057655716440e+02
1 13 4 0.87566608 0.77869456 1.74607885 0.57416958 3.46720809 9.939719549532e-01 6.975006207573e-01 1.398985624291e+01 3.323581279086e-04 1.810153821875e+02
1 14 4 0.87566608 0.77869456 1.74607885 0.57416958 3.46720809 1.037683507189e+00 4.584583585263e-01 1.479107926647e+01 3.734087406525e-04 1.532071206356e+02
1 15 4 0.87566608 0.77869456 1.74607885 0.57416958 3.46720809 9.011321710705e-01 4.527614037492e-01 1.403750568952e+01 4.776663484921e-04 1.551136993802e+02
1 16 4 0.87566608 0.77869456 1.74607885 0.57416958 3.46720809 5.146900933414e-01 6.603188354266e-01 1.083966643149e+01 3.985953894247e-04 1.530444733409e+02
1 17 4 0.87566608 0.77869456 1.74607885 0.57416958 3.46720809 9.850246442929e-01 5.943015237640e-01 1.169539948110e+01 4.226701127548e-04 1.627325083258e+02
1 18 4 0.87566608 0.77869456 1.74607885 0.57416958 3.46720809 1.011185368904e+00 3.838136904109e-01 1.282635873515e+01 3.134617532169e-04 1.850222458333e+02
1 19 4 0.87566608 0.77869456 1.74607885 0.57416958 3.46720809 6.931663996793e-01 4.503926949012e-01 1.302739111611e+01 3.325857098481e-04 1.861092793643e+02
1 20 4 0.87566608 0.77869456 1.74607885 0.57416958 3.46720809 6.552291471286e-01 6.141220459077e-01 1.025760610483e+01 4.072184308898e-04 1.941210413121e+02
1 21 4 0.87566608 0.77869456 1.74607885 0.57416958 3.46720809 6.413048503234e-01 4.943161290704e-01 9.937154761885e+00 5.254624130855e-04 1.919273665577e+02
1 22 4 0.87566608 0.77869456 1.74607885 0.57416958 3.46720809 7.238411646459e-01 3.335485184494e-01 1.117035705806e+01 7.542933832423e-04 1.686785673551e+02
1 23 4 0.87566608 0.77869456 1.74607885 0.57416958 3.46720809 9.720565918537e-01 4.539118118507e-01 1.219454175761e+01 7.765989519016e-04 1.579631347532e+02
1 24 4 0.87566608 0.77869456 1.74607885 0.57416958 3.46720809 5.769724757824e-01 5.558429863088e-01 1.011105684086e+01 9.223441826868e-04 1.377389922858e+02
1 25 4 0.87566608 0.77869456 1.74607885 0.57416958 3.46720809 5.276684729855e-01 4.037910935663e-01 9.011882235098e+00 7.732831330243e-04 1.201477209212e+02
1 26 4 0.87566608 0.77869456 1.74607885 0.57416958 3.46720809 7.759464578350e-01 3.018181633164e-01 9.917152022300e+00 7.959324444899e-04 1.226220750687e+02
1 27 4 0.87566608 0.77869456 1.74607885 0.57416958 3.46720809 7.268250884806e-01 4.451773628099e-01 1.136750050084e+01 5.940973651966e-04 1.202453908859e+02
1 28 4 0.87566608 0.77869456 1.74607885 0.57416958 3.46720809 6.892571834170e-01 4.917108592133e-01 1.037354693566e+01 6.923073562515e-04 1.330749768746e+02
1 29 4 0.87566608 0.77869456 1.74607885 0.57416958 3.46720809 5.884003638415e-01 3.272536799853e-01 8.847560015357e+00 5.686709200192e-04 1.519369307382e+02
1 30 4 0.87566608 0.77869456 1.74607885 0.57416958 3.46720809 4.666661265996e-01 3.046409121083e-01 9.093692296006e+00 7.405453871638e-04 1.571466471382e+02
1 31 4 0.87566608 0.77869456 1.74607885 0.57416958 3.46720809 8.142728852100e-01 4.610366387869e-01 1.077609947104e+01 6.994175614823e-04 1.714195426696e+02
1 32 4 0.87566608 0.77869456 1.74607885 0.57416958 3.46720809 8.367813210196e-01 4.715752181202e-01 1.095010913949e+01 7.054061372888e-04 1.716632342982e+02
1 33 4 0.87566608 0.77869456 1.74607885 0.57416958 3.46720809 4.846670969162e-01 3.153420770782e-01 9.164375004084e+00 7.481236645172e-04 1.576367989078e+02
1 34 4 0.87566608 0.77869456 1.74607885 0.57416958 3.46720809 6.034635177044e-01 3.585151320456e-01 8.942919753419e+00 5.796541621037e-04 1.528029217973e+02
1 35 4 0.87566608 0.77869456 1.74607885 0.57416958 3.46720809 6.958971157497e-01 5.401998312616e-01 1.057107091435e+01 7.125600359200e-04 1.341812858205e+02
1 36 4 0.87566608 0.77869456 1.74607885 0.57416958 3.46720809 7.290032718060e-01 4.817223743572e-01 1.160758265247e+01 6.085445750034e-04 1.223192641902e+02
1 37 4 0.87566608 0.77869456 1.74607885 0.57416958 3.46720809 8.097155367555e-01 3.325243304912e-01 1.012083369007e+01 8.251032851362e-04 1.254824030093e+02
1 38 4 0.87566608 0.77869456 1.74607885 0.57416958 3.46720809 5.342118426105e-01 4.358918027268e-01 9.334991229434e+00 7.963081046835e-04 1.240008959243e+02
1 39 4 0.87566608 0.77869456 1.74607885 0.57416958 3.46720809 6.058989338688e-01 5.941685582679e-01 1.057425217871e+01 9.581166228349e-04 1.436778465150e+02
1 40 4 0.87566608 0.77869456 1.74607885 0.57416958 3.46720809 1.004133891319e+00 4.734967781517e-01 1.266765062035e+01 8.025128001654e-04 1.646879785773e+02
1 41 4 0.87566608 0.77869456 1.74607885 0.57416958 3.46720809 7.497293344544e-01 3.477369670270e-01 1.166176622587e+01 7.884797332240e-04 1.768807612885e+02
1 42 4 0.87566608 0.77869456 1.74607885 0.57416958 3.46720809 6.749494867485e-01 5.134618449690e-01 1.026663540722e+01 5.407683843314e-04 2.016134258959e+02
1 43 4 0.87566608 0.77869456 1.74607885 0.57416958 3.46720809 6.962791613712e-01 6.299160155519e-01 1.087273199872e+01 4.304811638202e-04 2.030121222908e+02
1 44 4 0.87566608 0.77869456 1.74607885 0.57416958 3.46720809 7.489724483222e-01 4.604083600783e-01 1.389122750880e+01 3.434815065588e-04 1.953277275887e+02
1 45 4 0.87566608 0.77869456 1.74607885 0.57416958 3.46720809 1.078731700522e+00 3.911568599436e-01 1.362138907093e+01 3.362577316252e-04 1.939459278266e+02
1 46 4 0.87566608 0.77869456 1.74607885 0.57416958 3.46720809 1.031826679786e+00 6.120258768631e-01 1.208910551870e+01 4.481211922837e-04 1.700843830975e+02
1 47 4 0.87566608 0.77869456 1.74607885 0.57416958 3.46720809 5.397144427380e-01 6.713648121850e-01 1.158860279789e+01 4.283440808181e-04 1.610723641121e+02
1 48 4 0.87566608 0.77869456 1.74607885 0.57416958 3.46720809 9.557179283899e-01 4.614654539202e-01 1.502072516457e+01 5.148698103882e-04 1.635928171298e+02
1 49 4 0.87566608 0.77869456 1.74607885 0.57416958 3.46720809 1.117969529607e+00 4.690738418861e-01 1.597415245154e+01 4.002185049413e-04 1.629572437358e+02
1 50 4 0.87566608 0.77869456 1.74607885 0.57416958 3.46720809 1.030926265199e+00 7.335533511360e-01 1.475606759166e+01 3.583202941119e-04 1.940228328757e+02
1 51 4 0.87566608 0.77869456 1.74607885 0.57416958 3.46720809 9.665744481352e-01 7.230659897897e-01 1.281260782731e+01 3.769922578246e-04 2.208085567720e+02
1 52 4 0.87566608 0.77869456 1.74607885 0.57416958 3.46720809 8.396001933590e-01 4.872250649773e-01 1.638294988860e+01 5.666033181751e-04 2.449548549836e+02
1 53 4 0.87566608 0.77869456 1.74607885 0.57416958 3.46720809 1.088885753585e+00 6.138554889105e-01 1.832073585751e+01 9.304778788793e-04 2.837799616006e+02
1 54 4 0.87566608 0.77869456 1.74607885 0.57416958 3.46720809 1.727717022075e+00 9.090243425478e-01 1.806395131217e+01 1.404349909549e-03 2.858436471245e+02
1 55 4 0.87566608 0.77869456 1.74607885 0.57416958 3.46720809 1.003057102990e+00 7.910678682470e-01 1.493556889901e+01 1.853771551827e-03 2.841363695168e+02
1 56 4 0.87566608 0.77869456 1.74607885 0.57416958 3.46720809 9.510727647066e-01 5.674483450662e-01 1.793052407126e+01 2.009801950494e-03 2.812778575880e+02
1 57 4 0.87566608 0.77869456 1.74607885 0.57416958 3.46720809 1.275925095836e+00 8.133050381838e-01 2.065103061520e+01 2.292056001370e-03 2.462660025292e+02
1 58 4 0.87566608 0.77869456 1.74607885 0.57416958 3.46720809 1.445182151337e+00 1.090288158134e+00 2.207540846516e+01 1.720407992974e-03 2.385459866152e+02
1 59 4 0.87566608 0.77869456 1.74607885 0.57416958 3.46720809 1.562098801977e+00 8.310049222828e-01 1.784950043879e+01 2.072565760170e-03 2.352056648087e+02
1 60 4 0.87566608 0.77869456 1.74607885 0.57416958 3.46720809 1.474742531187e+00 6.685732264393e-01 1.963330526133e+01 1.540348372778e-03 2.362184980485e+02
1 61 4 0.87566608 0.77869456 1.74607885 0.57416958 3.46720809 8.877889626276e-01 1.031537697129e+00 2.303939523696e+01 2.304563666188e-03 2.837887426464e+02
1 62 4 0.87566608 0.77869456 1.74607885 0.57416958 3.46720809 1.937304577060e+00 1.209312504316e+00 2.656892616059e+01 2.418057127146e-03 3.161779084191e+02
1 63 4 0.87566608 0.77869456 1.74607885 0.57416958 3.46720809 1.926142373695e+00 8.783516166218e-01 2.165892094326e+01 3.162545435116e-03 3.617527843424e+02
8 0 4 0.51587594 0.60417170 0.73242975 0.40886156 1.43681924 2.432775473117e-01 3.119472096871e-01 1.150466182506e+00 1.058992292828e-02 1.657375297397e+01
8 1 4 0.51587594 0.60417170 0.73242975 0.40886156 1.43681924 2.362248761950e-01 2.452111182753e-01 1.143605199064e+00 9.618491502419e-03 1.585111295447e+01
8 2 4 0.51587594 0.60417170 0.73242975 0.40886156 1.43681924 2.421567699385e-01 2.615169150446e-01 1.166525219675e+00 9.294242191500e-03 1.517443727041e+01
8 3 4 0.51587594 0.60417170 0.73242975 0.40886156 1.43681924 2.500918312336e-01 3.707542494621e-01 1.160218027811e+00 9.440652050082e-03 1.452473634338e+01
8 4 4 0.51587594 0.60417170 0.73242975 0.40886156 1.43681924 2.462135311524e-01 5.213393448792e-01 1.157359268397e+00 9.298982818339e-03 1.391270235242e+01
8 5 4 0.51587594 0.60417170 0.73242975 0.40886156 1.43681924 2.527591070290e-01 6.317916905764e-01 1.143470054190e+00 8.943670058420e-03 1.336691507300e+01
8 6 4 0.51587594 0.60417170 0.73242975 0.40886156 1.43681924 2.639353548095e-01 6.455197108103e-01 1.107149779241e+00 8.029232523169e-03 1.287574586206e+01
8 7 4 0.51587594 0.60417170 0.73242975 0.40886156 1.43681924 2.610049588078e-01 5.726590161494e-01 1.074496376099e+00 7.315800280630e-03 1.241555058081e+01
8 8 4 0.51587594 0.60417170 0.73242975 0.40886156 1.43681924 2.574231620492e-01 4.763870940848e-01 1.030222136807e+00 6.741779124387e-03 1.199365985586e+01
8 9 4 0.51587594 0.60417170 0.73242975 0.40886156 1.43681924 2.532942063659e-01 4.037495099856e-01 9.807944687930e-01 6.938218142925e-03 1.161523101458e+01
8 10 4 0.51587594 0.60417170 0.73242975 0.40886156 1.43681924 2.469276787368e-01 3.442830595316e-01 9.449852465287e-01 7.319682526500e-03 1.126703576326e+01
8 11 4 0.51587594 0.60417170 0.73242975 0.40886156 1.43681924 2.398203190723e-01 2.733480907549e-01 8.983161942900e-01 7.780447886158e-03 1.096196341270e+01
8 12 4 0.51587594 0.60417170 0.73242975 0.40886156 1.43681924 2.256764606479e-01 2.083088357580e-01 8.589914228863e-01 7.591771503572e-03 1.072879274196e+01
8 13 4 0.51587594 0.60417170 0.73242975 0.40886156 1.43681924 2.170869301541e-01 1.888214975399e-01 8.175265560477e-01 7.086357705632e-03 1.054407777783e+01
8 14 4 0.51587594 0.60417170 0.73242975 0.40886156 1.43681924 2.117352038564e-01 2.195901217522e-01 7.691878128059e-01 6.531501929045e-03 1.034855781495e+01
8 15 4 0.51587594 0.60417170 0.73242975 0.40886156 1.43681924 1.969352477973e-01 2.651854705381e-01 7.266864511308e-01 6.455492571709e-03 1.013320197119e+01
8 16 4 0.51587594 0.60417170 0.73242975 0.40886156 1.43681924 1.820854824115e-01 2.932514260970e-01 6.872042157737e-01 6.783992750598e-03 9.936047416698e+00
8 17 4 0.51587594 0.60417170 0.73242975 0.40886156 1.43681924 1.710810675468e-01 3.013046620131e-01 6.555799722803e-01 7.087631923885e-03 9.768387330221e+00
8 18 4 0.51587594 0.60417170 0.73242975 0.40886156 1.43681924 1.623127102629e-01 3.077873866366e-01 6.347482804306e-01 7.070312934746e-03 9.617076549750e+00
8 19 4 0.51587594 0.60417170 0.73242975 0.40886156 1.43681924 1.557442068031e-01 3.284860910678e-01 6.253915416877e-01 6.542103872384e-03 9.494566890669e+00
8 20 4 0.51587594 0.60417170 0.73242975 0.40886156 1.43681924 1.513931515345e-01 3.544085741379e-01 6.198128330023e-01 5.970781682857e-03 9.420241651527e+00
8 21 4 0.51587594 0.60417170 0.73242975 0.40886156 1.43681924 1.521086923489e-01 3.522249254820e-01 6.262882417401e-01 5.416235893640e-03 9.379671128951e+00
8 22 4 0.51587594 0.60417170 0.73242975 0.40886156 1.43681924 1.520513637470e-01 3.005708468604e-01 6.218167297383e-01 5.252207098624e-03 9.350526827488e+00
8 23 4 0.51587594 0.60417170 0.73242975 0.40886156 1.43681924 1.496783334462e-01 2.222258944561e-01 6.283520242891e-01 5.171760248279e-03 9.333125771449e+00
8 24 4 0.51587594 0.60417170 0.73242975 0.40886156 1.43681924 1.499147436853e-01 1.616745034692e-01 6.200762951253e-01 5.249782065668e-03 9.322104742481e+00
8 25 4 0.51587594 0.60417170 0.73242975 0.40886156 1.43681924 1.489926593856e-01 1.364763446746e-01 6.230395121662e-01 5.072492166099e-03 9.292825937744e+00
8 26 4 0.51587594 0.60417170 0.73242975 0.40886156 1.43681924 1.498902615492e-01 1.326949401673e-01 6.233977900958e-01 4.759071520745e-03 9.237545827929e+00
8 27 4 0.51587594 0.60417170 0.73242975 0.40886156 1.43681924 1.541152871189e-01 1.417576500390e-01 6.306876883820e-01 4.218265070089e-03 9.169088122061e+00
8 28 4 0.51587594 0.60417170 0.73242975 0.40886156 1.43681924 1.571112455599e-01 1.747587549928e-01 6.374890077306e-01 3.855636314258e-03 9.089397618961e+00
8 29 4 0.51587594 0.60417170 0.73242975 0.40886156 1.43681924 1.627525455615e-01 2.382784591792e-01 6.430796522174e-01 3.774420396723e-03 9.005841067306e+00
8 30 4 0.51587594 0.60417170 0.73242975 0.40886156 1.43681924 1.618983614331e-01 3.148489991698e-01 6.575241355098e-01 4.034675542327e-03 8.958631614013e+00
8 31 4 0.51587594 0.60417170 0.73242975 0.40886156 1.43681924 1.566959274570e-01 3.703470077262e-01 6.447914438908e-01 4.280385268399e-03 8.976494239180e+00
8 32 4 0.51587594 0.60417170 0.73242975 0.40886156 1.43681924 1.650843890201e-01 3.741900220898e-01 6.731550995043e-01 4.279090038511e-03 9.031405351659e+00
8 33 4 0.51587594 0.60417170 0.73242975 0.40886156 1.43681924 1.701066170462e-01 3.212777491593e-01 6.411263379537e-01 4.024110843410e-03 9.083333781610e+00
8 34 4 0.51587594 0.60417170 0.73242975 0.40886156 1.43681924 1.637853614119e-01 2.423947337219e-01 6.619022556221e-01 3.765179668760e-03 9.131953289633e+00
8 35 4 0.51587594 0.60417170 0.73242975 0.40886156 1.43681924 1.616758256178e-01 1.809378687409e-01 6.424835223601e-01 3.834587775773e-03 9.182663402865e+00
8 36 4 0.51587594 0.60417170 0.73242975 0.40886156 1.43681924 1.591350138770e-01 1.523268832755e-01 6.496108488563e-01 4.184232058436e-03 9.211858409006e+00
8 37 4 0.51587594 0.60417170 0.73242975 0.40886156 1.43681924 1.567693006584e-01 1.411075839579e-01 6.447152475163e-01 4.711490087347e-03 9.207698402146e+00
8 38 4 0.51587594 0.60417170 0.73242975 0.40886156 1.43681924 1.569519892486e-01 1.405949018219e-01 6.419717414975e-01 5.029907622915e-03 9.195316697429e+00
8 39 4 0.51587594 0.60417170 0.73242975 0.40886156 1.43681924 1.528929301007e-01 1.696305839925e-01 6.342850900604e-01 5.220015445800e-03 9.196640234117e+00
8 40 4 0.51587594 0.60417170 0.73242975 0.40886156 1.43681924 1.501325156961e-01 2.384070014541e-01 6.259603025349e-01 5.139279178595e-03 9.215881389347e+00
8 41 4 0.51587594 0.60417170 0.73242975 0.40886156 1.43681924 1.488236499793e-01 3.205780495101e-01 6.170046054169e-01 5.200982012456e-03 9.268729698827e+00
8 42 4 0.51587594 0.60417170 0.73242975 0.40886156 1.43681924 1.466556926886e-01 3.753303552492e-01 6.143134924355e-01 5.337464736150e-03 9.372509066612e+00
8 43 4 0.51587594 0.60417170 0.73242975 0.40886156 1.43681924 1.516246250098e-01 3.849149757875e-01 6.169295451422e-01 5.897971068564e-03 9.514380795004e+00
8 44 4 0.51587594 0.60417170 0.73242975 0.40886156 1.43681924 1.620260051131e-01 3.636475037252e-01 6.387138537699e-01 6.484972580537e-03 9.674437606599e+00
8 45 4 0.51587594 0.60417170 0.73242975 0.40886156 1.43681924 1.732083804017e-01 3.407244098100e-01 6.641887687718e-01 7.032594011862e-03 9.856213965192e+00
8 46 4 0.51587594 0.60417170 0.73242975 0.40886156 1.43681924 1.862183830137e-01 3.334317982958e-01 7.099154435710e-01 7.021686288867e-03 1.005532821723e+01
8 47 4 0.51587594 0.60417170 0.73242975 0.40886156 1.43681924 2.019954877924e-01 3.272576464417e-01 7.472287716157e-01 6.687137199298e-03 1.024327171514e+01
8 48 4 0.51587594 0.60417170 0.73242975 0.40886156 1.43681924 2.178487784634e-01 2.925781736823e-01 7.971550100458e-01 6.332516453719e-03 1.042198016698e+01
8 49 4 0.51587594 0.60417170 0.73242975 0.40886156 1.43681924 2.255020339408e-01 2.331210337265e-01 8.384645892055e-01 6.423521363461e-03 1.063726730251e+01
8 50 4 0.51587594 0.60417170 0.73242975 0.40886156 1.43681924 2.354675516851e-01 1.977580878915e-01 8.815589044733e-01 6.988414549067e-03 1.090782174316e+01
8 51 4 0.51587594 0.60417170 0.73242975 0.40886156 1.43681924 2.538018890349e-01 2.241995936426e-01 9.388863703329e-01 7.489889819872e-03 1.120879025352e+01
8 52 4 0.51587594 0.60417170 0.73242975 0.40886156 1.43681924 2.622040089508e-01 2.935324616568e-01 9.777210232292e-01 7.651897331958e-03 1.154250456418e+01
8 53 4 0.51587594 0.60417170 0.73242975 0.40886156 1.43681924 2.662775214400e-01 3.652216603816e-01 1.037551335738e+00 7.171841792062e-03 1.194648584475e+01
8 54 4 0.51587594 0.60417170 0.73242975 0.40886156 1.43681924 2.704843901514e-01 4.337392847579e-01 1.083551696376e+00 6.787956672080e-03 1.241932593015e+01
8 55 4 0.51587594 0.60417170 0.73242975 0.40886156 1.43681924 2.678556984580e-01 5.198836888522e-01 1.119570970410e+00 6.591140393309e-03 1.291819291398e+01
8 56 4 0.51587594 0.60417170 0.73242975 0.40886156 1.43681924 2.654448207508e-01 6.200909090352e-01 1.164818166972e+00 7.168951990572e-03 1.343241779495e+01
8 57 4 0.51587594 0.60417170 0.73242975 0.40886156 1.43681924 2.542931945743e-01 6.895744227654e-01 1.169057284570e+00 7.888374969715e-03 1.398491575009e+01
8 58 4 0.51587594 0.60417170 0.73242975 0.40886156 1.43681924 2.423263046345e-01 6.733221722174e-01 1.182801728362e+00 8.825935840475e-03 1.457900951496e+01
8 59 4 0.51587594 0.60417170 0.73242975 0.40886156 1.43681924 2.460246638193e-01 5.538095390330e-01 1.170097343071e+00 9.176432047474e-03 1.521219326107e+01
8 60 4 0.51587594 0.60417170 0.73242975 0.40886156 1.43681924 2.436282829085e-01 3.835854541419e-01 1.156853288294e+00 9.290032229875e-03 1.589899045583e+01
8 61 4 0.51587594 0.60417170 0.73242975 0.40886156 1.43681924 2.390183902602e-01 2.610550281075e-01 1.150120157326e+00 9.088947924019e-03 1.661971517337e+01
8 62 4 0.51587594 0.60417170 0.73242975 0.40886156 1.43681924 2.533041379589e-01 2.469764895448e-01 1.137139247910e+00 9.417237750928e-03 1.731363774592e+01
8 63 4 0.51587594 0.60417170 0.73242975 0.40886156 1.43681924 2.739508143048e-01 3.156296292368e-01 1.140041294195e+00 1.042605412111e-02 1.796899810610e+01
13 0 4 0.83088825 0.59320856 1.63099778 0.50689317 3.95745720 8.485195253679e-01 2.103090943285e-01 2.040002124420e+01 2.161927234335e-04 4.926279695978e+02
13 1 4 0.83088825 0.59320856 1.63099778 0.50689317 3.95745720 7.912632109700e-01 2.914435208564e-01 1.684524957744e+01 3.037960209152e-04 4.864638670688e+02
13 2 4 0.83088825 0.59320856 1.63099778 0.50689317 3.95745720 9.877840585138e-01 3.807048996900e-01 1.353085270319e+01 3.514521141720e-04 4.817226924773e+02
13 3 4 0.83088825 0.59320856 1.63099778 0.50689317 3.95745720 1.204722307003e+00 4.314029525327e-01 1.106351804429e+01 2.963697301739e-04 4.747225244644e+02
13 4 4 0.83088825 0.59320856 1.63099778 0.50689317 3.95745720 1.216514253022e+00 4.152247860757e-01 1.013770407718e+01 2.120184887977e-04 4.643068959162e+02
13 5 4 0.83088825 0.59320856 1.63099778 0.50689317 3.95745720 1.523637181031e+00 3.445603512848e-01 1.081232042778e+01 2.391288822142e-04 4.494158896571e+02
13 6 4 0.83088825 0.59320856 1.63099778 0.50689317 3.95745720 1.206334780861e+00 2.536000558391e-01 1.252241128768e+01 3.630483514140e-04 4.307058031346e+02
13 7 4 0.83088825 0.59320856 1.63099778 0.50689317 3.95745720 1.414682859252e+00 1.720275605170e-01 1.452416479816e+01 4.167751483426e-04 4.078979108525e+02
13 8 4 0.83088825 0.59320856 1.63099778 0.50689317 3.95745720 1.000026024266e+00 1.247801074275e-01 1.596307264850e+01 3.534644419401e-04 3.841609841904e+02
13 9 4 0.83088825 0.59320856 1.63099778 0.50689317 3.95745720 9.728138781749e-01 1.314817607220e-01 1.641300273654e+01 2.329743338446e-04 3.622285955064e+02
13 10 4 0.83088825 0.59320856 1.63099778 0.50689317 3.95745720 6.897090465265e-01 1.858728649599e-01 1.563627553217e+01 1.270596434270e-04 3.444222061095e+02
13 11 4 0.83088825 0.59320856 1.63099778 0.50689317 3.95745720 5.769238795978e-01 2.530988314405e-01 1.375340722514e+01 4.118989449072e-05 3.302943898677e+02
13 12 4 0.83088825 0.59320856 1.63099778 0.50689317 3.95745720 5.141967290549e-01 3.005810965356e-01 1.134555121342e+01 2.521190798947e-05 3.207924802245e+02
13 13 4 0.83088825 0.59320856 1.63099778 0.50689317 3.95745720 4.489695125263e-01 3.100440677092e-01 9.126514896209e+00 9.905769861114e-05 3.150874562889e+02
13 14 4 0.83088825 0.59320856 1.63099778 0.50689317 3.95745720 6.152074791006e-01 2.771900803146e-01 7.586511000063e+00 2.012047250266e-04 3.123578093298e+02
13 15 4 0.83088825 0.59320856 1.63099778 0.50689317 3.95745720 5.738210545053e-01 2.115827242260e-01 7.018276102695e+00 2.533614553316e-04 3.099190546578e+02
13 16 4 0.83088825 0.59320856 1.63099778 0.50689317 3.95745720 8.710094143937e-01 1.434386660583e-01 7.414248099620e+00 2.680629559778e-04 3.061738307016e+02
13 17 4 0.83088825 0.59320856 1.63099778 0.50689317 3.95745720 7.435808556730e-01 1.031304958073e-01 8.524649437129e+00 2.731549590460e-04 2.994348537527e+02
13 18 4 0.83088825 0.59320856 1.63099778 0.50689317 3.95745720 1.002192947446e+00 1.009794284544e-01 9.997228260234e+00 2.458598977244e-04 2.904796347212e+02
13 19 4 0.83088825 0.59320856 1.63099778 0.50689317 3.95745720 7.926124609636e-01 1.297700899772e-01 1.117021439450e+01 1.751217306077e-04 2.795628810627e+02
13 20 4 0.83088825 0.59320856 1.63099778 0.50689317 3.95745720 8.475734246477e-01 1.782814189133e-01 1.157033742221e+01 1.168155353124e-04 2.673918132529e+02
13 21 4 0.83088825 0.59320856 1.63099778 0.50689317 3.95745720 7.103929078464e-01 2.248478768224e-01 1.113183166950e+01 1.088877294293e-04 2.547988285470e+02
13 22 4 0.83088825 0.59320856 1.63099778 0.50689317 3.95745720 5.587379328213e-01 2.445712192780e-01 1.000701275417e+01 1.030300880363e-04 2.441861427239e+02
13 23 4 0.83088825 0.59320856 1.63099778 0.50689317 3.95745720 5.101982803857e-01 2.247708230678e-01 8.472417923287e+00 7.123817966125e-05 2.366023806255e+02
13 24 4 0.83088825 0.59320856 1.63099778 0.50689317 3.95745720 3.317787861683e-01 1.782905681134e-01 6.959794185727e+00 4.677924360523e-05 2.324781624281e+02
13 25 4 0.83088825 0.59320856 1.63099778 0.50689317 3.95745720 4.042426352427e-01 1.253718761917e-01 5.849403615212e+00 7.310765221386e-05 2.313163966878e+02
13 26 4 0.83088825 0.59320856 1.63099778 0.50689317 3.95745720 3.120774811547e-01 8.474886123419e-02 5.473663188771e+00 1.209951461883e-04 2.328920935078e+02
13 27 4 0.83088825 0.59320856 1.63099778 0.50689317 3.95745720 4.970753561335e-01 7.072564269469e-02 5.894190177750e+00 1.657540302685e-04 2.359782997332e+02
13 28 4 0.83088825 0.59320856 1.63099778 0.50689317 3.95745720 4.522759988450e-01 8.938892590576e-02 6.893528619182e+00 1.933880551718e-04 2.396889832268e+02
13 29 4 0.83088825 0.59320856 1.63099778 0.50689317 3.95745720 6.812208362152e-01 1.281866048784e-01 8.118959224187e+00 1.885246713850e-04 2.422439050659e+02
13 30 4 0.83088825 0.59320856 1.63099778 0.50689317 3.95745720 6.422805725399e-01 1.684749066014e-01 9.188165599871e+00 1.235561885406e-04 2.428881941218e+02
13 31 4 0.83088825 0.59320856 1.63099778 0.50689317 3.95745720 7.265540526852e-01 1.956249937764e-01 9.899281032233e+00 5.293745429013e-05 2.413794089939e+02
13 32 4 0.83088825 0.59320856 1.63099778 0.50689317 3.95745720 7.600487978514e-01 2.027879995140e-01 1.008567403464e+01 5.534962114662e-05 2.387951420883e+02
13 33 4 0.83088825 0.59320856 1.63099778 0.50689317 3.95745720 6.676104697523e-01 1.819590376756e-01 9.329196945006e+00 1.284581902863e-04 2.351332186604e+02
13 34 4 0.83088825 0.59320856 1.63099778 0.50689317 3.95745720 7.010945663440e-01 1.397239754014e-01 8.211765288073e+00 1.935831843620e-04 2.315931090412e+02
13 35 4 0.83088825 0.59320856 1.63099778 0.50689317 3.95745720 4.489685247151e-01 9.773494958871e-02 6.913058307987e+00 1.972798933551e-04 2.295385460206e+02
13 36 4 0.83088825 0.59320856 1.63099778 0.50689317 3.95745720 5.057548578457e-01 8.052315263229e-02 5.929224393849e+00 1.698384276643e-04 2.308168376812e+02
13 37 4 0.83088825 0.59320856 1.63099778 0.50689317 3.95745720 3.028625263281e-01 9.578081705469e-02 5.568943736667e+00 1.240134211803e-04 2.353725259022e+02
13 38 4 0.83088825 0.59320856 1.63099778 0.50689317 3.95745720 4.140350571555e-01 1.401211795165e-01 6.037042998559e+00 7.464958131134e-05 2.432213370911e+02
13 39 4 0.83088825 0.59320856 1.63099778 0.50689317 3.95745720 3.390663627394e-01 1.979975235748e-01 7.283817011434e+00 4.782368878957e-05 2.532077546923e+02
13 40 4 0.83088825 0.59320856 1.63099778 0.50689317 3.95745720 5.506244723910e-01 2.460463838898e-01 8.972666137340e+00 7.381066863507e-05 2.647491031342e+02
13 41 4 0.83088825 0.59320856 1.63099778 0.50689317 3.95745720 5.843229256255e-01 2.587440887987e-01 1.065361433664e+01 1.072506018553e-04 2.764706971667e+02
13 42 4 0.83088825 0.59320856 1.63099778 0.50689317 3.95745720 7.619946657336e-01 2.345226711795e-01 1.180459540609e+01 1.141793156300e-04 2.871635575620e+02
13 43 4 0.83088825 0.59320856 1.63099778 0.50689317 3.95745720 8.925978180635e-01 1.867471710421e-01 1.214811974870e+01 1.257088185049e-04 2.948319572248e+02
13 44 4 0.83088825 0.59320856 1.63099778 0.50689317 3.95745720 8.833787221979e-01 1.354757926410e-01 1.157557644964e+01 1.880364413416e-04 2.996632016977e+02
13 45 4 0.83088825 0.59320856 1.63099778 0.50689317 3.95745720 1.068810505350e+00 9.907712997333e-02 1.040192243966e+01 2.608590984419e-04 3.026423960561e+02
13 46 4 0.83088825 0.59320856 1.63099778 0.50689317 3.95745720 7.947335601534e-01 1.011195142153e-01 8.867808216742e+00 2.869934413693e-04 3.050912224019e+02
13 47 4 0.83088825 0.59320856 1.63099778 0.50689317 3.95745720 9.030267455318e-01 1.476828791214e-01 7.755394215499e+00 2.842394865518e-04 3.076521144724e+02
13 48 4 0.83088825 0.59320856 1.63099778 0.50689317 3.95745720 5.970045074194e-01 2.201926754571e-01 7.464210135201e+00 2.715603926160e-04 3.124220881526e+02
13 49 4 0.83088825 0.59320856 1.63099778 0.50689317 3.95745720 6.207121647169e-01 2.848637970190e-01 8.232511966337e+00 2.170943547906e-04 3.209693752232e+02
13 50 4 0.83088825 0.59320856 1.63099778 0.50689317 3.95745720 4.634629684507e-01 3.211453331671e-01 9.928704481289e+00 1.060093852528e-04 3.344103211590e+02
13 51 4 0.83088825 0.59320856 1.63099778 0.50689317 3.95745720 5.531805360910e-01 3.129314690395e-01 1.234826575661e+01 2.649157891468e-05 3.519374636691e+02
13 52 4 0.83088825 0.59320856 1.63099778 0.50689317 3.95745720 6.158018109586e-01 2.619292718977e-01 1.480884959972e+01 4.349393018965e-05 3.723806338220e+02
13 53 4 0.83088825 0.59320856 1.63099778 0.50689317 3.95745720 7.602990220313e-01 1.899653580709e-01 1.680904980027e+01 1.358671917503e-04 3.933192495321e+02
13 54 4 0.83088825 0.59320856 1.63099778 0.50689317 3.95745720 1.085649630869e+00 1.398339756594e-01 1.749894964815e+01 2.529808162987e-04 4.138410620201e+02
13 55 4 0.83088825 0.59320856 1.63099778 0.50689317 3.95745720 1.099878937997e+00 1.362641628520e-01 1.684010659655e+01 3.852489392588e-04 4.315896226954e+02
13 56 4 0.83088825 0.59320856 1.63099778 0.50689317 3.95745720 1.568241160526e+00 1.857092176214e-01 1.516258316685e+01 4.527420418872e-04 4.448445481975e+02
13 57 4 0.83088825 0.59320856 1.63099778 0.50689317 3.95745720 1.319430104228e+00 2.778477596866e-01 1.321549972017e+01 3.897847801602e-04 4.525986325355e+02
13 58 4 0.83088825 0.59320856 1.63099778 0.50689317 3.95745720 1.670993597158e+00 3.885345196439e-01 1.160809366855e+01 2.562627872172e-04 4.578482158455e+02
13 59 4 0.83088825 0.59320856 1.63099778 0.50689317 3.95745720 1.271733133082e+00 4.648327350006e-01 1.107754647533e+01 2.292297084058e-04 4.623730191105e+02
13 60 4 0.83088825 0.59320856 1.63099778 0.50689317 3.95745720 1.259443781343e+00 4.706926971920e-01 1.204205383139e+01 3.201213224336e-04 4.686623141941e+02
13 61 4 0.83088825 0.59320856 1.63099778 0.50689317 3.95745720 1.003539920967e+00 4.053593337252e-01 1.466728574975e+01 3.736562973073e-04 4.783623698526e+02
13 62 4 0.83088825 0.59320856 1.63099778 0.50689317 3.95745720 8.318826456279e-01 3.071811205183e-01 1.830215039468e+01 3.207597311649e-04 4.945237171297e+02
13 63 4 0.83088825 0.59320856 1.63099778 0.50689317 3.95745720 8.614636286258e-01 2.145029060676e-01 2.174665835082e+01 2.278798074924e-04 5.175664491024e+02
20 0 4 0.79515747 0.57073347 1.48663395 0.49057708 3.57431558 5.332315446855e-01 4.250965614091e-01 1.119741828768e+01 2.123315154851e-04 3.599413471432e+02
20 1 4 0.79515747 0.57073347 1.48663395 0.49057708 3.57431558 6.423339644809e-01 4.263490564302e-01 9.275387337995e+00 2.936378283431e-04 3.372105810481e+02
20 2 4 0.79515747 0.57073347 1.48663395 0.49057708 3.57431558 5.224779153294e-01 4.001824638319e-01 7.817388345553e+00 3.056411574105e-04 3.148662595313e+02
20 3 4 0.79515747 0.57073347 1.48663395 0.49057708 3.57431558 7.786632924583e-01 3.497191806644e-01 6.761826857801e+00 2.277945838540e-04 2.938830396734e+02
20 4 4 0.79515747 0.57073347 1.48663395 0.49057708 3.57431558 6.563633219478e-01 2.883401119253e-01 6.290581969149e+00 1.545807645568e-04 2.759141264195e+02
20 5 4 0.79515747 0.57073347 1.48663395 0.49057708 3.57431558 9.830356685216e-01 2.237577009517e-01 6.351319240070e+00 1.573900353935e-04 2.600459874813e+02
20 6 4 0.79515747 0.57073347 1.48663395 0.49057708 3.57431558 8.249629689051e-01 1.653286811076e-01 6.784095942390e+00 2.156488040326e-04 2.471374022929e+02
20 7 4 0.79515747 0.57073347 1.48663395 0.49057708 3.57431558 1.113673160364e+00 1.213975140346e-01 7.489062842528e+00 2.473802963456e-04 2.373907053960e+02
20 8 4 0.79515747 0.57073347 1.48663395 0.49057708 3.57431558 1.004042234742e+00 1.001953157846e-01 8.342345381000e+00 2.183286151010e-04 2.316232637701e+02
20 9 4 0.79515747 0.57073347 1.48663395 0.49057708 3.57431558 1.101232650291e+00 9.806565185628e-02 9.295702370142e+00 1.473042300134e-04 2.280268297763e+02
20 10 4 0.79515747 0.57073347 1.48663395 0.49057708 3.57431558 1.083075819265e+00 1.110938843463e-01 1.015608340230e+01 7.162641018363e-05 2.262239341535e+02
20 11 4 0.79515747 0.57073347 1.48663395 0.49057708 3.57431558 9.543242522047e-01 1.374335583720e-01 1.070916375232e+01 2.545500976902e-05 2.251254052989e+02
20 12 4 0.79515747 0.57073347 1.48663395 0.49057708 3.57431558 1.020989731837e+00 1.756023494551e-01 1.087110501734e+01 4.226271606472e-05 2.249003226061e+02
20 13 4 0.79515747 0.57073347 1.48663395 0.49057708 3.57431558 7.369385288230e-01 2.145829100871e-01 1.079159450820e+01 1.357856961738e-04 2.242476559933e+02
20 14 4 0.79515747 0.57073347 1.48663395 0.49057708 3.57431558 8.486662475554e-01 2.453239108472e-01 1.036441822842e+01 2.733056265922e-04 2.229802837343e+02
20 15 4 0.79515747 0.57073347 1.48663395 0.49057708 3.57431558 5.580539306881e-01 2.625001726351e-01 9.651186947969e+00 3.572109488471e-04 2.198101743797e+02
20 16 4 0.79515747 0.57073347 1.48663395 0.49057708 3.57431558 6.293690700878e-01 2.668599596492e-01 8.614560243850e+00 3.365342985207e-04 2.150147303171e+02
20 17 4 0.79515747 0.57073347 1.48663395 0.49057708 3.57431558 4.230521041314e-01 2.532245277544e-01 7.440488923922e+00 2.359945536689e-04 2.086440245917e+02
20 18 4 0.79515747 0.57073347 1.48663395 0.49057708 3.57431558 4.361803909611e-01 2.244342376602e-01 6.337088679952e+00 1.399461087018e-04 2.015494289821e+02
20 19 4 0.79515747 0.57073347 1.48663395 0.49057708 3.57431558 3.257608038209e-01 1.867336808653e-01 5.289987113928e+00 9.904791527071e-05 1.931668020857e+02
20 20 4 0.79515747 0.57073347 1.48663395 0.49057708 3.57431558 3.167316195947e-01 1.503958406870e-01 4.407599780054e+00 9.262592771099e-05 1.839840328129e+02
20 21 4 0.79515747 0.57073347 1.48663395 0.49057708 3.57431558 3.098429175160e-01 1.156877127260e-01 3.825995870344e+00 8.144499606936e-05 1.746038596759e+02
20 22 4 0.79515747 0.57073347 1.48663395 0.49057708 3.57431558 2.878285148763e-01 8.533477673679e-02 3.556665184227e+00 5.718484987563e-05 1.661867644503e+02
20 23 4 0.79515747 0.57073347 1.48663395 0.49057708 3.57431558 3.564282297551e-01 6.412230603830e-02 3.578534832769e+00 4.095429804247e-05 1.586964196087e+02
20 24 4 0.79515747 0.57073347 1.48663395 0.49057708 3.57431558 3.203968328607e-01 5.822823453757e-02 3.864985720294e+00 4.684841895173e-05 1.525409062707e+02
20 25 4 0.79515747 0.57073347 1.48663395 0.49057708 3.57431558 4.709241153226e-01 6.484106378721e-02 4.338517114068e+00 7.098066521618e-05 1.478009417823e+02
20 26 4 0.79515747 0.57073347 1.48663395 0.49057708 3.57431558 4.095148396956e-01 8.059328547295e-02 4.977492750087e+00 1.118243653098e-04 1.450301185724e+02
20 27 4 0.79515747 0.57073347 1.48663395 0.49057708 3.57431558 5.861025559892e-01 1.026199249084e-01 5.682258912849e+00 1.584712003309e-04 1.441331163580e+02
20 28 4 0.79515747 0.57073347 1.48663395 0.49057708 3.57431558 4.990991330140e-01 1.293454324203e-01 6.341814389733e+00 1.892737889702e-04 1.452931688294e+02
20 29 4 0.79515747 0.57073347 1.48663395 0.49057708 3.57431558 6.586718451918e-01 1.528308033208e-01 6.878494779415e+00 1.695560788965e-04 1.477498252583e+02
20 30 4 0.79515747 0.57073347 1.48663395 0.49057708 3.57431558 5.892326755976e-01 1.698960891438e-01 7.245351278307e+00 1.024251461325e-04 1.513242265089e+02
20 31 4 0.79515747 0.57073347 1.48663395 0.49057708 3.57431558 6.329153889041e-01 1.805342953286e-01 7.509275112218e+00 4.229310211455e-05 1.556617325747e+02
20 32 4 0.79515747 0.57073347 1.48663395 0.49057708 3.57431558 6.636299287869e-01 1.869720040025e-01 7.670291155887e+00 4.433264040656e-05 1.608983098467e+02
20 33 4 0.79515747 0.57073347 1.48663395 0.49057708 3.57431558 6.152497500740e-01 1.832131271222e-01 7.385305555549e+00 1.070549450055e-04 1.659282398800e+02
20 34 4 0.79515747 0.57073347 1.48663395 0.49057708 3.57431558 6.841531960921e-01 1.666635273537e-01 7.006802955665e+00 1.753667743775e-04 1.703872088561e+02
20 35 4 0.79515747 0.57073347 1.48663395 0.49057708 3.57431558 5.053924640035e-01 1.408692576895e-01 6.416755165710e+00 1.939367973455e-04 1.739566828076e+02
20 36 4 0.79515747 0.57073347 1.48663395 0.49057708 3.57431558 6.094447234273e-01 1.140893337881e-01 5.735874754900e+00 1.623412698599e-04 1.771272497977e+02
20 37 4 0.79515747 0.57073347 1.48663395 0.49057708 3.57431558 4.011073756541e-01 8.988732466475e-02 5.000178994028e+00 1.142183949622e-04 1.793697674666e+02
20 38 4 0.79515747 0.57073347 1.48663395 0.49057708 3.57431558 4.704798844057e-01 7.150554954242e-02 4.333032299105e+00 7.237531371977e-05 1.807226087277e+02
20 39 4 0.79515747 0.57073347 1.48663395 0.49057708 3.57431558 3.137851984781e-01 6.462931907692e-02 3.854148140591e+00 4.720028783815e-05 1.809107761098e+02
20 40 4 0.79515747 0.57073347 1.48663395 0.49057708 3.57431558 3.683834932688e-01 7.338095630075e-02 3.623571317221e+00 4.220624474485e-05 1.804962892391e+02
20 41 4 0.79515747 0.57073347 1.48663395 0.49057708 3.57431558 2.824445102259e-01 9.439726717489e-02 3.683554277342e+00 6.034497665593e-05 1.798615950245e+02
20 42 4 0.79515747 0.57073347 1.48663395 0.49057708 3.57431558 3.193421809563e-01 1.238789352049e-01 4.063063540169e+00 8.675096321995e-05 1.798365331815e+02
20 43 4 0.79515747 0.57073347 1.48663395 0.49057708 3.57431558 3.146605562298e-01 1.610393648243e-01 4.772312237594e+00 9.782715809551e-05 1.803353435786e+02
20 44 4 0.79515747 0.57073347 1.48663395 0.49057708 3.57431558 3.609039311891e-01 2.041496842617e-01 5.753959277194e+00 1.051420466405e-04 1.815718370981e+02
20 45 4 0.79515747 0.57073347 1.48663395 0.49057708 3.57431558 4.636373441446e-01 2.429626426608e-01 6.979865639380e+00 1.497500629479e-04 1.841643428389e+02
20 46 4 0.79515747 0.57073347 1.48663395 0.49057708 3.57431558 4.692994274770e-01 2.675060012019e-01 8.133302560376e+00 2.538701940138e-04 1.891389093156e+02
20 47 4 0.79515747 0.57073347 1.48663395 0.49057708 3.57431558 6.866998124167e-01 2.759608124926e-01 9.248585144805e+00 3.595044551170e-04 1.963815728157e+02
20 48 4 0.79515747 0.57073347 1.48663395 0.49057708 3.57431558 6.388944745282e-01 2.697192585192e-01 1.027182333619e+01 3.795205468430e-04 2.055716925485e+02
20 49 4 0.79515747 0.57073347 1.48663395 0.49057708 3.57431558 9.508579025905e-01 2.489692711908e-01 1.113114418689e+01 2.876315480986e-04 2.166089167728e+02
20 50 4 0.79515747 0.57073347 1.48663395 0.49057708 3.57431558 8.448983330942e-01 2.137651071032e-01 1.157239303423e+01 1.421346456768e-04 2.297289585526e+02
20 51 4 0.79515747 0.57073347 1.48663395 0.49057708 3.57431558 1.151341331709e+00 1.742199996409e-01 1.166159664274e+01 4.421898978786e-05 2.444490555303e+02
20 52 4 0.79515747 0.57073347 1.48663395 0.49057708 3.57431558 1.048597793102e+00 1.382435658837e-01 1.127933385831e+01 2.792451755032e-05 2.602012594310e+02
20 53 4 0.79515747 0.57073347 1.48663395 0.49057708 3.57431558 1.158698780268e+00 1.109129218350e-01 1.072678227217e+01 7.757468655735e-05 2.759452297139e+02
20 54 4 0.79515747 0.57073347 1.48663395 0.49057708 3.57431558 1.160663283443e+00 9.438581416145e-02 9.811105772932e+00 1.598270842138e-04 2.909725829539e+02
20 55 4 0.79515747 0.57073347 1.48663395 0.49057708 3.57431558 1.021102058971e+00 9.891054032953e-02 8.794157412610e+00 2.359547673796e-04 3.048292205546e+02
20 56 4 0.79515747 0.57073347 1.48663395 0.49057708 3.57431558 1.132654373962e+00 1.294425892073e-01 7.798285834640e+00 2.667590032673e-04 3.176569603297e+02
20 57 4 0.79515747 0.57073347 1.48663395 0.49057708 3.57431558 8.218971585602e-01 1.824821534882e-01 7.053594512132e+00 2.299980838916e-04 3.284270537077e+02
20 58 4 0.79515747 0.57073347 1.48663395 0.49057708 3.57431558 1.002335595250e+00 2.475007383570e-01 6.600307160305e+00 1.678469075916e-04 3.363385888563e+02
20 59 4 0.79515747 0.57073347 1.48663395 0.49057708 3.57431558 6.369998560906e-01 3.193200864138e-01 6.605513738882e+00 1.665316415241e-04 3.416872632517e+02
20 60 4 0.79515747 0.57073347 1.48663395 0.49057708 3.57431558 8.075566832989e-01 3.868400540501e-01 7.168291117447e+00 2.472778031990e-04 3.460335419420e+02
20 61 4 0.79515747 0.57073347 1.48663395 0.49057708 3.57431558 5.394753756461e-01 4.395795809464e-01 8.466089506396e+00 3.275613086436e-04 3.497632336686e+02
20 62 4 0.79515747 0.57073347 1.48663395 0.49057708 3.57431558 7.206112902168e-01 4.663573706001e-01 1.041332082437e+01 3.111908017273e-04 3.530653496642e+02
20 63 4 0.79515747 0.57073347 1.48663395 0.49057708 3.57431558 5.760547033490e-01 4.719946772749e-01 1.257293334573e+01 2.222830053783e-04 3.567006764334e+02
23 0 4 0.92979338 0.55789472 1.85487831 0.52081933 2.00158160 2.041979474551e+00 2.702079791057e-01 2.928312519192e+01 1.556837431900e-04 4.501794054913e+01
23 1 4 0.92979338 0.55789472 1.85487831 0.52081933 2.00158160 1.625629010484e+00 3.332685582135e-01 3.277275232361e+01 1.747760395367e-04 4.511991542759e+01
23 2 4 0.92979338 0.55789472 1.85487831 0.52081933 2.00158160 1.890636278600e+00 3.671785670002e-01 3.512175029348e+01 1.951993925661e-04 4.487106906305e+01
23 3 4 0.92979338 0.55789472 1.85487831 0.52081933 2.00158160 1.492293215355e+00 3.731545435628e-01 3.509899504271e+01 1.196131928711e-04 4.403172974780e+01
23 4 4 0.92979338 0.55789472 1.85487831 0.52081933 2.00158160 1.772248709811e+00 3.574515841633e-01 3.345927973969e+01 4.429610268097e-05 4.283814659688e+01
23 5 4 0.92979338 0.55789472 1.85487831 0.52081933 2.00158160 1.437579972444e+00 3.217393022009e-01 3.031096882092e+01 9.289072887735e-05 4.123827345807e+01
23 6 4 0.92979338 0.55789472 1.85487831 0.52081933 2.00158160 1.622019525526e+00 2.640339587137e-01 2.638481807777e+01 2.256931359861e-04 3.926220590965e+01
23 7 4 0.92979338 0.55789472 1.85487831 0.52081933 2.00158160 1.273836420475e+00 1.999859658009e-01 2.213788190350e+01 3.273392841273e-04 3.685774493760e+01
23 8 4 0.92979338 0.55789472 1.85487831 0.52081933 2.00158160 1.502623202225e+00 1.455376065613e-01 1.789745861522e+01 3.322013787907e-04 3.435623029684e+01
23 9 4 0.92979338 0.55789472 1.85487831 0.52081933 2.00158160 1.240148259412e+00 1.084637614183e-01 1.453979097920e+01 3.593056174866e-04 3.165887679524e+01
23 10 4 0.92979338 0.55789472 1.85487831 0.52081933 2.00158160 1.416292148495e+00 8.617044942901e-02 1.269319099647e+01 4.101545928501e-04 2.892155958123e+01
23 11 4 0.92979338 0.55789472 1.85487831 0.52081933 2.00158160 1.119802707542e+00 8.319858682181e-02 1.280615975230e+01 4.536456288275e-04 2.619570014543e+01
23 12 4 0.92979338 0.55789472 1.85487831 0.52081933 2.00158160 1.250033476158e+00 1.055590819703e-01 1.393470024521e+01 4.949240863718e-04 2.366187515775e+01
23 13 4 0.92979338 0.55789472 1.85487831 0.52081933 2.00158160 1.063770834349e+00 1.381425002307e-01 1.566852894182e+01 4.654873438190e-04 2.122496719121e+01
23 14 4 0.92979338 0.55789472 1.85487831 0.52081933 2.00158160 1.194319654548e+00 1.683921881957e-01 1.757822898564e+01 3.982299917594e-04 1.912091428060e+01
23 15 4 0.92979338 0.55789472 1.85487831 0.52081933 2.00158160 9.947959247208e-01 1.991776564349e-01 1.976763078942e+01 2.486748939451e-04 1.736218757246e+01
23 16 4 0.92979338 0.55789472 1.85487831 0.52081933 2.00158160 1.082094006853e+00 2.264867273139e-01 2.151587232743e+01 1.036181596095e-04 1.600473950811e+01
23 17 4 0.92979338 0.55789472 1.85487831 0.52081933 2.00158160 9.823816193534e-01 2.294125479964e-01 2.206771844493e+01 4.470449209818e-05 1.499852261119e+01
23 18 4 0.92979338 0.55789472 1.85487831 0.52081933 2.00158160 1.064896220469e+00 2.122514917682e-01 2.094971357310e+01 2.065954322417e-05 1.448497879599e+01
23 19 4 0.92979338 0.55789472 1.85487831 0.52081933 2.00158160 9.298506343258e-01 1.918531382810e-01 1.903880893964e+01 8.360948165893e-06 1.432250928200e+01
23 20 4 0.92979338 0.55789472 1.85487831 0.52081933 2.00158160 9.572523618559e-01 1.644132661093e-01 1.670259627113e+01 1.084396224376e-05 1.446094616535e+01
23 21 4 0.92979338 0.55789472 1.85487831 0.52081933 2.00158160 8.877768941171e-01 1.250624614612e-01 1.432783822967e+01 5.418671199948e-05 1.484675976241e+01
23 22 4 0.92979338 0.55789472 1.85487831 0.52081933 2.00158160 9.419361814715e-01 9.017366594091e-02 1.198630898310e+01 1.151185486416e-04 1.551784216657e+01
23 23 4 0.92979338 0.55789472 1.85487831 0.52081933 2.00158160 8.695305752460e-01 7.022359030840e-02 9.901524618944e+00 1.635675644871e-04 1.628495636507e+01
23 24 4 0.92979338 0.55789472 1.85487831 0.52081933 2.00158160 8.709927357398e-01 5.749382982684e-02 8.668545940321e+00 1.754938403660e-04 1.714198349232e+01
23 25 4 0.92979338 0.55789472 1.85487831 0.52081933 2.00158160 8.230053567795e-01 5.470359251833e-02 8.671379970084e+00 1.763283103351e-04 1.801757035952e+01
23 26 4 0.92979338 0.55789472 1.85487831 0.52081933 2.00158160 8.581423427450e-01 6.710103329370e-02 9.749823620139e+00 1.648279077813e-04 1.890743420891e+01
23 27 4 0.92979338 0.55789472 1.85487831 0.52081933 2.00158160 8.193899823100e-01 8.783835899187e-02 1.132742896401e+01 1.480916925461e-04 1.968164591515e+01
23 28 4 0.92979338 0.55789472 1.85487831 0.52081933 2.00158160 8.247764785070e-01 1.085957031435e-01 1.308487494386e+01 1.684020094926e-04 2.040429085870e+01
23 29 4 0.92979338 0.55789472 1.85487831 0.52081933 2.00158160 8.039442820897e-01 1.306193708606e-01 1.486542830560e+01 1.596259486093e-04 2.094550796113e+01
23 30 4 0.92979338 0.55789472 1.85487831 0.52081933 2.00158160 8.034233707526e-01 1.520926214742e-01 1.645230215031e+01 1.159696787039e-04 2.137349454461e+01
23 31 4 0.92979338 0.55789472 1.85487831 0.52081933 2.00158160 7.783329289932e-01 1.654798368252e-01 1.749108784132e+01 5.367442814852e-05 2.165487810522e+01
23 32 4 0.92979338 0.55789472 1.85487831 0.52081933 2.00158160 8.171794352833e-01 1.679501776257e-01 1.771876771689e+01 5.540971858000e-05 2.181872676345e+01
23 33 4 0.92979338 0.55789472 1.85487831 0.52081933 2.00158160 8.375568376637e-01 1.594286298700e-01 1.657141641684e+01 1.187230233311e-04 2.164958582956e+01
23 34 4 0.92979338 0.55789472 1.85487831 0.52081933 2.00158160 8.201493287713e-01 1.442621749681e-01 1.492992003456e+01 1.640529896680e-04 2.129298447924e+01
23 35 4 0.92979338 0.55789472 1.85487831 0.52081933 2.00158160 8.467591545886e-01 1.222694926617e-01 1.307011191869e+01 1.733196463090e-04 2.078303951287e+01
23 36 4 0.92979338 0.55789472 1.85487831 0.52081933 2.00158160 8.557942523010e-01 9.514668315793e-02 1.136997995130e+01 1.541855560288e-04 2.018551854856e+01
23 37 4 0.92979338 0.55789472 1.85487831 0.52081933 2.00158160 8.842579037963e-01 7.079538090683e-02 9.860261004494e+00 1.713866709249e-04 1.937451404371e+01
23 38 4 0.92979338 0.55789472 1.85487831 0.52081933 2.00158160 8.406874775737e-01 6.070052273767e-02 8.915809640804e+00 1.817417099064e-04 1.852073890071e+01
23 39 4 0.92979338 0.55789472 1.85487831 0.52081933 2.00158160 9.292663383319e-01 6.231639112186e-02 9.071004064775e+00 1.813585526850e-04 1.763882523725e+01
23 40 4 0.92979338 0.55789472 1.85487831 0.52081933 2.00158160 9.009282428710e-01 7.446165516197e-02 1.040534485632e+01 1.703453464784e-04 1.683102702809e+01
23 41 4 0.92979338 0.55789472 1.85487831 0.52081933 2.00158160 9.826558297593e-01 1.051046418430e-01 1.257925735966e+01 1.202768367249e-04 1.609620147679e+01
23 42 4 0.92979338 0.55789472 1.85487831 0.52081933 2.00158160 8.969384218485e-01 1.466958813781e-01 1.513906319420e+01 5.658282829254e-05 1.559543874460e+01
23 43 4 0.92979338 0.55789472 1.85487831 0.52081933 2.00158160 1.028422072242e+00 1.825693409884e-01 1.785811632381e+01 1.083343922136e-05 1.533463669309e+01
23 44 4 0.92979338 0.55789472 1.85487831 0.52081933 2.00158160 9.723739466498e-01 2.129297464041e-01 2.044068802887e+01 8.529732260265e-06 1.542947425803e+01
23 45 4 0.92979338 0.55789472 1.85487831 0.52081933 2.00158160 1.119157662942e+00 2.433054359779e-01 2.235951105496e+01 2.125835867049e-05 1.587504553356e+01
23 46 4 0.92979338 0.55789472 1.85487831 0.52081933 2.00158160 9.856103686532e-01 2.524295523197e-01 2.313424357614e+01 4.638806984776e-05 1.671686956126e+01
23 47 4 0.92979338 0.55789472 1.85487831 0.52081933 2.00158160 1.149888859426e+00 2.338388091202e-01 2.256430646410e+01 1.083078557098e-04 1.788185767413e+01
23 48 4 0.92979338 0.55789472 1.85487831 0.52081933 2.00158160 1.062355571213e+00 2.053073684782e-01 2.079878378272e+01 2.623568088673e-04 1.949363560248e+01
23 49 4 0.92979338 0.55789472 1.85487831 0.52081933 2.00158160 1.292596266361e+00 1.750394801795e-01 1.865642994659e+01 4.178750242186e-04 2.145220910935e+01
23 50 4 0.92979338 0.55789472 1.85487831 0.52081933 2.00158160 1.139341859788e+00 1.346247178534e-01 1.660083255173e+01 4.919638913339e-04 2.374277672739e+01
23 51 4 0.92979338 0.55789472 1.85487831 0.52081933 2.00158160 1.380760726379e+00 9.830965736770e-02 1.457546259742e+01 5.260088588788e-04 2.623923878042e+01
23 52 4 0.92979338 0.55789472 1.85487831 0.52081933 2.00158160 1.239588572424e+00 8.491856863374e-02 1.334283578967e+01 4.841043431305e-04 2.904763094107e+01
23 53 4 0.92979338 0.55789472 1.85487831 0.52081933 2.00158160 1.517813262791e+00 9.107671895357e-02 1.364602993063e+01 4.376408763180e-04 3.188162904544e+01
23 54 4 0.92979338 0.55789472 1.85487831 0.52081933 2.00158160 1.322812629249e+00 1.143851300081e-01 1.586461628168e+01 3.828415499408e-04 3.476987463920e+01
23 55 4 0.92979338 0.55789472 1.85487831 0.52081933 2.00158160 1.592688285181e+00 1.601149728020e-01 1.962510664910e+01 3.573607979429e-04 3.753665361097e+01
23 56 4 0.92979338 0.55789472 1.85487831 0.52081933 2.00158160 1.382993884147e+00 2.246368846227e-01 2.400358178490e+01 3.541092831367e-04 4.026800591562e+01
23 57 4 0.92979338 0.55789472 1.85487831 0.52081933 2.00158160 1.768782304200e+00 2.878526654464e-01 2.840797864908e+01 2.422331818217e-04 4.262279716247e+01
23 58 4 0.92979338 0.55789472 1.85487831 0.52081933 2.00158160 1.524458787361e+00 3.387052712655e-01 3.255685473335e+01 9.913813907959e-05 4.472731049111e+01
23 59 4 0.92979338 0.55789472 1.85487831 0.52081933 2.00158160 1.873855433088e+00 3.728698443342e-01 3.635412344228e+01 4.673586552509e-05 4.629501258252e+01
23 60 4 0.92979338 0.55789472 1.85487831 0.52081933 2.00158160 1.577923919917e+00 3.872629910255e-01 3.829034438453e+01 1.282847735340e-04 4.737988869361e+01
23 61 4 0.92979338 0.55789472 1.85487831 0.52081933 2.00158160 2.016019033502e+00 3.701524878235e-01 3.751842057037e+01 2.055826412368e-04 4.773108377914e+01
23 62 4 0.92979338 0.55789472 1.85487831 0.52081933 2.00158160 1.698152205207e+00 3.205062826950e-01 3.451067670783e+01 1.857145618711e-04 4.761333214210e+01
23 63 4 0.92979338 0.55789472 1.85487831 0.52081933 2.00158160 2.216226662845e+00 2.626893991673e-01 3.061841070852e+01 1.670308135225e-04 4.691908175350e+01
26 0 4 0.92606948 0.73089382 2.03861077 0.57481451 3.75235876 1.197225546716e+00 5.441120624069e-01 4.513479176637e+01 1.079562969236e-03 3.324748517746e+02
26 1 4 0.92606948 0.73089382 2.03861077 0.57481451 3.75235876 1.991453307942e+00 7.619687016489e-01 4.082950570815e+01 1.324524369466e-03 3.354375948845e+02
26 2 4 0.92606948 0.73089382 2.03861077 0.57481451 3.75235876 1.877814427035e+00 7.679693890858e-01 3.366745322017e+01 1.533558296297e-03 3.263036626638e+02
26 3 4 0.92606948 0.73089382 2.03861077 0.57481451 3.75235876 1.922059797723e+00 5.014025455417e-01 3.330205413546e+01 1.616092865057e-03 3.490709362994e+02
26 4 4 0.92606948 0.73089382 2.03861077 0.57481451 3.75235876 1.510326862877e+00 5.936356479627e-01 3.772270515842e+01 1.637564152054e-03 3.789058656661e+02
26 5 4 0.92606948 0.73089382 2.03861077 0.57481451 3.75235876 1.012116430750e+00 7.221749322151e-01 3.709140138238e+01 1.333292342909e-03 3.839313425299e+02
26 6 4 0.92606948 0.73089382 2.03861077 0.57481451 3.75235876 1.699095262501e+00 5.076088945491e-01 3.106122336591e+01 8.042014056734e-04 4.091311661932e+02
26 7 4 0.92606948 0.73089382 2.03861077 0.57481451 3.75235876 1.620556029776e+00 4.576414871394e-01 2.770097057664e+01 5.339234094372e-04 3.869766691379e+02
26 8 4 0.92606948 0.73089382 2.03861077 0.57481451 3.75235876 1.541541138777e+00 6.283737344730e-01 3.042460824517e+01 2.142442079143e-04 3.618610911352e+02
26 9 4 0.92606948 0.73089382 2.03861077 0.57481451 3.75235876 1.245240807571e+00 5.230664924086e-01 3.266054602631e+01 1.385167406471e-04 3.350179268303e+02
26 10 4 0.92606948 0.73089382 2.03861077 0.57481451 3.75235876 8.549018524013e-01 3.819646628795e-01 2.911179460455e+01 2.410667333004e-04 2.823359897475e+02
26 11 4 0.92606948 0.73089382 2.03861077 0.57481451 3.75235876 1.459446521258e+00 5.341674137320e-01 2.434895141866e+01 3.121979929562e-04 2.598537671111e+02
26 12 4 0.92606948 0.73089382 2.03861077 0.57481451 3.75235876 1.390268853704e+00 5.424717647993e-01 2.447430139578e+01 3.974878113435e-04 2.286773361100e+02
26 13 4 0.92606948 0.73089382 2.03861077 0.57481451 3.75235876 1.179032515820e+00 3.584064187522e-01 2.764348878805e+01 3.464298480368e-04 2.147604403962e+02
26 14 4 0.92606948 0.73089382 2.03861077 0.57481451 3.75235876 1.023448257586e+00 4.334032909422e-01 2.710006214221e+01 1.860315961102e-04 2.212797684403e+02
26 15 4 0.92606948 0.73089382 2.03861077 0.57481451 3.75235876 7.399755623724e-01 5.356847934286e-01 2.270965329767e+01 4.989482103422e-05 2.207904891176e+02
26 16 4 0.92606948 0.73089382 2.03861077 0.57481451 3.75235876 1.282942904413e+00 3.715587306748e-01 2.042052205386e+01 8.077972600484e-06 2.477779272235e+02
26 17 4 0.92606948 0.73089382 2.03861077 0.57481451 3.75235876 1.248903451542e+00 3.427219567337e-01 2.277860657106e+01 8.888698573817e-05 2.581765466100e+02
26 18 4 0.92606948 0.73089382 2.03861077 0.57481451 3.75235876 9.512457174320e-01 4.785289196791e-01 2.464466801601e+01 3.212944499580e-04 2.664768856805e+02
26 19 4 0.92606948 0.73089382 2.03861077 0.57481451 3.75235876 8.634387686061e-01 3.918609922803e-01 2.189533790063e+01 5.339505419322e-04 2.749650432054e+02
26 20 4 0.92606948 0.73089382 2.03861077 0.57481451 3.75235876 6.556599916437e-01 2.930079435482e-01 1.838735738655e+01 6.674099596599e-04 2.520820966986e+02
26 21 4 0.92606948 0.73089382 2.03861077 0.57481451 3.75235876 1.141327768054e+00 4.020227636827e-01 1.900709905377e+01 8.310598432203e-04 2.405396619534e+02
26 22 4 0.92606948 0.73089382 2.03861077 0.57481451 3.75235876 1.090216187802e+00 4.038783161444e-01 2.169782302666e+01 6.991891475925e-04 2.143612582587e+02
26 23 4 0.92606948 0.73089382 2.03861077 0.57481451 3.75235876 7.878711111713e-01 2.753190108397e-01 2.131177568646e+01 6.023760831921e-04 1.877604431275e+02
26 24 4 0.92606948 0.73089382 2.03861077 0.57481451 3.75235876 7.699523433502e-01 3.256043598261e-01 1.801975370918e+01 5.385893310205e-04 1.778902420332e+02
26 25 4 0.92606948 0.73089382 2.03861077 0.57481451 3.75235876 6.345492014753e-01 3.975154693151e-01 1.681230174284e+01 4.295701255433e-04 1.595934588664e+02
26 26 4 0.92606948 0.73089382 2.03861077 0.57481451 3.75235876 1.057203560063e+00 2.811100276638e-01 1.893974736726e+01 4.567694796339e-04 1.655853195373e+02
26 27 4 0.92606948 0.73089382 2.03861077 0.57481451 3.75235876 1.018571133592e+00 2.585006534160e-01 2.052120144914e+01 4.843341708575e-04 1.720190417805e+02
26 28 4 0.92606948 0.73089382 2.03861077 0.57481451 3.75235876 7.036033454946e-01 3.637667416321e-01 1.872374024256e+01 5.431098187443e-04 1.840044345583e+02
26 29 4 0.92606948 0.73089382 2.03861077 0.57481451 3.75235876 7.263836202045e-01 3.091828272211e-01 1.626233776131e+01 5.064987051396e-04 2.099000943234e+02
26 30 4 0.92606948 0.73089382 2.03861077 0.57481451 3.75235876 6.437241869769e-01 2.301351320184e-01 1.700656064764e+01 5.963943576545e-04 2.164359968276e+02
26 31 4 0.92606948 0.73089382 2.03861077 0.57481451 3.75235876 9.813822469008e-01 3.294742392916e-01 1.964700525174e+01 5.225594723547e-04 2.313962587219e+02
26 32 4 0.92606948 0.73089382 2.03861077 0.57481451 3.75235876 1.019291468729e+00 3.542338414333e-01 1.993991827894e+01 5.301363603817e-04 2.311756103543e+02
26 33 4 0.92606948 0.73089382 2.03861077 0.57481451 3.75235876 6.630066180366e-01 2.497289743435e-01 1.715161845511e+01 6.023043201824e-04 2.160639603837e+02
26 34 4 0.92606948 0.73089382 2.03861077 0.57481451 3.75235876 7.411999463115e-01 3.121185820090e-01 1.638952348074e+01 5.149415780126e-04 2.102575638789e+02
26 35 4 0.92606948 0.73089382 2.03861077 0.57481451 3.75235876 7.049052333737e-01 4.044916261062e-01 1.902098973345e+01 5.595679923371e-04 1.857625648501e+02
26 36 4 0.92606948 0.73089382 2.03861077 0.57481451 3.75235876 1.054676372301e+00 3.027354304417e-01 2.110716723804e+01 4.986500589630e-04 1.761008103513e+02
26 37 4 0.92606948 0.73089382 2.03861077 0.57481451 3.75235876 1.080502521329e+00 2.931291118974e-01 1.934797060556e+01 4.701238581252e-04 1.696428382944e+02
26 38 4 0.92606948 0.73089382 2.03861077 0.57481451 3.75235876 6.428905618860e-01 4.298468062947e-01 1.724321073993e+01 4.440320193668e-04 1.640469420538e+02
26 39 4 0.92606948 0.73089382 2.03861077 0.57481451 3.75235876 8.016453177130e-01 3.752429260682e-01 1.884465987566e+01 5.578445706566e-04 1.837644571551e+02
26 40 4 0.92606948 0.73089382 2.03861077 0.57481451 3.75235876 8.147359351610e-01 2.810273347106e-01 2.221471775403e+01 6.203845330915e-04 1.950931766124e+02
26 41 4 0.92606948 0.73089382 2.03861077 0.57481451 3.75235876 1.158743825704e+00 4.144168959061e-01 2.251595739650e+01 7.303391373216e-04 2.254352903978e+02
26 42 4 0.92606948 0.73089382 2.03861077 0.57481451 3.75235876 1.179174000016e+00 4.479017367797e-01 1.971270837873e+01 8.668783129566e-04 2.538303145919e+02
26 43 4 0.92606948 0.73089382 2.03861077 0.57481451 3.75235876 6.961978802558e-01 3.077815383902e-01 1.947727198861e+01 6.974488600342e-04 2.662690663610e+02
26 44 4 0.92606948 0.73089382 2.03861077 0.57481451 3.75235876 9.225539988195e-01 3.857897842465e-01 2.322305620031e+01 5.643175759940e-04 2.883714751394e+02
26 45 4 0.92606948 0.73089382 2.03861077 0.57481451 3.75235876 1.030210885256e+00 5.042423199044e-01 2.601289460244e+01 3.382989989712e-04 2.781147894232e+02
26 46 4 0.92606948 0.73089382 2.03861077 0.57481451 3.75235876 1.308072184392e+00 3.707929037327e-01 2.388327910767e+01 9.424929690939e-05 2.701870587129e+02
26 47 4 0.92606948 0.73089382 2.03861077 0.57481451 3.75235876 1.332295061844e+00 3.647477667045e-01 2.154139367201e+01 9.151194896007e-06 2.600473351746e+02
26 48 4 0.92606948 0.73089382 2.03861077 0.57481451 3.75235876 7.852231078653e-01 5.358660194009e-01 2.428196802326e+01 5.301363558806e-05 2.335348714820e+02
26 49 4 0.92606948 0.73089382 2.03861077 0.57481451 3.75235876 1.078194060268e+00 4.612721370797e-01 2.916177243190e+01 1.985948944365e-04 2.354093869813e+02
26 50 4 0.92606948 0.73089382 2.03861077 0.57481451 3.75235876 1.276086286296e+00 3.604045484375e-01 2.930186951862e+01 3.678623313530e-04 2.276764617499e+02
26 51 4 0.92606948 0.73089382 2.03861077 0.57481451 3.75235876 1.505581272499e+00 5.364476826888e-01 2.582959708368e+01 4.198472234500e-04 2.426850494571e+02
26 52 4 0.92606948 0.73089382 2.03861077 0.57481451 3.75235876 1.579477407301e+00 5.800284270970e-01 2.595399317464e+01 3.322309032644e-04 2.771664776421e+02
26 53 4 0.92606948 0.73089382 2.03861077 0.57481451 3.75235876 9.141085103526e-01 4.102316426818e-01 3.155305826685e+01 2.559896776744e-04 3.037902047066e+02
26 54 4 0.92606948 0.73089382 2.03861077 0.57481451 3.75235876 1.346927947710e+00 5.228921033260e-01 3.505262296655e+01 1.453145800547e-04 3.623305809427e+02
26 55 4 0.92606948 0.73089382 2.03861077 0.57481451 3.75235876 1.631524394090e+00 6.987213267496e-01 3.229244195814e+01 2.347513635273e-04 3.894653985481e+02
26 56 4 0.92606948 0.73089382 2.03861077 0.57481451 3.75235876 1.728102400850e+00 5.307877637661e-01 2.942208973294e+01 5.754239524811e-04 4.148574603177e+02
26 57 4 0.92606948 0.73089382 2.03861077 0.57481451 3.75235876 1.819008201142e+00 5.200314721708e-01 3.351673742203e+01 8.705815886378e-04 4.335530886150e+02
26 58 4 0.92606948 0.73089382 2.03861077 0.57481451 3.75235876 1.070539350126e+00 7.777536088175e-01 4.005492195296e+01 1.447744409984e-03 4.055739682190e+02
26 59 4 0.92606948 0.73089382 2.03861077 0.57481451 3.75235876 1.634152853059e+00 6.876473723672e-01 4.016236136409e+01 1.763015181693e-03 4.020612389881e+02
26 60 4 0.92606948 0.73089382 2.03861077 0.57481451 3.75235876 2.083425324226e+00 5.357700717144e-01 3.556904571823e+01 1.741427276485e-03 3.713570408610e+02
26 61 4 0.92606948 0.73089382 2.03861077 0.57481451 3.75235876 2.054208146879e+00 8.069758032449e-01 3.599296936077e+01 1.649930903970e-03 3.489363116337e+02
26 62 4 0.92606948 0.73089382 2.03861077 0.57481451 3.75235876 2.097901626283e+00 8.648186185847e-01 4.400110742523e+01 1.422151976015e-03 3.577022100781e+02
26 63 4 0.92606948 0.73089382 2.03861077 0.57481451 3.75235876 1.278278584176e+00 6.113926345486e-01 4.831213380406e+01 1.148373763580e-03 3.536462305582e+02
27 0 4 0.66629037 0.58995640 1.11041970 0.45784612 5.53135679 5.749960393698e-01 2.141727874208e-01 4.347842183454e+00 1.076543102342e-03 1.786922986327e+03
27 1 4 0.66629037 0.58995640 1.11041970 0.45784612 5.53135679 5.653413765050e-01 2.701201738106e-01 4.201680712237e+00 1.197585882642e-03 1.770840219311e+03
27 2 4 0.66629037 0.58995640 1.11041970 0.45784612 5.53135679 5.505038433575e-01 2.799807307626e-01 4.147329498409e+00 1.291933409228e-03 1.754000023548e+03
27 3 4 0.66629037 0.58995640 1.11041970 0.45784612 5.53135679 5.275882107268e-01 2.603792239772e-01 4.060202188794e+00 8.966744915274e-04 1.734025148040e+03
27 4 4 0.66629037 0.58995640 1.11041970 0.45784612 5.53135679 5.018885891160e-01 2.132142719112e-01 3.887617871516e+00 5.191143861476e-04 1.713607049768e+03
27 5 4 0.66629037 0.58995640 1.11041970 0.45784612 5.53135679 4.920327383049e-01 1.795858956659e-01 3.762808696510e+00 3.830720904030e-04 1.690466665517e+03
27 6 4 0.66629037 0.58995640 1.11041970 0.45784612 5.53135679 4.751519331513e-01 2.225587376350e-01 3.625232155206e+00 2.269598087459e-04 1.666710255532e+03
27 7 4 0.66629037 0.58995640 1.11041970 0.45784612 5.53135679 4.583790415116e-01 3.167127011110e-01 3.541205811880e+00 1.087338468979e-04 1.641897209185e+03
27 8 4 0.66629037 0.58995640 1.11041970 0.45784612 5.53135679 4.414065977565e-01 3.419577214950e-01 3.402568250466e+00 1.625634912086e-04 1.615938295527e+03
27 9 4 0.66629037 0.58995640 1.11041970 0.45784612 5.53135679 4.318255415690e-01 2.613967046734e-01 3.287402699013e+00 2.528196230281e-04 1.590680102045e+03
27 10 4 0.66629037 0.58995640 1.11041970 0.45784612 5.53135679 4.223402353788e-01 1.861513952907e-01 3.139716956704e+00 2.177827749219e-04 1.564173166872e+03
27 11 4 0.66629037 0.58995640 1.11041970 0.45784612 5.53135679 4.068955890660e-01 1.989456390621e-01 3.058572568184e+00 2.087221999108e-04 1.539351082480e+03
27 12 4 0.66629037 0.58995640 1.11041970 0.45784612 5.53135679 3.899902961194e-01 2.587002034984e-01 3.028966126111e+00 1.732989703487e-04 1.514038400862e+03
27 13 4 0.66629037 0.58995640 1.11041970 0.45784612 5.53135679 3.719739545448e-01 2.934285392711e-01 2.907081280846e+00 1.008674203165e-04 1.490231601742e+03
27 14 4 0.66629037 0.58995640 1.11041970 0.45784612 5.53135679 3.759911014710e-01 2.928570221303e-01 2.800396011324e+00 1.824846108320e-05 1.467075739433e+03
27 15 4 0.66629037 0.58995640 1.11041970 0.45784612 5.53135679 3.627860357194e-01 2.688520292022e-01 2.760850310777e+00 9.456908819623e-06 1.444485391228e+03
27 16 4 0.66629037 0.58995640 1.11041970 0.45784612 5.53135679 3.546348007169e-01 2.228406273161e-01 2.717377019564e+00 4.050131040410e-05 1.423347900184e+03
27 17 4 0.66629037 0.58995640 1.11041970 0.45784612 5.53135679 3.525632038072e-01 2.007068590538e-01 2.611366905656e+00 1.056894234065e-04 1.402038533605e+03
27 18 4 0.66629037 0.58995640 1.11041970 0.45784612 5.53135679 3.274211813283e-01 2.499932588933e-01 2.539560012799e+00 1.828163788888e-04 1.382248510492e+03
27 19 4 0.66629037 0.58995640 1.11041970 0.45784612 5.53135679 3.228766022351e-01 3.267808591584e-01 2.471603758635e+00 2.879893578293e-04 1.362432394103e+03
27 20 4 0.66629037 0.58995640 1.11041970 0.45784612 5.53135679 3.123831558147e-01 3.347509008224e-01 2.421933507582e+00 3.062171554726e-04 1.343646270468e+03
27 21 4 0.66629037 0.58995640 1.11041970 0.45784612 5.53135679 3.063135436841e-01 2.636012030344e-01 2.363373715553e+00 2.672934901946e-04 1.325772167265e+03
27 22 4 0.66629037 0.58995640 1.11041970 0.45784612 5.53135679 2.984586309811e-01 2.099760195880e-01 2.310257358643e+00 2.750968678883e-04 1.308441395539e+03
27 23 4 0.66629037 0.58995640 1.11041970 0.45784612 5.53135679 2.905657412206e-01 2.274025965432e-01 2.232635637102e+00 2.772116500007e-04 1.292992198471e+03
27 24 4 0.66629037 0.58995640 1.11041970 0.45784612 5.53135679 2.908955680965e-01 2.724527156254e-01 2.210111238741e+00 2.298237980152e-04 1.278108560935e+03
27 25 4 0.66629037 0.58995640 1.11041970 0.45784612 5.53135679 2.906513249579e-01 2.946703653215e-01 2.238664518938e+00 1.965551510061e-04 1.265480062331e+03
27 26 4 0.66629037 0.58995640 1.11041970 0.45784612 5.53135679 2.844301636132e-01 2.873169126192e-01 2.175157363930e+00 2.732285726521e-04 1.254220311845e+03
27 27 4 0.66629037 0.58995640 1.11041970 0.45784612 5.53135679 2.853533748576e-01 2.569955078523e-01 2.147339899233e+00 2.560290476080e-04 1.245058519996e+03
27 28 4 0.66629037 0.58995640 1.11041970 0.45784612 5.53135679 2.867897526262e-01 2.079370397557e-01 2.162161610026e+00 2.178408024584e-04 1.238516514202e+03
27 29 4 0.66629037 0.58995640 1.11041970 0.45784612 5.53135679 2.812892744680e-01 1.844597692232e-01 2.183027418962e+00 2.474932215747e-04 1.233709421040e+03
27 30 4 0.66629037 0.58995640 1.11041970 0.45784612 5.53135679 2.855649521204e-01 2.291555465099e-01 2.158546962363e+00 2.813915805216e-04 1.232303829144e+03
27 31 4 0.66629037 0.58995640 1.11041970 0.45784612 5.53135679 2.669266232427e-01 2.958488875038e-01 2.128728342513e+00 2.111632245967e-04 1.232389255840e+03
27 32 4 0.66629037 0.58995640 1.11041970 0.45784612 5.53135679 2.854821092981e-01 3.002160769592e-01 2.195100161046e+00 2.145897930755e-04 1.235651011049e+03
27 33 4 0.66629037 0.58995640 1.11041970 0.45784612 5.53135679 2.899016107953e-01 2.401143749224e-01 2.156399324508e+00 2.850770084270e-04 1.240603330735e+03
27 34 4 0.66629037 0.58995640 1.11041970 0.45784612 5.53135679 2.845363682007e-01 2.027017713618e-01 2.190093611062e+00 2.510494131917e-04 1.247770115487e+03
27 35 4 0.66629037 0.58995640 1.11041970 0.45784612 5.53135679 2.908629693808e-01 2.322166971412e-01 2.196161852602e+00 2.240167497457e-04 1.257131582690e+03
27 36 4 0.66629037 0.58995640 1.11041970 0.45784612 5.53135679 2.864988701763e-01 2.823102755234e-01 2.209400510077e+00 2.651294006631e-04 1.267612475312e+03
27 37 4 0.66629037 0.58995640 1.11041970 0.45784612 5.53135679 2.968084393034e-01 3.101893484035e-01 2.240559242688e+00 2.804000274789e-04 1.280495632700e+03
27 38 4 0.66629037 0.58995640 1.11041970 0.45784612 5.53135679 2.986394190746e-01 3.108945138623e-01 2.329406616645e+00 2.031734168403e-04 1.293874688252e+03
27 39 4 0.66629037 0.58995640 1.11041970 0.45784612 5.53135679 3.044570963526e-01 2.825223815806e-01 2.369708266734e+00 2.398312005795e-04 1.309201486812e+03
27 40 4 0.66629037 0.58995640 1.11041970 0.45784612 5.53135679 3.128494564279e-01 2.294861790903e-01 2.382900438907e+00 2.867075668756e-04 1.325190555026e+03
27 41 4 0.66629037 0.58995640 1.11041970 0.45784612 5.53135679 3.269447260500e-01 2.049771210274e-01 2.474484032321e+00 2.861786375245e-04 1.342252252328e+03
27 42 4 0.66629037 0.58995640 1.11041970 0.45784612 5.53135679 3.317248898010e-01 2.589441504130e-01 2.565131011862e+00 2.790261785299e-04 1.360693310766e+03
27 43 4 0.66629037 0.58995640 1.11041970 0.45784612 5.53135679 3.455066463932e-01 3.309295932152e-01 2.639138415034e+00 3.200096103871e-04 1.379569947040e+03
27 44 4 0.66629037 0.58995640 1.11041970 0.45784612 5.53135679 3.514834341174e-01 3.219849638437e-01 2.637420482248e+00 2.991722743252e-04 1.400416811657e+03
27 45 4 0.66629037 0.58995640 1.11041970 0.45784612 5.53135679 3.671247535723e-01 2.430009766667e-01 2.759353681977e+00 1.916884189905e-04 1.421752331718e+03
27 46 4 0.66629037 0.58995640 1.11041970 0.45784612 5.53135679 3.778191529709e-01 1.968705082472e-01 2.814120520741e+00 1.108107578518e-04 1.444818754401e+03
27 47 4 0.66629037 0.58995640 1.11041970 0.45784612 5.53135679 3.729969909043e-01 2.273039005212e-01 2.889924986920e+00 4.287047525420e-05 1.468939799712e+03
27 48 4 0.66629037 0.58995640 1.11041970 0.45784612 5.53135679 3.920896157783e-01 2.775207057003e-01 2.963185851653e+00 1.102289854995e-05 1.493707150178e+03
27 49 4 0.66629037 0.58995640 1.11041970 0.45784612 5.53135679 3.929920207813e-01 3.069022563722e-01 3.014347777502e+00 1.963921841274e-05 1.520106170654e+03
27 50 4 0.66629037 0.58995640 1.11041970 0.45784612 5.53135679 4.090278624902e-01 3.123295749128e-01 3.116885647047e+00 1.061541369452e-04 1.546030056209e+03
27 51 4 0.66629037 0.58995640 1.11041970 0.45784612 5.53135679 4.353857113389e-01 2.778335479656e-01 3.282220272833e+00 1.824050931335e-04 1.573515896495e+03
27 52 4 0.66629037 0.58995640 1.11041970 0.45784612 5.53135679 4.435934886961e-01 2.153114688225e-01 3.349037274407e+00 2.162677640346e-04 1.600000923745e+03
27 53 4 0.66629037 0.58995640 1.11041970 0.45784612 5.53135679 4.552617450140e-01 2.023223848318e-01 3.426177769016e+00 2.261389033871e-04 1.626795187326e+03
27 54 4 0.66629037 0.58995640 1.11041970 0.45784612 5.53135679 4.653880848713e-01 2.853249941468e-01 3.552208761058e+00 2.661233812793e-04 1.652691025819e+03
27 55 4 0.66629037 0.58995640 1.11041970 0.45784612 5.53135679 4.834334068356e-01 3.655698649616e-01 3.728193128180e+00 1.702749015700e-04 1.676968961534e+03
27 56 4 0.66629037 0.58995640 1.11041970 0.45784612 5.53135679 5.006960704062e-01 3.286143878563e-01 3.820044121207e+00 1.206421580787e-04 1.700852104717e+03
27 57 4 0.66629037 0.58995640 1.11041970 0.45784612 5.53135679 5.170281237905e-01 2.233382718321e-01 3.859484429788e+00 2.530664110349e-04 1.721848341229e+03
27 58 4 0.66629037 0.58995640 1.11041970 0.45784612 5.53135679 5.284402765169e-01 1.753077255170e-01 3.993831164710e+00 4.194549389777e-04 1.742788431060e+03
27 59 4 0.66629037 0.58995640 1.11041970 0.45784612 5.53135679 5.480433822319e-01 2.103094702828e-01 4.102036250260e+00 5.629908206801e-04 1.761035129047e+03
27 60 4 0.66629037 0.58995640 1.11041970 0.45784612 5.53135679 5.678047857117e-01 2.570688707365e-01 4.183111831755e+00 9.679799837577e-04 1.778891527882e+03
27 61 4 0.66629037 0.58995640 1.11041970 0.45784612 5.53135679 5.783585066489e-01 2.790401383648e-01 4.291892317073e+00 1.373803654607e-03 1.795483611446e+03
27 62 4 0.66629037 0.58995640 1.11041970 0.45784612 5.53135679 5.843662516261e-01 2.720889001614e-01 4.335164889306e+00 1.266943214873e-03 1.810932357884e+03
27 63 4 0.66629037 0.58995640 1.11041970 0.45784612 5.53135679 6.037478764379e-01 2.129717826293e-01 4.476115486788e+00 1.144359693718e-03 1.826744265842e+03
28 0 4 0.82326698 1.06068295 1.31281216 0.62301553 1.60213950 1.275873367175e+00 4.078397630060e+00 8.564477926295e+00 3.514207571435e-01 2.258262399000e+01
28 1 4 0.82326698 1.06068295 1.31281216 0.62301553 1.60213950 8.922938076597e-01 2.902365537954e+00 6.562204029004e+00 3.378709973467e-01 1.679573234634e+01
28 2 4 0.82326698 1.06068295 1.31281216 0.62301553 1.60213950 1.111159852235e+00 3.144102083319e+00 6.189297439447e+00 3.248650629765e-01 1.147687110625e+01
28 3 4 0.82326698 1.06068295 1.31281216 0.62301553 1.60213950 1.219910087928e+00 2.165916850489e+00 6.403086253817e+00 3.141587015382e-01 1.129282341631e+01
28 4 4 0.82326698 1.06068295 1.31281216 0.62301553 1.60213950 8.473699237871e-01 2.395356135390e+00 7.476369747970e+00 3.037452370255e-01 1.008754033264e+01
28 5 4 0.82326698 1.06068295 1.31281216 0.62301553 1.60213950 9.189933451852e-01 1.712992510223e+00 4.973794729064e+00 2.972825860345e-01 8.127581638574e+00
28 6 4 0.82326698 1.06068295 1.31281216 0.62301553 1.60213950 1.090312066968e+00 2.021546548106e+00 5.762853254083e+00 2.889309375626e-01 1.098663937321e+01
28 7 4 0.82326698 1.06068295 1.31281216 0.62301553 1.60213950 7.839663899840e-01 1.640243915852e+00 6.281025098358e+00 2.836149482399e-01 1.465116171238e+01
28 8 4 0.82326698 1.06068295 1.31281216 0.62301553 1.60213950 7.608678876916e-01 2.037582763250e+00 5.279959533947e+00 2.775253653723e-01 1.420333388787e+01
28 9 4 0.82326698 1.06068295 1.31281216 0.62301553 1.60213950 9.905177351463e-01 1.874445976786e+00 4.715633160888e+00 2.718461515779e-01 1.415496683631e+01
28 10 4 0.82326698 1.06068295 1.31281216 0.62301553 1.60213950 7.498557791473e-01 2.262941668658e+00 4.989019068911e+00 2.652612626846e-01 1.616286744767e+01
28 11 4 0.82326698 1.06068295 1.31281216 0.62301553 1.60213950 6.409605913383e-01 2.239792955490e+00 5.843898458482e+00 2.596849482064e-01 1.454750239927e+01
28 12 4 0.82326698 1.06068295 1.31281216 0.62301553 1.60213950 8.771636768082e-01 2.441128393793e+00 3.735871922706e+00 2.519394227895e-01 1.002281183191e+01
28 13 4 0.82326698 1.06068295 1.31281216 0.62301553 1.60213950 7.484768327540e-01 2.520122082617e+00 4.697662334037e+00 2.448927282804e-01 8.463302444540e+00
28 14 4 0.82326698 1.06068295 1.31281216 0.62301553 1.60213950 5.589510381632e-01 2.384595809894e+00 4.737933815167e+00 2.376573513470e-01 8.093333681999e+00
28 15 4 0.82326698 1.06068295 1.31281216 0.62301553 1.60213950 7.536782181880e-01 2.523730659268e+00 4.212750636884e+00 2.292250882621e-01 5.989307489480e+00
28 16 4 0.82326698 1.06068295 1.31281216 0.62301553 1.60213950 7.271980138183e-01 2.087263571307e+00 3.685909787576e+00 2.219915822028e-01 5.833853330062e+00
28 17 4 0.82326698 1.06068295 1.31281216 0.62301553 1.60213950 5.133395123158e-01 2.217352669562e+00 4.050145658331e+00 2.142418039015e-01 8.504666907140e+00
28 18 4 0.82326698 1.06068295 1.31281216 0.62301553 1.60213950 6.347772415881e-01 1.648519510522e+00 4.629994291056e+00 2.070917899057e-01 9.592488816361e+00
28 19 4 0.82326698 1.06068295 1.31281216 0.62301553 1.60213950 6.778462382850e-01 1.765761128475e+00 2.958585563388e+00 1.997587299231e-01 9.334781054739e+00
28 20 4 0.82326698 1.06068295 1.31281216 0.62301553 1.60213950 4.804082362720e-01 1.232688341283e+00 3.902197551884e+00 1.942674018621e-01 1.099676812094e+01
28 21 4 0.82326698 1.06068295 1.31281216 0.62301553 1.60213950 5.483092462404e-01 1.389987966837e+00 3.809943601276e+00 1.870941927114e-01 1.187933005384e+01
28 22 4 0.82326698 1.06068295 1.31281216 0.62301553 1.60213950 6.593909300682e-01 9.810734417401e-01 3.577555311115e+00 1.826188520792e-01 9.509118776620e+00
28 23 4 0.82326698 1.06068295 1.31281216 0.62301553 1.60213950 4.936044767408e-01 1.227341136834e+00 2.963547786141e+00 1.768850494714e-01 7.336215328770e+00
28 24 4 0.82326698 1.06068295 1.31281216 0.62301553 1.60213950 4.796774665376e-01 9.624151340170e-01 3.595884988445e+00 1.726392469793e-01 7.024003648794e+00
28 25 4 0.82326698 1.06068295 1.31281216 0.62301553 1.60213950 6.199342852364e-01 1.295222911335e+00 3.887019099658e+00 1.678983541628e-01 5.774020442696e+00
28 26 4 0.82326698 1.06068295 1.31281216 0.62301553 1.60213950 5.031370519538e-01 1.133752068032e+00 2.638000642413e+00 1.648440229134e-01 4.280185971843e+00
28 27 4 0.82326698 1.06068295 1.31281216 0.62301553 1.60213950 4.338196336569e-01 1.505053616710e+00 3.396814913321e+00 1.604499762857e-01 5.246416666615e+00
28 28 4 0.82326698 1.06068295 1.31281216 0.62301553 1.60213950 5.877915552723e-01 1.408035522257e+00 3.427201309827e+00 1.582371506114e-01 6.970195500172e+00
28 29 4 0.82326698 1.06068295 1.31281216 0.62301553 1.60213950 5.314928060784e-01 1.711155530019e+00 3.310312198002e+00 1.553177382139e-01 7.312270677321e+00
28 30 4 0.82326698 1.06068295 1.31281216 0.62301553 1.60213950 4.080334622412e-01 1.674627953043e+00 2.691249609699e+00 1.532329290208e-01 8.239070521951e+00
28 31 4 0.82326698 1.06068295 1.31281216 0.62301553 1.60213950 5.305776485082e-01 1.793224512153e+00 3.508175285458e+00 1.517254716539e-01 1.020232379035e+01
28 32 4 0.82326698 1.06068295 1.31281216 0.62301553 1.60213950 5.584730632450e-01 1.824528015899e+00 3.602843685394e+00 1.507460372393e-01 1.023109959145e+01
28 33 4 0.82326698 1.06068295 1.31281216 0.62301553 1.60213950 4.267070172300e-01 1.707067699517e+00 2.680500270910e+00 1.498805025704e-01 8.184621518165e+00
28 34 4 0.82326698 1.06068295 1.31281216 0.62301553 1.60213950 5.348937957335e-01 1.776076315067e+00 3.380323741252e+00 1.499273086717e-01 7.342795742297e+00
28 35 4 0.82326698 1.06068295 1.31281216 0.62301553 1.60213950 5.992061380023e-01 1.473970783289e+00 3.456141734431e+00 1.505247643463e-01 7.013396308548e+00
28 36 4 0.82326698 1.06068295 1.31281216 0.62301553 1.60213950 4.463873579732e-01 1.568471032952e+00 3.502413075538e+00 1.506508719243e-01 5.259801895889e+00
28 37 4 0.82326698 1.06068295 1.31281216 0.62301553 1.60213950 5.110253737038e-01 1.181364458785e+00 2.702955059795e+00 1.526448184617e-01 4.384244266433e+00
28 38 4 0.82326698 1.06068295 1.31281216 0.62301553 1.60213950 6.430189387363e-01 1.335246624934e+00 4.036634473500e+00 1.536115070268e-01 6.069068026586e+00
28 39 4 0.82326698 1.06068295 1.31281216 0.62301553 1.60213950 5.011959659175e-01 9.766576571318e-01 3.700596552323e+00 1.559549607981e-01 7.323412952923e+00
28 40 4 0.82326698 1.06068295 1.31281216 0.62301553 1.60213950 5.024286874988e-01 1.253507406047e+00 3.086458350896e+00 1.579510145697e-01 7.745142679226e+00
28 41 4 0.82326698 1.06068295 1.31281216 0.62301553 1.60213950 6.851809054997e-01 9.970580688591e-01 3.761984337668e+00 1.614075133788e-01 1.011389854658e+01
28 42 4 0.82326698 1.06068295 1.31281216 0.62301553 1.60213950 5.602195399442e-01 1.440184722240e+00 4.019301135433e+00 1.635160860351e-01 1.253915450172e+01
28 43 4 0.82326698 1.06068295 1.31281216 0.62301553 1.60213950 5.127125051241e-01 1.280372841787e+00 4.079758680712e+00 1.683903064000e-01 1.149838537688e+01
28 44 4 0.82326698 1.06068295 1.31281216 0.62301553 1.60213950 7.343111100778e-01 1.881573006861e+00 3.099268711388e+00 1.714820208337e-01 9.809683843198e+00
28 45 4 0.82326698 1.06068295 1.31281216 0.62301553 1.60213950 6.817418025663e-01 1.747400992485e+00 4.968821921135e+00 1.765632988811e-01 1.002743608298e+01
28 46 4 0.82326698 1.06068295 1.31281216 0.62301553 1.60213950 5.520446163892e-01 2.381697690083e+00 4.328309166777e+00 1.810445393940e-01 8.823716577034e+00
28 47 4 0.82326698 1.06068295 1.31281216 0.62301553 1.60213950 7.735943783343e-01 2.239300280743e+00 3.835216504795e+00 1.867258454694e-01 6.029769126582e+00
28 48 4 0.82326698 1.06068295 1.31281216 0.62301553 1.60213950 7.837999992528e-01 2.706121824437e+00 4.529911617898e+00 1.910556746178e-01 6.399094385896e+00
28 49 4 0.82326698 1.06068295 1.31281216 0.62301553 1.60213950 5.989539432938e-01 2.572353557916e+00 5.089518977309e+00 1.973505756627e-01 8.678770616162e+00
28 50 4 0.82326698 1.06068295 1.31281216 0.62301553 1.60213950 8.069623744828e-01 2.714860847172e+00 4.998551735547e+00 2.016891157685e-01 9.166106616363e+00
28 51 4 0.82326698 1.06068295 1.31281216 0.62301553 1.60213950 9.075602499044e-01 2.620509661563e+00 3.963403054739e+00 2.065824392108e-01 1.096792870533e+01
28 52 4 0.82326698 1.06068295 1.31281216 0.62301553 1.60213950 6.748737455049e-01 2.438441893115e+00 6.339714980278e+00 2.112958736325e-01 1.583399427674e+01
28 53 4 0.82326698 1.06068295 1.31281216 0.62301553 1.60213950 8.324033924266e-01 2.417730092279e+00 5.284815210564e+00 2.150326575156e-01 1.749150322137e+01
28 54 4 0.82326698 1.06068295 1.31281216 0.62301553 1.60213950 1.058846303296e+00 2.022779049758e+00 5.065132229665e+00 2.186669739947e-01 1.509723276200e+01
28 55 4 0.82326698 1.06068295 1.31281216 0.62301553 1.60213950 8.062874694882e-01 2.164623472164e+00 5.660626195445e+00 2.225948224560e-01 1.509520052545e+01
28 56 4 0.82326698 1.06068295 1.31281216 0.62301553 1.60213950 8.630355235758e-01 1.727435043688e+00 6.793046932004e+00 2.263656792956e-01 1.553934927511e+01
28 57 4 0.82326698 1.06068295 1.31281216 0.62301553 1.60213950 1.185653942673e+00 2.125447044518e+00 6.065137665355e+00 2.300039020666e-01 1.137366746782e+01
28 58 4 0.82326698 1.06068295 1.31281216 0.62301553 1.60213950 9.980687421032e-01 1.792655209817e+00 5.369739644074e+00 2.364310945688e-01 8.484759944238e+00
28 59 4 0.82326698 1.06068295 1.31281216 0.62301553 1.60213950 9.088409191784e-01 2.527227811500e+00 8.182873065831e+00 2.415745260114e-01 1.091588010703e+01
28 60 4 0.82326698 1.06068295 1.31281216 0.62301553 1.60213950 1.279419927650e+00 2.319492371576e+00 6.701222976696e+00 2.502863578151e-01 1.217404898001e+01
28 61 4 0.82326698 1.06068295 1.31281216 0.62301553 1.60213950 1.158136780228e+00 3.410835333241e+00 6.615341913415e+00 2.593541517205e-01 1.252857912281e+01
28 62 4 0.82326698 1.06068295 1.31281216 0.62301553 1.60213950 9.626038618502e-01 3.171079988524e+00 7.173032760820e+00 2.711426881956e-01 1.867397668318e+01
28 63 4 0.82326698 1.06068295 1.31281216 0.62301553 1.60213950 1.363476361482e+00 4.484834243974e+00 9.173740199416e+00 2.822096014963e-01 2.461455188903e+01
