# environment=00179 local_bs=0 gain_scale=1.790873997608e-14
# ue subcarrier serving_bs phi0 phi1 phi2 phi3 phi4 gain0 gain1 gain2 gain3 gain4
7 0 0 2.29554167 0.37334983 1.32112637 1.09761209 0.31987132 4.387670315898e+02 2.756666426364e-01 4.567043151304e+01 4.152647203657e+01 1.786472894281e-04
7 1 0 2.29554167 0.37334983 1.32112637 1.09761209 0.31987132 4.243995813861e+02 2.633943385158e-01 5.250058524903e+01 3.887503682043e+01 1.720972561314e-04
7 2 0 2.29554167 0.37334983 1.32112637 1.09761209 0.31987132 4.089271047849e+02 2.475231157735e-01 4.740670112862e+01 3.572245267940e+01 1.657651663305e-04
7 3 0 2.29554167 0.37334983 1.32112637 1.09761209 0.31987132 3.941418910297e+02 2.363455438848e-01 4.272914130514e+01 3.256658663311e+01 1.596510227879e-04
7 4 0 2.29554167 0.37334983 1.32112637 1.09761209 0.31987132 3.807818325617e+02 2.358827893634e-01 4.885761517629e+01 2.922331922193e+01 1.537548281714e-04
7 5 0 2.29554167 0.37334983 1.32112637 1.09761209 0.31987132 3.672362109240e+02 2.409891404293e-01 3.792684387291e+01 2.583078502854e+01 1.480765850526e-04
7 6 0 2.29554167 0.37334983 1.32112637 1.09761209 0.31987132 3.540465175619e+02 2.394138419206e-01 4.367100742575e+01 2.246704766836e+01 1.426162959089e-04
7 7 0 2.29554167 0.37334983 1.32112637 1.09761209 0.31987132 3.418269893700e+02 2.249806039768e-01 3.960388343038e+01 1.938608907111e+01 1.373739631227e-04
7 8 0 2.29554167 0.37334983 1.32112637 1.09761209 0.31987132 3.299365121416e+02 2.040433229190e-01 3.547936043438e+01 1.670309732735e+01 1.323495889805e-04
7 9 0 2.29554167 0.37334983 1.32112637 1.09761209 0.31987132 3.182397624694e+02 1.884362096810e-01 4.074482912715e+01 1.422227033268e+01 1.275431756745e-04
7 10 0 2.29554167 0.37334983 1.32112637 1.09761209 0.31987132 3.074774227894e+02 1.840578081699e-01 3.178345839894e+01 1.207894582910e+01 1.229547253016e-04
7 11 0 2.29554167 0.37334983 1.32112637 1.09761209 0.31987132 2.971983763984e+02 1.862933156156e-01 3.627638904469e+01 1.022442941747e+01 1.185842398632e-04
7 12 0 2.29554167 0.37334983 1.32112637 1.09761209 0.31987132 2.872216734411e+02 1.857730873149e-01 3.340906140089e+01 8.857772095516e+00 1.144317212661e-04
7 13 0 2.29554167 0.37334983 1.32112637 1.09761209 0.31987132 2.780352802801e+02 1.778091090658e-01 2.963801848799e+01 7.764145570769e+00 1.104971713221e-04
7 14 0 2.29554167 0.37334983 1.32112637 1.09761209 0.31987132 2.692033185282e+02 1.663023482147e-01 3.428810802244e+01 7.074758229739e+00 1.067805917474e-04
7 15 0 2.29554167 0.37334983 1.32112637 1.09761209 0.31987132 2.609690701961e+02 1.583797472070e-01 2.703289462930e+01 6.746319680393e+00 1.032819841633e-04
7 16 0 2.29554167 0.37334983 1.32112637 1.09761209 0.31987132 2.531373854072e+02 1.561602810081e-01 3.049760192627e+01 6.815920044687e+00 1.000013500964e-04
7 17 0 2.29554167 0.37334983 1.32112637 1.09761209 0.31987132 2.456680492756e+02 1.555469689243e-01 2.874139854372e+01 7.140656615641e+00 9.693869097777e-05
7 18 0 2.29554167 0.37334983 1.32112637 1.09761209 0.31987132 2.392482611117e+02 1.523768634405e-01 2.522422184180e+01 7.644528136499e+00 9.409400814337e-05
7 19 0 2.29554167 0.37334983 1.32112637 1.09761209 0.31987132 2.327074726051e+02 1.472565469887e-01 2.956035056852e+01 8.407713871730e+00 9.146730283438e-05
7 20 0 2.29554167 0.37334983 1.32112637 1.09761209 0.31987132 2.268423279182e+02 1.433670644978e-01 2.356067474117e+01 9.317011972875e+00 8.905857619664e-05
7 21 0 2.29554167 0.37334983 1.32112637 1.09761209 0.31987132 2.223120698741e+02 1.416337859109e-01 2.646701741840e+01 1.039954200472e+01 8.686782928094e-05
7 22 0 2.29554167 0.37334983 1.32112637 1.09761209 0.31987132 2.170140993993e+02 1.398207218859e-01 2.545683992560e+01 1.148589434540e+01 8.489506304308e-05
7 23 0 2.29554167 0.37334983 1.32112637 1.09761209 0.31987132 2.128976295425e+02 1.358962928308e-01 2.235337826423e+01 1.274439008927e+01 8.314027834364e-05
7 24 0 2.29554167 0.37334983 1.32112637 1.09761209 0.31987132 2.100327309583e+02 1.309998381527e-01 2.643586261767e+01 1.397863755510e+01 8.160347594817e-05
7 25 0 2.29554167 0.37334983 1.32112637 1.09761209 0.31987132 2.058737169619e+02 1.285461685134e-01 2.148098890539e+01 1.516125659930e+01 8.028465652712e-05
7 26 0 2.29554167 0.37334983 1.32112637 1.09761209 0.31987132 2.035807405733e+02 1.301673965747e-01 2.405423955092e+01 1.607357857585e+01 7.918382065580e-05
7 27 0 2.29554167 0.37334983 1.32112637 1.09761209 0.31987132 2.021813211949e+02 1.329074052646e-01 2.367867285115e+01 1.682211554103e+01 7.830096881449e-05
7 28 0 2.29554167 0.37334983 1.32112637 1.09761209 0.31987132 1.993225983610e+02 1.316701591623e-01 2.091441089020e+01 1.739404957545e+01 7.763610138832e-05
7 29 0 2.29554167 0.37334983 1.32112637 1.09761209 0.31987132 1.990104652051e+02 1.251857081828e-01 2.499414370009e+01 1.779780837459e+01 7.718921866735e-05
7 30 0 2.29554167 0.37334983 1.32112637 1.09761209 0.31987132 1.989793907957e+02 1.186049451635e-01 2.077404608066e+01 1.808319626736e+01 7.696032084653e-05
7 31 0 2.29554167 0.37334983 1.32112637 1.09761209 0.31987132 1.976362428068e+02 1.185483113322e-01 2.324529202027e+01 1.828669699176e+01 7.694940802572e-05
7 32 0 2.29554167 0.37334983 1.32112637 1.09761209 0.31987132 1.992402573988e+02 1.259978832557e-01 2.348299672537e+01 1.852623459328e+01 7.715648020969e-05
7 33 0 2.29554167 0.37334983 1.32112637 1.09761209 0.31987132 2.003769557188e+02 1.350842992350e-01 2.082227431789e+01 1.855074312793e+01 7.758153730809e-05
7 34 0 2.29554167 0.37334983 1.32112637 1.09761209 0.31987132 2.006545238665e+02 1.390737994036e-01 2.534377596100e+01 1.837968040917e+01 7.822457913548e-05
7 35 0 2.29554167 0.37334983 1.32112637 1.09761209 0.31987132 2.039736939044e+02 1.367699420242e-01 2.134250901819e+01 1.784989846027e+01 7.908560541135e-05
7 36 0 2.29554167 0.37334983 1.32112637 1.09761209 0.31987132 2.062429433460e+02 1.328988364072e-01 2.414064035852e+01 1.719788286546e+01 8.016461576006e-05
7 37 0 2.29554167 0.37334983 1.32112637 1.09761209 0.31987132 2.083630219146e+02 1.330929068562e-01 2.477491978706e+01 1.624269304688e+01 8.146160971090e-05
7 38 0 2.29554167 0.37334983 1.32112637 1.09761209 0.31987132 2.132977777300e+02 1.384642363039e-01 2.217281544207e+01 1.514783931935e+01 8.297658669803e-05
7 39 0 2.29554167 0.37334983 1.32112637 1.09761209 0.31987132 2.168685386600e+02 1.451296191967e-01 2.737658879662e+01 1.388777128005e+01 8.470954606053e-05
7 40 0 2.29554167 0.37334983 1.32112637 1.09761209 0.31987132 2.209609739753e+02 1.490367340728e-01 2.327945801902e+01 1.274045602208e+01 8.666048704241e-05
7 41 0 2.29554167 0.37334983 1.32112637 1.09761209 0.31987132 2.272924619471e+02 1.506327240197e-01 2.664799085750e+01 1.165217610391e+01 8.882940879255e-05
7 42 0 2.29554167 0.37334983 1.32112637 1.09761209 0.31987132 2.322444920050e+02 1.535880930309e-01 2.759983742194e+01 1.061167844073e+01 9.121631036473e-05
7 43 0 2.29554167 0.37334983 1.32112637 1.09761209 0.31987132 2.381838270221e+02 1.593427415025e-01 2.496461846158e+01 9.615828040737e+00 9.382119071771e-05
7 44 0 2.29554167 0.37334983 1.32112637 1.09761209 0.31987132 2.456994445494e+02 1.652504080648e-01 3.101810848006e+01 8.713525515240e+00 9.664404871500e-05
7 45 0 2.29554167 0.37334983 1.32112637 1.09761209 0.31987132 2.522131183526e+02 1.688871748767e-01 2.672160044891e+01 8.004788475436e+00 9.968488312516e-05
7 46 0 2.29554167 0.37334983 1.32112637 1.09761209 0.31987132 2.599408264881e+02 1.721659147649e-01 3.057199619482e+01 7.404412668217e+00 1.029436926217e-04
7 47 0 2.29554167 0.37334983 1.32112637 1.09761209 0.31987132 2.687250201380e+02 1.792383796677e-01 3.218357343394e+01 7.120966139882e+00 1.064204757828e-04
7 48 0 2.29554167 0.37334983 1.32112637 1.09761209 0.31987132 2.770521836708e+02 1.909059713114e-01 2.898990624501e+01 7.158048111310e+00 1.101152310917e-04
7 49 0 2.29554167 0.37334983 1.32112637 1.09761209 0.31987132 2.864559661047e+02 2.025566363693e-01 3.645385930673e+01 7.655823433296e+00 1.140279569367e-04
7 50 0 2.29554167 0.37334983 1.32112637 1.09761209 0.31987132 2.965626732350e+02 2.086181927708e-01 3.155912357024e+01 8.430384052525e+00 1.181586516106e-04
7 51 0 2.29554167 0.37334983 1.32112637 1.09761209 0.31987132 3.066228595959e+02 2.092674712518e-01 3.597714186427e+01 9.580284382634e+00 1.225073133116e-04
7 52 0 2.29554167 0.37334983 1.32112637 1.09761209 0.31987132 3.174484039636e+02 2.121935146681e-01 3.852332174288e+01 1.114965439433e+01 1.270739401426e-04
7 53 0 2.29554167 0.37334983 1.32112637 1.09761209 0.31987132 3.289180754684e+02 2.253994181274e-01 3.422504785343e+01 1.314970889870e+01 1.318585301112e-04
7 54 0 2.29554167 0.37334983 1.32112637 1.09761209 0.31987132 3.405926091392e+02 2.472428240668e-01 4.374094549261e+01 1.556572212842e+01 1.368610811300e-04
7 55 0 2.29554167 0.37334983 1.32112637 1.09761209 0.31987132 3.529420245499e+02 2.659256624465e-01 3.770217613939e+01 1.829007274937e+01 1.420815910169e-04
7 56 0 2.29554167 0.37334983 1.32112637 1.09761209 0.31987132 3.660134393913e+02 2.713206727290e-01 4.298897490133e+01 2.153383497625e+01 1.475200574944e-04
7 57 0 2.29554167 0.37334983 1.32112637 1.09761209 0.31987132 3.792725729697e+02 2.665961282806e-01 4.641129895521e+01 2.494454551418e+01 1.531764781896e-04
7 58 0 2.29554167 0.37334983 1.32112637 1.09761209 0.31987132 3.933914250523e+02 2.652001953340e-01 4.090438764156e+01 2.855139077609e+01 1.590508506352e-04
7 59 0 2.29554167 0.37334983 1.32112637 1.09761209 0.31987132 4.079409580985e+02 2.770162894595e-01 5.257876406800e+01 3.196717425548e+01 1.651431722685e-04
7 60 0 2.29554167 0.37334983 1.32112637 1.09761209 0.31987132 4.225185321028e+02 2.992172788140e-01 4.541271032461e+01 3.558133309300e+01 1.714534404312e-04
7 61 0 2.29554167 0.37334983 1.32112637 1.09761209 0.31987132 4.384871714691e+02 3.207114324650e-01 5.138096970163e+01 3.899839473341e+01 1.779816523711e-04
7 62 0 2.29554167 0.37334983 1.32112637 1.09761209 0.31987132 4.541020267867e+02 3.340548345106e-01 5.596074081079e+01 4.223013886710e+01 1.847278052399e-04
7 63 0 2.29554167 0.37334983 1.32112637 1.09761209 0.31987132 4.700727565184e+02 3.420198157108e-01 4.900245532468e+01 4.489443160183e+01 1.916918960942e-04
12 0 0 0.89800516 0.87161752 0.78844462 1.32218320 0.61724402 9.630833343182e+00 9.837279287303e+00 6.710891675206e+00 3.154211853632e-02 2.163257193099e-03
12 1 0 0.89800516 0.87161752 0.78844462 1.32218320 0.61724402 9.224417399153e+00 9.554805116761e+00 6.518493664356e+00 3.361527444635e-02 1.793691444163e-03
12 2 0 0.89800516 0.87161752 0.78844462 1.32218320 0.61724402 8.937809586300e+00 9.005389325036e+00 6.157142553989e+00 2.813785577497e-02 1.907791322355e-03
12 3 0 0.89800516 0.87161752 0.78844462 1.32218320 0.61724402 8.575151209955e+00 8.782445993060e+00 5.945459444346e+00 3.048952674964e-02 1.855728629497e-03
12 4 0 0.89800516 0.87161752 0.78844462 1.32218320 0.61724402 8.342580804909e+00 8.557006664464e+00 5.755970244206e+00 2.728974258906e-02 1.664835525697e-03
12 5 0 0.89800516 0.87161752 0.78844462 1.32218320 0.61724402 7.998916769112e+00 8.354015445909e+00 5.616481260446e+00 2.776921188391e-02 1.893847263866e-03
12 6 0 0.89800516 0.87161752 0.78844462 1.32218320 0.61724402 7.723267412807e+00 7.971717463684e+00 5.436165058158e+00 2.517712080721e-02 1.460451902237e-03
12 7 0 0.89800516 0.87161752 0.78844462 1.32218320 0.61724402 7.462957666352e+00 7.736910541834e+00 5.215903739243e+00 2.598156371939e-02 1.888669759978e-03
12 8 0 0.89800516 0.87161752 0.78844462 1.32218320 0.61724402 7.196859002786e+00 7.430654049875e+00 4.972056782308e+00 2.154749494351e-02 1.310896514453e-03
12 9 0 0.89800516 0.87161752 0.78844462 1.32218320 0.61724402 6.924702241158e+00 7.121157501846e+00 4.723539875213e+00 2.631889215308e-02 1.831586150975e-03
12 10 0 0.89800516 0.87161752 0.78844462 1.32218320 0.61724402 6.771501377570e+00 6.837868377680e+00 4.478510878690e+00 1.869906258922e-02 1.221158797812e-03
12 11 0 0.89800516 0.87161752 0.78844462 1.32218320 0.61724402 6.435846526071e+00 6.462516046904e+00 4.311852331927e+00 2.441150315729e-02 1.724993127587e-03
12 12 0 0.89800516 0.87161752 0.78844462 1.32218320 0.61724402 6.269578733258e+00 6.213068120988e+00 4.188976183061e+00 1.753758885394e-02 1.185824470077e-03
12 13 0 0.89800516 0.87161752 0.78844462 1.32218320 0.61724402 6.095426845225e+00 6.048248664583e+00 4.038829250589e+00 2.146857547747e-02 1.580434597829e-03
12 14 0 0.89800516 0.87161752 0.78844462 1.32218320 0.61724402 5.854784185341e+00 6.000737953530e+00 3.945436979093e+00 1.799673553109e-02 1.191717259583e-03
12 15 0 0.89800516 0.87161752 0.78844462 1.32218320 0.61724402 5.705764182436e+00 5.778930644816e+00 3.823061165468e+00 1.860767358633e-02 1.415354909030e-03
12 16 0 0.89800516 0.87161752 0.78844462 1.32218320 0.61724402 5.522759258869e+00 5.645250186228e+00 3.735841805452e+00 1.700193059381e-02 1.221497898087e-03
12 17 0 0.89800516 0.87161752 0.78844462 1.32218320 0.61724402 5.335499800591e+00 5.418406306815e+00 3.650007067259e+00 1.761794950405e-02 1.249338552287e-03
12 18 0 0.89800516 0.87161752 0.78844462 1.32218320 0.61724402 5.271033520865e+00 5.178762108605e+00 3.578962140138e+00 1.580135465149e-02 1.257351377451e-03
12 19 0 0.89800516 0.87161752 0.78844462 1.32218320 0.61724402 5.044722792598e+00 5.076800780521e+00 3.534857104122e+00 1.723423344483e-02 1.100648850743e-03
12 20 0 0.89800516 0.87161752 0.78844462 1.32218320 0.61724402 4.974698376462e+00 5.003666890737e+00 3.418075719814e+00 1.466650373617e-02 1.284050384052e-03
12 21 0 0.89800516 0.87161752 0.78844462 1.32218320 0.61724402 4.841663488822e+00 4.910636306907e+00 3.327362339431e+00 1.570238435915e-02 9.836441648906e-04
12 22 0 0.89800516 0.87161752 0.78844462 1.32218320 0.61724402 4.754143369784e+00 4.839414354464e+00 3.222342794406e+00 1.537479033945e-02 1.290971446574e-03
12 23 0 0.89800516 0.87161752 0.78844462 1.32218320 0.61724402 4.640660114183e+00 4.770125373825e+00 3.132993587690e+00 1.410852615388e-02 9.073313081453e-04
12 24 0 0.89800516 0.87161752 0.78844462 1.32218320 0.61724402 4.602989683929e+00 4.555493356899e+00 3.072118742276e+00 1.580378121320e-02 1.272964680772e-03
12 25 0 0.89800516 0.87161752 0.78844462 1.32218320 0.61724402 4.506594352843e+00 4.431350182887e+00 3.043120352988e+00 1.306507105642e-02 8.750091751827e-04
12 26 0 0.89800516 0.87161752 0.78844462 1.32218320 0.61724402 4.441022688284e+00 4.423476587947e+00 3.015112547722e+00 1.522403230968e-02 1.230246934094e-03
12 27 0 0.89800516 0.87161752 0.78844462 1.32218320 0.61724402 4.438910441273e+00 4.513406476116e+00 2.967418110102e+00 1.390450467527e-02 8.847401516671e-04
12 28 0 0.89800516 0.87161752 0.78844462 1.32218320 0.61724402 4.382942078197e+00 4.423656991852e+00 2.893997367960e+00 1.403134499807e-02 1.167639614610e-03
12 29 0 0.89800516 0.87161752 0.78844462 1.32218320 0.61724402 4.361495420530e+00 4.350771181913e+00 2.838178446054e+00 1.436440910208e-02 9.303040029105e-04
12 30 0 0.89800516 0.87161752 0.78844462 1.32218320 0.61724402 4.382656556453e+00 4.176138215894e+00 2.801566904480e+00 1.359334273444e-02 1.093487878671e-03
12 31 0 0.89800516 0.87161752 0.78844462 1.32218320 0.61724402 4.316543786370e+00 4.086715268683e+00 2.785889071280e+00 1.440515596875e-02 1.002334428469e-03
12 32 0 0.89800516 0.87161752 0.78844462 1.32218320 0.61724402 4.439529329839e+00 4.306312022635e+00 2.875851615681e+00 1.445753602983e-02 1.018502703031e-03
12 33 0 0.89800516 0.87161752 0.78844462 1.32218320 0.61724402 4.396844784669e+00 4.461364927262e+00 2.926752912261e+00 1.370666633560e-02 1.089468477135e-03
12 34 0 0.89800516 0.87161752 0.78844462 1.32218320 0.61724402 4.434399714852e+00 4.580820795059e+00 3.029711627079e+00 1.454996687002e-02 9.546194569235e-04
12 35 0 0.89800516 0.87161752 0.78844462 1.32218320 0.61724402 4.519947986072e+00 4.495303389970e+00 3.047816537050e+00 1.429657092306e-02 1.179487131449e-03
12 36 0 0.89800516 0.87161752 0.78844462 1.32218320 0.61724402 4.580527984053e+00 4.491527116957e+00 3.100839907816e+00 1.422299789408e-02 9.138351263964e-04
12 37 0 0.89800516 0.87161752 0.78844462 1.32218320 0.61724402 4.637921734459e+00 4.510325031816e+00 3.098706333601e+00 1.568608782270e-02 1.260525514128e-03
12 38 0 0.89800516 0.87161752 0.78844462 1.32218320 0.61724402 4.755746218585e+00 4.660762930263e+00 3.139686955951e+00 1.350284419533e-02 9.069287012473e-04
12 39 0 0.89800516 0.87161752 0.78844462 1.32218320 0.61724402 4.824459939066e+00 4.869065063119e+00 3.201217905523e+00 1.639489504199e-02 1.322439476832e-03
12 40 0 0.89800516 0.87161752 0.78844462 1.32218320 0.61724402 4.969325177875e+00 4.911633396332e+00 3.315447920673e+00 1.471402509289e-02 9.420120875274e-04
12 41 0 0.89800516 0.87161752 0.78844462 1.32218320 0.61724402 5.080429559596e+00 4.967595694003e+00 3.379180075628e+00 1.608537805624e-02 1.358324603021e-03
12 42 0 0.89800516 0.87161752 0.78844462 1.32218320 0.61724402 5.234668862672e+00 5.051539516321e+00 3.482290374456e+00 1.650931650714e-02 1.022989274660e-03
12 43 0 0.89800516 0.87161752 0.78844462 1.32218320 0.61724402 5.362696719659e+00 5.163556133512e+00 3.529613571085e+00 1.544866402393e-02 1.366026138195e-03
12 44 0 0.89800516 0.87161752 0.78844462 1.32218320 0.61724402 5.553713224471e+00 5.327995427330e+00 3.592331941140e+00 1.819583731809e-02 1.148170335772e-03
12 45 0 0.89800516 0.87161752 0.78844462 1.32218320 0.61724402 5.708946357369e+00 5.624209688327e+00 3.655896965705e+00 1.676075684476e-02 1.349315993361e-03
12 46 0 0.89800516 0.87161752 0.78844462 1.32218320 0.61724402 5.910975595896e+00 5.767736663098e+00 3.758952890524e+00 1.871330353365e-02 1.309424305234e-03
12 47 0 0.89800516 0.87161752 0.78844462 1.32218320 0.61724402 6.125742480352e+00 5.953845414870e+00 3.912214408116e+00 1.810579206054e-02 1.318317812561e-03
12 48 0 0.89800516 0.87161752 0.78844462 1.32218320 0.61724402 6.336733157896e+00 6.107634748126e+00 4.043558605214e+00 1.983773064429e-02 1.492292864701e-03
12 49 0 0.89800516 0.87161752 0.78844462 1.32218320 0.61724402 6.494423762911e+00 6.263934035902e+00 4.201584720554e+00 1.920585278716e-02 1.288791540724e-03
12 50 0 0.89800516 0.87161752 0.78844462 1.32218320 0.61724402 6.882536717475e+00 6.429410297915e+00 4.395702964758e+00 2.299717205197e-02 1.677381862970e-03
12 51 0 0.89800516 0.87161752 0.78844462 1.32218320 0.61724402 7.011388982104e+00 6.806737252549e+00 4.547160583897e+00 1.877634211345e-02 1.280068637268e-03
12 52 0 0.89800516 0.87161752 0.78844462 1.32218320 0.61724402 7.320936269529e+00 7.245631771833e+00 4.791528217601e+00 2.616279322953e-02 1.843098922847e-03
12 53 0 0.89800516 0.87161752 0.78844462 1.32218320 0.61724402 7.625143475183e+00 7.414479074688e+00 5.003040666344e+00 2.005760767876e-02 1.311735103267e-03
12 54 0 0.89800516 0.87161752 0.78844462 1.32218320 0.61724402 7.858918224243e+00 7.728212422003e+00 5.274676291153e+00 2.823704683883e-02 1.969459395137e-03
12 55 0 0.89800516 0.87161752 0.78844462 1.32218320 0.61724402 8.239001989481e+00 7.969311154879e+00 5.433838454914e+00 2.317675859851e-02 1.399523611102e-03
12 56 0 0.89800516 0.87161752 0.78844462 1.32218320 0.61724402 8.535686321242e+00 8.220981242642e+00 5.610948558733e+00 2.789449674951e-02 2.042325660193e-03
12 57 0 0.89800516 0.87161752 0.78844462 1.32218320 0.61724402 8.816084059788e+00 8.426008980841e+00 5.727046968207e+00 2.703388901516e-02 1.551199870699e-03
12 58 0 0.89800516 0.87161752 0.78844462 1.32218320 0.61724402 9.243459344663e+00 8.786000924770e+00 5.906060638428e+00 2.984854322980e-02 2.057180561202e-03
12 59 0 0.89800516 0.87161752 0.78844462 1.32218320 0.61724402 9.547722711902e+00 8.952342794170e+00 6.041420296687e+00 2.931528914698e-02 1.763408924708e-03
12 60 0 0.89800516 0.87161752 0.78844462 1.32218320 0.61724402 9.967429338158e+00 9.296231037257e+00 6.384447319098e+00 3.278678778491e-02 2.021458790696e-03
12 61 0 0.89800516 0.87161752 0.78844462 1.32218320 0.61724402 1.030874107056e+01 9.869170438637e+00 6.602573280251e+00 3.019692012405e-02 2.020406181531e-03
12 62 0 0.89800516 0.87161752 0.78844462 1.32218320 0.61724402 1.078516182913e+01 1.017288588290e+01 6.891388840577e+00 3.606372189067e-02 1.954625949269e-03
12 63 0 0.89800516 0.87161752 0.78844462 1.32218320 0.61724402 1.105208808014e+01 1.051298445916e+01 7.045245452206e+00 3.389185130160e-02 2.295307863926e-03
14 0 0 2.20117779 0.37147014 1.34018188 1.07327846 0.31881823 3.733495995174e+02 2.770495507014e-01 4.869824966279e+01 3.837394074892e+01 1.851424067627e-04
14 1 0 2.20117779 0.37147014 1.34018188 1.07327846 0.31881823 3.606198581916e+02 2.594914530658e-01 5.475331116152e+01 3.576074187476e+01 1.783541668795e-04
14 2 0 2.20117779 0.37147014 1.34018188 1.07327846 0.31881823 3.478719822622e+02 2.427640864036e-01 5.096626563762e+01 3.288819636071e+01 1.717918147159e-04
14 3 0 2.20117779 0.37147014 1.34018188 1.07327846 0.31881823 3.350913380149e+02 2.356337998942e-01 4.468687652685e+01 2.982978903350e+01 1.654553531208e-04
14 4 0 2.20117779 0.37147014 1.34018188 1.07327846 0.31881823 3.233265307328e+02 2.389918271239e-01 5.167634599340e+01 2.685779164333e+01 1.593447848452e-04
14 5 0 2.20117779 0.37147014 1.34018188 1.07327846 0.31881823 3.121344302448e+02 2.437017113648e-01 4.060092047825e+01 2.367687750597e+01 1.534601125418e-04
14 6 0 2.20117779 0.37147014 1.34018188 1.07327846 0.31881823 3.008350110086e+02 2.383620159259e-01 4.544568925185e+01 2.066958030108e+01 1.478013387652e-04
14 7 0 2.20117779 0.37147014 1.34018188 1.07327846 0.31881823 2.903523694359e+02 2.206199450443e-01 4.260693321597e+01 1.780849745228e+01 1.423684659722e-04
14 8 0 2.20117779 0.37147014 1.34018188 1.07327846 0.31881823 2.805172362751e+02 2.001158475703e-01 3.711230827717e+01 1.539876388033e+01 1.371614965213e-04
14 9 0 2.20117779 0.37147014 1.34018188 1.07327846 0.31881823 2.705042380041e+02 1.881914199239e-01 4.313583923899e+01 1.311867939082e+01 1.321804326731e-04
14 10 0 2.20117779 0.37147014 1.34018188 1.07327846 0.31881823 2.612472251636e+02 1.866585606942e-01 3.391326028049e+01 1.114607140457e+01 1.274252765898e-04
14 11 0 2.20117779 0.37147014 1.34018188 1.07327846 0.31881823 2.525394544891e+02 1.879471238074e-01 3.795488716958e+01 9.415304579795e+00 1.228960303359e-04
14 12 0 2.20117779 0.37147014 1.34018188 1.07327846 0.31881823 2.439656651025e+02 1.842922724195e-01 3.568640021834e+01 8.095266587272e+00 1.185926958778e-04
14 13 0 2.20117779 0.37147014 1.34018188 1.07327846 0.31881823 2.360757230283e+02 1.747503020566e-01 3.122831005264e+01 7.072322685390e+00 1.145152750834e-04
14 14 0 2.20117779 0.37147014 1.34018188 1.07327846 0.31881823 2.285908817513e+02 1.643224814321e-01 3.615915162646e+01 6.403180071152e+00 1.106637697231e-04
14 15 0 2.20117779 0.37147014 1.34018188 1.07327846 0.31881823 2.216510901943e+02 1.581785711925e-01 2.885998863462e+01 6.137274168433e+00 1.070381814689e-04
14 16 0 2.20117779 0.37147014 1.34018188 1.07327846 0.31881823 2.149793521078e+02 1.565351831568e-01 3.198659616754e+01 6.196832262258e+00 1.036385118945e-04
14 17 0 2.20117779 0.37147014 1.34018188 1.07327846 0.31881823 2.086381540289e+02 1.552344422080e-01 3.056278337387e+01 6.520631540876e+00 1.004647624762e-04
14 18 0 2.20117779 0.37147014 1.34018188 1.07327846 0.31881823 2.032410260409e+02 1.511967762563e-01 2.669207840169e+01 6.961402924426e+00 9.751693459161e-05
14 19 0 2.20117779 0.37147014 1.34018188 1.07327846 0.31881823 1.975834083901e+02 1.459634268027e-01 3.111800573669e+01 7.660332251294e+00 9.479502952050e-05
14 20 0 2.20117779 0.37147014 1.34018188 1.07327846 0.31881823 1.925529468551e+02 1.427090523061e-01 2.514094291862e+01 8.484840645054e+00 9.229904844453e-05
14 21 0 2.20117779 0.37147014 1.34018188 1.07327846 0.31881823 1.887590405359e+02 1.414560791927e-01 2.781646296592e+01 9.483837274146e+00 9.002899244727e-05
14 22 0 2.20117779 0.37147014 1.34018188 1.07327846 0.31881823 1.841650944967e+02 1.393225955078e-01 2.702401477834e+01 1.049538210615e+01 8.798486251422e-05
14 23 0 2.20117779 0.37147014 1.34018188 1.07327846 0.31881823 1.806817021013e+02 1.347963689381e-01 2.366501643452e+01 1.165307091594e+01 8.616665953282e-05
14 24 0 2.20117779 0.37147014 1.34018188 1.07327846 0.31881823 1.783360534052e+02 1.299051106496e-01 2.788691405496e+01 1.279846473678e+01 8.457438429237e-05
14 25 0 2.20117779 0.37147014 1.34018188 1.07327846 0.31881823 1.747198970877e+02 1.280220658009e-01 2.282773964506e+01 1.387598703136e+01 8.320803748415e-05
14 26 0 2.20117779 0.37147014 1.34018188 1.07327846 0.31881823 1.727961415618e+02 1.300310968887e-01 2.539008399954e+01 1.472841078360e+01 8.206761970133e-05
14 27 0 2.20117779 0.37147014 1.34018188 1.07327846 0.31881823 1.716510199258e+02 1.326467047937e-01 2.506214631834e+01 1.541349351941e+01 8.115313143899e-05
14 28 0 2.20117779 0.37147014 1.34018188 1.07327846 0.31881823 1.691238035450e+02 1.311237414600e-01 2.217179046009e+01 1.595098919174e+01 8.046457309413e-05
14 29 0 2.20117779 0.37147014 1.34018188 1.07327846 0.31881823 1.688963289938e+02 1.245607048425e-01 2.639026604000e+01 1.631502695387e+01 8.000194496568e-05
14 30 0 2.20117779 0.37147014 1.34018188 1.07327846 0.31881823 1.688984163994e+02 1.180883579995e-01 2.202717647057e+01 1.658090388090e+01 7.976524725449e-05
14 31 0 2.20117779 0.37147014 1.34018188 1.07327846 0.31881823 1.676914729589e+02 1.180766915114e-01 2.458705469698e+01 1.676697942771e+01 7.975448006331e-05
14 32 0 2.20117779 0.37147014 1.34018188 1.07327846 0.31881823 1.691166011469e+02 1.254129647214e-01 2.483023763083e+01 1.699155591537e+01 7.996964339682e-05
14 33 0 2.20117779 0.37147014 1.34018188 1.07327846 0.31881823 1.700792307319e+02 1.344773235591e-01 2.206977408385e+01 1.701347464263e+01 8.041073716159e-05
14 34 0 2.20117779 0.37147014 1.34018188 1.07327846 0.31881823 1.702627900620e+02 1.387729893267e-01 2.679282689576e+01 1.685458946762e+01 8.107776116616e-05
14 35 0 2.20117779 0.37147014 1.34018188 1.07327846 0.31881823 1.731434616235e+02 1.368208354856e-01 2.258702265799e+01 1.636672608992e+01 8.197071512093e-05
14 36 0 2.20117779 0.37147014 1.34018188 1.07327846 0.31881823 1.750401221469e+02 1.328289080817e-01 2.557686534456e+01 1.577049168308e+01 8.308959863826e-05
14 37 0 2.20117779 0.37147014 1.34018188 1.07327846 0.31881823 1.768414003976e+02 1.325140478153e-01 2.616311415921e+01 1.488466534691e+01 8.443441123239e-05
14 38 0 2.20117779 0.37147014 1.34018188 1.07327846 0.31881823 1.811145971003e+02 1.376674001177e-01 2.352295787492e+01 1.387265936585e+01 8.600515231951e-05
14 39 0 2.20117779 0.37147014 1.34018188 1.07327846 0.31881823 1.840969295496e+02 1.447629624520e-01 2.892551063653e+01 1.269304522622e+01 8.780182121771e-05
14 40 0 2.20117779 0.37147014 1.34018188 1.07327846 0.31881823 1.876107454665e+02 1.493228394755e-01 2.463981123519e+01 1.164727498396e+01 8.982441714701e-05
14 41 0 2.20117779 0.37147014 1.34018188 1.07327846 0.31881823 1.930227362524e+02 1.511269876891e-01 2.823480221380e+01 1.063821737653e+01 9.207293922934e-05
14 42 0 2.20117779 0.37147014 1.34018188 1.07327846 0.31881823 1.971175993806e+02 1.536374404716e-01 2.912589947412e+01 9.703305650374e+00 9.454738648855e-05
14 43 0 2.20117779 0.37147014 1.34018188 1.07327846 0.31881823 2.022437898719e+02 1.588623656174e-01 2.650635432449e+01 8.764792393254e+00 9.724775785040e-05
14 44 0 2.20117779 0.37147014 1.34018188 1.07327846 0.31881823 2.086407321939e+02 1.650616258330e-01 3.274691125286e+01 7.943813477142e+00 1.001740521426e-04
14 45 0 2.20117779 0.37147014 1.34018188 1.07327846 0.31881823 2.141011194559e+02 1.697765833748e-01 2.828752796524e+01 7.268541886825e+00 1.033262680947e-04
14 46 0 2.20117779 0.37147014 1.34018188 1.07327846 0.31881823 2.208691295212e+02 1.734486032546e-01 3.240405024625e+01 6.730822914097e+00 1.067044043384e-04
14 47 0 2.20117779 0.37147014 1.34018188 1.07327846 0.31881823 2.283117218580e+02 1.792410422783e-01 3.393880817154e+01 6.464721693840e+00 1.103084594069e-04
14 48 0 2.20117779 0.37147014 1.34018188 1.07327846 0.31881823 2.353120068830e+02 1.894451956414e-01 3.078459118290e+01 6.509876438614e+00 1.141384317358e-04
14 49 0 2.20117779 0.37147014 1.34018188 1.07327846 0.31881823 2.434952036775e+02 2.018497681082e-01 3.853692906568e+01 6.987243046144e+00 1.181943196622e-04
14 50 0 2.20117779 0.37147014 1.34018188 1.07327846 0.31881823 2.518937288693e+02 2.106875998591e-01 3.327035162894e+01 7.705523144792e+00 1.224761214254e-04
14 51 0 2.20117779 0.37147014 1.34018188 1.07327846 0.31881823 2.603663252300e+02 2.131825795729e-01 3.834234575612e+01 8.811437867494e+00 1.269838351668e-04
14 52 0 2.20117779 0.37147014 1.34018188 1.07327846 0.31881823 2.697996353597e+02 2.148026862448e-01 4.036828053790e+01 1.024487173121e+01 1.317174589289e-04
14 53 0 2.20117779 0.37147014 1.34018188 1.07327846 0.31881823 2.793530866045e+02 2.245236791577e-01 3.654911548129e+01 1.213870205228e+01 1.366769906572e-04
14 54 0 2.20117779 0.37147014 1.34018188 1.07327846 0.31881823 2.894034566774e+02 2.441945843533e-01 4.612289299889e+01 1.428843764470e+01 1.418624281984e-04
14 55 0 2.20117779 0.37147014 1.34018188 1.07327846 0.31881823 3.002058539546e+02 2.649902099776e-01 3.970028004533e+01 1.679520759071e+01 1.472737693014e-04
14 56 0 2.20117779 0.37147014 1.34018188 1.07327846 0.31881823 3.110617834712e+02 2.758210597754e-01 4.595482358066e+01 1.967657487562e+01 1.529110116170e-04
14 57 0 2.20117779 0.37147014 1.34018188 1.07327846 0.31881823 3.224677442257e+02 2.743917542474e-01 4.842860766983e+01 2.288646432061e+01 1.587741526978e-04
14 58 0 2.20117779 0.37147014 1.34018188 1.07327846 0.31881823 3.345589332945e+02 2.699583686103e-01 4.381298686683e+01 2.624223275624e+01 1.648631899986e-04
14 59 0 2.20117779 0.37147014 1.34018188 1.07327846 0.31881823 3.465249798358e+02 2.756725659369e-01 5.541620042370e+01 2.951124439378e+01 1.711781208759e-04
14 60 0 2.20117779 0.37147014 1.34018188 1.07327846 0.31881823 3.591045041755e+02 2.960561191188e-01 4.772264293762e+01 3.284544138120e+01 1.777189425881e-04
14 61 0 2.20117779 0.37147014 1.34018188 1.07327846 0.31881823 3.727786777329e+02 3.221573549848e-01 5.507143556711e+01 3.594406731026e+01 1.844856522958e-04
14 62 0 2.20117779 0.37147014 1.34018188 1.07327846 0.31881823 3.858856248612e+02 3.409553314071e-01 5.835553514158e+01 3.887515206280e+01 1.914782470613e-04
14 63 0 2.20117779 0.37147014 1.34018188 1.07327846 0.31881823 3.998671789983e+02 3.495338595747e-01 5.235331419439e+01 4.121088428293e+01 1.986967238488e-04
26 0 0 0.74614461 0.54171619 1.20971425 0.72425602 0.49008266 4.559443710769e+00 1.507634783068e+00 1.058991612716e-01 4.395030665282e+00 3.416381567890e-02
26 1 0 0.74614461 0.54171619 1.20971425 0.72425602 0.49008266 4.416852331916e+00 1.443391138093e+00 9.649429591085e-02 4.166447530730e+00 3.272203723768e-02
26 2 0 0.74614461 0.54171619 1.20971425 0.72425602 0.49008266 4.141943321540e+00 1.328056829209e+00 9.829796885218e-02 3.946261949302e+00 3.260388056147e-02
26 3 0 0.74614461 0.54171619 1.20971425 0.72425602 0.49008266 3.961770675658e+00 1.246434500419e+00 8.708558336489e-02 3.759080832269e+00 3.149895227925e-02
26 4 0 0.74614461 0.54171619 1.20971425 0.72425602 0.49008266 3.914682220225e+00 1.231427828751e+00 8.981045219454e-02 3.599745634994e+00 2.982598179004e-02
26 5 0 0.74614461 0.54171619 1.20971425 0.72425602 0.49008266 3.778485715222e+00 1.251788449864e+00 8.556564318894e-02 3.447469977061e+00 2.798559052625e-02
26 6 0 0.74614461 0.54171619 1.20971425 0.72425602 0.49008266 3.554707991712e+00 1.209420494931e+00 7.905140136394e-02 3.292584127521e+00 2.693115965772e-02
26 7 0 0.74614461 0.54171619 1.20971425 0.72425602 0.49008266 3.409154016467e+00 1.119842850296e+00 8.395609891327e-02 3.145336725787e+00 2.399512453361e-02
26 8 0 0.74614461 0.54171619 1.20971425 0.72425602 0.49008266 3.354339168016e+00 1.069933090656e+00 6.821340671588e-02 3.019484300571e+00 2.249045921365e-02
26 9 0 0.74614461 0.54171619 1.20971425 0.72425602 0.49008266 3.270302443790e+00 1.011865642944e+00 8.001237816190e-02 2.911995729472e+00 2.044104376598e-02
26 10 0 0.74614461 0.54171619 1.20971425 0.72425602 0.49008266 3.164152863146e+00 9.620980304105e-01 6.675034913789e-02 2.803130103109e+00 1.839932514912e-02
26 11 0 0.74614461 0.54171619 1.20971425 0.72425602 0.49008266 3.097012150303e+00 9.477345822296e-01 6.686161335258e-02 2.677212058635e+00 1.630900599705e-02
26 12 0 0.74614461 0.54171619 1.20971425 0.72425602 0.49008266 2.958962679761e+00 9.475525403860e-01 6.992693099455e-02 2.541117469623e+00 1.527232053644e-02
26 13 0 0.74614461 0.54171619 1.20971425 0.72425602 0.49008266 2.766034518469e+00 9.247357656824e-01 5.732862913849e-02 2.419870879637e+00 1.317122043934e-02
26 14 0 0.74614461 0.54171619 1.20971425 0.72425602 0.49008266 2.686978584419e+00 8.702550950930e-01 6.446742302959e-02 2.333228279184e+00 1.228207669290e-02
26 15 0 0.74614461 0.54171619 1.20971425 0.72425602 0.49008266 2.632630438453e+00 8.500045951352e-01 5.838135643798e-02 2.276967655811e+00 1.131902725032e-02
26 16 0 0.74614461 0.54171619 1.20971425 0.72425602 0.49008266 2.530264913118e+00 8.493877799355e-01 5.606923276942e-02 2.227341981477e+00 1.053575397645e-02
26 17 0 0.74614461 0.54171619 1.20971425 0.72425602 0.49008266 2.512904778174e+00 8.447236986284e-01 5.573378436344e-02 2.163365887499e+00 9.919729888662e-03
26 18 0 0.74614461 0.54171619 1.20971425 0.72425602 0.49008266 2.510045325875e+00 8.318807252545e-01 5.241006014211e-02 2.084489564354e+00 1.011302523614e-02
26 19 0 0.74614461 0.54171619 1.20971425 0.72425602 0.49008266 2.409266232657e+00 7.959383124955e-01 5.114526184979e-02 2.007525798347e+00 9.616482174455e-03
26 20 0 0.74614461 0.54171619 1.20971425 0.72425602 0.49008266 2.310527917958e+00 7.617805023918e-01 5.265920883191e-02 1.948339979086e+00 1.006017921851e-02
26 21 0 0.74614461 0.54171619 1.20971425 0.72425602 0.49008266 2.237504163482e+00 7.361037419228e-01 4.656278061408e-02 1.907909537395e+00 1.039082210582e-02
26 22 0 0.74614461 0.54171619 1.20971425 0.72425602 0.49008266 2.163902369171e+00 7.268266092295e-01 4.626152832222e-02 1.875540164336e+00 1.073895231032e-02
26 23 0 0.74614461 0.54171619 1.20971425 0.72425602 0.49008266 2.125074840291e+00 7.177270701263e-01 4.968729939225e-02 1.843160931630e+00 1.117932474855e-02
26 24 0 0.74614461 0.54171619 1.20971425 0.72425602 0.49008266 2.104081705453e+00 7.079246544408e-01 4.313114841062e-02 1.814002423952e+00 1.212943481711e-02
26 25 0 0.74614461 0.54171619 1.20971425 0.72425602 0.49008266 2.098009681025e+00 7.012598835123e-01 4.555015956607e-02 1.796759050572e+00 1.228369426950e-02
26 26 0 0.74614461 0.54171619 1.20971425 0.72425602 0.49008266 2.114550011527e+00 6.582635736237e-01 4.227665258977e-02 1.792969090809e+00 1.308096882777e-02
26 27 0 0.74614461 0.54171619 1.20971425 0.72425602 0.49008266 2.111123483236e+00 6.070004503881e-01 4.312469672540e-02 1.792687097734e+00 1.371843019463e-02
26 28 0 0.74614461 0.54171619 1.20971425 0.72425602 0.49008266 2.086326075322e+00 5.850292661821e-01 4.491453489220e-02 1.784135986367e+00 1.400226415832e-02
26 29 0 0.74614461 0.54171619 1.20971425 0.72425602 0.49008266 2.025109593960e+00 5.897547508799e-01 3.938030071485e-02 1.767371876274e+00 1.434521683136e-02
26 30 0 0.74614461 0.54171619 1.20971425 0.72425602 0.49008266 1.938743391333e+00 5.893342736602e-01 4.179889383475e-02 1.756909472419e+00 1.493491964896e-02
26 31 0 0.74614461 0.54171619 1.20971425 0.72425602 0.49008266 1.936883312770e+00 5.832518875825e-01 4.273755325397e-02 1.769273465119e+00 1.477744030617e-02
26 32 0 0.74614461 0.54171619 1.20971425 0.72425602 0.49008266 2.017938420067e+00 6.154122401043e-01 4.179090963681e-02 1.807200444900e+00 1.482467802178e-02
26 33 0 0.74614461 0.54171619 1.20971425 0.72425602 0.49008266 2.097100014519e+00 6.435056659108e-01 4.196571775993e-02 1.856319202189e+00 1.503560585524e-02
26 34 0 0.74614461 0.54171619 1.20971425 0.72425602 0.49008266 2.153452953686e+00 6.573212778265e-01 3.888807380455e-02 1.898069963239e+00 1.450995240870e-02
26 35 0 0.74614461 0.54171619 1.20971425 0.72425602 0.49008266 2.140678435441e+00 6.905981481426e-01 4.438526757540e-02 1.926463114595e+00 1.422763724474e-02
26 36 0 0.74614461 0.54171619 1.20971425 0.72425602 0.49008266 2.093828735559e+00 7.355657157326e-01 4.248932256898e-02 1.952453545980e+00 1.400027467627e-02
26 37 0 0.74614461 0.54171619 1.20971425 0.72425602 0.49008266 2.114951792758e+00 7.651452256469e-01 4.113715588289e-02 1.992209941857e+00 1.338006926585e-02
26 38 0 0.74614461 0.54171619 1.20971425 0.72425602 0.49008266 2.151074388758e+00 7.462989927932e-01 4.458755050987e-02 2.051695554144e+00 1.262280646868e-02
26 39 0 0.74614461 0.54171619 1.20971425 0.72425602 0.49008266 2.191335770196e+00 7.354696144348e-01 4.210866085662e-02 2.123198972150e+00 1.248624114428e-02
26 40 0 0.74614461 0.54171619 1.20971425 0.72425602 0.49008266 2.296691149810e+00 7.453148973618e-01 4.816940543728e-02 2.196431012740e+00 1.152500954140e-02
26 41 0 0.74614461 0.54171619 1.20971425 0.72425602 0.49008266 2.381082526402e+00 7.512368504864e-01 4.462834604277e-02 2.271185445640e+00 1.108906794588e-02
26 42 0 0.74614461 0.54171619 1.20971425 0.72425602 0.49008266 2.439588978638e+00 7.798815714395e-01 4.495500730168e-02 2.357034001611e+00 1.073696357504e-02
26 43 0 0.74614461 0.54171619 1.20971425 0.72425602 0.49008266 2.546456205755e+00 8.060445483195e-01 5.088727039116e-02 2.460116048431e+00 1.037901870790e-02
26 44 0 0.74614461 0.54171619 1.20971425 0.72425602 0.49008266 2.598783868892e+00 8.278544286721e-01 4.897769979687e-02 2.572305639840e+00 9.926795122502e-03
26 45 0 0.74614461 0.54171619 1.20971425 0.72425602 0.49008266 2.591480499612e+00 8.332665077098e-01 5.037622240099e-02 2.676801898384e+00 1.042844633534e-02
26 46 0 0.74614461 0.54171619 1.20971425 0.72425602 0.49008266 2.660608542363e+00 8.289408262595e-01 5.307242082360e-02 2.766497539301e+00 1.020972152271e-02
26 47 0 0.74614461 0.54171619 1.20971425 0.72425602 0.49008266 2.784571855568e+00 8.494031778719e-01 5.405561831851e-02 2.855788175664e+00 1.085241017934e-02
26 48 0 0.74614461 0.54171619 1.20971425 0.72425602 0.49008266 2.899157891687e+00 8.811567700469e-01 5.523897559895e-02 2.970819793337e+00 1.166123522430e-02
26 49 0 0.74614461 0.54171619 1.20971425 0.72425602 0.49008266 3.031003901143e+00 9.412923556747e-01 6.203684398198e-02 3.125038745425e+00 1.264818094059e-02
26 50 0 0.74614461 0.54171619 1.20971425 0.72425602 0.49008266 3.192621882453e+00 9.786352384902e-01 5.400193591556e-02 3.304019307593e+00 1.359791242838e-02
26 51 0 0.74614461 0.54171619 1.20971425 0.72425602 0.49008266 3.329860397862e+00 9.817174166403e-01 6.700137997787e-02 3.476516865084e+00 1.579414362161e-02
26 52 0 0.74614461 0.54171619 1.20971425 0.72425602 0.49008266 3.380827389703e+00 1.023441522547e+00 6.353655092409e-02 3.622726324672e+00 1.687247851604e-02
26 53 0 0.74614461 0.54171619 1.20971425 0.72425602 0.49008266 3.443316860783e+00 1.096219797470e+00 6.309133828546e-02 3.752186545618e+00 1.910164873484e-02
26 54 0 0.74614461 0.54171619 1.20971425 0.72425602 0.49008266 3.593678141125e+00 1.171385960903e+00 7.663210047829e-02 3.893170410654e+00 2.124904689812e-02
26 55 0 0.74614461 0.54171619 1.20971425 0.72425602 0.49008266 3.714027315950e+00 1.222977158569e+00 6.424924354652e-02 4.064449836275e+00 2.340145035200e-02
26 56 0 0.74614461 0.54171619 1.20971425 0.72425602 0.49008266 3.872244114582e+00 1.281055837459e+00 7.992879229926e-02 4.258824135065e+00 2.502027320097e-02
26 57 0 0.74614461 0.54171619 1.20971425 0.72425602 0.49008266 4.148185769060e+00 1.320445187866e+00 7.527559388395e-02 4.455220164328e+00 2.813109085337e-02
26 58 0 0.74614461 0.54171619 1.20971425 0.72425602 0.49008266 4.284353915753e+00 1.303697390244e+00 8.087667462750e-02 4.644943018024e+00 2.920886448072e-02
26 59 0 0.74614461 0.54171619 1.20971425 0.72425602 0.49008266 4.318536294183e+00 1.340725887496e+00 8.563792139760e-02 4.841586057068e+00 3.120976200497e-02
26 60 0 0.74614461 0.54171619 1.20971425 0.72425602 0.49008266 4.560474118524e+00 1.459311936323e+00 8.232572959249e-02 5.062097475918e+00 3.295440255922e-02
26 61 0 0.74614461 0.54171619 1.20971425 0.72425602 0.49008266 4.836932450254e+00 1.577212195780e+00 9.358478673496e-02 5.300206798372e+00 3.410871524333e-02
26 62 0 0.74614461 0.54171619 1.20971425 0.72425602 0.49008266 4.937903229925e+00 1.625750747490e+00 9.162891238949e-02 5.525133313310e+00 3.423706438491e-02
26 63 0 0.74614461 0.54171619 1.20971425 0.72425602 0.49008266 5.050716054528e+00 1.649289033029e+00 1.007581554071e-01 5.712438602448e+00 3.578250010039e-02
