# environment=00179 local_bs=2 gain_scale=1.790873997608e-14
# ue subcarrier serving_bs phi0 phi1 phi2 phi3 phi4 gain0 gain1 gain2 gain3 gain4
2 0 2 1.59986404 0.43113147 9.53379394 1.05279065 0.37325967 1.180383716222e+02 5.896685334045e-01 7.241686331217e+04 2.065616847653e+01 3.026698790374e-01
2 1 2 1.59986404 0.43113147 9.53379394 1.05279065 0.37325967 1.089459749894e+02 5.743279985289e-01 7.059857410008e+04 2.006648557397e+01 2.912213659724e-01
2 2 2 1.59986404 0.43113147 9.53379394 1.05279065 0.37325967 1.029943174711e+02 5.599639571056e-01 6.759719509802e+04 1.947495552269e+01 2.802158752862e-01
2 3 2 1.59986404 0.43113147 9.53379394 1.05279065 0.37325967 8.143525246270e+01 5.490932962653e-01 6.621339814491e+04 1.868519953721e+01 2.696472952272e-01
2 4 2 1.59986404 0.43113147 9.53379394 1.05279065 0.37325967 1.006546268265e+02 5.363900621901e-01 6.376040657515e+04 1.797654662743e+01 2.595097466883e-01
2 5 2 1.59986404 0.43113147 9.53379394 1.05279065 0.37325967 1.043398464819e+02 5.180983066955e-01 6.163193969432e+04 1.739796542502e+01 2.497975986796e-01
2 6 2 1.59986404 0.43113147 9.53379394 1.05279065 0.37325967 7.404885804791e+01 4.988260490569e-01 6.024885907170e+04 1.680943435112e+01 2.405054828417e-01
2 7 2 1.59986404 0.43113147 9.53379394 1.05279065 0.37325967 8.236924347566e+01 4.795507692811e-01 5.770298611990e+04 1.626915898140e+01 2.316283069607e-01
2 8 2 1.59986404 0.43113147 9.53379394 1.05279065 0.37325967 8.312636101890e+01 4.550676787824e-01 5.643985416628e+04 1.575783448361e+01 2.231612674648e-01
2 9 2 1.59986404 0.43113147 9.53379394 1.05279065 0.37325967 8.656963384889e+01 4.283519639557e-01 5.459324193651e+04 1.511591689692e+01 2.150998608755e-01
2 10 2 1.59986404 0.43113147 9.53379394 1.05279065 0.37325967 6.946613542194e+01 4.083667332431e-01 5.266758949998e+04 1.443107238050e+01 2.074398941881e-01
2 11 2 1.59986404 0.43113147 9.53379394 1.05279065 0.37325967 6.386952196962e+01 3.953245339298e-01 5.166203643429e+04 1.390043891553e+01 2.001774941660e-01
2 12 2 1.59986404 0.43113147 9.53379394 1.05279065 0.37325967 8.424677430570e+01 3.820253156781e-01 4.960775187235e+04 1.342312188716e+01 1.933091155278e-01
2 13 2 1.59986404 0.43113147 9.53379394 1.05279065 0.37325967 6.697069626339e+01 3.657279281174e-01 4.851139747010e+04 1.298090455501e+01 1.868315480153e-01
2 14 2 1.59986404 0.43113147 9.53379394 1.05279065 0.37325967 6.070497402789e+01 3.515945382908e-01 4.722546589287e+04 1.268304629433e+01 1.807419223288e-01
2 15 2 1.59986404 0.43113147 9.53379394 1.05279065 0.37325967 6.100060098473e+01 3.446164872508e-01 4.558743333377e+04 1.231515985008e+01 1.750377149216e-01
2 16 2 1.59986404 0.43113147 9.53379394 1.05279065 0.37325967 6.705332990286e+01 3.399748238490e-01 4.490877373422e+04 1.185751624685e+01 1.697167516474e-01
2 17 2 1.59986404 0.43113147 9.53379394 1.05279065 0.37325967 6.587860954442e+01 3.287570462542e-01 4.339032955678e+04 1.155076724195e+01 1.647772102562e-01
2 18 2 1.59986404 0.43113147 9.53379394 1.05279065 0.37325967 4.680223301358e+01 3.126345315724e-01 4.248994896926e+04 1.124874528822e+01 1.602176217382e-01
2 19 2 1.59986404 0.43113147 9.53379394 1.05279065 0.37325967 6.022430998995e+01 3.007521372004e-01 4.172454410592e+04 1.093446343572e+01 1.560368705181e-01
2 20 2 1.59986404 0.43113147 9.53379394 1.05279065 0.37325967 6.106907820784e+01 2.958260890757e-01 4.043193845421e+04 1.077602903762e+01 1.522341935047e-01
2 21 2 1.59986404 0.43113147 9.53379394 1.05279065 0.37325967 5.230219331589e+01 2.949936130937e-01 4.007667925639e+04 1.052152513409e+01 1.488091780004e-01
2 22 2 1.59986404 0.43113147 9.53379394 1.05279065 0.37325967 4.917672212411e+01 2.971028625047e-01 3.908346418807e+04 1.014802133635e+01 1.457617584851e-01
2 23 2 1.59986404 0.43113147 9.53379394 1.05279065 0.37325967 4.934352524470e+01 3.009213049988e-01 3.842592871614e+04 9.889359743899e+00 1.430922122833e-01
2 24 2 1.59986404 0.43113147 9.53379394 1.05279065 0.37325967 6.129485918116e+01 3.023041475256e-01 3.814338361937e+04 9.593843740247e+00 1.408011541320e-01
2 25 2 1.59986404 0.43113147 9.53379394 1.05279065 0.37325967 4.606755171959e+01 2.968326834942e-01 3.725052670089e+04 9.308597682309e+00 1.388895296661e-01
2 26 2 1.59986404 0.43113147 9.53379394 1.05279065 0.37325967 4.405295911558e+01 2.837940819865e-01 3.719057713265e+04 9.212167216118e+00 1.373586078435e-01
2 27 2 1.59986404 0.43113147 9.53379394 1.05279065 0.37325967 5.397890221706e+01 2.676585847669e-01 3.673727912459e+04 9.078052453646e+00 1.362099723303e-01
2 28 2 1.59986404 0.43113147 9.53379394 1.05279065 0.37325967 5.025756662231e+01 2.524512125560e-01 3.634342056837e+04 8.904450468445e+00 1.354455118743e-01
2 29 2 1.59986404 0.43113147 9.53379394 1.05279065 0.37325967 4.855167162305e+01 2.381178959763e-01 3.652959216412e+04 8.855991247731e+00 1.350674096931e-01
2 30 2 1.59986404 0.43113147 9.53379394 1.05279065 0.37325967 4.069557895977e+01 2.279589856550e-01 3.604556541848e+04 8.795637865218e+00 1.350781319077e-01
2 31 2 1.59986404 0.43113147 9.53379394 1.05279065 0.37325967 5.378855351689e+01 2.303464800764e-01 3.629211070511e+04 8.789787675306e+00 1.354804150528e-01
2 32 2 1.59986404 0.43113147 9.53379394 1.05279065 0.37325967 5.399891443306e+01 2.471434499290e-01 3.637142847579e+04 8.972135943663e+00 1.362772527014e-01
2 33 2 1.59986404 0.43113147 9.53379394 1.05279065 0.37325967 4.110327026154e+01 2.691487516490e-01 3.625319317675e+04 9.155357061470e+00 1.374718812370e-01
2 34 2 1.59986404 0.43113147 9.53379394 1.05279065 0.37325967 4.894823948585e+01 2.865194115425e-01 3.689534412095e+04 9.314403514070e+00 1.390677648147e-01
2 35 2 1.59986404 0.43113147 9.53379394 1.05279065 0.37325967 5.126020213894e+01 2.966185652156e-01 3.683626076638e+04 9.529734480771e+00 1.410685795512e-01
2 36 2 1.59986404 0.43113147 9.53379394 1.05279065 0.37325967 5.536981449929e+01 3.014072563006e-01 3.738591424674e+04 9.695183066323e+00 1.434781969864e-01
2 37 2 1.59986404 0.43113147 9.53379394 1.05279065 0.37325967 4.501042472315e+01 3.018524191237e-01 3.798101131441e+04 9.853223768085e+00 1.463006668608e-01
2 38 2 1.59986404 0.43113147 9.53379394 1.05279065 0.37325967 4.773690252921e+01 2.964756203196e-01 3.816625786535e+04 1.011774781682e+01 1.495401992558e-01
2 39 2 1.59986404 0.43113147 9.53379394 1.05279065 0.37325967 6.344165333456e+01 2.876293310972e-01 3.923049665181e+04 1.039758557256e+01 1.532011461430e-01
2 40 2 1.59986404 0.43113147 9.53379394 1.05279065 0.37325967 5.137009820411e+01 2.828898298810e-01 3.962796318040e+04 1.062204395444e+01 1.572879823936e-01
2 41 2 1.59986404 0.43113147 9.53379394 1.05279065 0.37325967 5.146543837743e+01 2.855692877618e-01 4.043788078503e+04 1.084328381140e+01 1.618052862965e-01
2 42 2 1.59986404 0.43113147 9.53379394 1.05279065 0.37325967 5.446062498425e+01 2.932117869640e-01 4.158099691008e+04 1.104067520670e+01 1.667577196385e-01
2 43 2 1.59986404 0.43113147 9.53379394 1.05279065 0.37325967 6.463483926149e+01 3.055634472181e-01 4.205022783810e+04 1.118500892205e+01 1.721500073988e-01
2 44 2 1.59986404 0.43113147 9.53379394 1.05279065 0.37325967 6.354778328448e+01 3.229712807298e-01 4.351819240222e+04 1.143076939578e+01 1.779869171112e-01
2 45 2 1.59986404 0.43113147 9.53379394 1.05279065 0.37325967 4.913329468303e+01 3.400108277892e-01 4.439232114455e+04 1.181302318416e+01 1.842732379505e-01
2 46 2 1.59986404 0.43113147 9.53379394 1.05279065 0.37325967 7.010489407059e+01 3.507403875066e-01 4.543764902362e+04 1.216228398861e+01 1.910137595970e-01
2 47 2 1.59986404 0.43113147 9.53379394 1.05279065 0.37325967 7.137213351167e+01 3.569700086490e-01 4.712336190555e+04 1.255289089472e+01 1.982132509367e-01
2 48 2 1.59986404 0.43113147 9.53379394 1.05279065 0.37325967 6.476884286668e+01 3.667148431525e-01 4.788121278388e+04 1.300729890266e+01 2.058764386533e-01
2 49 2 1.59986404 0.43113147 9.53379394 1.05279065 0.37325967 6.445673051976e+01 3.844486685346e-01 4.971695225182e+04 1.334197059404e+01 2.140079857696e-01
2 50 2 1.59986404 0.43113147 9.53379394 1.05279065 0.37325967 7.183678900657e+01 4.041079452993e-01 5.109992596677e+04 1.378262315661e+01 2.226124701964e-01
2 51 2 1.59986404 0.43113147 9.53379394 1.05279065 0.37325967 9.011460357536e+01 4.186663436201e-01 5.233196425810e+04 1.442881427754e+01 2.316943633459e-01
2 52 2 1.59986404 0.43113147 9.53379394 1.05279065 0.37325967 6.805865268398e+01 4.334713473734e-01 5.455605571519e+04 1.497645942631e+01 2.412580088677e-01
2 53 2 1.59986404 0.43113147 9.53379394 1.05279065 0.37325967 7.440948610650e+01 4.561947058427e-01 5.563198866785e+04 1.558179148853e+01 2.513076015649e-01
2 54 2 1.59986404 0.43113147 9.53379394 1.05279065 0.37325967 9.277579290608e+01 4.811912496140e-01 5.775531287194e+04 1.625189605755e+01 2.618471665499e-01
2 55 2 1.59986404 0.43113147 9.53379394 1.05279065 0.37325967 8.958626163870e+01 4.990075210033e-01 5.969399258762e+04 1.664758138642e+01 2.728805386925e-01
2 56 2 1.59986404 0.43113147 9.53379394 1.05279065 0.37325967 8.769354761253e+01 5.102997687080e-01 6.107230776635e+04 1.712970744994e+01 2.844113424233e-01
2 57 2 1.59986404 0.43113147 9.53379394 1.05279065 0.37325967 7.930368847137e+01 5.206516523406e-01 6.381389623691e+04 1.783185046713e+01 2.964429719422e-01
2 58 2 1.59986404 0.43113147 9.53379394 1.05279065 0.37325967 1.129829876540e+02 5.324120955065e-01 6.523159137745e+04 1.840211210973e+01 3.089785718936e-01
2 59 2 1.59986404 0.43113147 9.53379394 1.05279065 0.37325967 1.073059526153e+02 5.446848137776e-01 6.756625872057e+04 1.914075669915e+01 3.220210185572e-01
2 60 2 1.59986404 0.43113147 9.53379394 1.05279065 0.37325967 8.712156774773e+01 5.583927169247e-01 7.010179338853e+04 1.999868536268e+01 3.355729016122e-01
2 61 2 1.59986404 0.43113147 9.53379394 1.05279065 0.37325967 1.108450106373e+02 5.783316801684e-01 7.160332731201e+04 2.055350943365e+01 3.496365065277e-01
2 62 2 1.59986404 0.43113147 9.53379394 1.05279065 0.37325967 1.170083498335e+02 6.039052019950e-01 7.477614134032e+04 2.124161065213e+01 3.642137976256e-01
2 63 2 1.59986404 0.43113147 9.53379394 1.05279065 0.37325967 1.264521971979e+02 6.278801606921e-01 7.664005887422e+04 2.215822996302e+01 3.793064018725e-01
11 0 2 0.78772916 0.41396577 1.81491467 0.66191855 0.37888560 6.384112892914e+00 3.204854263891e-01 2.367401379122e+02 4.588361128233e+00 3.273630321978e-07
11 1 2 0.78772916 0.41396577 1.81491467 0.66191855 0.37888560 4.703415425935e+00 4.022634506906e-01 2.157883998841e+02 4.645931143520e+00 3.153250409528e-07
11 2 2 0.78772916 0.41396577 1.81491467 0.66191855 0.37888560 3.617023080075e+00 4.500350989794e-01 1.826329474854e+02 4.454840963021e+00 3.036877622703e-07
11 3 2 0.78772916 0.41396577 1.81491467 0.66191855 0.37888560 3.570757484404e+00 4.021712425865e-01 1.470435923760e+02 4.054893059393e+00 2.924511990810e-07
11 4 2 0.78772916 0.41396577 1.81491467 0.66191855 0.37888560 4.252595521596e+00 3.087680450503e-01 1.191894007987e+02 3.529448290333e+00 2.816153542171e-07
11 5 2 0.78772916 0.41396577 1.81491467 0.66191855 0.37888560 5.347811590726e+00 2.691712525288e-01 1.048037169190e+02 2.922990870048e+00 2.711802304089e-07
11 6 2 0.78772916 0.41396577 1.81491467 0.66191855 0.37888560 6.479469178538e+00 3.138765401171e-01 1.071201106851e+02 2.331946840332e+00 2.611458302857e-07
11 7 2 0.78772916 0.41396577 1.81491467 0.66191855 0.37888560 7.217313129030e+00 3.811444658951e-01 1.215852164333e+02 1.899874257083e+00 2.515121563759e-07
11 8 2 0.78772916 0.41396577 1.81491467 0.66191855 0.37888560 7.410365161810e+00 3.994530009007e-01 1.414898901766e+02 1.668041435936e+00 2.422792111069e-07
11 9 2 0.78772916 0.41396577 1.81491467 0.66191855 0.37888560 6.988908825942e+00 3.402750136962e-01 1.576313350327e+02 1.594202140097e+00 2.334469968052e-07
11 10 2 0.78772916 0.41396577 1.81491467 0.66191855 0.37888560 6.021311320309e+00 2.643640791783e-01 1.642332736011e+02 1.675256646265e+00 2.250155156967e-07
11 11 2 0.78772916 0.41396577 1.81491467 0.66191855 0.37888560 4.772266299729e+00 2.462896152750e-01 1.564203493571e+02 1.897537876550e+00 2.169847699054e-07
11 12 2 0.78772916 0.41396577 1.81491467 0.66191855 0.37888560 3.578675331866e+00 2.920458444747e-01 1.375224327144e+02 2.170152741775e+00 2.093547614544e-07
11 13 2 0.78772916 0.41396577 1.81491467 0.66191855 0.37888560 2.732198484637e+00 3.519248582639e-01 1.139415181085e+02 2.423069278689e+00 2.021254922667e-07
11 14 2 0.78772916 0.41396577 1.81491467 0.66191855 0.37888560 2.408421738934e+00 3.631577911475e-01 9.185985186002e+01 2.643797528615e+00 1.952969641639e-07
11 15 2 0.78772916 0.41396577 1.81491467 0.66191855 0.37888560 2.554534207455e+00 3.098398191741e-01 7.705640493992e+01 2.778121561161e+00 1.888691788666e-07
11 16 2 0.78772916 0.41396577 1.81491467 0.66191855 0.37888560 3.032002603575e+00 2.523438924172e-01 7.244945848105e+01 2.750184228306e+00 1.828421379945e-07
11 17 2 0.78772916 0.41396577 1.81491467 0.66191855 0.37888560 3.809679951840e+00 2.521343426214e-01 7.919362711543e+01 2.575837993881e+00 1.772158430660e-07
11 18 2 0.78772916 0.41396577 1.81491467 0.66191855 0.37888560 4.600180273705e+00 3.013584311090e-01 9.320203959747e+01 2.324483789679e+00 1.719902954990e-07
11 19 2 0.78772916 0.41396577 1.81491467 0.66191855 0.37888560 5.050212583765e+00 3.504196473683e-01 1.075190833893e+02 2.024468517265e+00 1.671654966101e-07
11 20 2 0.78772916 0.41396577 1.81491467 0.66191855 0.37888560 5.088187455901e+00 3.472713513100e-01 1.166644551599e+02 1.700414597062e+00 1.627414476150e-07
11 21 2 0.78772916 0.41396577 1.81491467 0.66191855 0.37888560 4.668461571227e+00 2.950201814393e-01 1.178379317595e+02 1.409759601946e+00 1.587181496284e-07
11 22 2 0.78772916 0.41396577 1.81491467 0.66191855 0.37888560 3.895164177990e+00 2.477140738415e-01 1.098846668935e+02 1.182865830263e+00 1.550956036642e-07
11 23 2 0.78772916 0.41396577 1.81491467 0.66191855 0.37888560 3.048463731378e+00 2.594069504014e-01 9.541683582616e+01 1.020322156916e+00 1.518738106351e-07
11 24 2 0.78772916 0.41396577 1.81491467 0.66191855 0.37888560 2.332933590308e+00 3.168945455458e-01 7.854623782469e+01 9.500738823580e-01 1.490527713529e-07
11 25 2 0.78772916 0.41396577 1.81491467 0.66191855 0.37888560 1.878962386442e+00 3.598361121359e-01 6.483875824550e+01 9.947659294957e-01 1.466324865284e-07
11 26 2 0.78772916 0.41396577 1.81491467 0.66191855 0.37888560 1.783815679391e+00 3.477243217813e-01 5.794985610842e+01 1.121933984891e+00 1.446129567714e-07
11 27 2 0.78772916 0.41396577 1.81491467 0.66191855 0.37888560 2.090472869197e+00 2.930340221314e-01 6.020070376332e+01 1.294572373519e+00 1.429941825909e-07
11 28 2 0.78772916 0.41396577 1.81491467 0.66191855 0.37888560 2.724642207037e+00 2.558514846955e-01 7.018631591060e+01 1.500086951673e+00 1.417761643947e-07
11 29 2 0.78772916 0.41396577 1.81491467 0.66191855 0.37888560 3.453132099769e+00 2.779997248799e-01 8.420481500421e+01 1.698754819158e+00 1.409589024897e-07
11 30 2 0.78772916 0.41396577 1.81491467 0.66191855 0.37888560 3.955859335747e+00 3.360936968084e-01 9.661342171981e+01 1.839008521608e+00 1.405423970818e-07
11 31 2 0.78772916 0.41396577 1.81491467 0.66191855 0.37888560 4.198813412740e+00 3.764496279404e-01 1.038485655294e+02 1.922631513833e+00 1.405266482761e-07
11 32 2 0.78772916 0.41396577 1.81491467 0.66191855 0.37888560 4.310218904934e+00 3.681715763361e-01 1.043960490619e+02 1.962984264602e+00 1.409116560764e-07
11 33 2 0.78772916 0.41396577 1.81491467 0.66191855 0.37888560 4.066983360532e+00 3.170563024311e-01 9.647637138303e+01 1.923344160504e+00 1.416974203858e-07
11 34 2 0.78772916 0.41396577 1.81491467 0.66191855 0.37888560 3.384003186214e+00 2.864685502844e-01 8.357690585011e+01 1.782072837850e+00 1.428839410062e-07
11 35 2 0.78772916 0.41396577 1.81491467 0.66191855 0.37888560 2.620688869943e+00 3.209705733793e-01 6.960270795062e+01 1.587390676139e+00 1.444712176387e-07
11 36 2 0.78772916 0.41396577 1.81491467 0.66191855 0.37888560 2.066304021743e+00 3.916330725642e-01 6.085937772640e+01 1.388868996786e+00 1.464592498834e-07
11 37 2 0.78772916 0.41396577 1.81491467 0.66191855 0.37888560 1.831818487857e+00 4.313984482773e-01 6.008221068774e+01 1.205186803476e+00 1.488480372393e-07
11 38 2 0.78772916 0.41396577 1.81491467 0.66191855 0.37888560 1.970246734461e+00 4.039911733650e-01 6.798883976827e+01 1.079716649675e+00 1.516375791045e-07
11 39 2 0.78772916 0.41396577 1.81491467 0.66191855 0.37888560 2.486726229564e+00 3.431573400545e-01 8.290320430321e+01 1.064058272367e+00 1.548278747761e-07
11 40 2 0.78772916 0.41396577 1.81491467 0.66191855 0.37888560 3.306591071850e+00 3.193413160545e-01 1.007419405688e+02 1.156379945015e+00 1.584189234502e-07
11 41 2 0.78772916 0.41396577 1.81491467 0.66191855 0.37888560 4.237555625642e+00 3.696756132561e-01 1.158198545364e+02 1.340089266387e+00 1.624107242220e-07
11 42 2 0.78772916 0.41396577 1.81491467 0.66191855 0.37888560 4.975274285790e+00 4.504987454311e-01 1.235710791293e+02 1.626136734422e+00 1.668032760858e-07
11 43 2 0.78772916 0.41396577 1.81491467 0.66191855 0.37888560 5.307153482250e+00 4.888901700035e-01 1.220763410506e+02 1.992433208760e+00 1.715965779347e-07
11 44 2 0.78772916 0.41396577 1.81491467 0.66191855 0.37888560 5.217818047937e+00 4.539287608870e-01 1.114330179336e+02 2.367308415221e+00 1.767906285609e-07
11 45 2 0.78772916 0.41396577 1.81491467 0.66191855 0.37888560 4.693026245736e+00 3.870998972522e-01 9.603714127098e+01 2.699397335956e+00 1.823854266556e-07
11 46 2 0.78772916 0.41396577 1.81491467 0.66191855 0.37888560 3.932090650173e+00 3.663108758148e-01 8.241756132740e+01 2.947547976916e+00 1.883809708092e-07
11 47 2 0.78772916 0.41396577 1.81491467 0.66191855 0.37888560 3.238066645257e+00 4.367728768874e-01 7.700826470125e+01 3.037795190914e+00 1.947772595109e-07
11 48 2 0.78772916 0.41396577 1.81491467 0.66191855 0.37888560 2.685802462354e+00 5.334100866775e-01 8.286225478354e+01 2.942816427460e+00 2.015742911488e-07
11 49 2 0.78772916 0.41396577 1.81491467 0.66191855 0.37888560 2.506280748849e+00 5.653152952108e-01 9.933395531122e+01 2.731503767151e+00 2.087720640107e-07
11 50 2 0.78772916 0.41396577 1.81491467 0.66191855 0.37888560 2.958814001846e+00 5.158735539654e-01 1.234628349003e+02 2.459655761752e+00 2.163705762828e-07
11 51 2 0.78772916 0.41396577 1.81491467 0.66191855 0.37888560 3.972287840094e+00 4.419889569774e-01 1.498807404511e+02 2.133631792984e+00 2.243698260503e-07
11 52 2 0.78772916 0.41396577 1.81491467 0.66191855 0.37888560 5.299879512936e+00 4.418649648155e-01 1.684333138781e+02 1.818820688033e+00 2.327698112978e-07
11 53 2 0.78772916 0.41396577 1.81491467 0.66191855 0.37888560 6.614578046017e+00 5.445100158813e-01 1.746892549095e+02 1.625052177750e+00 2.415705299082e-07
11 54 2 0.78772916 0.41396577 1.81491467 0.66191855 0.37888560 7.579198868061e+00 6.597316048001e-01 1.664084185552e+02 1.590557846523e+00 2.507719796643e-07
11 55 2 0.78772916 0.41396577 1.81491467 0.66191855 0.37888560 7.957751782214e+00 6.768550471712e-01 1.486423587568e+02 1.724057399511e+00 2.603741582483e-07
11 56 2 0.78772916 0.41396577 1.81491467 0.66191855 0.37888560 7.669773612964e+00 5.883059336931e-01 1.279307681223e+02 2.071475205386e+00 2.703770632402e-07
11 57 2 0.78772916 0.41396577 1.81491467 0.66191855 0.37888560 6.735752178656e+00 4.938155064921e-01 1.134244309881e+02 2.605692766226e+00 2.807806921194e-07
11 58 2 0.78772916 0.41396577 1.81491467 0.66191855 0.37888560 5.477423183826e+00 5.162394044122e-01 1.129734724487e+02 3.189976796206e+00 2.915850422646e-07
11 59 2 0.78772916 0.41396577 1.81491467 0.66191855 0.37888560 4.373758565637e+00 6.536564836578e-01 1.294351908478e+02 3.733360018567e+00 3.027901109534e-07
11 60 2 0.78772916 0.41396577 1.81491467 0.66191855 0.37888560 3.779513775668e+00 7.773696883037e-01 1.608044588464e+02 4.213777061034e+00 3.143958953624e-07
11 61 2 0.78772916 0.41396577 1.81491467 0.66191855 0.37888560 4.115681909650e+00 7.688790077642e-01 1.992901064912e+02 4.557050577766e+00 3.264023925673e-07
11 62 2 0.78772916 0.41396577 1.81491467 0.66191855 0.37888560 5.271959988832e+00 6.585760771761e-01 2.350681166707e+02 4.689375837541e+00 3.388095995420e-07
11 63 2 0.78772916 0.41396577 1.81491467 0.66191855 0.37888560 6.809936899594e+00 5.764206491215e-01 2.533413230671e+02 4.634973212364e+00 3.516175131618e-07
15 0 2 2.23325166 0.46696996 2.99493485 1.41166484 0.39418699 3.594495443020e+02 7.982425505415e-01 1.254041740833e+03 6.537541231154e+01 6.808631092475e-04
15 1 2 2.23325166 0.46696996 2.99493485 1.41166484 0.39418699 3.670687364630e+02 8.030788947700e-01 1.128639547953e+03 6.366648513506e+01 6.559004971452e-04
15 2 2 2.23325166 0.46696996 2.99493485 1.41166484 0.39418699 4.006999000471e+02 7.885022961966e-01 1.156123459029e+03 6.136832476417e+01 6.317681724152e-04
15 3 2 2.23325166 0.46696996 2.99493485 1.41166484 0.39418699 3.740650358775e+02 7.333127740023e-01 1.120040428719e+03 5.961664643864e+01 6.084661512136e-04
15 4 2 2.23325166 0.46696996 2.99493485 1.41166484 0.39418699 3.143584848991e+02 6.873924734160e-01 1.013038329421e+03 5.724100140248e+01 5.859944491402e-04
15 5 2 2.23325166 0.46696996 2.99493485 1.41166484 0.39418699 3.111319688540e+02 6.788708226755e-01 1.047709467959e+03 5.527603189352e+01 5.643530812386e-04
15 6 2 2.23325166 0.46696996 2.99493485 1.41166484 0.39418699 3.427737865129e+02 6.707897221636e-01 9.985981670213e+02 5.335209642955e+01 5.435420619986e-04
15 7 2 2.23325166 0.46696996 2.99493485 1.41166484 0.39418699 3.292071087884e+02 6.451569307725e-01 9.117458447581e+02 5.158846184622e+01 5.235614053513e-04
15 8 2 2.23325166 0.46696996 2.99493485 1.41166484 0.39418699 2.775260681346e+02 6.201210120421e-01 9.503360626617e+02 5.004640730691e+01 5.044111246741e-04
15 9 2 2.23325166 0.46696996 2.99493485 1.41166484 0.39418699 2.652223799092e+02 5.938941638847e-01 8.892403396064e+02 4.814728657451e+01 4.860912327870e-04
15 10 2 2.23325166 0.46696996 2.99493485 1.41166484 0.39418699 2.919490369714e+02 5.604956737240e-01 8.265912164547e+02 4.625541026333e+01 4.686017419545e-04
15 11 2 2.23325166 0.46696996 2.99493485 1.41166484 0.39418699 2.901165789319e+02 5.351444404184e-01 8.605545843315e+02 4.438096708858e+01 4.519426638859e-04
15 12 2 2.23325166 0.46696996 2.99493485 1.41166484 0.39418699 2.476105611961e+02 5.168676970519e-01 7.966523778904e+02 4.272529130699e+01 4.361140097334e-04
15 13 2 2.23325166 0.46696996 2.99493485 1.41166484 0.39418699 2.278614339950e+02 4.919339513073e-01 7.527507953420e+02 4.154352148734e+01 4.211157900940e-04
15 14 2 2.23325166 0.46696996 2.99493485 1.41166484 0.39418699 2.503572873189e+02 4.749822058094e-01 7.824517149352e+02 4.030518936095e+01 4.069480150090e-04
15 15 2 2.23325166 0.46696996 2.99493485 1.41166484 0.39418699 2.570213444008e+02 4.794489831690e-01 7.187393419569e+02 3.918284208763e+01 3.936106939630e-04
15 16 2 2.23325166 0.46696996 2.99493485 1.41166484 0.39418699 2.230554555176e+02 4.840734087917e-01 6.903720734166e+02 3.797858414614e+01 3.811038358847e-04
15 17 2 2.23325166 0.46696996 2.99493485 1.41166484 0.39418699 2.001912107148e+02 4.758067071983e-01 7.175363739462e+02 3.673376550886e+01 3.694274491475e-04
15 18 2 2.23325166 0.46696996 2.99493485 1.41166484 0.39418699 2.172712345631e+02 4.670292847375e-01 6.531406583270e+02 3.586567450142e+01 3.585815415683e-04
15 19 2 2.23325166 0.46696996 2.99493485 1.41166484 0.39418699 2.296242843815e+02 4.554758440961e-01 6.421657841811e+02 3.482541975164e+01 3.485661204078e-04
15 20 2 2.23325166 0.46696996 2.99493485 1.41166484 0.39418699 2.053598158792e+02 4.325149209252e-01 6.629684609258e+02 3.421741056131e+01 3.393811923716e-04
15 21 2 2.23325166 0.46696996 2.99493485 1.41166484 0.39418699 1.808774530033e+02 4.141853658107e-01 6.025175345199e+02 3.328185736871e+01 3.310267636083e-04
15 22 2 2.23325166 0.46696996 2.99493485 1.41166484 0.39418699 1.921025582760e+02 4.096574570752e-01 6.059913867686e+02 3.248997312489e+01 3.235028397112e-04
15 23 2 2.23325166 0.46696996 2.99493485 1.41166484 0.39418699 2.097526018974e+02 4.003063809938e-01 6.202005832962e+02 3.150182663713e+01 3.168094257173e-04
15 24 2 2.23325166 0.46696996 2.99493485 1.41166484 0.39418699 1.941598196503e+02 3.812874449950e-01 5.664693531606e+02 3.059330316622e+01 3.109465261075e-04
15 25 2 2.23325166 0.46696996 2.99493485 1.41166484 0.39418699 1.688730834349e+02 3.698699852963e-01 5.813997732322e+02 2.989081337597e+01 3.059141448070e-04
15 26 2 2.23325166 0.46696996 2.99493485 1.41166484 0.39418699 1.759964645487e+02 3.670643643706e-01 5.901804482203e+02 2.939543323554e+01 3.017122851849e-04
15 27 2 2.23325166 0.46696996 2.99493485 1.41166484 0.39418699 1.968496688421e+02 3.614594080175e-01 5.442632890762e+02 2.899207641441e+01 2.983409500540e-04
15 28 2 2.23325166 0.46696996 2.99493485 1.41166484 0.39418699 1.892337812523e+02 3.522853856423e-01 5.684954563329e+02 2.872462989224e+01 2.958001416715e-04
15 29 2 2.23325166 0.46696996 2.99493485 1.41166484 0.39418699 1.651139366414e+02 3.371779042218e-01 5.733665388658e+02 2.828470594936e+01 2.940898617383e-04
15 30 2 2.23325166 0.46696996 2.99493485 1.41166484 0.39418699 1.678338057409e+02 3.157834442052e-01 5.352159013171e+02 2.828071168414e+01 2.932101113995e-04
15 31 2 2.23325166 0.46696996 2.99493485 1.41166484 0.39418699 1.906799031417e+02 3.115654258253e-01 5.677442177421e+02 2.826330958370e+01 2.931608912439e-04
15 32 2 2.23325166 0.46696996 2.99493485 1.41166484 0.39418699 1.919553545797e+02 3.407336729829e-01 5.701004671622e+02 2.876799333960e+01 2.939422013046e-04
15 33 2 2.23325166 0.46696996 2.99493485 1.41166484 0.39418699 1.690330225981e+02 3.765444961488e-01 5.380611645168e+02 2.922382831668e+01 2.955540410584e-04
15 34 2 2.23325166 0.46696996 2.99493485 1.41166484 0.39418699 1.669356627826e+02 3.903825204192e-01 5.812866344065e+02 2.978312548069e+01 2.979964094264e-04
15 35 2 2.23325166 0.46696996 2.99493485 1.41166484 0.39418699 1.924097803233e+02 3.907584039922e-01 5.778776777316e+02 3.035275971445e+01 3.012693047733e-04
15 36 2 2.23325166 0.46696996 2.99493485 1.41166484 0.39418699 2.016645180751e+02 3.919059712094e-01 5.551238351779e+02 3.083551557487e+01 3.053727249081e-04
15 37 2 2.23325166 0.46696996 2.99493485 1.41166484 0.39418699 1.805654547642e+02 3.943276190576e-01 6.073654086867e+02 3.152469592104e+01 3.103066670837e-04
15 38 2 2.23325166 0.46696996 2.99493485 1.41166484 0.39418699 1.741244180654e+02 4.033566599194e-01 5.973804770417e+02 3.220745236179e+01 3.160711279970e-04
15 39 2 2.23325166 0.46696996 2.99493485 1.41166484 0.39418699 2.009480127691e+02 4.189695750628e-01 5.867327222017e+02 3.301979672419e+01 3.226661037887e-04
15 40 2 2.23325166 0.46696996 2.99493485 1.41166484 0.39418699 2.181097997795e+02 4.258109111757e-01 6.448186993774e+02 3.386294974210e+01 3.300915900437e-04
15 41 2 2.23325166 0.46696996 2.99493485 1.41166484 0.39418699 2.010379612397e+02 4.258276210527e-01 6.302254900386e+02 3.447829594023e+01 3.383475817909e-04
15 42 2 2.23325166 0.46696996 2.99493485 1.41166484 0.39418699 1.886831600826e+02 4.376563728980e-01 6.310315316068e+02 3.513538185448e+01 3.474340735032e-04
15 43 2 2.23325166 0.46696996 2.99493485 1.41166484 0.39418699 2.156599207927e+02 4.540516616422e-01 6.956975074528e+02 3.572662639217e+01 3.573510590974e-04
15 44 2 2.23325166 0.46696996 2.99493485 1.41166484 0.39418699 2.425236024813e+02 4.567412821619e-01 6.743147311391e+02 3.657597409708e+01 3.680985319342e-04
15 45 2 2.23325166 0.46696996 2.99493485 1.41166484 0.39418699 2.296922361466e+02 4.559162760532e-01 6.899612267286e+02 3.778123616419e+01 3.796764848190e-04
15 46 2 2.23325166 0.46696996 2.99493485 1.41166484 0.39418699 2.108666994943e+02 4.624172325618e-01 7.583490478679e+02 3.885301365481e+01 3.920849099999e-04
15 47 2 2.23325166 0.46696996 2.99493485 1.41166484 0.39418699 2.372384362549e+02 4.659390149589e-01 7.305543858577e+02 4.024242347129e+01 4.053237991703e-04
15 48 2 2.23325166 0.46696996 2.99493485 1.41166484 0.39418699 2.736178662111e+02 4.736238263020e-01 7.634216585278e+02 4.119785731424e+01 4.193931434672e-04
15 49 2 2.23325166 0.46696996 2.99493485 1.41166484 0.39418699 2.663946138081e+02 5.047136802605e-01 8.321660214921e+02 4.267570147874e+01 4.342929334713e-04
15 50 2 2.23325166 0.46696996 2.99493485 1.41166484 0.39418699 2.423905480110e+02 5.440972082064e-01 7.997927333532e+02 4.409599361386e+01 4.500231592077e-04
15 51 2 2.23325166 0.46696996 2.99493485 1.41166484 0.39418699 2.642430449815e+02 5.701285619110e-01 8.506155085257e+02 4.592302787254e+01 4.665838101457e-04
15 52 2 2.23325166 0.46696996 2.99493485 1.41166484 0.39418699 3.107660298478e+02 5.956447483649e-01 9.180071104797e+02 4.778306728865e+01 4.839748751984e-04
15 53 2 2.23325166 0.46696996 2.99493485 1.41166484 0.39418699 3.126928608921e+02 6.277665983743e-01 8.808530144335e+02 4.956366448775e+01 5.021963427224e-04
15 54 2 2.23325166 0.46696996 2.99493485 1.41166484 0.39418699 2.824367549088e+02 6.497211943281e-01 9.531046819692e+02 5.124764790923e+01 5.212482005197e-04
15 55 2 2.23325166 0.46696996 2.99493485 1.41166484 0.39418699 2.970152201339e+02 6.648728247844e-01 1.013699580168e+03 5.290015396768e+01 5.411304358349e-04
15 56 2 2.23325166 0.46696996 2.99493485 1.41166484 0.39418699 3.545427208538e+02 6.847937555961e-01 9.759055098012e+02 5.442866158741e+01 5.618430353578e-04
15 57 2 2.23325166 0.46696996 2.99493485 1.41166484 0.39418699 3.670888624120e+02 6.985799941647e-01 1.068925077790e+03 5.658950054672e+01 5.833859852222e-04
15 58 2 2.23325166 0.46696996 2.99493485 1.41166484 0.39418699 3.315268080148e+02 7.162347027564e-01 1.120542355909e+03 5.850136449140e+01 6.057592710051e-04
15 59 2 2.23325166 0.46696996 2.99493485 1.41166484 0.39418699 3.374854891274e+02 7.671136687962e-01 1.083950636533e+03 6.108915853979e+01 6.289628777292e-04
15 60 2 2.23325166 0.46696996 2.99493485 1.41166484 0.39418699 4.021283966339e+02 8.230517134412e-01 1.199102735882e+03 6.299469249564e+01 6.529967898590e-04
15 61 2 2.23325166 0.46696996 2.99493485 1.41166484 0.39418699 4.294565434373e+02 8.339439663063e-01 1.237680574614e+03 6.521658717282e+01 6.778609913050e-04
15 62 2 2.23325166 0.46696996 2.99493485 1.41166484 0.39418699 3.918847822602e+02 8.286791466004e-01 1.205178360607e+03 6.748621277805e+01 7.035554654215e-04
15 63 2 2.23325166 0.46696996 2.99493485 1.41166484 0.39418699 3.842040873968e+02 8.629184720933e-01 1.344628060393e+03 7.017311393868e+01 7.300801950068e-04
16 0 2 0.76372270 0.66962412 1.01201592 0.81831735 0.57788038 5.936744826484e+00 3.624896342090e+00 1.781367266735e+01 6.183926237720e+00 1.249176198600e+00
16 1 2 0.76372270 0.66962412 1.01201592 0.81831735 0.57788038 5.581676489202e+00 3.422775470697e+00 1.720399449167e+01 5.921153068192e+00 1.220541228849e+00
16 2 2 0.76372270 0.66962412 1.01201592 0.81831735 0.57788038 5.364234228814e+00 3.300911258486e+00 1.664533842496e+01 5.747337883294e+00 1.158809586610e+00
16 3 2 0.76372270 0.66962412 1.01201592 0.81831735 0.57788038 5.308754499592e+00 3.226069519454e+00 1.613251676037e+01 5.636091892756e+00 1.106183311791e+00
16 4 2 0.76372270 0.66962412 1.01201592 0.81831735 0.57788038 5.133883591709e+00 3.083681112071e+00 1.561770994499e+01 5.463532556796e+00 1.077219023943e+00
16 5 2 0.76372270 0.66962412 1.01201592 0.81831735 0.57788038 4.826360252583e+00 2.896572341294e+00 1.518426951079e+01 5.193954216468e+00 1.059114133710e+00
16 6 2 0.76372270 0.66962412 1.01201592 0.81831735 0.57788038 4.511336387280e+00 2.804207123788e+00 1.452106381314e+01 4.929426690609e+00 1.010312215606e+00
16 7 2 0.76372270 0.66962412 1.01201592 0.81831735 0.57788038 4.433013295383e+00 2.711751514420e+00 1.410791771348e+01 4.749472445381e+00 9.619025801712e-01
16 8 2 0.76372270 0.66962412 1.01201592 0.81831735 0.57788038 4.330295925834e+00 2.518441411557e+00 1.374189307062e+01 4.615721623901e+00 9.308408263516e-01
16 9 2 0.76372270 0.66962412 1.01201592 0.81831735 0.57788038 4.199216119596e+00 2.403079948606e+00 1.309242143151e+01 4.470556712775e+00 9.187272591427e-01
16 10 2 0.76372270 0.66962412 1.01201592 0.81831735 0.57788038 4.088273586858e+00 2.329904358223e+00 1.263125764006e+01 4.324421666808e+00 8.834781374866e-01
16 11 2 0.76372270 0.66962412 1.01201592 0.81831735 0.57788038 4.000090038503e+00 2.262007708742e+00 1.234642592355e+01 4.195583004372e+00 8.411034415311e-01
16 12 2 0.76372270 0.66962412 1.01201592 0.81831735 0.57788038 3.883487839790e+00 2.191578148522e+00 1.178408960216e+01 4.054116251502e+00 8.101735948790e-01
16 13 2 0.76372270 0.66962412 1.01201592 0.81831735 0.57788038 3.703242548279e+00 2.092238558851e+00 1.130531657006e+01 3.885850079259e+00 8.007368174217e-01
16 14 2 0.76372270 0.66962412 1.01201592 0.81831735 0.57788038 3.543625529850e+00 2.049259564205e+00 1.101602330001e+01 3.739587221847e+00 7.783685492499e-01
16 15 2 0.76372270 0.66962412 1.01201592 0.81831735 0.57788038 3.378624136884e+00 2.031301142766e+00 1.058834437877e+01 3.649099404245e+00 7.434423364232e-01
16 16 2 0.76372270 0.66962412 1.01201592 0.81831735 0.57788038 3.223521994562e+00 1.965323669627e+00 1.019015150105e+01 3.568472572004e+00 7.149012155756e-01
16 17 2 0.76372270 0.66962412 1.01201592 0.81831735 0.57788038 3.117250454551e+00 1.920655258217e+00 9.811530421793e+00 3.448288806422e+00 7.063263421003e-01
16 18 2 0.76372270 0.66962412 1.01201592 0.81831735 0.57788038 3.067497733522e+00 1.886581481048e+00 9.583960637479e+00 3.323870979868e+00 6.952778439567e-01
16 19 2 0.76372270 0.66962412 1.01201592 0.81831735 0.57788038 2.992241239644e+00 1.786886482054e+00 9.200779281848e+00 3.257484834033e+00 6.688608863774e-01
16 20 2 0.76372270 0.66962412 1.01201592 0.81831735 0.57788038 2.910819095327e+00 1.767327391238e+00 8.927483060203e+00 3.231450368662e+00 6.445569440547e-01
16 21 2 0.76372270 0.66962412 1.01201592 0.81831735 0.57788038 2.833970922454e+00 1.778889174834e+00 8.699262480154e+00 3.173641272669e+00 6.363439955721e-01
16 22 2 0.76372270 0.66962412 1.01201592 0.81831735 0.57788038 2.818728680014e+00 1.705260838038e+00 8.452147969592e+00 3.068477721801e+00 6.346497147756e-01
16 23 2 0.76372270 0.66962412 1.01201592 0.81831735 0.57788038 2.816274916228e+00 1.665247180122e+00 8.298273810147e+00 2.971677612288e+00 6.175078000004e-01
16 24 2 0.76372270 0.66962412 1.01201592 0.81831735 0.57788038 2.810360152748e+00 1.652209747069e+00 8.043323749435e+00 2.922998324568e+00 5.987580101728e-01
16 25 2 0.76372270 0.66962412 1.01201592 0.81831735 0.57788038 2.801202735618e+00 1.632685400272e+00 7.966259434219e+00 2.909098146723e+00 5.912942122039e-01
16 26 2 0.76372270 0.66962412 1.01201592 0.81831735 0.57788038 2.717969727330e+00 1.567397615132e+00 7.839064811130e+00 2.910732108016e+00 5.969658158382e-01
16 27 2 0.76372270 0.66962412 1.01201592 0.81831735 0.57788038 2.649659964664e+00 1.479089951308e+00 7.762313159337e+00 2.922398828079e+00 5.896399629511e-01
16 28 2 0.76372270 0.66962412 1.01201592 0.81831735 0.57788038 2.548352615930e+00 1.476107497409e+00 7.627746805973e+00 2.918970368794e+00 5.773257210059e-01
16 29 2 0.76372270 0.66962412 1.01201592 0.81831735 0.57788038 2.474549022522e+00 1.492663299325e+00 7.678735513358e+00 2.868508599317e+00 5.714494922386e-01
16 30 2 0.76372270 0.66962412 1.01201592 0.81831735 0.57788038 2.390042377461e+00 1.430599315683e+00 7.709271948239e+00 2.798771215370e+00 5.826553333861e-01
16 31 2 0.76372270 0.66962412 1.01201592 0.81831735 0.57788038 2.375476369881e+00 1.387968688490e+00 7.557865844417e+00 2.791005326324e+00 5.855223909201e-01
16 32 2 0.76372270 0.66962412 1.01201592 0.81831735 0.57788038 2.497037699264e+00 1.477993791337e+00 7.777114360658e+00 2.874817967679e+00 5.802922785928e-01
16 33 2 0.76372270 0.66962412 1.01201592 0.81831735 0.57788038 2.619942960218e+00 1.573666698708e+00 7.810615144622e+00 2.978442322719e+00 5.770057273274e-01
16 34 2 0.76372270 0.66962412 1.01201592 0.81831735 0.57788038 2.733764953387e+00 1.572488264956e+00 7.849192276530e+00 3.021003426596e+00 5.920728685713e-01
16 35 2 0.76372270 0.66962412 1.01201592 0.81831735 0.57788038 2.755936040345e+00 1.569041136110e+00 8.016538082029e+00 3.011568183350e+00 6.053385121217e-01
16 36 2 0.76372270 0.66962412 1.01201592 0.81831735 0.57788038 2.795046401719e+00 1.648972538746e+00 8.158173000003e+00 3.015480197208e+00 6.078308678905e-01
16 37 2 0.76372270 0.66962412 1.01201592 0.81831735 0.57788038 2.799476396997e+00 1.709792885366e+00 8.364904238335e+00 3.063290982462e+00 6.081992710235e-01
16 38 2 0.76372270 0.66962412 1.01201592 0.81831735 0.57788038 2.771155761126e+00 1.687410944490e+00 8.463781080824e+00 3.143927531929e+00 6.255633941604e-01
16 39 2 0.76372270 0.66962412 1.01201592 0.81831735 0.57788038 2.767867181135e+00 1.686770581962e+00 8.730357050044e+00 3.252830903759e+00 6.491268309640e-01
16 40 2 0.76372270 0.66962412 1.01201592 0.81831735 0.57788038 2.773504921545e+00 1.712742838152e+00 9.013644863895e+00 3.384195514058e+00 6.601547255057e-01
16 41 2 0.76372270 0.66962412 1.01201592 0.81831735 0.57788038 2.856030972506e+00 1.767637881630e+00 9.144532477079e+00 3.498063496177e+00 6.653346214968e-01
16 42 2 0.76372270 0.66962412 1.01201592 0.81831735 0.57788038 2.950690370014e+00 1.780997144134e+00 9.501702617745e+00 3.563380248137e+00 6.835881452565e-01
16 43 2 0.76372270 0.66962412 1.01201592 0.81831735 0.57788038 3.078318953167e+00 1.781155212734e+00 9.742294225455e+00 3.623524542587e+00 7.167703586569e-01
16 44 2 0.76372270 0.66962412 1.01201592 0.81831735 0.57788038 3.172701974856e+00 1.892160779613e+00 1.003576947564e+01 3.749689851900e+00 7.374195945136e-01
16 45 2 0.76372270 0.66962412 1.01201592 0.81831735 0.57788038 3.258477801602e+00 1.947048613022e+00 1.042751145149e+01 3.932249601374e+00 7.487208480504e-01
16 46 2 0.76372270 0.66962412 1.01201592 0.81831735 0.57788038 3.399376031029e+00 1.963163504644e+00 1.056829931036e+01 4.093205186117e+00 7.668457522323e-01
16 47 2 0.76372270 0.66962412 1.01201592 0.81831735 0.57788038 3.574132760767e+00 2.047263472027e+00 1.108164011136e+01 4.212335118688e+00 8.080675237688e-01
16 48 2 0.76372270 0.66962412 1.01201592 0.81831735 0.57788038 3.731864109562e+00 2.093671827875e+00 1.140963571869e+01 4.357249152502e+00 8.396467895906e-01
16 49 2 0.76372270 0.66962412 1.01201592 0.81831735 0.57788038 3.859840994956e+00 2.151917249100e+00 1.162995808715e+01 4.565076757986e+00 8.585586165416e-01
16 50 2 0.76372270 0.66962412 1.01201592 0.81831735 0.57788038 3.977557634007e+00 2.287833786418e+00 1.210813454644e+01 4.780533968503e+00 8.763101742440e-01
16 51 2 0.76372270 0.66962412 1.01201592 0.81831735 0.57788038 4.062512955535e+00 2.385191199746e+00 1.253032501040e+01 4.953691149226e+00 9.228961451443e-01
16 52 2 0.76372270 0.66962412 1.01201592 0.81831735 0.57788038 4.133358615216e+00 2.466493934485e+00 1.285000088110e+01 5.118590545933e+00 9.666750521148e-01
16 53 2 0.76372270 0.66962412 1.01201592 0.81831735 0.57788038 4.237205219492e+00 2.582894340394e+00 1.320077524930e+01 5.320428835470e+00 9.948383605897e-01
16 54 2 0.76372270 0.66962412 1.01201592 0.81831735 0.57788038 4.433351822428e+00 2.703788205318e+00 1.376531843585e+01 5.542046448985e+00 1.013131470093e+00
16 55 2 0.76372270 0.66962412 1.01201592 0.81831735 0.57788038 4.561382636410e+00 2.893241474216e+00 1.417006305463e+01 5.767538740495e+00 1.061444619285e+00
16 56 2 0.76372270 0.66962412 1.01201592 0.81831735 0.57788038 4.753634084741e+00 2.984460320312e+00 1.453334226830e+01 6.039136801133e+00 1.118153565580e+00
16 57 2 0.76372270 0.66962412 1.01201592 0.81831735 0.57788038 5.052105311344e+00 3.023463954470e+00 1.503800731544e+01 6.366853255665e+00 1.157297892131e+00
16 58 2 0.76372270 0.66962412 1.01201592 0.81831735 0.57788038 5.369172335715e+00 3.188599245599e+00 1.572410319697e+01 6.658073478149e+00 1.178400411691e+00
16 59 2 0.76372270 0.66962412 1.01201592 0.81831735 0.57788038 5.509436597591e+00 3.298326101884e+00 1.600536948179e+01 6.844454270534e+00 1.224439554694e+00
16 60 2 0.76372270 0.66962412 1.01201592 0.81831735 0.57788038 5.508609491986e+00 3.348065876485e+00 1.665619876526e+01 7.016904831846e+00 1.293599181029e+00
16 61 2 0.76372270 0.66962412 1.01201592 0.81831735 0.57788038 5.793587651727e+00 3.424754846966e+00 1.735321308829e+01 7.311593002022e+00 1.345454319287e+00
16 62 2 0.76372270 0.66962412 1.01201592 0.81831735 0.57788038 6.089019064753e+00 3.581449082727e+00 1.778942491640e+01 7.709417216733e+00 1.372841265755e+00
16 63 2 0.76372270 0.66962412 1.01201592 0.81831735 0.57788038 6.294780772726e+00 3.660336111202e+00 1.867619040095e+01 8.082913549507e+00 1.413268829597e+00
21 0 2 0.77733409 0.79485701 0.89113732 0.90921894 0.64129609 6.149257724797e+00 6.848661987334e+00 1.062646947042e+01 8.324372539362e+00 2.473935110367e+00
21 1 2 0.77733409 0.79485701 0.89113732 0.90921894 0.64129609 5.845351946252e+00 6.625643078085e+00 1.032124918548e+01 8.077172728582e+00 2.411622728105e+00
21 2 2 0.77733409 0.79485701 0.89113732 0.90921894 0.64129609 5.617848823869e+00 6.241421725405e+00 1.007155259170e+01 7.767511405935e+00 2.298541638073e+00
21 3 2 0.77733409 0.79485701 0.89113732 0.90921894 0.64129609 5.463456792417e+00 6.110132085946e+00 9.794215098919e+00 7.433550136642e+00 2.193594002256e+00
21 4 2 0.77733409 0.79485701 0.89113732 0.90921894 0.64129609 5.316010004284e+00 5.895002207888e+00 9.485854737324e+00 7.260391226922e+00 2.138993775246e+00
21 5 2 0.77733409 0.79485701 0.89113732 0.90921894 0.64129609 5.135675926855e+00 5.668553095251e+00 9.036647576204e+00 7.094932401782e+00 2.024773884410e+00
21 6 2 0.77733409 0.79485701 0.89113732 0.90921894 0.64129609 4.864627176215e+00 5.507085184854e+00 8.718803017059e+00 6.728070122287e+00 1.955440683156e+00
21 7 2 0.77733409 0.79485701 0.89113732 0.90921894 0.64129609 4.677404163472e+00 5.320462766434e+00 8.502581381568e+00 6.489794295349e+00 1.895709843028e+00
21 8 2 0.77733409 0.79485701 0.89113732 0.90921894 0.64129609 4.563263527451e+00 5.128715567871e+00 8.139377647846e+00 6.382051522740e+00 1.794752759967e+00
21 9 2 0.77733409 0.79485701 0.89113732 0.90921894 0.64129609 4.523805911848e+00 4.948975664650e+00 7.736449520508e+00 6.130213086365e+00 1.751518203995e+00
21 10 2 0.77733409 0.79485701 0.89113732 0.90921894 0.64129609 4.397745226906e+00 4.754619638354e+00 7.403371132646e+00 5.885005644768e+00 1.683261669262e+00
21 11 2 0.77733409 0.79485701 0.89113732 0.90921894 0.64129609 4.209379977495e+00 4.647283281389e+00 7.082055587486e+00 5.705386884490e+00 1.606367270397e+00
21 12 2 0.77733409 0.79485701 0.89113732 0.90921894 0.64129609 4.039762814066e+00 4.417753328200e+00 6.831039479663e+00 5.525525023705e+00 1.575958340125e+00
21 13 2 0.77733409 0.79485701 0.89113732 0.90921894 0.64129609 3.999036104881e+00 4.166499951416e+00 6.649950287848e+00 5.371250877245e+00 1.504266801940e+00
21 14 2 0.77733409 0.79485701 0.89113732 0.90921894 0.64129609 3.836049899925e+00 4.101215816280e+00 6.412191786175e+00 5.168649942903e+00 1.454975018583e+00
21 15 2 0.77733409 0.79485701 0.89113732 0.90921894 0.64129609 3.785011449745e+00 3.946782507539e+00 6.130516232487e+00 4.985344567598e+00 1.426090594337e+00
21 16 2 0.77733409 0.79485701 0.89113732 0.90921894 0.64129609 3.672215422554e+00 3.857231171875e+00 6.005800622144e+00 4.867416546489e+00 1.360544657875e+00
21 17 2 0.77733409 0.79485701 0.89113732 0.90921894 0.64129609 3.507035503317e+00 3.768952224116e+00 5.925961325249e+00 4.700958319071e+00 1.335169755571e+00
21 18 2 0.77733409 0.79485701 0.89113732 0.90921894 0.64129609 3.409170343628e+00 3.661830437568e+00 5.784959822604e+00 4.563001014820e+00 1.302152553335e+00
21 19 2 0.77733409 0.79485701 0.89113732 0.90921894 0.64129609 3.328101650685e+00 3.530425579843e+00 5.669869586603e+00 4.446741293898e+00 1.252131308093e+00
21 20 2 0.77733409 0.79485701 0.89113732 0.90921894 0.64129609 3.192372574186e+00 3.407958998618e+00 5.516501978473e+00 4.274071149802e+00 1.242522832824e+00
21 21 2 0.77733409 0.79485701 0.89113732 0.90921894 0.64129609 3.099598559825e+00 3.305031238183e+00 5.381203712511e+00 4.183840124268e+00 1.206128878270e+00
21 22 2 0.77733409 0.79485701 0.89113732 0.90921894 0.64129609 3.052744294423e+00 3.357246302972e+00 5.269626722842e+00 4.117411510524e+00 1.177373863895e+00
21 23 2 0.77733409 0.79485701 0.89113732 0.90921894 0.64129609 2.967328144558e+00 3.258155534222e+00 5.244427371245e+00 3.960408517981e+00 1.174638517075e+00
21 24 2 0.77733409 0.79485701 0.89113732 0.90921894 0.64129609 2.867876204460e+00 3.233009635940e+00 5.054101375453e+00 3.856903766035e+00 1.140447128988e+00
21 25 2 0.77733409 0.79485701 0.89113732 0.90921894 0.64129609 2.783825483848e+00 3.278426801953e+00 4.918070594233e+00 3.810705226362e+00 1.133734540575e+00
21 26 2 0.77733409 0.79485701 0.89113732 0.90921894 0.64129609 2.735636282534e+00 3.156192677746e+00 4.813665961344e+00 3.736764614656e+00 1.131360145057e+00
21 27 2 0.77733409 0.79485701 0.89113732 0.90921894 0.64129609 2.733403819863e+00 3.115866438815e+00 4.766001753548e+00 3.648300040945e+00 1.107057881541e+00
21 28 2 0.77733409 0.79485701 0.89113732 0.90921894 0.64129609 2.714569920215e+00 2.985345549104e+00 4.702115016823e+00 3.557623479678e+00 1.118763832147e+00
21 29 2 0.77733409 0.79485701 0.89113732 0.90921894 0.64129609 2.713060986124e+00 2.878740715983e+00 4.684632808111e+00 3.538072853161e+00 1.114368074111e+00
21 30 2 0.77733409 0.79485701 0.89113732 0.90921894 0.64129609 2.665829924756e+00 2.876510772347e+00 4.642796386745e+00 3.527955400701e+00 1.107045969387e+00
21 31 2 0.77733409 0.79485701 0.89113732 0.90921894 0.64129609 2.612968875380e+00 2.778875902136e+00 4.592006617042e+00 3.422111436215e+00 1.130857636109e+00
21 32 2 0.77733409 0.79485701 0.89113732 0.90921894 0.64129609 2.721086999100e+00 2.951293350858e+00 4.704094632469e+00 3.388083193236e+00 1.126534938040e+00
21 33 2 0.77733409 0.79485701 0.89113732 0.90921894 0.64129609 2.777101496451e+00 3.093846547185e+00 4.776052445071e+00 3.434232794789e+00 1.140626530767e+00
21 34 2 0.77733409 0.79485701 0.89113732 0.90921894 0.64129609 2.801013707798e+00 3.110979855857e+00 4.847952877860e+00 3.389020274934e+00 1.169698581706e+00
21 35 2 0.77733409 0.79485701 0.89113732 0.90921894 0.64129609 2.816864311822e+00 3.270614914607e+00 4.870613329863e+00 3.345580894214e+00 1.171272784538e+00
21 36 2 0.77733409 0.79485701 0.89113732 0.90921894 0.64129609 2.871290446623e+00 3.217756219636e+00 4.997852399932e+00 3.372332228109e+00 1.207321566862e+00
21 37 2 0.77733409 0.79485701 0.89113732 0.90921894 0.64129609 2.907037604430e+00 3.278565633510e+00 5.052789400419e+00 3.400086526687e+00 1.236469354496e+00
21 38 2 0.77733409 0.79485701 0.89113732 0.90921894 0.64129609 3.037210547397e+00 3.241102653114e+00 5.208555194658e+00 3.415412348834e+00 1.251901992792e+00
21 39 2 0.77733409 0.79485701 0.89113732 0.90921894 0.64129609 3.125759485887e+00 3.220462954546e+00 5.317900913568e+00 3.402507760257e+00 1.306246383244e+00
21 40 2 0.77733409 0.79485701 0.89113732 0.90921894 0.64129609 3.176229472761e+00 3.343693538946e+00 5.352622692162e+00 3.441356010395e+00 1.333906625884e+00
21 41 2 0.77733409 0.79485701 0.89113732 0.90921894 0.64129609 3.226451411324e+00 3.362693566985e+00 5.403940007157e+00 3.535869711562e+00 1.370989792851e+00
21 42 2 0.77733409 0.79485701 0.89113732 0.90921894 0.64129609 3.303935386780e+00 3.448092545502e+00 5.555530898343e+00 3.545996039560e+00 1.436581800064e+00
21 43 2 0.77733409 0.79485701 0.89113732 0.90921894 0.64129609 3.413271101019e+00 3.658866320300e+00 5.717696161699e+00 3.574786715595e+00 1.466108498156e+00
21 44 2 0.77733409 0.79485701 0.89113732 0.90921894 0.64129609 3.511287067070e+00 3.766441471928e+00 5.811690049294e+00 3.683497939352e+00 1.529717894755e+00
21 45 2 0.77733409 0.79485701 0.89113732 0.90921894 0.64129609 3.545145469966e+00 3.874378622179e+00 5.990602369808e+00 3.740796787771e+00 1.598293531335e+00
21 46 2 0.77733409 0.79485701 0.89113732 0.90921894 0.64129609 3.713685872903e+00 3.965759279933e+00 6.117996510295e+00 3.817510083598e+00 1.637902742398e+00
21 47 2 0.77733409 0.79485701 0.89113732 0.90921894 0.64129609 3.782578917094e+00 4.063337346761e+00 6.337882982983e+00 3.922069560307e+00 1.727541282261e+00
21 48 2 0.77733409 0.79485701 0.89113732 0.90921894 0.64129609 3.842515279355e+00 4.259417083631e+00 6.653337408342e+00 3.981986643759e+00 1.792948278521e+00
21 49 2 0.77733409 0.79485701 0.89113732 0.90921894 0.64129609 3.946399865942e+00 4.377576630865e+00 6.978160274322e+00 4.102943707991e+00 1.853688456131e+00
21 50 2 0.77733409 0.79485701 0.89113732 0.90921894 0.64129609 4.094717598875e+00 4.602954527098e+00 7.171537586180e+00 4.241967434628e+00 1.962488739488e+00
21 51 2 0.77733409 0.79485701 0.89113732 0.90921894 0.64129609 4.215533661338e+00 4.843828399054e+00 7.456781544858e+00 4.337346927173e+00 2.024206905830e+00
21 52 2 0.77733409 0.79485701 0.89113732 0.90921894 0.64129609 4.412257856289e+00 4.939176410696e+00 7.822294710539e+00 4.457527212941e+00 2.115985868229e+00
21 53 2 0.77733409 0.79485701 0.89113732 0.90921894 0.64129609 4.571379485354e+00 5.066496543778e+00 8.151182841729e+00 4.577871468058e+00 2.232271649997e+00
21 54 2 0.77733409 0.79485701 0.89113732 0.90921894 0.64129609 4.636949703854e+00 5.313950106207e+00 8.482873057410e+00 4.759065305012e+00 2.297481683885e+00
21 55 2 0.77733409 0.79485701 0.89113732 0.90921894 0.64129609 4.810801027888e+00 5.443359636961e+00 8.789690298808e+00 4.943749400107e+00 2.424287475835e+00
21 56 2 0.77733409 0.79485701 0.89113732 0.90921894 0.64129609 5.073529673727e+00 5.670723684287e+00 8.956441675737e+00 5.000868052406e+00 2.535929994994e+00
21 57 2 0.77733409 0.79485701 0.89113732 0.90921894 0.64129609 5.417717193411e+00 5.808517488265e+00 9.235656710508e+00 5.184149944623e+00 2.618494233301e+00
21 58 2 0.77733409 0.79485701 0.89113732 0.90921894 0.64129609 5.602109321075e+00 6.069204396116e+00 9.631392809908e+00 5.473386977333e+00 2.774927674301e+00
21 59 2 0.77733409 0.79485701 0.89113732 0.90921894 0.64129609 5.725019392974e+00 6.325292938466e+00 9.970993016210e+00 5.577776131970e+00 2.875275591413e+00
21 60 2 0.77733409 0.79485701 0.89113732 0.90921894 0.64129609 6.018743054742e+00 6.524883370339e+00 1.015309507267e+01 5.705877878262e+00 2.991027204092e+00
21 61 2 0.77733409 0.79485701 0.89113732 0.90921894 0.64129609 6.285978313369e+00 6.857921247246e+00 1.051657299602e+01 5.977096017055e+00 3.162389677227e+00
21 62 2 0.77733409 0.79485701 0.89113732 0.90921894 0.64129609 6.593741705577e+00 7.163926954457e+00 1.087664203462e+01 6.214875390965e+00 3.255209762349e+00
21 63 2 0.77733409 0.79485701 0.89113732 0.90921894 0.64129609 7.022829564141e+00 7.320167117190e+00 1.133960084833e+01 6.396784392150e+00 3.414761785962e+00
24 0 2 1.19631210 0.38318156 3.72660015 0.81519912 0.33947978 4.161750226956e+01 3.939766369613e-01 2.704169616790e+03 7.618740075008e+00 1.952609088045e-01
24 1 2 1.19631210 0.38318156 3.72660015 0.81519912 0.33947978 3.599269418811e+01 3.809520602688e-01 2.752622543274e+03 7.326286235169e+00 1.883041377411e-01
24 2 2 1.19631210 0.38318156 3.72660015 0.81519912 0.33947978 2.408331021432e+01 3.613094361271e-01 2.582338654217e+03 7.019723512981e+00 1.815843162876e-01
24 3 2 1.19631210 0.38318156 3.72660015 0.81519912 0.33947978 3.660561010956e+01 3.453049310170e-01 2.455478367419e+03 6.728821823358e+00 1.751007039306e-01
24 4 2 1.19631210 0.38318156 3.72660015 0.81519912 0.33947978 3.182262982664e+01 3.332949345166e-01 2.489452995232e+03 6.435253662373e+00 1.688526553172e-01
24 5 2 1.19631210 0.38318156 3.72660015 0.81519912 0.33947978 2.529399424173e+01 3.201393232492e-01 2.287967870782e+03 6.323086463937e+00 1.628396202276e-01
24 6 2 1.19631210 0.38318156 3.72660015 0.81519912 0.33947978 2.765291241525e+01 3.071294026031e-01 2.246538677797e+03 6.133538706387e+00 1.570611434735e-01
24 7 2 1.19631210 0.38318156 3.72660015 0.81519912 0.33947978 2.760558709980e+01 2.950189368940e-01 2.228569885911e+03 5.915052832764e+00 1.515168647185e-01
24 8 2 1.19631210 0.38318156 3.72660015 0.81519912 0.33947978 2.861739587902e+01 2.837248696637e-01 2.045744976909e+03 5.689811665328e+00 1.462065182254e-01
24 9 2 1.19631210 0.38318156 3.72660015 0.81519912 0.33947978 2.031690976456e+01 2.690746255651e-01 2.057385393023e+03 5.506279451051e+00 1.411299325251e-01
24 10 2 1.19631210 0.38318156 3.72660015 0.81519912 0.33947978 2.466192023841e+01 2.557999846190e-01 1.988216292990e+03 5.235589649699e+00 1.362870300128e-01
24 11 2 1.19631210 0.38318156 3.72660015 0.81519912 0.33947978 2.899910102533e+01 2.452518043228e-01 1.848250090480e+03 5.049270207254e+00 1.316778264690e-01
24 12 2 1.19631210 0.38318156 3.72660015 0.81519912 0.33947978 1.739280688637e+01 2.366170509679e-01 1.885306079809e+03 4.915441892357e+00 1.273024305061e-01
24 13 2 1.19631210 0.38318156 3.72660015 0.81519912 0.33947978 2.175714013802e+01 2.251589621498e-01 1.773910076030e+03 4.763092402038e+00 1.231610429417e-01
24 14 2 1.19631210 0.38318156 3.72660015 0.81519912 0.33947978 2.472925862403e+01 2.147215825953e-01 1.695068100997e+03 4.558790215396e+00 1.192539560980e-01
24 15 2 1.19631210 0.38318156 3.72660015 0.81519912 0.33947978 1.833055727237e+01 2.094045509689e-01 1.723848467152e+03 4.421538011965e+00 1.155815530299e-01
24 16 2 1.19631210 0.38318156 3.72660015 0.81519912 0.33947978 1.890773888813e+01 2.076721531085e-01 1.596514264869e+03 4.274763960911e+00 1.121443066806e-01
24 17 2 1.19631210 0.38318156 3.72660015 0.81519912 0.33947978 1.875042406931e+01 2.038046575343e-01 1.576210572985e+03 4.120161950370e+00 1.089427789655e-01
24 18 2 1.19631210 0.38318156 3.72660015 0.81519912 0.33947978 2.107121691156e+01 1.967210744290e-01 1.577678854948e+03 4.028749290065e+00 1.059776197867e-01
24 19 2 1.19631210 0.38318156 3.72660015 0.81519912 0.33947978 1.690704846829e+01 1.922141726464e-01 1.458868525977e+03 3.991248018344e+00 1.032495659764e-01
24 20 2 1.19631210 0.38318156 3.72660015 0.81519912 0.33947978 1.478091864131e+01 1.916408429157e-01 1.485756416552e+03 3.902364328189e+00 1.007594401728e-01
24 21 2 1.19631210 0.38318156 3.72660015 0.81519912 0.33947978 2.202948970542e+01 1.932787517834e-01 1.448899038227e+03 3.791419533527e+00 9.850814962668e-02
24 22 2 1.19631210 0.38318156 3.72660015 0.81519912 0.33947978 1.585549574291e+01 1.931789884835e-01 1.366879999567e+03 3.710311697267e+00 9.649668494122e-02
24 23 2 1.19631210 0.38318156 3.72660015 0.81519912 0.33947978 1.368862992221e+01 1.928303945084e-01 1.412074063606e+03 3.598243728044e+00 9.472611874558e-02
24 24 2 1.19631210 0.38318156 3.72660015 0.81519912 0.33947978 1.921510319965e+01 1.902548481476e-01 1.349562196624e+03 3.476077962503e+00 9.319760430287e-02
24 25 2 1.19631210 0.38318156 3.72660015 0.81519912 0.33947978 1.582147535153e+01 1.841155233464e-01 1.312845952921e+03 3.406037982338e+00 9.191237405407e-02
24 26 2 1.19631210 0.38318156 3.72660015 0.81519912 0.33947978 1.471748173187e+01 1.734429803234e-01 1.357142003921e+03 3.373593846839e+00 9.087173809815e-02
24 27 2 1.19631210 0.38318156 3.72660015 0.81519912 0.33947978 1.471709717466e+01 1.624943151566e-01 1.282537388505e+03 3.290423289165e+00 9.007708261039e-02
24 28 2 1.19631210 0.38318156 3.72660015 0.81519912 0.33947978 1.678283389191e+01 1.530709375679e-01 1.293266061312e+03 3.234244751776e+00 8.952986819927e-02
24 29 2 1.19631210 0.38318156 3.72660015 0.81519912 0.33947978 1.669938024819e+01 1.449616250950e-01 1.320709930335e+03 3.203341394005e+00 8.923162820343e-02
24 30 2 1.19631210 0.38318156 3.72660015 0.81519912 0.33947978 1.167623847116e+01 1.396840824356e-01 1.252749344842e+03 3.183046530516e+00 8.918396692983e-02
24 31 2 1.19631210 0.38318156 3.72660015 0.81519912 0.33947978 1.762499274328e+01 1.414396930710e-01 1.302155705145e+03 3.165235317888e+00 8.938855783432e-02
24 32 2 1.19631210 0.38318156 3.72660015 0.81519912 0.33947978 1.770279027170e+01 1.523775479613e-01 1.305871503871e+03 3.248441742795e+00 8.984714164580e-02
24 33 2 1.19631210 0.38318156 3.72660015 0.81519912 0.33947978 1.176386621446e+01 1.663986058317e-01 1.260741186901e+03 3.325783445020e+00 9.056152443538e-02
24 34 2 1.19631210 0.38318156 3.72660015 0.81519912 0.33947978 1.690087833499e+01 1.782622611885e-01 1.337853307074e+03 3.392179437293e+00 9.153357563179e-02
24 35 2 1.19631210 0.38318156 3.72660015 0.81519912 0.33947978 1.706750716122e+01 1.857300056188e-01 1.312600042186e+03 3.447898231515e+00 9.276522598441e-02
24 36 2 1.19631210 0.38318156 3.72660015 0.81519912 0.33947978 1.512126422287e+01 1.916900790685e-01 1.310292682793e+03 3.545535398970e+00 9.425846547532e-02
24 37 2 1.19631210 0.38318156 3.72660015 0.81519912 0.33947978 1.505230771991e+01 1.940455078627e-01 1.392645328732e+03 3.574244278806e+00 9.601534118177e-02
24 38 2 1.19631210 0.38318156 3.72660015 0.81519912 0.33947978 1.636061328719e+01 1.921241912416e-01 1.349299375413e+03 3.645492837117e+00 9.803795509043e-02
24 39 2 1.19631210 0.38318156 3.72660015 0.81519912 0.33947978 2.000224711082e+01 1.869290575883e-01 1.396951838463e+03 3.742667068198e+00 1.003284618652e-01
24 40 2 1.19631210 0.38318156 3.72660015 0.81519912 0.33947978 1.415554448895e+01 1.832825981975e-01 1.464602708259e+03 3.853216457831e+00 1.028890665697e-01
24 41 2 1.19631210 0.38318156 3.72660015 0.81519912 0.33947978 1.665391907389e+01 1.820559025687e-01 1.421630800937e+03 3.881969076370e+00 1.057220223460e-01
24 42 2 1.19631210 0.38318156 3.72660015 0.81519912 0.33947978 2.306968236210e+01 1.828107160193e-01 1.516573199260e+03 3.973224378809e+00 1.088296280521e-01
24 43 2 1.19631210 0.38318156 3.72660015 0.81519912 0.33947978 1.557246390889e+01 1.870144808401e-01 1.552780071602e+03 4.037871006032e+00 1.122142258575e-01
24 44 2 1.19631210 0.38318156 3.72660015 0.81519912 0.33947978 1.781785697158e+01 1.953058690889e-01 1.535145537452e+03 4.112408449982e+00 1.158781988015e-01
24 45 2 1.19631210 0.38318156 3.72660015 0.81519912 0.33947978 2.224585039000e+01 2.052326836301e-01 1.661739893993e+03 4.203257499981e+00 1.198239683133e-01
24 46 2 1.19631210 0.38318156 3.72660015 0.81519912 0.33947978 2.000791570831e+01 2.113843967283e-01 1.662078744177e+03 4.418211759712e+00 1.240539916964e-01
24 47 2 1.19631210 0.38318156 3.72660015 0.81519912 0.33947978 2.002282711455e+01 2.170732327453e-01 1.690345637444e+03 4.568613031942e+00 1.285707595806e-01
24 48 2 1.19631210 0.38318156 3.72660015 0.81519912 0.33947978 1.942298874242e+01 2.266089065052e-01 1.826801280712e+03 4.732356482894e+00 1.333767933396e-01
24 49 2 1.19631210 0.38318156 3.72660015 0.81519912 0.33947978 2.667073545485e+01 2.416957661315e-01 1.798048623447e+03 4.896734596577e+00 1.384746424803e-01
24 50 2 1.19631210 0.38318156 3.72660015 0.81519912 0.33947978 2.306471094931e+01 2.546862147096e-01 1.887480716067e+03 5.091676070741e+00 1.438668820016e-01
24 51 2 1.19631210 0.38318156 3.72660015 0.81519912 0.33947978 1.855533169986e+01 2.645876536705e-01 2.004713036562e+03 5.199779543912e+00 1.495561097279e-01
24 52 2 1.19631210 0.38318156 3.72660015 0.81519912 0.33947978 3.134016645853e+01 2.745274806960e-01 1.969344736733e+03 5.422489182010e+00 1.555449436165e-01
24 53 2 1.19631210 0.38318156 3.72660015 0.81519912 0.33947978 2.617716446234e+01 2.879127406820e-01 2.121460647191e+03 5.663908088673e+00 1.618360190413e-01
24 54 2 1.19631210 0.38318156 3.72660015 0.81519912 0.33947978 2.191353852400e+01 3.004169913818e-01 2.193706704153e+03 5.880247190936e+00 1.684319860561e-01
24 55 2 1.19631210 0.38318156 3.72660015 0.81519912 0.33947978 3.058073218073e+01 3.093604393840e-01 2.183419155007e+03 6.027611699179e+00 1.753355066376e-01
24 56 2 1.19631210 0.38318156 3.72660015 0.81519912 0.33947978 2.969409418016e+01 3.183197749710e-01 2.383386909259e+03 6.271137875955e+00 1.825492519103e-01
24 57 2 1.19631210 0.38318156 3.72660015 0.81519912 0.33947978 2.980129114363e+01 3.289391587302e-01 2.396776863180e+03 6.443999719729e+00 1.900758993561e-01
24 58 2 1.19631210 0.38318156 3.72660015 0.81519912 0.33947978 2.678507282947e+01 3.404298706656e-01 2.446885752532e+03 6.638588430781e+00 1.979181300081e-01
24 59 2 1.19631210 0.38318156 3.72660015 0.81519912 0.33947978 3.458722566808e+01 3.499729476882e-01 2.660867673700e+03 6.930470376673e+00 2.060786256351e-01
24 60 2 1.19631210 0.38318156 3.72660015 0.81519912 0.33947978 3.940754316759e+01 3.629891764783e-01 2.621455775846e+03 7.318938597791e+00 2.145600659130e-01
24 61 2 1.19631210 0.38318156 3.72660015 0.81519912 0.33947978 2.538383500845e+01 3.760650698517e-01 2.763413575082e+03 7.586290633502e+00 2.233651255888e-01
24 62 2 1.19631210 0.38318156 3.72660015 0.81519912 0.33947978 3.916988223317e+01 3.842005764626e-01 2.939177017159e+03 7.877253094342e+00 2.324964716383e-01
24 63 2 1.19631210 0.38318156 3.72660015 0.81519912 0.33947978 4.461976358010e+01 3.833143522577e-01 2.885831861793e+03 8.186322803207e+00 2.419567604184e-01
27 0 2 0.95465063 0.60166280 1.37267989 0.98138012 0.51049742 1.398810196391e+01 2.167179021862e+00 5.941098389919e+01 1.467021174462e+01 9.839712603568e-01
27 1 2 0.95465063 0.60166280 1.37267989 0.98138012 0.51049742 1.354880329327e+01 2.120165419506e+00 5.735696937092e+01 1.396786945618e+01 9.569272246111e-01
27 2 2 0.95465063 0.60166280 1.37267989 0.98138012 0.51049742 1.328606878392e+01 2.092067108169e+00 5.473074924561e+01 1.344043229994e+01 9.326925201122e-01
27 3 2 0.95465063 0.60166280 1.37267989 0.98138012 0.51049742 1.274340049806e+01 1.998151114964e+00 5.281550467652e+01 1.296820403763e+01 9.005748293971e-01
27 4 2 0.95465063 0.60166280 1.37267989 0.98138012 0.51049742 1.213416238709e+01 1.904590802957e+00 5.068152997519e+01 1.243086787357e+01 8.604703531476e-01
27 5 2 0.95465063 0.60166280 1.37267989 0.98138012 0.51049742 1.172639709132e+01 1.856014385202e+00 4.855814118560e+01 1.199207790138e+01 8.222199864730e-01
27 6 2 0.95465063 0.60166280 1.37267989 0.98138012 0.51049742 1.138694847941e+01 1.868448575949e+00 4.730673185908e+01 1.148917801102e+01 7.942190084609e-01
27 7 2 0.95465063 0.60166280 1.37267989 0.98138012 0.51049742 1.102342784754e+01 1.843575493057e+00 4.562212974405e+01 1.085310951013e+01 7.744123416015e-01
27 8 2 0.95465063 0.60166280 1.37267989 0.98138012 0.51049742 1.058421877548e+01 1.717863227142e+00 4.398548141596e+01 1.041589375527e+01 7.532699331120e-01
27 9 2 0.95465063 0.60166280 1.37267989 0.98138012 0.51049742 1.010387103068e+01 1.621655645375e+00 4.298839109253e+01 1.015270638641e+01 7.246543583503e-01
27 10 2 0.95465063 0.60166280 1.37267989 0.98138012 0.51049742 9.737880645687e+00 1.586898161725e+00 4.150274173363e+01 9.840651932269e+00 6.922365857908e-01
27 11 2 0.95465063 0.60166280 1.37267989 0.98138012 0.51049742 9.258908277931e+00 1.518558325166e+00 4.001695198024e+01 9.477333849831e+00 6.648282755434e-01
27 12 2 0.95465063 0.60166280 1.37267989 0.98138012 0.51049742 8.985441575693e+00 1.437636804010e+00 3.867375170624e+01 9.009221693473e+00 6.464735112484e-01
27 13 2 0.95465063 0.60166280 1.37267989 0.98138012 0.51049742 8.957393323024e+00 1.382242211989e+00 3.749673473677e+01 8.554896212851e+00 6.323954192510e-01
27 14 2 0.95465063 0.60166280 1.37267989 0.98138012 0.51049742 8.694751661769e+00 1.335968037206e+00 3.574864472679e+01 8.358487783121e+00 6.147751000065e-01
27 15 2 0.95465063 0.60166280 1.37267989 0.98138012 0.51049742 8.309231693504e+00 1.313286499388e+00 3.465204698557e+01 8.227826195727e+00 5.914334708187e-01
27 16 2 0.95465063 0.60166280 1.37267989 0.98138012 0.51049742 7.974553172092e+00 1.294310840721e+00 3.355394399131e+01 7.949553689775e+00 5.678294790255e-01
27 17 2 0.95465063 0.60166280 1.37267989 0.98138012 0.51049742 7.844744145569e+00 1.241706458278e+00 3.227679541254e+01 7.652654087490e+00 5.506582469587e-01
27 18 2 0.95465063 0.60166280 1.37267989 0.98138012 0.51049742 7.576432531375e+00 1.183209059067e+00 3.152669553691e+01 7.375503922412e+00 5.405155503245e-01
27 19 2 0.95465063 0.60166280 1.37267989 0.98138012 0.51049742 7.278892089978e+00 1.140915802416e+00 3.073185640757e+01 7.140422600617e+00 5.316176654675e-01
27 20 2 0.95465063 0.60166280 1.37267989 0.98138012 0.51049742 7.175469173910e+00 1.120016932521e+00 3.009363847257e+01 7.035753050263e+00 5.184495738369e-01
27 21 2 0.95465063 0.60166280 1.37267989 0.98138012 0.51049742 6.898266807210e+00 1.124732788757e+00 2.951319956255e+01 6.930463665029e+00 5.017480499435e-01
27 22 2 0.95465063 0.60166280 1.37267989 0.98138012 0.51049742 6.727571422053e+00 1.119764384144e+00 2.895325598308e+01 6.766958356572e+00 4.873862190069e-01
27 23 2 0.95465063 0.60166280 1.37267989 0.98138012 0.51049742 6.641486484289e+00 1.097965283299e+00 2.858031362166e+01 6.655595674977e+00 4.797405883634e-01
27 24 2 0.95465063 0.60166280 1.37267989 0.98138012 0.51049742 6.570994324152e+00 1.085803485695e+00 2.798222036589e+01 6.519948937302e+00 4.769926690767e-01
27 25 2 0.95465063 0.60166280 1.37267989 0.98138012 0.51049742 6.557517135515e+00 1.061627634149e+00 2.746942904436e+01 6.355324003107e+00 4.733665826915e-01
27 26 2 0.95465063 0.60166280 1.37267989 0.98138012 0.51049742 6.506824705435e+00 1.017860291067e+00 2.712647937422e+01 6.326391019527e+00 4.655887673390e-01
27 27 2 0.95465063 0.60166280 1.37267989 0.98138012 0.51049742 6.511703633922e+00 1.002251434553e+00 2.664502119981e+01 6.368990250329e+00 4.564011998242e-01
27 28 2 0.95465063 0.60166280 1.37267989 0.98138012 0.51049742 6.346810511776e+00 1.012317869579e+00 2.628108802940e+01 6.368674763408e+00 4.514042122051e-01
27 29 2 0.95465063 0.60166280 1.37267989 0.98138012 0.51049742 6.165124360047e+00 9.838968697117e-01 2.603130664322e+01 6.342158230782e+00 4.528479722965e-01
27 30 2 0.95465063 0.60166280 1.37267989 0.98138012 0.51049742 6.014803561809e+00 9.166364477651e-01 2.617945058126e+01 6.256589509266e+00 4.572122368983e-01
27 31 2 0.95465063 0.60166280 1.37267989 0.98138012 0.51049742 5.934775440270e+00 8.951711432120e-01 2.578534252361e+01 6.217203680713e+00 4.591589467382e-01
27 32 2 0.95465063 0.60166280 1.37267989 0.98138012 0.51049742 6.158051114846e+00 9.616669661526e-01 2.629817724959e+01 6.374055220407e+00 4.574594342556e-01
27 33 2 0.95465063 0.60166280 1.37267989 0.98138012 0.51049742 6.385919443019e+00 1.047196323240e+00 2.647326529952e+01 6.550028098994e+00 4.563740511722e-01
27 34 2 0.95465063 0.60166280 1.37267989 0.98138012 0.51049742 6.531427777609e+00 1.066741301798e+00 2.668294850106e+01 6.601354191341e+00 4.609563333047e-01
27 35 2 0.95465063 0.60166280 1.37267989 0.98138012 0.51049742 6.576623851434e+00 1.038986854571e+00 2.717530975427e+01 6.641280481666e+00 4.714261676200e-01
27 36 2 0.95465063 0.60166280 1.37267989 0.98138012 0.51049742 6.525062349661e+00 1.042915890689e+00 2.758518461386e+01 6.709803413648e+00 4.828402172487e-01
27 37 2 0.95465063 0.60166280 1.37267989 0.98138012 0.51049742 6.516640305403e+00 1.082390701341e+00 2.797144046686e+01 6.856114742577e+00 4.905313578274e-01
27 38 2 0.95465063 0.60166280 1.37267989 0.98138012 0.51049742 6.579818699240e+00 1.099013310087e+00 2.825851776663e+01 7.129775453150e+00 4.953901389437e-01
27 39 2 0.95465063 0.60166280 1.37267989 0.98138012 0.51049742 6.714420795537e+00 1.093600947078e+00 2.896535526048e+01 7.359753787506e+00 5.030637101594e-01
27 40 2 0.95465063 0.60166280 1.37267989 0.98138012 0.51049742 6.871593367791e+00 1.103454719226e+00 2.920710180679e+01 7.514794739343e+00 5.177495807400e-01
27 41 2 0.95465063 0.60166280 1.37267989 0.98138012 0.51049742 7.117697174000e+00 1.113980111734e+00 2.991794746366e+01 7.739094673804e+00 5.373629243659e-01
27 42 2 0.95465063 0.60166280 1.37267989 0.98138012 0.51049742 7.391804389640e+00 1.123340880121e+00 3.055358397118e+01 7.960194896851e+00 5.556153126992e-01
27 43 2 0.95465063 0.60166280 1.37267989 0.98138012 0.51049742 7.566599972788e+00 1.166484505806e+00 3.145274131297e+01 8.181211143329e+00 5.689970190110e-01
27 44 2 0.95465063 0.60166280 1.37267989 0.98138012 0.51049742 7.784176810128e+00 1.230378403696e+00 3.240383651618e+01 8.549673078142e+00 5.809749330688e-01
27 45 2 0.95465063 0.60166280 1.37267989 0.98138012 0.51049742 8.094046350875e+00 1.290128042750e+00 3.344812000890e+01 8.953140729406e+00 5.984411179352e-01
27 46 2 0.95465063 0.60166280 1.37267989 0.98138012 0.51049742 8.251641260714e+00 1.335791485307e+00 3.478671899209e+01 9.297238058800e+00 6.239984447576e-01
27 47 2 0.95465063 0.60166280 1.37267989 0.98138012 0.51049742 8.494651550646e+00 1.352914863289e+00 3.609169392125e+01 9.630480401810e+00 6.526783649955e-01
27 48 2 0.95465063 0.60166280 1.37267989 0.98138012 0.51049742 8.926296390592e+00 1.380259317870e+00 3.719309511804e+01 9.891098182087e+00 6.771772353778e-01
27 49 2 0.95465063 0.60166280 1.37267989 0.98138012 0.51049742 9.105485496167e+00 1.447419969564e+00 3.871011555151e+01 1.023589321813e+01 6.961678112487e-01
27 50 2 0.95465063 0.60166280 1.37267989 0.98138012 0.51049742 9.225114986915e+00 1.520350970687e+00 4.004721262819e+01 1.085571861240e+01 7.162915766377e-01
27 51 2 0.95465063 0.60166280 1.37267989 0.98138012 0.51049742 9.554856867284e+00 1.597096055278e+00 4.103083028277e+01 1.144813320562e+01 7.450486045997e-01
27 52 2 0.95465063 0.60166280 1.37267989 0.98138012 0.51049742 1.015065076942e+01 1.663447243023e+00 4.250353884363e+01 1.183115752399e+01 7.821458462832e-01
27 53 2 0.95465063 0.60166280 1.37267989 0.98138012 0.51049742 1.062548824966e+01 1.692796765557e+00 4.401220715582e+01 1.220921754983e+01 8.192452806043e-01
27 54 2 0.95465063 0.60166280 1.37267989 0.98138012 0.51049742 1.095373567727e+01 1.761783115856e+00 4.509923675884e+01 1.264427101691e+01 8.490670755460e-01
27 55 2 0.95465063 0.60166280 1.37267989 0.98138012 0.51049742 1.145716493394e+01 1.866119716156e+00 4.689043561540e+01 1.323897069978e+01 8.739819782226e-01
27 56 2 0.95465063 0.60166280 1.37267989 0.98138012 0.51049742 1.171928840227e+01 1.878902891598e+00 4.885363264787e+01 1.402033036723e+01 9.040272833855e-01
27 57 2 0.95465063 0.60166280 1.37267989 0.98138012 0.51049742 1.209556273233e+01 1.862081006270e+00 5.059592052177e+01 1.462751745168e+01 9.458088446919e-01
27 58 2 0.95465063 0.60166280 1.37267989 0.98138012 0.51049742 1.257194262310e+01 1.942083982963e+00 5.266606514549e+01 1.508025362699e+01 9.945165288037e-01
27 59 2 0.95465063 0.60166280 1.37267989 0.98138012 0.51049742 1.310980574679e+01 2.069061508912e+00 5.529230305431e+01 1.570010911297e+01 1.038639421207e+00
27 60 2 0.95465063 0.60166280 1.37267989 0.98138012 0.51049742 1.373470132152e+01 2.178001319587e+00 5.719400655375e+01 1.633783085048e+01 1.072898663088e+00
27 61 2 0.95465063 0.60166280 1.37267989 0.98138012 0.51049742 1.393434606258e+01 2.239597478788e+00 5.952366813875e+01 1.697578268288e+01 1.104936539876e+00
27 62 2 0.95465063 0.60166280 1.37267989 0.98138012 0.51049742 1.445397944269e+01 2.311663468179e+00 6.187077341632e+01 1.780383584485e+01 1.147429769233e+00
27 63 2 0.95465063 0.60166280 1.37267989 0.98138012 0.51049742 1.518741806574e+01 2.505047403506e+00 6.374837507987e+01 1.858650427050e+01 1.203679236229e+00
28 0 2 1.16510607 0.36033004 2.23911470 0.77254907 0.31980822 3.351066726869e+01 2.827631118946e-01 3.760792538508e+02 6.602216122601e+00 1.572039503754e-01
28 1 2 1.16510607 0.36033004 2.23911470 0.77254907 0.31980822 2.726731675592e+01 2.762035566143e-01 3.947469855381e+02 5.801465302586e+00 1.514920001752e-01
28 2 2 1.16510607 0.36033004 2.23911470 0.77254907 0.31980822 3.173401563671e+01 2.702847064355e-01 3.813330510415e+02 5.356277806629e+00 1.459844986787e-01
28 3 2 1.16510607 0.36033004 2.23911470 0.77254907 0.31980822 2.512605197564e+01 2.618469621285e-01 3.378414319730e+02 5.423408926032e+00 1.406798392760e-01
28 4 2 1.16510607 0.36033004 2.23911470 0.77254907 0.31980822 2.914582278798e+01 2.544986924724e-01 3.637156532236e+02 5.645705594775e+00 1.355765274768e-01
28 5 2 1.16510607 0.36033004 2.23911470 0.77254907 0.31980822 2.454087933044e+01 2.508847329473e-01 3.299277177804e+02 5.523106919447e+00 1.306731822161e-01
28 6 2 1.16510607 0.36033004 2.23911470 0.77254907 0.31980822 2.519483851472e+01 2.473578474685e-01 3.102376904287e+02 4.953628182513e+00 1.259685369869e-01
28 7 2 1.16510607 0.36033004 2.23911470 0.77254907 0.31980822 2.481356449621e+01 2.382952334077e-01 3.291057313475e+02 4.373383884164e+00 1.214614407933e-01
28 8 2 1.16510607 0.36033004 2.23911470 0.77254907 0.31980822 2.179573190386e+01 2.233439667138e-01 2.864500279853e+02 4.314684984673e+00 1.171508589296e-01
28 9 2 1.16510607 0.36033004 2.23911470 0.77254907 0.31980822 2.418580551422e+01 2.094197276962e-01 2.895472823544e+02 4.553249547921e+00 1.130358735828e-01
28 10 2 1.16510607 0.36033004 2.23911470 0.77254907 0.31980822 1.949159438061e+01 1.989210086524e-01 2.914309719233e+02 4.539651194955e+00 1.091156842572e-01
28 11 2 1.16510607 0.36033004 2.23911470 0.77254907 0.31980822 2.308661985315e+01 1.900794590668e-01 2.544618155905e+02 4.218421222051e+00 1.053896080228e-01
28 12 2 1.16510607 0.36033004 2.23911470 0.77254907 0.31980822 1.816749664904e+01 1.789686663590e-01 2.699286801361e+02 3.777965388383e+00 1.018570795870e-01
28 13 2 1.16510607 0.36033004 2.23911470 0.77254907 0.31980822 2.079717062978e+01 1.696857282430e-01 2.558130205625e+02 3.624056696903e+00 9.851765119034e-02
28 14 2 1.16510607 0.36033004 2.23911470 0.77254907 0.31980822 1.842108404235e+01 1.651480106719e-01 2.319571575275e+02 3.767198755222e+00 9.537099232654e-02
28 15 2 1.16510607 0.36033004 2.23911470 0.77254907 0.31980822 1.786893664994e+01 1.659441411412e-01 2.503210115684e+02 3.845519426014e+00 9.241688928801e-02
28 16 2 1.16510607 0.36033004 2.23911470 0.77254907 0.31980822 1.856292664641e+01 1.660119618664e-01 2.245690696283e+02 3.534880132945e+00 8.965524453764e-02
28 17 2 1.16510607 0.36033004 2.23911470 0.77254907 0.31980822 1.592148233185e+01 1.642024704049e-01 2.176641854410e+02 3.183006066485e+00 8.708607590856e-02
28 18 2 1.16510607 0.36033004 2.23911470 0.77254907 0.31980822 1.816250425756e+01 1.607492304134e-01 2.296868718770e+02 3.023872515729e+00 8.470951563195e-02
28 19 2 1.16510607 0.36033004 2.23911470 0.77254907 0.31980822 1.453459301901e+01 1.584633818295e-01 2.004453311649e+02 3.167170411595e+00 8.252580919692e-02
28 20 2 1.16510607 0.36033004 2.23911470 0.77254907 0.31980822 1.743929416419e+01 1.557983210387e-01 2.090156745745e+02 3.330990417708e+00 8.053531404136e-02
28 21 2 1.16510607 0.36033004 2.23911470 0.77254907 0.31980822 1.421436326238e+01 1.532757660191e-01 2.083960014049e+02 3.233462848897e+00 7.873849807804e-02
28 22 2 1.16510607 0.36033004 2.23911470 0.77254907 0.31980822 1.570436975954e+01 1.510117081607e-01 1.857889195148e+02 2.873881794407e+00 7.713593805691e-02
28 23 2 1.16510607 0.36033004 2.23911470 0.77254907 0.31980822 1.480540134688e+01 1.497242659122e-01 2.021570695296e+02 2.691046815129e+00 7.572831776635e-02
28 24 2 1.16510607 0.36033004 2.23911470 0.77254907 0.31980822 1.404333703774e+01 1.466300699114e-01 1.898509691960e+02 2.770569475144e+00 7.451642607582e-02
28 25 2 1.16510607 0.36033004 2.23911470 0.77254907 0.31980822 1.517482442235e+01 1.403361864797e-01 1.794911223627e+02 2.933660316953e+00 7.350115482246e-02
28 26 2 1.16510607 0.36033004 2.23911470 0.77254907 0.31980822 1.289743801965e+01 1.320203815052e-01 1.957072021337e+02 2.931205713739e+00 7.268349654483e-02
28 27 2 1.16510607 0.36033004 2.23911470 0.77254907 0.31980822 1.547635014692e+01 1.244258749821e-01 1.765450818354e+02 2.686716023707e+00 7.206454206654e-02
28 28 2 1.16510607 0.36033004 2.23911470 0.77254907 0.31980822 1.233932940446e+01 1.180540746770e-01 1.797256815943e+02 2.437963176159e+00 7.164547793303e-02
28 29 2 1.16510607 0.36033004 2.23911470 0.77254907 0.31980822 1.500757326540e+01 1.118626233132e-01 1.896417597114e+02 2.471704375645e+00 7.142758370500e-02
28 30 2 1.16510607 0.36033004 2.23911470 0.77254907 0.31980822 1.306210841654e+01 1.078541474267e-01 1.702137955452e+02 2.682827915600e+00 7.141222911189e-02
28 31 2 1.16510607 0.36033004 2.23911470 0.77254907 0.31980822 1.388060268255e+01 1.094034021003e-01 1.843714488216e+02 2.757059627741e+00 7.160087106917e-02
28 32 2 1.16510607 0.36033004 2.23911470 0.77254907 0.31980822 1.405799365431e+01 1.182171486894e-01 1.850864212715e+02 2.669961776833e+00 7.199505056315e-02
28 33 2 1.16510607 0.36033004 2.23911470 0.77254907 0.31980822 1.319893644332e+01 1.294320123262e-01 1.711304373822e+02 2.522885151833e+00 7.259638940754e-02
28 34 2 1.16510607 0.36033004 2.23911470 0.77254907 0.31980822 1.499679679573e+01 1.388830197575e-01 1.926103224378e+02 2.588949395408e+00 7.340658687562e-02
28 35 2 1.16510607 0.36033004 2.23911470 0.77254907 0.31980822 1.270174433755e+01 1.445288328118e-01 1.821573293052e+02 2.865595239399e+00 7.442741621246e-02
28 36 2 1.16510607 0.36033004 2.23911470 0.77254907 0.31980822 1.589242644648e+01 1.492734174582e-01 1.809182361554e+02 3.082488516508e+00 7.566072103158e-02
28 37 2 1.16510607 0.36033004 2.23911470 0.77254907 0.31980822 1.309140521179e+01 1.522933624488e-01 2.011399446002e+02 2.973339763446e+00 7.710841160049e-02
28 38 2 1.16510607 0.36033004 2.23911470 0.77254907 0.31980822 1.576613368355e+01 1.529750054101e-01 1.842739937612e+02 2.803833310855e+00 7.877246101995e-02
28 39 2 1.16510607 0.36033004 2.23911470 0.77254907 0.31980822 1.462510319019e+01 1.501521943828e-01 1.976869174699e+02 2.781307110992e+00 8.065490130147e-02
28 40 2 1.16510607 0.36033004 2.23911470 0.77254907 0.31980822 1.534918972709e+01 1.478935098808e-01 2.095078109011e+02 3.036970810656e+00 8.275781934833e-02
28 41 2 1.16510607 0.36033004 2.23911470 0.77254907 0.31980822 1.632450099528e+01 1.475898332281e-01 1.937405448966e+02 3.333596597417e+00 8.508335284482e-02
28 42 2 1.16510607 0.36033004 2.23911470 0.77254907 0.31980822 1.509394779417e+01 1.496046832512e-01 2.189118563088e+02 3.374313566262e+00 8.763368605871e-02
28 43 2 1.16510607 0.36033004 2.23911470 0.77254907 0.31980822 1.827115832065e+01 1.514920760474e-01 2.187606425131e+02 3.139722213391e+00 9.041104556287e-02
28 44 2 1.16510607 0.36033004 2.23911470 0.77254907 0.31980822 1.520227676400e+01 1.541945304347e-01 2.114955531665e+02 3.088739451573e+00 9.341769588041e-02
28 45 2 1.16510607 0.36033004 2.23911470 0.77254907 0.31980822 1.945489343760e+01 1.576411530840e-01 2.428073024472e+02 3.356017469040e+00 9.665593505948e-02
28 46 2 1.16510607 0.36033004 2.23911470 0.77254907 0.31980822 1.683660309795e+01 1.613387370392e-01 2.296755053200e+02 3.748543620542e+00 1.001280901830e-01
28 47 2 1.16510607 0.36033004 2.23911470 0.77254907 0.31980822 1.958032175568e+01 1.644656743456e-01 2.390826207110e+02 3.961178371874e+00 1.038365128184e-01
28 48 2 1.16510607 0.36033004 2.23911470 0.77254907 0.31980822 1.915293677507e+01 1.698609706481e-01 2.654639617477e+02 3.840551956079e+00 1.077835744144e-01
28 49 2 1.16510607 0.36033004 2.23911470 0.77254907 0.31980822 1.977984985161e+01 1.808441668144e-01 2.468192095792e+02 3.703535762961e+00 1.119716616486e-01
28 50 2 1.16510607 0.36033004 2.23911470 0.77254907 0.31980822 2.184306626866e+01 1.954453150547e-01 2.734083441356e+02 3.943352330557e+00 1.164031717334e-01
28 51 2 1.16510607 0.36033004 2.23911470 0.77254907 0.31980822 1.969299953183e+01 2.087478878032e-01 2.874365429508e+02 4.421833507611e+00 1.210805076850e-01
28 52 2 1.16510607 0.36033004 2.23911470 0.77254907 0.31980822 2.479516403779e+01 2.177370981584e-01 2.717596533882e+02 4.641599976102e+00 1.260060735622e-01
28 53 2 1.16510607 0.36033004 2.23911470 0.77254907 0.31980822 2.059583161721e+01 2.269577440227e-01 3.127850375518e+02 4.574929101714e+00 1.311822696796e-01
28 54 2 1.16510607 0.36033004 2.23911470 0.77254907 0.31980822 2.616642321198e+01 2.376398967186e-01 3.083469958009e+02 4.393601273677e+00 1.366114878032e-01
28 55 2 1.16510607 0.36033004 2.23911470 0.77254907 0.31980822 2.337356100118e+01 2.475356992433e-01 3.076052321857e+02 4.612279121039e+00 1.422961063324e-01
28 56 2 1.16510607 0.36033004 2.23911470 0.77254907 0.31980822 2.662078497115e+01 2.504390152254e-01 3.527316206534e+02 5.235911880480e+00 1.482384854755e-01
28 57 2 1.16510607 0.36033004 2.23911470 0.77254907 0.31980822 2.681673578046e+01 2.508606952517e-01 3.312289495156e+02 5.754387667350e+00 1.544409624245e-01
28 58 2 1.16510607 0.36033004 2.23911470 0.77254907 0.31980822 2.672620922194e+01 2.542626782426e-01 3.548528260364e+02 5.646307353356e+00 1.609058465357e-01
28 59 2 1.16510607 0.36033004 2.23911470 0.77254907 0.31980822 3.106896592999e+01 2.650659573401e-01 3.890000896161e+02 5.403274828078e+00 1.676354145215e-01
28 60 2 1.16510607 0.36033004 2.23911470 0.77254907 0.31980822 2.683945358891e+01 2.765195846416e-01 3.617559134014e+02 5.439559989031e+00 1.746319056581e-01
28 61 2 1.16510607 0.36033004 2.23911470 0.77254907 0.31980822 3.439248161999e+01 2.874017315534e-01 4.098627786496e+02 6.027294818729e+00 1.818975170214e-01
28 62 2 1.16510607 0.36033004 2.23911470 0.77254907 0.31980822 2.912795335558e+01 2.985547220420e-01 4.210577381934e+02 6.697239629101e+00 1.894343987470e-01
28 63 2 1.16510607 0.36033004 2.23911470 0.77254907 0.31980822 3.583424655016e+01 3.155190570269e-01 4.041511891969e+02 6.816913488499e+00 1.972446493283e-01
29 0 2 1.12275976 0.36871993 2.69708015 0.76822127 0.32810849 2.380305639695e+01 3.463135182945e-01 8.411247029182e+02 6.129353231096e+00 1.695665981922e-01
29 1 2 1.12275976 0.36871993 2.69708015 0.76822127 0.32810849 2.851459716455e+01 3.319334221511e-01 7.999468801532e+02 5.790807096184e+00 1.635405773722e-01
29 2 2 1.12275976 0.36871993 2.69708015 0.76822127 0.32810849 2.373317852596e+01 3.132601240577e-01 7.271793132969e+02 5.564316557949e+00 1.577183170165e-01
29 3 2 1.12275976 0.36871993 2.69708015 0.76822127 0.32810849 2.366397658401e+01 2.985477750916e-01 7.644941616140e+02 5.343586409517e+00 1.520993305944e-01
29 4 2 1.12275976 0.36871993 2.69708015 0.76822127 0.32810849 2.527354087244e+01 2.847191633126e-01 7.052814693132e+02 5.126281253072e+00 1.466832079814e-01
29 5 2 1.12275976 0.36871993 2.69708015 0.76822127 0.32810849 1.954572984712e+01 2.719603446826e-01 6.598468137643e+02 4.969201028847e+00 1.414696153380e-01
29 6 2 1.12275976 0.36871993 2.69708015 0.76822127 0.32810849 2.402676010435e+01 2.602955744277e-01 6.914331055485e+02 4.860731528130e+00 1.364582949403e-01
29 7 2 1.12275976 0.36871993 2.69708015 0.76822127 0.32810849 1.992582868881e+01 2.512252023184e-01 6.222388908343e+02 4.651022234701e+00 1.316490649515e-01
29 8 2 1.12275976 0.36871993 2.69708015 0.76822127 0.32810849 1.917476486212e+01 2.400205731025e-01 6.028150105230e+02 4.464286387373e+00 1.270418191454e-01
29 9 2 1.12275976 0.36871993 2.69708015 0.76822127 0.32810849 2.143410614449e+01 2.271955191573e-01 6.216037707361e+02 4.315490279007e+00 1.226365265714e-01
29 10 2 1.12275976 0.36871993 2.69708015 0.76822127 0.32810849 1.645109815086e+01 2.156560200981e-01 5.524649432614e+02 4.167719770937e+00 1.184332311717e-01
29 11 2 1.12275976 0.36871993 2.69708015 0.76822127 0.32810849 1.957691785065e+01 2.081965820894e-01 5.538617091043e+02 3.994127641668e+00 1.144320513421e-01
29 12 2 1.12275976 0.36871993 2.69708015 0.76822127 0.32810849 1.697365696531e+01 2.005717944802e-01 5.566323521471e+02 3.908531627051e+00 1.106331794430e-01
29 13 2 1.12275976 0.36871993 2.69708015 0.76822127 0.32810849 1.608533601915e+01 1.912120910832e-01 4.961642823088e+02 3.777826856761e+00 1.070368812576e-01
29 14 2 1.12275976 0.36871993 2.69708015 0.76822127 0.32810849 1.797049897401e+01 1.832433722350e-01 5.105328686570e+02 3.617957546179e+00 1.036434953985e-01
29 15 2 1.12275976 0.36871993 2.69708015 0.76822127 0.32810849 1.380156822148e+01 1.806432272218e-01 5.001675064274e+02 3.462044826893e+00 1.004534326641e-01
29 16 2 1.12275976 0.36871993 2.69708015 0.76822127 0.32810849 1.667858218338e+01 1.802751555135e-01 4.503048169182e+02 3.374416873268e+00 9.746717534408e-02
29 17 2 1.12275976 0.36871993 2.69708015 0.76822127 0.32810849 1.470225890639e+01 1.772586924919e-01 4.746386419440e+02 3.239540324868e+00 9.468527647414e-02
29 18 2 1.12275976 0.36871993 2.69708015 0.76822127 0.32810849 1.330216191654e+01 1.717683812023e-01 4.507738922037e+02 3.177049261328e+00 9.210835904241e-02
29 19 2 1.12275976 0.36871993 2.69708015 0.76822127 0.32810849 1.578531999611e+01 1.680126854897e-01 4.167876511497e+02 3.133034944783e+00 8.973711514610e-02
29 20 2 1.12275976 0.36871993 2.69708015 0.76822127 0.32810849 1.209924874516e+01 1.673981222765e-01 4.437627921156e+02 3.090141168808e+00 8.757230509956e-02
29 21 2 1.12275976 0.36871993 2.69708015 0.76822127 0.32810849 1.415550808201e+01 1.673219341799e-01 4.106848552906e+02 2.977666532159e+00 8.561475649486e-02
29 22 2 1.12275976 0.36871993 2.69708015 0.76822127 0.32810849 1.315544757701e+01 1.665305307046e-01 3.944225572263e+02 2.930324572724e+00 8.386536321491e-02
29 23 2 1.12275976 0.36871993 2.69708015 0.76822127 0.32810849 1.186326641230e+01 1.651456286389e-01 4.178386595150e+02 2.838757462340e+00 8.232508439986e-02
29 24 2 1.12275976 0.36871993 2.69708015 0.76822127 0.32810849 1.397805244649e+01 1.626223501468e-01 3.813463119108e+02 2.762544281809e+00 8.099494336755e-02
29 25 2 1.12275976 0.36871993 2.69708015 0.76822127 0.32810849 1.097659108641e+01 1.563573839677e-01 3.812819780047e+02 2.691757686559e+00 7.987602648872e-02
29 26 2 1.12275976 0.36871993 2.69708015 0.76822127 0.32810849 1.297189648162e+01 1.471800447732e-01 3.982961230216e+02 2.683011303167e+00 7.896948201747e-02
29 27 2 1.12275976 0.36871993 2.69708015 0.76822127 0.32810849 1.235608898110e+01 1.377103775029e-01 3.626059553213e+02 2.603502723485e+00 7.827651887794e-02
29 28 2 1.12275976 0.36871993 2.69708015 0.76822127 0.32810849 1.079884127120e+01 1.301318492758e-01 3.765704606357e+02 2.562275286696e+00 7.779840540782e-02
29 29 2 1.12275976 0.36871993 2.69708015 0.76822127 0.32810849 1.342803272487e+01 1.232604772018e-01 3.856355402894e+02 2.526620846748e+00 7.753646805950e-02
29 30 2 1.12275976 0.36871993 2.69708015 0.76822127 0.32810849 1.074111026151e+01 1.189716552518e-01 3.547411472750e+02 2.518010864795e+00 7.749209005965e-02
29 31 2 1.12275976 0.36871993 2.69708015 0.76822127 0.32810849 1.222012911435e+01 1.205687559777e-01 3.794866855235e+02 2.496268629024e+00 7.766671002811e-02
29 32 2 1.12275976 0.36871993 2.69708015 0.76822127 0.32810849 1.238739178619e+01 1.301069110175e-01 3.807285206400e+02 2.568685747200e+00 7.806182055682e-02
29 33 2 1.12275976 0.36871993 2.69708015 0.76822127 0.32810849 1.085954385950e+01 1.422608453119e-01 3.568152340472e+02 2.628677753551e+00 7.867896674977e-02
29 34 2 1.12275976 0.36871993 2.69708015 0.76822127 0.32810849 1.344737179720e+01 1.525476600843e-01 3.912699197568e+02 2.682512193966e+00 7.951974472474e-02
29 35 2 1.12275976 0.36871993 2.69708015 0.76822127 0.32810849 1.100944136957e+01 1.590958609892e-01 3.820450377498e+02 2.730846089279e+00 8.058580007785e-02
29 36 2 1.12275976 0.36871993 2.69708015 0.76822127 0.32810849 1.281583684074e+01 1.645759194623e-01 3.706998476783e+02 2.803746204677e+00 8.187882631172e-02
29 37 2 1.12275976 0.36871993 2.69708015 0.76822127 0.32810849 1.314033470047e+01 1.672653837045e-01 4.098041996853e+02 2.823112252230e+00 8.340056322838e-02
29 38 2 1.12275976 0.36871993 2.69708015 0.76822127 0.32810849 1.133561165752e+01 1.665139614851e-01 3.913160232512e+02 2.868904693605e+00 8.515279528758e-02
29 39 2 1.12275976 0.36871993 2.69708015 0.76822127 0.32810849 1.466782397505e+01 1.624158012391e-01 3.958871908288e+02 2.952512323521e+00 8.713734993183e-02
29 40 2 1.12275976 0.36871993 2.69708015 0.76822127 0.32810849 1.226567072953e+01 1.596917177219e-01 4.341394411189e+02 3.018811890184e+00 8.935609587889e-02
29 41 2 1.12275976 0.36871993 2.69708015 0.76822127 0.32810849 1.369497931446e+01 1.585474312662e-01 4.103237387704e+02 3.058129100159e+00 9.181094138293e-02
29 42 2 1.12275976 0.36871993 2.69708015 0.76822127 0.32810849 1.490576056145e+01 1.594755506114e-01 4.308635317348e+02 3.126403233556e+00 9.450383246533e-02
29 43 2 1.12275976 0.36871993 2.69708015 0.76822127 0.32810849 1.283901139366e+01 1.617566503410e-01 4.651545141743e+02 3.192718369672e+00 9.743675111598e-02
29 44 2 1.12275976 0.36871993 2.69708015 0.76822127 0.32810849 1.646125917928e+01 1.679037079000e-01 4.383200144502e+02 3.226760387640e+00 1.006117134665e-01
29 45 2 1.12275976 0.36871993 2.69708015 0.76822127 0.32810849 1.404924355371e+01 1.746317943690e-01 4.768925142680e+02 3.333333135068e+00 1.040307679361e-01
29 46 2 1.12275976 0.36871993 2.69708015 0.76822127 0.32810849 1.586383983467e+01 1.798067625766e-01 5.007317701179e+02 3.481499952549e+00 1.076959933519e-01
29 47 2 1.12275976 0.36871993 2.69708015 0.76822127 0.32810849 1.748156368242e+01 1.830214323583e-01 4.776280706842e+02 3.619619423391e+00 1.116094970432e-01
29 48 2 1.12275976 0.36871993 2.69708015 0.76822127 0.32810849 1.461717647268e+01 1.908221774470e-01 5.317869651562e+02 3.742573995292e+00 1.157734129131e-01
29 49 2 1.12275976 0.36871993 2.69708015 0.76822127 0.32810849 1.956794793005e+01 2.030141673591e-01 5.422689836664e+02 3.917730229285e+00 1.201898994868e-01
29 50 2 1.12275976 0.36871993 2.69708015 0.76822127 0.32810849 1.688408231084e+01 2.160078236688e-01 5.279711699060e+02 4.017695569229e+00 1.248611379381e-01
29 51 2 1.12275976 0.36871993 2.69708015 0.76822127 0.32810849 1.820172355662e+01 2.247690848853e-01 5.952132472983e+02 4.118536707143e+00 1.297893300963e-01
29 52 2 1.12275976 0.36871993 2.69708015 0.76822127 0.32810849 2.105935299475e+01 2.339816117869e-01 5.896542807993e+02 4.266034961844e+00 1.349766964336e-01
29 53 2 1.12275976 0.36871993 2.69708015 0.76822127 0.32810849 1.764336004855e+01 2.456196311346e-01 5.906139616120e+02 4.462583987040e+00 1.404254740335e-01
29 54 2 1.12275976 0.36871993 2.69708015 0.76822127 0.32810849 2.290379030371e+01 2.586010756714e-01 6.658687562222e+02 4.588416935612e+00 1.461379145444e-01
29 55 2 1.12275976 0.36871993 2.69708015 0.76822127 0.32810849 2.041493059127e+01 2.673707607244e-01 6.424968722593e+02 4.786391613889e+00 1.521162821156e-01
29 56 2 1.12275976 0.36871993 2.69708015 0.76822127 0.32810849 2.178305207519e+01 2.751198457062e-01 6.681531736590e+02 4.971207423240e+00 1.583628513198e-01
29 57 2 1.12275976 0.36871993 2.69708015 0.76822127 0.32810849 2.551560339425e+01 2.844826614190e-01 7.397434742826e+02 5.119043482600e+00 1.648799050639e-01
29 58 2 1.12275976 0.36871993 2.69708015 0.76822127 0.32810849 2.078263493353e+01 2.965396662583e-01 7.045301651045e+02 5.257800630157e+00 1.716697324832e-01
29 59 2 1.12275976 0.36871993 2.69708015 0.76822127 0.32810849 2.770468869200e+01 3.070699001959e-01 7.583057961118e+02 5.536167157910e+00 1.787346268319e-01
29 60 2 1.12275976 0.36871993 2.69708015 0.76822127 0.32810849 2.506907359869e+01 3.178487706877e-01 8.170508073801e+02 5.763699151638e+00 1.860768833575e-01
29 61 2 1.12275976 0.36871993 2.69708015 0.76822127 0.32810849 2.536151448854e+01 3.282962175510e-01 7.769608165066e+02 6.000804623797e+00 1.936987971721e-01
29 62 2 1.12275976 0.36871993 2.69708015 0.76822127 0.32810849 3.096911045586e+01 3.351964463271e-01 8.600672966437e+02 6.254350111626e+00 2.016026611123e-01
29 63 2 1.12275976 0.36871993 2.69708015 0.76822127 0.32810849 2.539157291559e+01 3.339277626568e-01 8.963919744263e+02 6.493619994672e+00 2.097907635989e-01
