# environment=00158 local_bs=4 gain_scale=6.494259914976e-12
# ue subcarrier serving_bs phi0 phi1 phi2 phi3 phi4 gain0 gain1 gain2 gain3 gain4
2 0 4 2.61006038 1.71423167 1.20082482 3.87668035 6.07379125 1.982369780349e+00 3.888136730484e-01 1.338118934592e-01 8.640932097142e+00 4.518895994895e+01
2 1 4 2.61006038 1.71423167 1.20082482 3.87668035 6.07379125 1.912420626358e+00 3.737289621545e-01 1.356748343017e-01 8.341912719626e+00 4.363336361314e+01
2 2 4 2.61006038 1.71423167 1.20082482 3.87668035 6.07379125 1.851254556509e+00 3.599168557130e-01 1.232496799280e-01 8.060882508220e+00 4.215615820935e+01
2 3 4 2.61006038 1.71423167 1.20082482 3.87668035 6.07379125 1.791157381512e+00 3.502619987161e-01 1.007424519325e-01 7.781904220640e+00 4.072134999574e+01
2 4 4 2.61006038 1.71423167 1.20082482 3.87668035 6.07379125 1.725237097306e+00 3.395747474418e-01 7.585857685639e-02 7.515115955540e+00 3.935825255445e+01
2 5 4 2.61006038 1.71423167 1.20082482 3.87668035 6.07379125 1.669021802892e+00 3.257644984346e-01 5.665519669723e-02 7.261231674470e+00 3.806107192081e+01
2 6 4 2.61006038 1.71423167 1.20082482 3.87668035 6.07379125 1.605409597565e+00 3.135570294411e-01 4.850101930039e-02 7.011248444978e+00 3.680816926849e+01
2 7 4 2.61006038 1.71423167 1.20082482 3.87668035 6.07379125 1.547218687578e+00 3.033700641099e-01 5.233737049581e-02 6.775912283251e+00 3.562635096547e+01
2 8 4 2.61006038 1.71423167 1.20082482 3.87668035 6.07379125 1.493070331130e+00 2.920646650004e-01 6.477005601636e-02 6.547743126242e+00 3.447576455813e+01
2 9 4 2.61006038 1.71423167 1.20082482 3.87668035 6.07379125 1.437959535093e+00 2.803488954475e-01 7.972357063586e-02 6.330510530842e+00 3.339087062337e+01
2 10 4 2.61006038 1.71423167 1.20082482 3.87668035 6.07379125 1.389139225683e+00 2.698619079216e-01 9.083981829411e-02 6.122206653506e+00 3.234226686986e+01
2 11 4 2.61006038 1.71423167 1.20082482 3.87668035 6.07379125 1.344122512196e+00 2.607484522388e-01 9.368292619244e-02 5.923797043249e+00 3.135054370193e+01
2 12 4 2.61006038 1.71423167 1.20082482 3.87668035 6.07379125 1.299394193832e+00 2.531590196323e-01 8.705315697431e-02 5.737509625243e+00 3.039452027032e+01
2 13 4 2.61006038 1.71423167 1.20082482 3.87668035 6.07379125 1.260681420737e+00 2.455520935604e-01 7.311612946141e-02 5.555605413455e+00 2.949038174855e+01
2 14 4 2.61006038 1.71423167 1.20082482 3.87668035 6.07379125 1.224800718211e+00 2.369340180326e-01 5.643918200599e-02 5.390291315447e+00 2.860778922308e+01
2 15 4 2.61006038 1.71423167 1.20082482 3.87668035 6.07379125 1.185902033220e+00 2.300587977548e-01 4.231288088364e-02 5.230481495114e+00 2.778505695669e+01
2 16 4 2.61006038 1.71423167 1.20082482 3.87668035 6.07379125 1.155205110277e+00 2.251881374881e-01 3.490894037210e-02 5.079507430062e+00 2.697668051309e+01
2 17 4 2.61006038 1.71423167 1.20082482 3.87668035 6.07379125 1.118774817687e+00 2.182650669320e-01 3.587236039784e-02 4.944689584544e+00 2.624811932162e+01
2 18 4 2.61006038 1.71423167 1.20082482 3.87668035 6.07379125 1.085104738666e+00 2.097258868398e-01 4.382786346397e-02 4.811576888476e+00 2.554896663656e+01
2 19 4 2.61006038 1.71423167 1.20082482 3.87668035 6.07379125 1.056431986745e+00 2.036832919570e-01 5.498382603207e-02 4.694212869498e+00 2.494297696819e+01
2 20 4 2.61006038 1.71423167 1.20082482 3.87668035 6.07379125 1.024542865588e+00 1.992745792923e-01 6.461175256394e-02 4.585678096203e+00 2.438776456942e+01
2 21 4 2.61006038 1.71423167 1.20082482 3.87668035 6.07379125 1.002958340947e+00 1.938234146929e-01 6.882757585990e-02 4.483979782155e+00 2.391382761544e+01
2 22 4 2.61006038 1.71423167 1.20082482 3.87668035 6.07379125 9.833554916909e-01 1.889366834993e-01 6.597683234539e-02 4.397084174870e+00 2.349183897569e+01
2 23 4 2.61006038 1.71423167 1.20082482 3.87668035 6.07379125 9.668290628877e-01 1.863534234170e-01 5.710468489644e-02 4.315735988953e+00 2.312047535196e+01
2 24 4 2.61006038 1.71423167 1.20082482 3.87668035 6.07379125 9.560279993381e-01 1.848730317260e-01 4.539179232695e-02 4.247512639640e+00 2.278218803265e+01
2 25 4 2.61006038 1.71423167 1.20082482 3.87668035 6.07379125 9.442055435451e-01 1.831263211668e-01 3.486012699707e-02 4.187232903156e+00 2.247402794075e+01
2 26 4 2.61006038 1.71423167 1.20082482 3.87668035 6.07379125 9.313715308085e-01 1.804077323113e-01 2.890137370286e-02 4.137756826013e+00 2.218861357601e+01
2 27 4 2.61006038 1.71423167 1.20082482 3.87668035 6.07379125 9.215364044122e-01 1.771914542400e-01 2.916781463814e-02 4.099561856173e+00 2.194195751582e+01
2 28 4 2.61006038 1.71423167 1.20082482 3.87668035 6.07379125 9.088931373209e-01 1.753102101917e-01 3.514804849931e-02 4.067311519574e+00 2.173693507833e+01
2 29 4 2.61006038 1.71423167 1.20082482 3.87668035 6.07379125 8.993570529287e-01 1.743195664842e-01 4.446831310477e-02 4.051205483637e+00 2.159390340783e+01
2 30 4 2.61006038 1.71423167 1.20082482 3.87668035 6.07379125 8.972833505434e-01 1.722849504890e-01 5.374161553011e-02 4.039581784764e+00 2.152612838965e+01
2 31 4 2.61006038 1.71423167 1.20082482 3.87668035 6.07379125 8.942129220058e-01 1.712101140321e-01 5.967911434446e-02 4.039933762927e+00 2.152586346187e+01
2 32 4 2.61006038 1.71423167 1.20082482 3.87668035 6.07379125 9.021428718690e-01 1.736606121468e-01 6.015531872455e-02 4.053514405263e+00 2.161572118533e+01
2 33 4 2.61006038 1.71423167 1.20082482 3.87668035 6.07379125 9.109032087894e-01 1.768325762948e-01 5.493801559528e-02 4.070337323749e+00 2.174875221302e+01
2 34 4 2.61006038 1.71423167 1.20082482 3.87668035 6.07379125 9.196937283446e-01 1.780446921857e-01 4.584830533943e-02 4.104258857654e+00 2.195512471524e+01
2 35 4 2.61006038 1.71423167 1.20082482 3.87668035 6.07379125 9.335504855656e-01 1.794772332871e-01 3.623593669749e-02 4.144418820232e+00 2.217377690064e+01
2 36 4 2.61006038 1.71423167 1.20082482 3.87668035 6.07379125 9.416181620543e-01 1.823126250940e-01 2.985965905778e-02 4.194204682014e+00 2.244038289630e+01
2 37 4 2.61006038 1.71423167 1.20082482 3.87668035 6.07379125 9.522937529997e-01 1.846279698617e-01 2.950725981164e-02 4.257712174963e+00 2.271401515752e+01
2 38 4 2.61006038 1.71423167 1.20082482 3.87668035 6.07379125 9.653574792467e-01 1.861730138358e-01 3.586273490815e-02 4.326825649155e+00 2.303344373941e+01
2 39 4 2.61006038 1.71423167 1.20082482 3.87668035 6.07379125 9.790713638646e-01 1.884574654478e-01 4.710788546878e-02 4.410009345064e+00 2.338353550099e+01
2 40 4 2.61006038 1.71423167 1.20082482 3.87668035 6.07379125 9.992635729697e-01 1.924787209791e-01 5.949163840139e-02 4.500294334573e+00 2.380374548549e+01
2 41 4 2.61006038 1.71423167 1.20082482 3.87668035 6.07379125 1.025791946361e+00 1.985711143809e-01 6.870170658167e-02 4.602899985221e+00 2.427784276496e+01
2 42 4 2.61006038 1.71423167 1.20082482 3.87668035 6.07379125 1.052208819144e+00 2.050843689096e-01 7.151612189615e-02 4.715103485150e+00 2.484418590256e+01
2 43 4 2.61006038 1.71423167 1.20082482 3.87668035 6.07379125 1.085962108655e+00 2.102700401809e-01 6.707697196731e-02 4.835109270970e+00 2.546151000724e+01
2 44 4 2.61006038 1.71423167 1.20082482 3.87668035 6.07379125 1.119052846486e+00 2.162916931949e-01 5.728269016801e-02 4.971061617919e+00 2.616453879965e+01
2 45 4 2.61006038 1.71423167 1.20082482 3.87668035 6.07379125 1.149128039883e+00 2.244937150154e-01 4.615544201135e-02 5.109794270506e+00 2.689890473440e+01
2 46 4 2.61006038 1.71423167 1.20082482 3.87668035 6.07379125 1.186689336750e+00 2.312162360468e-01 3.843011955972e-02 5.264063246424e+00 2.768930139831e+01
2 47 4 2.61006038 1.71423167 1.20082482 3.87668035 6.07379125 1.217252954424e+00 2.357748554478e-01 3.786956859600e-02 5.428593685804e+00 2.850537887169e+01
2 48 4 2.61006038 1.71423167 1.20082482 3.87668035 6.07379125 1.254799189952e+00 2.427648988549e-01 4.587066715453e-02 5.597391390828e+00 2.935271717248e+01
2 49 4 2.61006038 1.71423167 1.20082482 3.87668035 6.07379125 1.296131617535e+00 2.523919007652e-01 6.081826621973e-02 5.785094517316e+00 3.024469664813e+01
2 50 4 2.61006038 1.71423167 1.20082482 3.87668035 6.07379125 1.336358136710e+00 2.609820133529e-01 7.843427153585e-02 5.976210211952e+00 3.116514935795e+01
2 51 4 2.61006038 1.71423167 1.20082482 3.87668035 6.07379125 1.386246627337e+00 2.693137130452e-01 9.309973326138e-02 6.179394512099e+00 3.215160458943e+01
2 52 4 2.61006038 1.71423167 1.20082482 3.87668035 6.07379125 1.436165081208e+00 2.796703231982e-01 9.982027585666e-02 6.395532522511e+00 3.317739694397e+01
2 53 4 2.61006038 1.71423167 1.20082482 3.87668035 6.07379125 1.488397472053e+00 2.912069655505e-01 9.621399432948e-02 6.617345419948e+00 3.427177601264e+01
2 54 4 2.61006038 1.71423167 1.20082482 3.87668035 6.07379125 1.545658748096e+00 3.029833337252e-01 8.374986190795e-02 6.853230903129e+00 3.541306078873e+01
2 55 4 2.61006038 1.71423167 1.20082482 3.87668035 6.07379125 1.603223912577e+00 3.141977875151e-01 6.760107407610e-02 7.096604371913e+00 3.661742801809e+01
2 56 4 2.61006038 1.71423167 1.20082482 3.87668035 6.07379125 1.659494371483e+00 3.243255148268e-01 5.495347884559e-02 7.352883846732e+00 3.786578295855e+01
2 57 4 2.61006038 1.71423167 1.20082482 3.87668035 6.07379125 1.723171152139e+00 3.359505758345e-01 5.228057404523e-02 7.616496212121e+00 3.918631123203e+01
2 58 4 2.61006038 1.71423167 1.20082482 3.87668035 6.07379125 1.780243073598e+00 3.494839034227e-01 6.264725679780e-02 7.891650932306e+00 4.053800171015e+01
2 59 4 2.61006038 1.71423167 1.20082482 3.87668035 6.07379125 1.842034158669e+00 3.607119226082e-01 8.421305532549e-02 8.179843938302e+00 4.197880748685e+01
2 60 4 2.61006038 1.71423167 1.20082482 3.87668035 6.07379125 1.908868606885e+00 3.710682702969e-01 1.106566326122e-01 8.470946728529e+00 4.343043209194e+01
2 61 4 2.61006038 1.71423167 1.20082482 3.87668035 6.07379125 1.970377056799e+00 3.862048896197e-01 1.334284754511e-01 8.780735816923e+00 4.496491060591e+01
2 62 4 2.61006038 1.71423167 1.20082482 3.87668035 6.07379125 2.047668929093e+00 4.033865307257e-01 1.449582526902e-01 9.096404415786e+00 4.649406035500e+01
2 63 4 2.61006038 1.71423167 1.20082482 3.87668035 6.07379125 2.122146670471e+00 4.179429532662e-01 1.415683530198e-01 9.419434660388e+00 4.807299847080e+01
5 0 4 4.18088065 2.45754310 1.54536757 2.28898271 4.46863306 1.175761038508e+01 1.579177861892e+00 2.609158962308e-01 1.152123692421e+00 1.502383524242e+01
5 1 4 4.18088065 2.45754310 1.54536757 2.28898271 4.46863306 1.135548747644e+01 1.519745775820e+00 2.527619159162e-01 1.112247481613e+00 1.452404305389e+01
5 2 4 4.18088065 2.45754310 1.54536757 2.28898271 4.46863306 1.097076167885e+01 1.465736710797e+00 2.432459662257e-01 1.070569902021e+00 1.401439123463e+01
5 3 4 4.18088065 2.45754310 1.54536757 2.28898271 4.46863306 1.058965729226e+01 1.417877739597e+00 2.325506610764e-01 1.033747412233e+00 1.354494042163e+01
5 4 4 4.18088065 2.45754310 1.54536757 2.28898271 4.46863306 1.024275111212e+01 1.366390252738e+00 2.225857159095e-01 9.951046632784e-01 1.307600518382e+01
5 5 4 4.18088065 2.45754310 1.54536757 2.28898271 4.46863306 9.879317017766e+00 1.315193217402e+00 2.145232231174e-01 9.608306179036e-01 1.264073400488e+01
5 6 4 4.18088065 2.45754310 1.54536757 2.28898271 4.46863306 9.540778871686e+00 1.271210264815e+00 2.075932846309e-01 9.256060182801e-01 1.220943039538e+01
5 7 4 4.18088065 2.45754310 1.54536757 2.28898271 4.46863306 9.226131965504e+00 1.228585645621e+00 2.006794972381e-01 8.935245283598e-01 1.179611438133e+01
5 8 4 4.18088065 2.45754310 1.54536757 2.28898271 4.46863306 8.910089854746e+00 1.184179163925e+00 1.937506164330e-01 8.619114811553e-01 1.139751343882e+01
5 9 4 4.18088065 2.45754310 1.54536757 2.28898271 4.46863306 8.615903324837e+00 1.142472993162e+00 1.872090124748e-01 8.318863102716e-01 1.101508824931e+01
5 10 4 4.18088065 2.45754310 1.54536757 2.28898271 4.46863306 8.336751507162e+00 1.103725836413e+00 1.810567643343e-01 8.038575241343e-01 1.066180862638e+01
5 11 4 4.18088065 2.45754310 1.54536757 2.28898271 4.46863306 8.061891573575e+00 1.067375940901e+00 1.752387704556e-01 7.759657725108e-01 1.032195778104e+01
5 12 4 4.18088065 2.45754310 1.54536757 2.28898271 4.46863306 7.800585644096e+00 1.033980215919e+00 1.698462723916e-01 7.513146414377e-01 1.000449973530e+01
5 13 4 4.18088065 2.45754310 1.54536757 2.28898271 4.46863306 7.565137071101e+00 9.992760205076e-01 1.646571470009e-01 7.257783914651e-01 9.692158826834e+00
5 14 4 4.18088065 2.45754310 1.54536757 2.28898271 4.46863306 7.330008547801e+00 9.640482851196e-01 1.592324822185e-01 7.042077037735e-01 9.391497010492e+00
5 15 4 4.18088065 2.45754310 1.54536757 2.28898271 4.46863306 7.119913851051e+00 9.365929608259e-01 1.535053097886e-01 6.812956181434e-01 9.108164277076e+00
5 16 4 4.18088065 2.45754310 1.54536757 2.28898271 4.46863306 6.917386706933e+00 9.135503473500e-01 1.477216699673e-01 6.625179114279e-01 8.840651662750e+00
5 17 4 4.18088065 2.45754310 1.54536757 2.28898271 4.46863306 6.710438028032e+00 8.844772249645e-01 1.421891715848e-01 6.424526136225e-01 8.609924616367e+00
5 18 4 4.18088065 2.45754310 1.54536757 2.28898271 4.46863306 6.548668419164e+00 8.551309659599e-01 1.375650344641e-01 6.262692592785e-01 8.388618096056e+00
5 19 4 4.18088065 2.45754310 1.54536757 2.28898271 4.46863306 6.389189555326e+00 8.360629077168e-01 1.345399071817e-01 6.091678573936e-01 8.199384926221e+00
5 20 4 4.18088065 2.45754310 1.54536757 2.28898271 4.46863306 6.234678807031e+00 8.205769357500e-01 1.326261346031e-01 5.955067436987e-01 8.001874777735e+00
5 21 4 4.18088065 2.45754310 1.54536757 2.28898271 4.46863306 6.099094004675e+00 7.993994434158e-01 1.303687034403e-01 5.813664108405e-01 7.828277733116e+00
5 22 4 4.18088065 2.45754310 1.54536757 2.28898271 4.46863306 5.967232269311e+00 7.780672832343e-01 1.274012231048e-01 5.702745588112e-01 7.653592694246e+00
5 23 4 4.18088065 2.45754310 1.54536757 2.28898271 4.46863306 5.866199927087e+00 7.642549778641e-01 1.249108563008e-01 5.589992398904e-01 7.511414330545e+00
5 24 4 4.18088065 2.45754310 1.54536757 2.28898271 4.46863306 5.781740968188e+00 7.555193918987e-01 1.234004410305e-01 5.506006595191e-01 7.390303006655e+00
5 25 4 4.18088065 2.45754310 1.54536757 2.28898271 4.46863306 5.690604942496e+00 7.451501310547e-01 1.217469155845e-01 5.420538825602e-01 7.296431926529e+00
5 26 4 4.18088065 2.45754310 1.54536757 2.28898271 4.46863306 5.611266107067e+00 7.314014206583e-01 1.193745783158e-01 5.364906871747e-01 7.224481023502e+00
5 27 4 4.18088065 2.45754310 1.54536757 2.28898271 4.46863306 5.565051075929e+00 7.211422888113e-01 1.173892020038e-01 5.305552858090e-01 7.153960161887e+00
5 28 4 4.18088065 2.45754310 1.54536757 2.28898271 4.46863306 5.527616439886e+00 7.202681429166e-01 1.164030476321e-01 5.279309354381e-01 7.101976041030e+00
5 29 4 4.18088065 2.45754310 1.54536757 2.28898271 4.46863306 5.502242941952e+00 7.207685312894e-01 1.153226679950e-01 5.245584404341e-01 7.045701793795e+00
5 30 4 4.18088065 2.45754310 1.54536757 2.28898271 4.46863306 5.485274233904e+00 7.136617356776e-01 1.137138847461e-01 5.248978573399e-01 7.024937802261e+00
5 31 4 4.18088065 2.45754310 1.54536757 2.28898271 4.46863306 5.467640270623e+00 7.084247304162e-01 1.132376727617e-01 5.241358596661e-01 7.015025220764e+00
5 32 4 4.18088065 2.45754310 1.54536757 2.28898271 4.46863306 5.495668874723e+00 7.154840739374e-01 1.149973176844e-01 5.273708358941e-01 7.047157835949e+00
5 33 4 4.18088065 2.45754310 1.54536757 2.28898271 4.46863306 5.531056986491e+00 7.244723793585e-01 1.174325707155e-01 5.293631340264e-01 7.088776961217e+00
5 34 4 4.18088065 2.45754310 1.54536757 2.28898271 4.46863306 5.559315878524e+00 7.251398477014e-01 1.187405949282e-01 5.353451269902e-01 7.150521140276e+00
5 35 4 4.18088065 2.45754310 1.54536757 2.28898271 4.46863306 5.611619548142e+00 7.273723522241e-01 1.195558056870e-01 5.403053825736e-01 7.214609208402e+00
5 36 4 4.18088065 2.45754310 1.54536757 2.28898271 4.46863306 5.673165110143e+00 7.401874809284e-01 1.212501545812e-01 5.488423660867e-01 7.286934769060e+00
5 37 4 4.18088065 2.45754310 1.54536757 2.28898271 4.46863306 5.761945051413e+00 7.559273562888e-01 1.233401302787e-01 5.570070013377e-01 7.379348951740e+00
5 38 4 4.18088065 2.45754310 1.54536757 2.28898271 4.46863306 5.865472723005e+00 7.669775165520e-01 1.247537361343e-01 5.679163929384e-01 7.490333544509e+00
5 39 4 4.18088065 2.45754310 1.54536757 2.28898271 4.46863306 5.961351314401e+00 7.772511487348e-01 1.261470492878e-01 5.794868473961e-01 7.637588762897e+00
5 40 4 4.18088065 2.45754310 1.54536757 2.28898271 4.46863306 6.072468439803e+00 7.936467176076e-01 1.287219479128e-01 5.926524735371e-01 7.800278038249e+00
5 41 4 4.18088065 2.45754310 1.54536757 2.28898271 4.46863306 6.218146659109e+00 8.166895014417e-01 1.319725019826e-01 6.077405666640e-01 7.984603753419e+00
5 42 4 4.18088065 2.45754310 1.54536757 2.28898271 4.46863306 6.370383591489e+00 8.390300332684e-01 1.347551590502e-01 6.231587448303e-01 8.172134605389e+00
5 43 4 4.18088065 2.45754310 1.54536757 2.28898271 4.46863306 6.527593340015e+00 8.561862411702e-01 1.376014753083e-01 6.417506526866e-01 8.367352533037e+00
5 44 4 4.18088065 2.45754310 1.54536757 2.28898271 4.46863306 6.703870716444e+00 8.769766595021e-01 1.419578904452e-01 6.595503046567e-01 8.580486052357e+00
5 45 4 4.18088065 2.45754310 1.54536757 2.28898271 4.46863306 6.878286541408e+00 9.082276085064e-01 1.478515249480e-01 6.815027628343e-01 8.807262539339e+00
5 46 4 4.18088065 2.45754310 1.54536757 2.28898271 4.46863306 7.092050267334e+00 9.394073291865e-01 1.539851090237e-01 7.019287694726e-01 9.074701963789e+00
5 47 4 4.18088065 2.45754310 1.54536757 2.28898271 4.46863306 7.316263884617e+00 9.635691333746e-01 1.595408025208e-01 7.270042070036e-01 9.349336327400e+00
5 48 4 4.18088065 2.45754310 1.54536757 2.28898271 4.46863306 7.528534868312e+00 9.920547124954e-01 1.645914025819e-01 7.503625960300e-01 9.660594824512e+00
5 49 4 4.18088065 2.45754310 1.54536757 2.28898271 4.46863306 7.776942638510e+00 1.029913638932e+00 1.693732516902e-01 7.782984088935e-01 9.960666627497e+00
5 50 4 4.18088065 2.45754310 1.54536757 2.28898271 4.46863306 8.028884253350e+00 1.066899443441e+00 1.742180718562e-01 8.048747953400e-01 1.028904918685e+01
5 51 4 4.18088065 2.45754310 1.54536757 2.28898271 4.46863306 8.297544256543e+00 1.100818271190e+00 1.796482007422e-01 8.354688180067e-01 1.061314811176e+01
5 52 4 4.18088065 2.45754310 1.54536757 2.28898271 4.46863306 8.587212919446e+00 1.138574578636e+00 1.858489861208e-01 8.654437157520e-01 1.097069450558e+01
5 53 4 4.18088065 2.45754310 1.54536757 2.28898271 4.46863306 8.876718099885e+00 1.180068548601e+00 1.925594967402e-01 8.986280904393e-01 1.134464740547e+01
5 54 4 4.18088065 2.45754310 1.54536757 2.28898271 4.46863306 9.181357529336e+00 1.223314680253e+00 1.996653256780e-01 9.320189398573e-01 1.174245454150e+01
5 55 4 4.18088065 2.45754310 1.54536757 2.28898271 4.46863306 9.507875275971e+00 1.268784857889e+00 2.071990391044e-01 9.678931757822e-01 1.216169752538e+01
5 56 4 4.18088065 2.45754310 1.54536757 2.28898271 4.46863306 9.841376951329e+00 1.313529061973e+00 2.149425094625e-01 1.004548822149e+00 1.258247795154e+01
5 57 4 4.18088065 2.45754310 1.54536757 2.28898271 4.46863306 1.018423416775e+01 1.359126673046e+00 2.229523051090e-01 1.043352795157e+00 1.303071956126e+01
5 58 4 4.18088065 2.45754310 1.54536757 2.28898271 4.46863306 1.056125462453e+01 1.411559314645e+00 2.320112467847e-01 1.083010718966e+00 1.347615805717e+01
5 59 4 4.18088065 2.45754310 1.54536757 2.28898271 4.46863306 1.092334901931e+01 1.465453242514e+00 2.423608623785e-01 1.125038337062e+00 1.396161937857e+01
5 60 4 4.18088065 2.45754310 1.54536757 2.28898271 4.46863306 1.130542636136e+01 1.515093777266e+00 2.525615405645e-01 1.167431952714e+00 1.444690881873e+01
5 61 4 4.18088065 2.45754310 1.54536757 2.28898271 4.46863306 1.171641274561e+01 1.569678027955e+00 2.610663387552e-01 1.212910123642e+00 1.496680710249e+01
5 62 4 4.18088065 2.45754310 1.54536757 2.28898271 4.46863306 1.212180176742e+01 1.631212260885e+00 2.685028824647e-01 1.257890907120e+00 1.548439303729e+01
5 63 4 4.18088065 2.45754310 1.54536757 2.28898271 4.46863306 1.256626383985e+01 1.688617889156e+00 2.769516892403e-01 1.306867107446e+00 1.602633237923e+01
7 0 4 2.42343440 1.62973449 1.15864641 4.36928308 5.47340248 1.501212148376e+00 3.230846765091e-01 5.025437212888e-02 1.344024891433e+01 3.118542075266e+01
7 1 4 2.42343440 1.62973449 1.15864641 4.36928308 5.47340248 1.441594727700e+00 3.096946424591e-01 5.211782752725e-02 1.298722444437e+01 3.015502158076e+01
7 2 4 2.42343440 1.62973449 1.15864641 4.36928308 5.47340248 1.388350244106e+00 2.964414024687e-01 6.127248126690e-02 1.254097476587e+01 2.919139063772e+01
7 3 4 2.42343440 1.62973449 1.15864641 4.36928308 5.47340248 1.338242957933e+00 2.866043935961e-01 7.431214170388e-02 1.211922135561e+01 2.822859392021e+01
7 4 4 2.42343440 1.62973449 1.15864641 4.36928308 5.47340248 1.285878178939e+00 2.763784155163e-01 8.734858565190e-02 1.170838404795e+01 2.731630210855e+01
7 5 4 2.42343440 1.62973449 1.15864641 4.36928308 5.47340248 1.244711993728e+00 2.643209981537e-01 9.679576707527e-02 1.130884500581e+01 2.641219380963e+01
7 6 4 2.42343440 1.62973449 1.15864641 4.36928308 5.47340248 1.199631584867e+00 2.545657837153e-01 1.000441624490e-01 1.093124665990e+01 2.554123512766e+01
7 7 4 2.42343440 1.62973449 1.15864641 4.36928308 5.47340248 1.159651969340e+00 2.472334908701e-01 9.600115471192e-02 1.056333609226e+01 2.469878073328e+01
7 8 4 2.42343440 1.62973449 1.15864641 4.36928308 5.47340248 1.122971366452e+00 2.392136546020e-01 8.537508340592e-02 1.021231146259e+01 2.388147347880e+01
7 9 4 2.42343440 1.62973449 1.15864641 4.36928308 5.47340248 1.084353198162e+00 2.307466951307e-01 7.053165800414e-02 9.876307291042e+00 2.310215246020e+01
7 10 4 2.42343440 1.62973449 1.15864641 4.36928308 5.47340248 1.049423969689e+00 2.229764361960e-01 5.485742291452e-02 9.554547131040e+00 2.234945961621e+01
7 11 4 2.42343440 1.62973449 1.15864641 4.36928308 5.47340248 1.016050869106e+00 2.158787588461e-01 4.178771713736e-02 9.250507002377e+00 2.163111778641e+01
7 12 4 2.42343440 1.62973449 1.15864641 4.36928308 5.47340248 9.811399986083e-01 2.095633603500e-01 3.384275955097e-02 8.956141801281e+00 2.094259652496e+01
7 13 4 2.42343440 1.62973449 1.15864641 4.36928308 5.47340248 9.495629108881e-01 2.027465844199e-01 3.202447875713e-02 8.683045411610e+00 2.028907347925e+01
7 14 4 2.42343440 1.62973449 1.15864641 4.36928308 5.47340248 9.194607060604e-01 1.946858101284e-01 3.574549167875e-02 8.422905610476e+00 1.966449549908e+01
7 15 4 2.42343440 1.62973449 1.15864641 4.36928308 5.47340248 8.864428326321e-01 1.880071390730e-01 4.321245736450e-02 8.173263752550e+00 1.909000549459e+01
7 16 4 2.42343440 1.62973449 1.15864641 4.36928308 5.47340248 8.610378896983e-01 1.832492814117e-01 5.202686042443e-02 7.948183853741e+00 1.854074265092e+01
7 17 4 2.42343440 1.62973449 1.15864641 4.36928308 5.47340248 8.325614433929e-01 1.771483808713e-01 5.977151231969e-02 7.730640216636e+00 1.805916156112e+01
7 18 4 2.42343440 1.62973449 1.15864641 4.36928308 5.47340248 8.081047196949e-01 1.702020032016e-01 6.446859656878e-02 7.529171220952e+00 1.760000197534e+01
7 19 4 2.42343440 1.62973449 1.15864641 4.36928308 5.47340248 7.894507932623e-01 1.659223374899e-01 6.490597334437e-02 7.349080812794e+00 1.720926759482e+01
7 20 4 2.42343440 1.62973449 1.15864641 4.36928308 5.47340248 7.685522476710e-01 1.633158056182e-01 6.085065910446e-02 7.176050213343e+00 1.683928538784e+01
7 21 4 2.42343440 1.62973449 1.15864641 4.36928308 5.47340248 7.554677823120e-01 1.597082970247e-01 5.311675181670e-02 7.023624054460e+00 1.651878162218e+01
7 22 4 2.42343440 1.62973449 1.15864641 4.36928308 5.47340248 7.423389679746e-01 1.561839675516e-01 4.341393899900e-02 6.886146576064e+00 1.621625572324e+01
7 23 4 2.42343440 1.62973449 1.15864641 4.36928308 5.47340248 7.296140884568e-01 1.541015176905e-01 3.394285412718e-02 6.761075620549e+00 1.594217929786e+01
7 24 4 2.42343440 1.62973449 1.15864641 4.36928308 5.47340248 7.199677590370e-01 1.524879324989e-01 2.681719348115e-02 6.655567575009e+00 1.568353383850e+01
7 25 4 2.42343440 1.62973449 1.15864641 4.36928308 5.47340248 7.087058705378e-01 1.504084294682e-01 2.349942258564e-02 6.561246685442e+00 1.544894289446e+01
7 26 4 2.42343440 1.62973449 1.15864641 4.36928308 5.47340248 6.967910834392e-01 1.475482266398e-01 2.445188484208e-02 6.486110931057e+00 1.523374528145e+01
7 27 4 2.42343440 1.62973449 1.15864641 4.36928308 5.47340248 6.882800645291e-01 1.445203295771e-01 2.910845531302e-02 6.424670597802e+00 1.505517358488e+01
7 28 4 2.42343440 1.62973449 1.15864641 4.36928308 5.47340248 6.784291910434e-01 1.429591531498e-01 3.612540681005e-02 6.376514280512e+00 1.491054040868e+01
7 29 4 2.42343440 1.62973449 1.15864641 4.36928308 5.47340248 6.716572829234e-01 1.423647397082e-01 4.376854635101e-02 6.350269459133e+00 1.481515383356e+01
7 30 4 2.42343440 1.62973449 1.15864641 4.36928308 5.47340248 6.709887786935e-01 1.408583491120e-01 5.029222966221e-02 6.332071282426e+00 1.477289704017e+01
7 31 4 2.42343440 1.62973449 1.15864641 4.36928308 5.47340248 6.688397149469e-01 1.400274318665e-01 5.424227357610e-02 6.332979856671e+00 1.477683231450e+01
7 32 4 2.42343440 1.62973449 1.15864641 4.36928308 5.47340248 6.751595940010e-01 1.420828060643e-01 5.469293419081e-02 6.352673405361e+00 1.484415497691e+01
7 33 4 2.42343440 1.62973449 1.15864641 4.36928308 5.47340248 6.818188651658e-01 1.447023736037e-01 5.144226349491e-02 6.379794882852e+00 1.493963258436e+01
7 34 4 2.42343440 1.62973449 1.15864641 4.36928308 5.47340248 6.887428035726e-01 1.457283059421e-01 4.513764035012e-02 6.430157698100e+00 1.509138457193e+01
7 35 4 2.42343440 1.62973449 1.15864641 4.36928308 5.47340248 7.004633167263e-01 1.471643323915e-01 3.724445890805e-02 6.493627348752e+00 1.525290624530e+01
7 36 4 2.42343440 1.62973449 1.15864641 4.36928308 5.47340248 7.078296014963e-01 1.499872510271e-01 2.977741413483e-02 6.569412926265e+00 1.545339433544e+01
7 37 4 2.42343440 1.62973449 1.15864641 4.36928308 5.47340248 7.172997690469e-01 1.523288244386e-01 2.480638416896e-02 6.666856032111e+00 1.565827489614e+01
7 38 4 2.42343440 1.62973449 1.15864641 4.36928308 5.47340248 7.277538732783e-01 1.537258738981e-01 2.387541848076e-02 6.774741282164e+00 1.589258833027e+01
7 39 4 2.42343440 1.62973449 1.15864641 4.36928308 5.47340248 7.371106642510e-01 1.553073772719e-01 2.754517359127e-02 6.901034393089e+00 1.613959806123e+01
7 40 4 2.42343440 1.62973449 1.15864641 4.36928308 5.47340248 7.501165415801e-01 1.579270679542e-01 3.522927936504e-02 7.042543808124e+00 1.642515650885e+01
7 41 4 2.42343440 1.62973449 1.15864641 4.36928308 5.47340248 7.671806278736e-01 1.620830916245e-01 4.536438799019e-02 7.197893463512e+00 1.673597538410e+01
7 42 4 2.42343440 1.62973449 1.15864641 4.36928308 5.47340248 7.840926751970e-01 1.666917783194e-01 5.581702448339e-02 7.373457372657e+00 1.710397690090e+01
7 43 4 2.42343440 1.62973449 1.15864641 4.36928308 5.47340248 8.082737942861e-01 1.705667390288e-01 6.437209046023e-02 7.558165937269e+00 1.750577160971e+01
7 44 4 2.42343440 1.62973449 1.15864641 4.36928308 5.47340248 8.336729048932e-01 1.757595095680e-01 6.918648864117e-02 7.763827021777e+00 1.797157915749e+01
7 45 4 2.42343440 1.62973449 1.15864641 4.36928308 5.47340248 8.585954156364e-01 1.833739809484e-01 6.916804003711e-02 7.985443492637e+00 1.847521426399e+01
7 46 4 2.42343440 1.62973449 1.15864641 4.36928308 5.47340248 8.908244168916e-01 1.899676404176e-01 6.427218124020e-02 8.215635842367e+00 1.902699828290e+01
7 47 4 2.42343440 1.62973449 1.15864641 4.36928308 5.47340248 9.170873902906e-01 1.946076590171e-01 5.566626610621e-02 8.471588888200e+00 1.961981224871e+01
7 48 4 2.42343440 1.62973449 1.15864641 4.36928308 5.47340248 9.481352397049e-01 2.009775800321e-01 4.564713851787e-02 8.737089805609e+00 2.023459730190e+01
7 49 4 2.42343440 1.62973449 1.15864641 4.36928308 5.47340248 9.801279084602e-01 2.090542832975e-01 3.720589055559e-02 9.016293786280e+00 2.089353548692e+01
7 50 4 2.42343440 1.62973449 1.15864641 4.36928308 5.47340248 1.009198005911e+00 2.156281122458e-01 3.326123089030e-02 9.319461125736e+00 2.156036388048e+01
7 51 4 2.42343440 1.62973449 1.15864641 4.36928308 5.47340248 1.044591149756e+00 2.215261685428e-01 3.577286250935e-02 9.629981463101e+00 2.227181208482e+01
7 52 4 2.42343440 1.62973449 1.15864641 4.36928308 5.47340248 1.078803425067e+00 2.289443533793e-01 4.506779862806e-02 9.959684797987e+00 2.299607239162e+01
7 53 4 2.42343440 1.62973449 1.15864641 4.36928308 5.47340248 1.114686299668e+00 2.373779319338e-01 5.966092722333e-02 1.030667905701e+01 2.376289461512e+01
7 54 4 2.42343440 1.62973449 1.15864641 4.36928308 5.47340248 1.155010346779e+00 2.462762393891e-01 7.663890367630e-02 1.066577970619e+01 2.455088661704e+01
7 55 4 2.42343440 1.62973449 1.15864641 4.36928308 5.47340248 1.196390052795e+00 2.552093139416e-01 9.243478109925e-02 1.104395376729e+01 2.538232758622e+01
7 56 4 2.42343440 1.62973449 1.15864641 4.36928308 5.47340248 1.238381717235e+00 2.639071197422e-01 1.037018603239e-01 1.143425969588e+01 2.623048874343e+01
7 57 4 2.42343440 1.62973449 1.15864641 4.36928308 5.47340248 1.288501516707e+00 2.746341152016e-01 1.080522240525e-01 1.184450635590e+01 2.713032010946e+01
7 58 4 2.42343440 1.62973449 1.15864641 4.36928308 5.47340248 1.335093945226e+00 2.875155188961e-01 1.045723915033e-01 1.226764892629e+01 2.803626202996e+01
7 59 4 2.42343440 1.62973449 1.15864641 4.36928308 5.47340248 1.387535021799e+00 2.984159428694e-01 9.411948565947e-02 1.270393075370e+01 2.900480443557e+01
7 60 4 2.42343440 1.62973449 1.15864641 4.36928308 5.47340248 1.443771777714e+00 3.079887362651e-01 7.936402582624e-02 1.316434856290e+01 2.998471382575e+01
7 61 4 2.42343440 1.62973449 1.15864641 4.36928308 5.47340248 1.493852133006e+00 3.206031745751e-01 6.445208938256e-02 1.363110810033e+01 3.102931219847e+01
7 62 4 2.42343440 1.62973449 1.15864641 4.36928308 5.47340248 1.553244195144e+00 3.336395593748e-01 5.416430417999e-02 1.411613749612e+01 3.211135509946e+01
7 63 4 2.42343440 1.62973449 1.15864641 4.36928308 5.47340248 1.605114360787e+00 3.433394328639e-01 5.263930636574e-02 1.462335494145e+01 3.324451209245e+01
19 0 4 2.85397290 2.05012372 1.41084230 2.45259392 3.13595726 2.803550343248e+00 7.789166951094e-01 1.835042873756e-01 1.558881359080e+00 3.999361225010e+00
19 1 4 2.85397290 2.05012372 1.41084230 2.45259392 3.13595726 2.697000405521e+00 7.515318123218e-01 1.759142481807e-01 1.502741045684e+00 3.856615388043e+00
19 2 4 2.85397290 2.05012372 1.41084230 2.45259392 3.13595726 2.600286725514e+00 7.303159530744e-01 1.684695529945e-01 1.446765887321e+00 3.724856269531e+00
19 3 4 2.85397290 2.05012372 1.41084230 2.45259392 3.13595726 2.515141707042e+00 7.046731038559e-01 1.621379358069e-01 1.393608369783e+00 3.597474347453e+00
19 4 4 2.85397290 2.05012372 1.41084230 2.45259392 3.13595726 2.424813727702e+00 6.753519084643e-01 1.563530626591e-01 1.342336242381e+00 3.474564621357e+00
19 5 4 2.85397290 2.05012372 1.41084230 2.45259392 3.13595726 2.343602262243e+00 6.505745141865e-01 1.505542226720e-01 1.292540852091e+00 3.358316284670e+00
19 6 4 2.85397290 2.05012372 1.41084230 2.45259392 3.13595726 2.261649038323e+00 6.299208770976e-01 1.451149502422e-01 1.245362294311e+00 3.241443296949e+00
19 7 4 2.85397290 2.05012372 1.41084230 2.45259392 3.13595726 2.178662663987e+00 6.088186455982e-01 1.403529644160e-01 1.199719369915e+00 3.131861442171e+00
19 8 4 2.85397290 2.05012372 1.41084230 2.45259392 3.13595726 2.103641491453e+00 5.869575342590e-01 1.357998516586e-01 1.155926425000e+00 3.021345848102e+00
19 9 4 2.85397290 2.05012372 1.41084230 2.45259392 3.13595726 2.033405445143e+00 5.652596977299e-01 1.310197249985e-01 1.114990905577e+00 2.916237503048e+00
19 10 4 2.85397290 2.05012372 1.41084230 2.45259392 3.13595726 1.965236950209e+00 5.450917928789e-01 1.263499503966e-01 1.074344008350e+00 2.815437363445e+00
19 11 4 2.85397290 2.05012372 1.41084230 2.45259392 3.13595726 1.899890480488e+00 5.281469848947e-01 1.223019458461e-01 1.038044661258e+00 2.717311311502e+00
19 12 4 2.85397290 2.05012372 1.41084230 2.45259392 3.13595726 1.841165977931e+00 5.117807829993e-01 1.187741834311e-01 1.000919958883e+00 2.631202672773e+00
19 13 4 2.85397290 2.05012372 1.41084230 2.45259392 3.13595726 1.777299352557e+00 4.932116018105e-01 1.152576179804e-01 9.686624071727e-01 2.544923905675e+00
19 14 4 2.85397290 2.05012372 1.41084230 2.45259392 3.13595726 1.718982594722e+00 4.764451047248e-01 1.113996794307e-01 9.357356100122e-01 2.473984322473e+00
19 15 4 2.85397290 2.05012372 1.41084230 2.45259392 3.13595726 1.671381193462e+00 4.639659858340e-01 1.071318367192e-01 9.068565153674e-01 2.399493957585e+00
19 16 4 2.85397290 2.05012372 1.41084230 2.45259392 3.13595726 1.619605899126e+00 4.505292499972e-01 1.027121560126e-01 8.786100299843e-01 2.336171076917e+00
19 17 4 2.85397290 2.05012372 1.41084230 2.45259392 3.13595726 1.577959327744e+00 4.347205859493e-01 9.883934756581e-02 8.528177356115e-01 2.268527500277e+00
19 18 4 2.85397290 2.05012372 1.41084230 2.45259392 3.13595726 1.536903652626e+00 4.226430995527e-01 9.617637687805e-02 8.292378038022e-01 2.205910854828e+00
19 19 4 2.85397290 2.05012372 1.41084230 2.45259392 3.13595726 1.489242444113e+00 4.146616727510e-01 9.449114980460e-02 8.067390732490e-01 2.144932617577e+00
19 20 4 2.85397290 2.05012372 1.41084230 2.45259392 3.13595726 1.454314868923e+00 4.044730978287e-01 9.280638531461e-02 7.873854459948e-01 2.087096602164e+00
19 21 4 2.85397290 2.05012372 1.41084230 2.45259392 3.13595726 1.424139724470e+00 3.920869682890e-01 9.068345727794e-02 7.686564732704e-01 2.039795445504e+00
19 22 4 2.85397290 2.05012372 1.41084230 2.45259392 3.13595726 1.395791395969e+00 3.831430790297e-01 8.873970625553e-02 7.530086248035e-01 1.996177492544e+00
19 23 4 2.85397290 2.05012372 1.41084230 2.45259392 3.13595726 1.372255111417e+00 3.782330085001e-01 8.749639089412e-02 7.384137948511e-01 1.965189160230e+00
19 24 4 2.85397290 2.05012372 1.41084230 2.45259392 3.13595726 1.346607277337e+00 3.732974464606e-01 8.642485126332e-02 7.262270267876e-01 1.936493349461e+00
19 25 4 2.85397290 2.05012372 1.41084230 2.45259392 3.13595726 1.320931067891e+00 3.662917937311e-01 8.482825748599e-02 7.157610419639e-01 1.913265562689e+00
19 26 4 2.85397290 2.05012372 1.41084230 2.45259392 3.13595726 1.305381477761e+00 3.589385037618e-01 8.307393106362e-02 7.071959571415e-01 1.891756588397e+00
19 27 4 2.85397290 2.05012372 1.41084230 2.45259392 3.13595726 1.298784443962e+00 3.551302955528e-01 8.199574811537e-02 7.005072847897e-01 1.868090023649e+00
19 28 4 2.85397290 2.05012372 1.41084230 2.45259392 3.13595726 1.288335486142e+00 3.558720111705e-01 8.142245967974e-02 6.959732307389e-01 1.851612471370e+00
19 29 4 2.85397290 2.05012372 1.41084230 2.45259392 3.13595726 1.281146086129e+00 3.556420638205e-01 8.044199529514e-02 6.926257841854e-01 1.832444734840e+00
19 30 4 2.85397290 2.05012372 1.41084230 2.45259392 3.13595726 1.275458637002e+00 3.508265641524e-01 7.913118975506e-02 6.924685764448e-01 1.828333166668e+00
19 31 4 2.85397290 2.05012372 1.41084230 2.45259392 3.13595726 1.268745815210e+00 3.477956436735e-01 7.881354275447e-02 6.922505418329e-01 1.824716311319e+00
19 32 4 2.85397290 2.05012372 1.41084230 2.45259392 3.13595726 1.278666681227e+00 3.521258886392e-01 8.015556362632e-02 6.965010202250e-01 1.836604309127e+00
19 33 4 2.85397290 2.05012372 1.41084230 2.45259392 3.13595726 1.290049790691e+00 3.577198418353e-01 8.204421843270e-02 6.995747912435e-01 1.849527424918e+00
19 34 4 2.85397290 2.05012372 1.41084230 2.45259392 3.13595726 1.295941755363e+00 3.580851274843e-01 8.310342597108e-02 7.079211319348e-01 1.869247521974e+00
19 35 4 2.85397290 2.05012372 1.41084230 2.45259392 3.13595726 1.308574219234e+00 3.578861839131e-01 8.352482461104e-02 7.147191755213e-01 1.889782710124e+00
19 36 4 2.85397290 2.05012372 1.41084230 2.45259392 3.13595726 1.320272571125e+00 3.633348393798e-01 8.443456288235e-02 7.267172875866e-01 1.909154854097e+00
19 37 4 2.85397290 2.05012372 1.41084230 2.45259392 3.13595726 1.339051189720e+00 3.721031372363e-01 8.600558090676e-02 7.376524422386e-01 1.933711558062e+00
19 38 4 2.85397290 2.05012372 1.41084230 2.45259392 3.13595726 1.368896794717e+00 3.792866918353e-01 8.738199301756e-02 7.530348824954e-01 1.957923586882e+00
19 39 4 2.85397290 2.05012372 1.41084230 2.45259392 3.13595726 1.396835147908e+00 3.844405620975e-01 8.831043443546e-02 7.682152985498e-01 1.993245163272e+00
19 40 4 2.85397290 2.05012372 1.41084230 2.45259392 3.13595726 1.421517422815e+00 3.906007472048e-01 8.961702815098e-02 7.870887184067e-01 2.033797405339e+00
19 41 4 2.85397290 2.05012372 1.41084230 2.45259392 3.13595726 1.451437460818e+00 4.008808044261e-01 9.181373623683e-02 8.062347937884e-01 2.083964613657e+00
19 42 4 2.85397290 2.05012372 1.41084230 2.45259392 3.13595726 1.487751765946e+00 4.140387527376e-01 9.430604393827e-02 8.290162042999e-01 2.142102480924e+00
19 43 4 2.85397290 2.05012372 1.41084230 2.45259392 3.13595726 1.526368224659e+00 4.248694047607e-01 9.652909365586e-02 8.516550962550e-01 2.200111800979e+00
19 44 4 2.85397290 2.05012372 1.41084230 2.45259392 3.13595726 1.575134606030e+00 4.334932809202e-01 9.902345301495e-02 8.787647477808e-01 2.266673089513e+00
19 45 4 2.85397290 2.05012372 1.41084230 2.45259392 3.13595726 1.621164230717e+00 4.463292964084e-01 1.026374735101e-01 9.045894560767e-01 2.325401902417e+00
19 46 4 2.85397290 2.05012372 1.41084230 2.45259392 3.13595726 1.661818186085e+00 4.633615254629e-01 1.071894387348e-01 9.360967358998e-01 2.395696694585e+00
19 47 4 2.85397290 2.05012372 1.41084230 2.45259392 3.13595726 1.717127855680e+00 4.779085040794e-01 1.116579258547e-01 9.652405145535e-01 2.459978602594e+00
19 48 4 2.85397290 2.05012372 1.41084230 2.45259392 3.13595726 1.771756232027e+00 4.908184813107e-01 1.154042656044e-01 1.000723979492e+00 2.538992853484e+00
19 49 4 2.85397290 2.05012372 1.41084230 2.45259392 3.13595726 1.830099255670e+00 5.082096752711e-01 1.186115914552e-01 1.033726276016e+00 2.618893710821e+00
19 50 4 2.85397290 2.05012372 1.41084230 2.45259392 3.13595726 1.898680139061e+00 5.279852107186e-01 1.217877641281e-01 1.072488625565e+00 2.710558316795e+00
19 51 4 2.85397290 2.05012372 1.41084230 2.45259392 3.13595726 1.959398071853e+00 5.451590571223e-01 1.254068678716e-01 1.109929896748e+00 2.807454478490e+00
19 52 4 2.85397290 2.05012372 1.41084230 2.45259392 3.13595726 2.025299619151e+00 5.626773651107e-01 1.298005267392e-01 1.151457166967e+00 2.908082302833e+00
19 53 4 2.85397290 2.05012372 1.41084230 2.45259392 3.13595726 2.098338693095e+00 5.841132104010e-01 1.348444811782e-01 1.193496699252e+00 3.014731280581e+00
19 54 4 2.85397290 2.05012372 1.41084230 2.45259392 3.13595726 2.172110309025e+00 6.068719303730e-01 1.399560991859e-01 1.237839161446e+00 3.120287314534e+00
19 55 4 2.85397290 2.05012372 1.41084230 2.45259392 3.13595726 2.251078509591e+00 6.288177205890e-01 1.448729677171e-01 1.284009074040e+00 3.231243810619e+00
19 56 4 2.85397290 2.05012372 1.41084230 2.45259392 3.13595726 2.335519427336e+00 6.505464416767e-01 1.501050450399e-01 1.331768006374e+00 3.343932873292e+00
19 57 4 2.85397290 2.05012372 1.41084230 2.45259392 3.13595726 2.421098836809e+00 6.729171440542e-01 1.561015718422e-01 1.381232748963e+00 3.459704377526e+00
19 58 4 2.85397290 2.05012372 1.41084230 2.45259392 3.13595726 2.503138326317e+00 6.987982185576e-01 1.624654959246e-01 1.433101619547e+00 3.584532142185e+00
19 59 4 2.85397290 2.05012372 1.41084230 2.45259392 3.13595726 2.595560099083e+00 7.283112297308e-01 1.687179431895e-01 1.485250292523e+00 3.708432044495e+00
19 60 4 2.85397290 2.05012372 1.41084230 2.45259392 3.13595726 2.688963798572e+00 7.545052176797e-01 1.752522665632e-01 1.541414407768e+00 3.848128794184e+00
19 61 4 2.85397290 2.05012372 1.41084230 2.45259392 3.13595726 2.785409730600e+00 7.766726038536e-01 1.824645401748e-01 1.596357003876e+00 3.983532035927e+00
19 62 4 2.85397290 2.05012372 1.41084230 2.45259392 3.13595726 2.896302140893e+00 8.051613963451e-01 1.894726087583e-01 1.656224986203e+00 4.136875391560e+00
19 63 4 2.85397290 2.05012372 1.41084230 2.45259392 3.13595726 2.995149622384e+00 8.407931605061e-01 1.951968394007e-01 1.714768289516e+00 4.284099939245e+00
22 0 4 4.35872231 2.47647909 1.54637875 2.29023321 4.79777256 1.371407764517e+01 1.627274843953e+00 2.718889703104e-01 1.148903879161e+00 1.947266904123e+01
22 1 4 4.35872231 2.47647909 1.54637875 2.29023321 4.79777256 1.323739958137e+01 1.565754007452e+00 2.123988756800e-01 1.109313253004e+00 1.882032172643e+01
22 2 4 4.35872231 2.47647909 1.54637875 2.29023321 4.79777256 1.279666535741e+01 1.508810558745e+00 2.203070212118e-01 1.067925513441e+00 1.817659136392e+01
22 3 4 4.35872231 2.47647909 1.54637875 2.29023321 4.79777256 1.234930359116e+01 1.460099779117e+00 2.644368965939e-01 1.031391026075e+00 1.755670154186e+01
22 4 4 4.35872231 2.47647909 1.54637875 2.29023321 4.79777256 1.194343790076e+01 1.408320398857e+00 2.609663103241e-01 9.929535908765e-01 1.696240011173e+01
22 5 4 4.35872231 2.47647909 1.54637875 2.29023321 4.79777256 1.152934134717e+01 1.354928630168e+00 2.045812939031e-01 9.589639118452e-01 1.638962957220e+01
22 6 4 4.35872231 2.47647909 1.54637875 2.29023321 4.79777256 1.112889580568e+01 1.308779910121e+00 1.714283319275e-01 9.238807840627e-01 1.584569419375e+01
22 7 4 4.35872231 2.47647909 1.54637875 2.29023321 4.79777256 1.076494295390e+01 1.265444857722e+00 1.983688127286e-01 8.920608017463e-01 1.530850655703e+01
22 8 4 4.35872231 2.47647909 1.54637875 2.29023321 4.79777256 1.039858125350e+01 1.220143066240e+00 2.297450916899e-01 8.605537562730e-01 1.479959736308e+01
22 9 4 4.35872231 2.47647909 1.54637875 2.29023321 4.79777256 1.005383867532e+01 1.176946950455e+00 2.075542631720e-01 8.307466778443e-01 1.430155111611e+01
22 10 4 4.35872231 2.47647909 1.54637875 2.29023321 4.79777256 9.729937057265e+00 1.136949884623e+00 1.591517977621e-01 8.028131147442e-01 1.384086512033e+01
22 11 4 4.35872231 2.47647909 1.54637875 2.29023321 4.79777256 9.412634400367e+00 1.099412720932e+00 1.501829105313e-01 7.750835252691e-01 1.340241868008e+01
22 12 4 4.35872231 2.47647909 1.54637875 2.29023321 4.79777256 9.106817213411e+00 1.064982892604e+00 1.827598718008e-01 7.505307100669e-01 1.298997566607e+01
22 13 4 4.35872231 2.47647909 1.54637875 2.29023321 4.79777256 8.832064519615e+00 1.029635259766e+00 1.963458603427e-01 7.251002877452e-01 1.259599521047e+01
22 14 4 4.35872231 2.47647909 1.54637875 2.29023321 4.79777256 8.560721131146e+00 9.933928184175e-01 1.632820167612e-01 7.036326638393e-01 1.220693439769e+01
22 15 4 4.35872231 2.47647909 1.54637875 2.29023321 4.79777256 8.312631645792e+00 9.646120197564e-01 1.282863484475e-01 6.807803521659e-01 1.184687687047e+01
22 16 4 4.35872231 2.47647909 1.54637875 2.29023321 4.79777256 8.081178343077e+00 9.409278741700e-01 1.359055045074e-01 6.621032736890e-01 1.149499188382e+01
22 17 4 4.35872231 2.47647909 1.54637875 2.29023321 4.79777256 7.840346512765e+00 9.114637193013e-01 1.632841339054e-01 6.420676219168e-01 1.119551891840e+01
22 18 4 4.35872231 2.47647909 1.54637875 2.29023321 4.79777256 7.648017909851e+00 8.811457422006e-01 1.597763640889e-01 6.259721167583e-01 1.090530618255e+01
22 19 4 4.35872231 2.47647909 1.54637875 2.29023321 4.79777256 7.465446167795e+00 8.611747964517e-01 1.261059190109e-01 6.088858851408e-01 1.066164190840e+01
22 20 4 4.35872231 2.47647909 1.54637875 2.29023321 4.79777256 7.284846023020e+00 8.453227637996e-01 1.101688581855e-01 5.952916360346e-01 1.041024280285e+01
22 21 4 4.35872231 2.47647909 1.54637875 2.29023321 4.79777256 7.127789378635e+00 8.236931377019e-01 1.311008325654e-01 5.811629412983e-01 1.018833763759e+01
22 22 4 4.35872231 2.47647909 1.54637875 2.29023321 4.79777256 6.975052852188e+00 8.016938397934e-01 1.513801432838e-01 5.701139697058e-01 9.966056087343e+00
22 23 4 4.35872231 2.47647909 1.54637875 2.29023321 4.79777256 6.855255985189e+00 7.874151879715e-01 1.365697881155e-01 5.588512650053e-01 9.779908368262e+00
22 24 4 4.35872231 2.47647909 1.54637875 2.29023321 4.79777256 6.757054992792e+00 7.783723518530e-01 1.073472386972e-01 5.504740598352e-01 9.622115340974e+00
22 25 4 4.35872231 2.47647909 1.54637875 2.29023321 4.79777256 6.652741603545e+00 7.676863228783e-01 1.055803131761e-01 5.419398751276e-01 9.497526882038e+00
22 26 4 4.35872231 2.47647909 1.54637875 2.29023321 4.79777256 6.560422912073e+00 7.536353794571e-01 1.299598554847e-01 5.363825628989e-01 9.403691777855e+00
22 27 4 4.35872231 2.47647909 1.54637875 2.29023321 4.79777256 6.505470459360e+00 7.430995679771e-01 1.396386242755e-01 5.304558404658e-01 9.313810830878e+00
22 28 4 4.35872231 2.47647909 1.54637875 2.29023321 4.79777256 6.462067537626e+00 7.420753997621e-01 1.175757861612e-01 5.278284888068e-01 9.247440422026e+00
22 29 4 4.35872231 2.47647909 1.54637875 2.29023321 4.79777256 6.432108479965e+00 7.425550775540e-01 9.592544940177e-02 5.244569490832e-01 9.177832015649e+00
22 30 4 4.35872231 2.47647909 1.54637875 2.29023321 4.79777256 6.412850950135e+00 7.353402873540e-01 1.061917382277e-01 5.247890408615e-01 9.150414091475e+00
22 31 4 4.35872231 2.47647909 1.54637875 2.29023321 4.79777256 6.393502008577e+00 7.300006898843e-01 1.312534470202e-01 5.240187204105e-01 9.138693884354e+00
22 32 4 4.35872231 2.47647909 1.54637875 2.29023321 4.79777256 6.424913899406e+00 7.372012207633e-01 1.321982124484e-01 5.272431638958e-01 9.177955530719e+00
22 33 4 4.35872231 2.47647909 1.54637875 2.29023321 4.79777256 6.465114059423e+00 7.463696379384e-01 1.085405684297e-01 5.292192530039e-01 9.230476394894e+00
22 34 4 4.35872231 2.47647909 1.54637875 2.29023321 4.79777256 6.498932887897e+00 7.470985741110e-01 9.921522913932e-02 5.351854170048e-01 9.308719143234e+00
22 35 4 4.35872231 2.47647909 1.54637875 2.29023321 4.79777256 6.559829788910e+00 7.495162547939e-01 1.219506728043e-01 5.401250184711e-01 9.390196629242e+00
22 36 4 4.35872231 2.47647909 1.54637875 2.29023321 4.79777256 6.631810646900e+00 7.626805389432e-01 1.443334237799e-01 5.486372737899e-01 9.485451811357e+00
22 37 4 4.35872231 2.47647909 1.54637875 2.29023321 4.79777256 6.735222672346e+00 7.787640430523e-01 1.332080056414e-01 5.567802614091e-01 9.605528367743e+00
22 38 4 4.35872231 2.47647909 1.54637875 2.29023321 4.79777256 6.854022246073e+00 7.901644655268e-01 1.074665470217e-01 5.676533688468e-01 9.752270356959e+00
22 39 4 4.35872231 2.47647909 1.54637875 2.29023321 4.79777256 6.965546399554e+00 8.008276379740e-01 1.104646659539e-01 5.792023303008e-01 9.942464564086e+00
22 40 4 4.35872231 2.47647909 1.54637875 2.29023321 4.79777256 7.096819497251e+00 8.177277520427e-01 1.419975850684e-01 5.923206294781e-01 1.015123662512e+01
22 41 4 4.35872231 2.47647909 1.54637875 2.29023321 4.79777256 7.266232623210e+00 8.414475729138e-01 1.565145693992e-01 6.073847142393e-01 1.038681960516e+01
22 42 4 4.35872231 2.47647909 1.54637875 2.29023321 4.79777256 7.441214320506e+00 8.643373579102e-01 1.340389653626e-01 6.227491264156e-01 1.062376365397e+01
22 43 4 4.35872231 2.47647909 1.54637875 2.29023321 4.79777256 7.625444198822e+00 8.819296838358e-01 1.138823227499e-01 6.413082632568e-01 1.087806372036e+01
22 44 4 4.35872231 2.47647909 1.54637875 2.29023321 4.79777256 7.829020047553e+00 9.036053875679e-01 1.348059692881e-01 6.590552719450e-01 1.115118224971e+01
22 45 4 4.35872231 2.47647909 1.54637875 2.29023321 4.79777256 8.033239217838e+00 9.358978499065e-01 1.726190993717e-01 6.809588000993e-01 1.145315428068e+01
22 46 4 4.35872231 2.47647909 1.54637875 2.29023321 4.79777256 8.284625886252e+00 9.675678570079e-01 1.754692612675e-01 7.013405909058e-01 1.179579529143e+01
22 47 4 4.35872231 2.47647909 1.54637875 2.29023321 4.79777256 8.539568133754e+00 9.923619121902e-01 1.454913186956e-01 7.263465553063e-01 1.215557276027e+01
22 48 4 4.35872231 2.47647909 1.54637875 2.29023321 4.79777256 8.789352071030e+00 1.022233721909e+00 1.380549464832e-01 7.496718622556e-01 1.254817754083e+01
22 49 4 4.35872231 2.47647909 1.54637875 2.29023321 4.79777256 9.079149589318e+00 1.061223226031e+00 1.752550671834e-01 7.775207317921e-01 1.293486411901e+01
22 50 4 4.35872231 2.47647909 1.54637875 2.29023321 4.79777256 9.370066010639e+00 1.098805451962e+00 2.081401226602e-01 8.040696582234e-01 1.335321015096e+01
22 51 4 4.35872231 2.47647909 1.54637875 2.29023321 4.79777256 9.685659248034e+00 1.133784038849e+00 1.915942506319e-01 8.345724090834e-01 1.377453559056e+01
22 52 4 4.35872231 2.47647909 1.54637875 2.29023321 4.79777256 1.001984797078e+01 1.172944031970e+00 1.580676077244e-01 8.645110117201e-01 1.424054756022e+01
22 53 4 4.35872231 2.47647909 1.54637875 2.29023321 4.79777256 1.035563925367e+01 1.215676319967e+00 1.707307426523e-01 8.976217852288e-01 1.472513850377e+01
22 54 4 4.35872231 2.47647909 1.54637875 2.29023321 4.79777256 1.071195891246e+01 1.260281136501e+00 2.232649464710e-01 9.309478026422e-01 1.524128324012e+01
22 55 4 4.35872231 2.47647909 1.54637875 2.29023321 4.79777256 1.109242620270e+01 1.306844602659e+00 2.447749826214e-01 9.667910970494e-01 1.577539387717e+01
22 56 4 4.35872231 2.47647909 1.54637875 2.29023321 4.79777256 1.147648488893e+01 1.352465240171e+00 2.100025558688e-01 1.003336467262e+00 1.631704814579e+01
22 57 4 4.35872231 2.47647909 1.54637875 2.29023321 4.79777256 1.188016228834e+01 1.400096087421e+00 1.841584946728e-01 1.042170760243e+00 1.689098706521e+01
22 58 4 4.35872231 2.47647909 1.54637875 2.29023321 4.79777256 1.231535899959e+01 1.454777932185e+00 2.241473485090e-01 1.081668987442e+00 1.746775055321e+01
22 59 4 4.35872231 2.47647909 1.54637875 2.29023321 4.79777256 1.273184763941e+01 1.509125652256e+00 2.851312426162e-01 1.123790753476e+00 1.809763765198e+01
22 60 4 4.35872231 2.47647909 1.54637875 2.29023321 4.79777256 1.318638261979e+01 1.559539277963e+00 2.849591809419e-01 1.165992421109e+00 1.872090981260e+01
22 61 4 4.35872231 2.47647909 1.54637875 2.29023321 4.79777256 1.365579277775e+01 1.617169403227e+00 2.343844493698e-01 1.211609620343e+00 1.939487168284e+01
22 62 4 4.35872231 2.47647909 1.54637875 2.29023321 4.79777256 1.413148696089e+01 1.681018961181e+00 2.264328607750e-01 1.256406388926e+00 2.005183728090e+01
22 63 4 4.35872231 2.47647909 1.54637875 2.29023321 4.79777256 1.464701254154e+01 1.738820145390e+00 2.914709838709e-01 1.305528606573e+00 2.075882615735e+01
26 0 4 5.54060372 2.61834141 1.57695825 2.16913618 6.60263991 3.265721253978e+01 2.012630138048e+00 2.819795996139e-01 9.731870439062e-01 6.026466518386e+01
26 1 4 5.54060372 2.61834141 1.57695825 2.16913618 6.60263991 3.156098729145e+01 1.941808771456e+00 2.736898322248e-01 9.393543647476e-01 5.823492856410e+01
26 2 4 5.54060372 2.61834141 1.57695825 2.16913618 6.60263991 3.051132581116e+01 1.870911882894e+00 2.642513333774e-01 9.055351176825e-01 5.629965894688e+01
26 3 4 5.54060372 2.61834141 1.57695825 2.16913618 6.60263991 2.947896724944e+01 1.807794934583e+00 2.525832521031e-01 8.738850984504e-01 5.442289527671e+01
26 4 4 5.54060372 2.61834141 1.57695825 2.16913618 6.60263991 2.847347143810e+01 1.744852240919e+00 2.408604172009e-01 8.424234994359e-01 5.266321501802e+01
26 5 4 5.54060372 2.61834141 1.57695825 2.16913618 6.60263991 2.755416474604e+01 1.679271602751e+00 2.316341991167e-01 8.130033207065e-01 5.096064465226e+01
26 6 4 5.54060372 2.61834141 1.57695825 2.16913618 6.60263991 2.663766234085e+01 1.621837170815e+00 2.244132151902e-01 7.838451875175e-01 4.931544291082e+01
26 7 4 5.54060372 2.61834141 1.57695825 2.16913618 6.60263991 2.573787136274e+01 1.569579762222e+00 2.171037238568e-01 7.567193002094e-01 4.770745861463e+01
26 8 4 5.54060372 2.61834141 1.57695825 2.16913618 6.60263991 2.490186964775e+01 1.512754837182e+00 2.093923091123e-01 7.298071010135e-01 4.614169002541e+01
26 9 4 5.54060372 2.61834141 1.57695825 2.16913618 6.60263991 2.408512604572e+01 1.457557171964e+00 2.024713643088e-01 7.050291763962e-01 4.465891510673e+01
26 10 4 5.54060372 2.61834141 1.57695825 2.16913618 6.60263991 2.332557749469e+01 1.409968698961e+00 1.964632073205e-01 6.803281004742e-01 4.323697337920e+01
26 11 4 5.54060372 2.61834141 1.57695825 2.16913618 6.60263991 2.259662097764e+01 1.364883699815e+00 1.903251359059e-01 6.579185710347e-01 4.192205171203e+01
26 12 4 5.54060372 2.61834141 1.57695825 2.16913618 6.60263991 2.187030687187e+01 1.320157045358e+00 1.838169060389e-01 6.354338056613e-01 4.064808806350e+01
26 13 4 5.54060372 2.61834141 1.57695825 2.16913618 6.60263991 2.121635593074e+01 1.276028735684e+00 1.777451690480e-01 6.153686601309e-01 3.946708821522e+01
26 14 4 5.54060372 2.61834141 1.57695825 2.16913618 6.60263991 2.059379599730e+01 1.232950707140e+00 1.723431258746e-01 5.951499752119e-01 3.830607889810e+01
26 15 4 5.54060372 2.61834141 1.57695825 2.16913618 6.60263991 1.999611720025e+01 1.197093315659e+00 1.667343157420e-01 5.773628551916e-01 3.723109361866e+01
26 16 4 5.54060372 2.61834141 1.57695825 2.16913618 6.60263991 1.945471850414e+01 1.166952752809e+00 1.602738566614e-01 5.594963287564e-01 3.618495620552e+01
26 17 4 5.54060372 2.61834141 1.57695825 2.16913618 6.60263991 1.891802465512e+01 1.131045317358e+00 1.537392586394e-01 5.438923154992e-01 3.523762742910e+01
26 18 4 5.54060372 2.61834141 1.57695825 2.16913618 6.60263991 1.843081596087e+01 1.093577966973e+00 1.487231099592e-01 5.284822702094e-01 3.435040583906e+01
26 19 4 5.54060372 2.61834141 1.57695825 2.16913618 6.60263991 1.800641168448e+01 1.068555246213e+00 1.458062160046e-01 5.149590712153e-01 3.356373424057e+01
26 20 4 5.54060372 2.61834141 1.57695825 2.16913618 6.60263991 1.759028025437e+01 1.049454090684e+00 1.437373255956e-01 5.021052369412e-01 3.283671830996e+01
26 21 4 5.54060372 2.61834141 1.57695825 2.16913618 6.60263991 1.721790279828e+01 1.022675969071e+00 1.409952509333e-01 4.905763506906e-01 3.216540376543e+01
26 22 4 5.54060372 2.61834141 1.57695825 2.16913618 6.60263991 1.687576181482e+01 9.948735942562e-01 1.377982989818e-01 4.803516272106e-01 3.153889053521e+01
26 23 4 5.54060372 2.61834141 1.57695825 2.16913618 6.60263991 1.656869082497e+01 9.775472460179e-01 1.354426434576e-01 4.707664831444e-01 3.095791953769e+01
26 24 4 5.54060372 2.61834141 1.57695825 2.16913618 6.60263991 1.633488960714e+01 9.667969800747e-01 1.339028362038e-01 4.631996778472e-01 3.046998543630e+01
26 25 4 5.54060372 2.61834141 1.57695825 2.16913618 6.60263991 1.610483636781e+01 9.531679504655e-01 1.318276099250e-01 4.555572464158e-01 3.005888863284e+01
26 26 4 5.54060372 2.61834141 1.57695825 2.16913618 6.60263991 1.589349126141e+01 9.356030782251e-01 1.290624057075e-01 4.506234026198e-01 2.976017538548e+01
26 27 4 5.54060372 2.61834141 1.57695825 2.16913618 6.60263991 1.575290950681e+01 9.228971892313e-01 1.270644619760e-01 4.449776400292e-01 2.949782427700e+01
26 28 4 5.54060372 2.61834141 1.57695825 2.16913618 6.60263991 1.564477634685e+01 9.216574373451e-01 1.262173125915e-01 4.425967617052e-01 2.930143776357e+01
26 29 4 5.54060372 2.61834141 1.57695825 2.16913618 6.60263991 1.557757949108e+01 9.220799487334e-01 1.250460614318e-01 4.390538401382e-01 2.911590446920e+01
26 30 4 5.54060372 2.61834141 1.57695825 2.16913618 6.60263991 1.553081144690e+01 9.131833626662e-01 1.231580658301e-01 4.390975078037e-01 2.902235194853e+01
26 31 4 5.54060372 2.61834141 1.57695825 2.16913618 6.60263991 1.550243745673e+01 9.066418445934e-01 1.225756114533e-01 4.378057116297e-01 2.899797190208e+01
26 32 4 5.54060372 2.61834141 1.57695825 2.16913618 6.60263991 1.555967250886e+01 9.154999381441e-01 1.245618064521e-01 4.401104753429e-01 2.909575451100e+01
26 33 4 5.54060372 2.61834141 1.57695825 2.16913618 6.60263991 1.564673846949e+01 9.268024626692e-01 1.273048390328e-01 4.412439281733e-01 2.925446474616e+01
26 34 4 5.54060372 2.61834141 1.57695825 2.16913618 6.60263991 1.573451050769e+01 9.278103052754e-01 1.286761916022e-01 4.456302798875e-01 2.947199728463e+01
26 35 4 5.54060372 2.61834141 1.57695825 2.16913618 6.60263991 1.587658430385e+01 9.308056009134e-01 1.293631179547e-01 4.493676435171e-01 2.971657528158e+01
26 36 4 5.54060372 2.61834141 1.57695825 2.16913618 6.60263991 1.605633910765e+01 9.468259270589e-01 1.311212142841e-01 4.556633801200e-01 3.001136101766e+01
26 37 4 5.54060372 2.61834141 1.57695825 2.16913618 6.60263991 1.628963155970e+01 9.668040179947e-01 1.336092314931e-01 4.621628086056e-01 3.039292292476e+01
26 38 4 5.54060372 2.61834141 1.57695825 2.16913618 6.60263991 1.655749423318e+01 9.812966636264e-01 1.353723251070e-01 4.702292429023e-01 3.086159198649e+01
26 39 4 5.54060372 2.61834141 1.57695825 2.16913618 6.60263991 1.682024006175e+01 9.941616990631e-01 1.367237119685e-01 4.796015459602e-01 3.143755695621e+01
26 40 4 5.54060372 2.61834141 1.57695825 2.16913618 6.60263991 1.715264116701e+01 1.014632387865e+00 1.391706633580e-01 4.893600725289e-01 3.205317166981e+01
26 41 4 5.54060372 2.61834141 1.57695825 2.16913618 6.60263991 1.753924303030e+01 1.044513006152e+00 1.427187180783e-01 5.016432815669e-01 3.273650184293e+01
26 42 4 5.54060372 2.61834141 1.57695825 2.16913618 6.60263991 1.793474853995e+01 1.073028290788e+00 1.460660450271e-01 5.130984097816e-01 3.343316247786e+01
26 43 4 5.54060372 2.61834141 1.57695825 2.16913618 6.60263991 1.837847291520e+01 1.094149361932e+00 1.491696095158e-01 5.282383761849e-01 3.422449701668e+01
26 44 4 5.54060372 2.61834141 1.57695825 2.16913618 6.60263991 1.884303043308e+01 1.121098219761e+00 1.535650488842e-01 5.414920494987e-01 3.506851882638e+01
26 45 4 5.54060372 2.61834141 1.57695825 2.16913618 6.60263991 1.935242502462e+01 1.161326846606e+00 1.599739065049e-01 5.593346412901e-01 3.603099378909e+01
26 46 4 5.54060372 2.61834141 1.57695825 2.16913618 6.60263991 1.992749034766e+01 1.199982599632e+00 1.670936014999e-01 5.745862474057e-01 3.704255219660e+01
26 47 4 5.54060372 2.61834141 1.57695825 2.16913618 6.60263991 2.050082280249e+01 1.231062827149e+00 1.731826058725e-01 5.948863659256e-01 3.813681148988e+01
26 48 4 5.54060372 2.61834141 1.57695825 2.16913618 6.60263991 2.111686335024e+01 1.268479664198e+00 1.780100234092e-01 6.124140243636e-01 3.926374509391e+01
26 49 4 5.54060372 2.61834141 1.57695825 2.16913618 6.60263991 2.178353456447e+01 1.315270165727e+00 1.828125588893e-01 6.348644951260e-01 4.045392707114e+01
26 50 4 5.54060372 2.61834141 1.57695825 2.16913618 6.60263991 2.246552698997e+01 1.361745603847e+00 1.886230034424e-01 6.549863165334e-01 4.170091367912e+01
26 51 4 5.54060372 2.61834141 1.57695825 2.16913618 6.60263991 2.321654095367e+01 1.407145835404e+00 1.951157311001e-01 6.792657068469e-01 4.301532320139e+01
26 52 4 5.54060372 2.61834141 1.57695825 2.16913618 6.60263991 2.398631848742e+01 1.454613512796e+00 2.014683493184e-01 7.022844455013e-01 4.441995522498e+01
26 53 4 5.54060372 2.61834141 1.57695825 2.16913618 6.60263991 2.476449146065e+01 1.505163579410e+00 2.079610708525e-01 7.281176943279e-01 4.588562377445e+01
26 54 4 5.54060372 2.61834141 1.57695825 2.16913618 6.60263991 2.561674852506e+01 1.562052642944e+00 2.156024518252e-01 7.542575572681e-01 4.744815303884e+01
26 55 4 5.54060372 2.61834141 1.57695825 2.16913618 6.60263991 2.649206811185e+01 1.621118975489e+00 2.242325467246e-01 7.814782513165e-01 4.903430576151e+01
26 56 4 5.54060372 2.61834141 1.57695825 2.16913618 6.60263991 2.740714432423e+01 1.675675812867e+00 2.326964605952e-01 8.108270641289e-01 5.069813512290e+01
26 57 4 5.54060372 2.61834141 1.57695825 2.16913618 6.60263991 2.836273214482e+01 1.734323788861e+00 2.412339154557e-01 8.394268611419e-01 5.236779822804e+01
26 58 4 5.54060372 2.61834141 1.57695825 2.16913618 6.60263991 2.931152318528e+01 1.802536098784e+00 2.515052820750e-01 8.718986895877e-01 5.414171450572e+01
26 59 4 5.54060372 2.61834141 1.57695825 2.16913618 6.60263991 3.033944142630e+01 1.868791824319e+00 2.633759644153e-01 9.020492451981e-01 5.596483057603e+01
26 60 4 5.54060372 2.61834141 1.57695825 2.16913618 6.60263991 3.141683288547e+01 1.932817686028e+00 2.741099010419e-01 9.373807114187e-01 5.791666361269e+01
26 61 4 5.54060372 2.61834141 1.57695825 2.16913618 6.60263991 3.248450102927e+01 2.005064434685e+00 2.822095993894e-01 9.694173468591e-01 5.990877907975e+01
26 62 4 5.54060372 2.61834141 1.57695825 2.16913618 6.60263991 3.360688626887e+01 2.079497061065e+00 2.898094571133e-01 1.007204926556e+00 6.196655487359e+01
26 63 4 5.54060372 2.61834141 1.57695825 2.16913618 6.60263991 3.475419316820e+01 2.151121671331e+00 2.995841045672e-01 1.041568987279e+00 6.403237523550e+01
