# environment=00218 local_bs=4 gain_scale=3.185727515350e-12
# ue subcarrier serving_bs phi0 phi1 phi2 phi3 phi4 gain0 gain1 gain2 gain3 gain4
4 0 4 2.10551133 2.66797883 3.20241899 1.30366152 4.05180183 1.744188073947e+00 3.905874953210e+00 1.003083227147e+01 2.534534668290e-01 1.905605773604e+01
4 1 4 2.10551133 2.66797883 3.20241899 1.30366152 4.05180183 1.904934165831e+00 3.372324101961e+00 8.763305971748e+00 2.450563117665e-01 1.809766559566e+01
4 2 4 2.10551133 2.66797883 3.20241899 1.30366152 4.05180183 2.023888121412e+00 2.981540307442e+00 7.539670005885e+00 2.372744337146e-01 1.845394896405e+01
4 3 4 2.10551133 2.66797883 3.20241899 1.30366152 4.05180183 2.054135765633e+00 2.737436361380e+00 6.617899298009e+00 2.286363713723e-01 1.947422184395e+01
4 4 4 2.10551133 2.66797883 3.20241899 1.30366152 4.05180183 1.992791058572e+00 2.647930004009e+00 6.189263117646e+00 2.201012436528e-01 2.028541406829e+01
4 5 4 2.10551133 2.66797883 3.20241899 1.30366152 4.05180183 1.857835046611e+00 2.707775147210e+00 6.253075172163e+00 2.114655375423e-01 2.025977365745e+01
4 6 4 2.10551133 2.66797883 3.20241899 1.30366152 4.05180183 1.653873247884e+00 2.897915742087e+00 6.687225612517e+00 2.031005105837e-01 1.916087727979e+01
4 7 4 2.10551133 2.66797883 3.20241899 1.30366152 4.05180183 1.429161226195e+00 3.142410347105e+00 7.250092486820e+00 1.963137753266e-01 1.726753890805e+01
4 8 4 2.10551133 2.66797883 3.20241899 1.30366152 4.05180183 1.210740753022e+00 3.412303439419e+00 7.685532877325e+00 1.899971271322e-01 1.524584228629e+01
4 9 4 2.10551133 2.66797883 3.20241899 1.30366152 4.05180183 1.033029233522e+00 3.650171241596e+00 7.794614824590e+00 1.836832729451e-01 1.384324296839e+01
4 10 4 2.10551133 2.66797883 3.20241899 1.30366152 4.05180183 9.253451740933e-01 3.840465470203e+00 7.484178342492e+00 1.774066597320e-01 1.337904118204e+01
4 11 4 2.10551133 2.66797883 3.20241899 1.30366152 4.05180183 8.904188318861e-01 3.924308678608e+00 6.834929045683e+00 1.702601122036e-01 1.382613517879e+01
4 12 4 2.10551133 2.66797883 3.20241899 1.30366152 4.05180183 9.136687366338e-01 3.919637768528e+00 5.972520315073e+00 1.633017949096e-01 1.460556775719e+01
4 13 4 2.10551133 2.66797883 3.20241899 1.30366152 4.05180183 9.827765113442e-01 3.811915342439e+00 5.141449435412e+00 1.574013030804e-01 1.513267294331e+01
4 14 4 2.10551133 2.66797883 3.20241899 1.30366152 4.05180183 1.086335455213e+00 3.612456861164e+00 4.544237648402e+00 1.521978835155e-01 1.498344556397e+01
4 15 4 2.10551133 2.66797883 3.20241899 1.30366152 4.05180183 1.182466956034e+00 3.320251137182e+00 4.272059200843e+00 1.481537888162e-01 1.408755661619e+01
4 16 4 2.10551133 2.66797883 3.20241899 1.30366152 4.05180183 1.254424417904e+00 2.976121577631e+00 4.359994632065e+00 1.444510174206e-01 1.268426409845e+01
4 17 4 2.10551133 2.66797883 3.20241899 1.30366152 4.05180183 1.280320927074e+00 2.623213577269e+00 4.703248161102e+00 1.401068328085e-01 1.131436824851e+01
4 18 4 2.10551133 2.66797883 3.20241899 1.30366152 4.05180183 1.249646118825e+00 2.285414951793e+00 5.126492609441e+00 1.357115531704e-01 1.047067360314e+01
4 19 4 2.10551133 2.66797883 3.20241899 1.30366152 4.05180183 1.169952422386e+00 1.991018577973e+00 5.454064078562e+00 1.312123382096e-01 1.035717310753e+01
4 20 4 2.10551133 2.66797883 3.20241899 1.30366152 4.05180183 1.050888023027e+00 1.761942804313e+00 5.575219321787e+00 1.270969698355e-01 1.087514397440e+01
4 21 4 2.10551133 2.66797883 3.20241899 1.30366152 4.05180183 9.104048380142e-01 1.614376840309e+00 5.404001885823e+00 1.242754233833e-01 1.158500840210e+01
4 22 4 2.10551133 2.66797883 3.20241899 1.30366152 4.05180183 7.739882144618e-01 1.542234851651e+00 4.984995363322e+00 1.220713034827e-01 1.203606735696e+01
4 23 4 2.10551133 2.66797883 3.20241899 1.30366152 4.05180183 6.768910189789e-01 1.545280239082e+00 4.457801673640e+00 1.202312544052e-01 1.194363028587e+01
4 24 4 2.10551133 2.66797883 3.20241899 1.30366152 4.05180183 6.230401369263e-01 1.627238773426e+00 3.922323301556e+00 1.186270858176e-01 1.127015281471e+01
4 25 4 2.10551133 2.66797883 3.20241899 1.30366152 4.05180183 6.183868385676e-01 1.770503368687e+00 3.536348958705e+00 1.165433539975e-01 1.024469086761e+01
4 26 4 2.10551133 2.66797883 3.20241899 1.30366152 4.05180183 6.602212714249e-01 1.953480814571e+00 3.398837930476e+00 1.146231602220e-01 9.324121576414e+00
4 27 4 2.10551133 2.66797883 3.20241899 1.30366152 4.05180183 7.340483978656e-01 2.145187936810e+00 3.508242306465e+00 1.133185823897e-01 8.881065662403e+00
4 28 4 2.10551133 2.66797883 3.20241899 1.30366152 4.05180183 8.255922823145e-01 2.340080872654e+00 3.817683432110e+00 1.124155222931e-01 9.069027135557e+00
4 29 4 2.10551133 2.66797883 3.20241899 1.30366152 4.05180183 9.150066334252e-01 2.500633130096e+00 4.237937419704e+00 1.123705182092e-01 9.749825975825e+00
4 30 4 2.10551133 2.66797883 3.20241899 1.30366152 4.05180183 9.847866068338e-01 2.621917717499e+00 4.622169356607e+00 1.126763701212e-01 1.056388499081e+01
4 31 4 2.10551133 2.66797883 3.20241899 1.30366152 4.05180183 1.021052688261e+00 2.683773695525e+00 4.840516835353e+00 1.127813673166e-01 1.109749640021e+01
4 32 4 2.10551133 2.66797883 3.20241899 1.30366152 4.05180183 1.028145805852e+00 2.700814566948e+00 4.861949499453e+00 1.131931208595e-01 1.114225317445e+01
4 33 4 2.10551133 2.66797883 3.20241899 1.30366152 4.05180183 9.928890116701e-01 2.649855969586e+00 4.647893719195e+00 1.137427486723e-01 1.063612542432e+01
4 34 4 2.10551133 2.66797883 3.20241899 1.30366152 4.05180183 9.188961278585e-01 2.536104840975e+00 4.263938404468e+00 1.147166294503e-01 9.845025465399e+00
4 35 4 2.10551133 2.66797883 3.20241899 1.30366152 4.05180183 8.262442761732e-01 2.369533654749e+00 3.859568671074e+00 1.166759565186e-01 9.190117004794e+00
4 36 4 2.10551133 2.66797883 3.20241899 1.30366152 4.05180183 7.318196373648e-01 2.176504987798e+00 3.549168182525e+00 1.188838966185e-01 9.055708822325e+00
4 37 4 2.10551133 2.66797883 3.20241899 1.30366152 4.05180183 6.598779401197e-01 1.976124854566e+00 3.454038472335e+00 1.212073008150e-01 9.565758781874e+00
4 38 4 2.10551133 2.66797883 3.20241899 1.30366152 4.05180183 6.270123599072e-01 1.789333827072e+00 3.644275322968e+00 1.236540840187e-01 1.056974695695e+01
4 39 4 2.10551133 2.66797883 3.20241899 1.30366152 4.05180183 6.468972358115e-01 1.651433100362e+00 4.094697755329e+00 1.257424654803e-01 1.166270586876e+01
4 40 4 2.10551133 2.66797883 3.20241899 1.30366152 4.05180183 7.178587718460e-01 1.579527003171e+00 4.680826069744e+00 1.283466719052e-01 1.239970337270e+01
4 41 4 2.10551133 2.66797883 3.20241899 1.30366152 4.05180183 8.397272267144e-01 1.583880407336e+00 5.275663222257e+00 1.318943245684e-01 1.255700838257e+01
4 42 4 2.10551133 2.66797883 3.20241899 1.30366152 4.05180183 9.832638626815e-01 1.672123327023e+00 5.710215511475e+00 1.360156744776e-01 1.208422868976e+01
4 43 4 2.10551133 2.66797883 3.20241899 1.30366152 4.05180183 1.120078248746e+00 1.858358372021e+00 5.846764818912e+00 1.410113935926e-01 1.134181718921e+01
4 44 4 2.10551133 2.66797883 3.20241899 1.30366152 4.05180183 1.237988350577e+00 2.136944884688e+00 5.698274866997e+00 1.459959234006e-01 1.083094568039e+01
4 45 4 2.10551133 2.66797883 3.20241899 1.30366152 4.05180183 1.314899695084e+00 2.478034969094e+00 5.320439906991e+00 1.502835828867e-01 1.100292492163e+01
4 46 4 2.10551133 2.66797883 3.20241899 1.30366152 4.05180183 1.341312756871e+00 2.861897901071e+00 4.871313940659e+00 1.546385647557e-01 1.194870238707e+01
4 47 4 2.10551133 2.66797883 3.20241899 1.30366152 4.05180183 1.311362101490e+00 3.248271941613e+00 4.551576213707e+00 1.590245330881e-01 1.345547086931e+01
4 48 4 2.10551133 2.66797883 3.20241899 1.30366152 4.05180183 1.238660283255e+00 3.608637843744e+00 4.529854551024e+00 1.641395517684e-01 1.496556336533e+01
4 49 4 2.10551133 2.66797883 3.20241899 1.30366152 4.05180183 1.135925775331e+00 3.883176452250e+00 4.881458805756e+00 1.708282484597e-01 1.595164799237e+01
4 50 4 2.10551133 2.66797883 3.20241899 1.30366152 4.05180183 1.037209036106e+00 4.080325744353e+00 5.571106742675e+00 1.779542324822e-01 1.611538831925e+01
4 51 4 2.10551133 2.66797883 3.20241899 1.30366152 4.05180183 9.659114965551e-01 4.171350157020e+00 6.475297993716e+00 1.852184723933e-01 1.549579489313e+01
4 52 4 2.10551133 2.66797883 3.20241899 1.30366152 4.05180183 9.386801040884e-01 4.162342622831e+00 7.350958654043e+00 1.923269646222e-01 1.460551930709e+01
4 53 4 2.10551133 2.66797883 3.20241899 1.30366152 4.05180183 9.909642195707e-01 4.027500943647e+00 8.003160171255e+00 1.984021075581e-01 1.418520919745e+01
4 54 4 2.10551133 2.66797883 3.20241899 1.30366152 4.05180183 1.125040904186e+00 3.809520520475e+00 8.270948926066e+00 2.048076655499e-01 1.473944010708e+01
4 55 4 2.10551133 2.66797883 3.20241899 1.30366152 4.05180183 1.326848770629e+00 3.539242245109e+00 8.116211260919e+00 2.121712419270e-01 1.633283259141e+01
4 56 4 2.10551133 2.66797883 3.20241899 1.30366152 4.05180183 1.564024225838e+00 3.256135553533e+00 7.647857922745e+00 2.201423807771e-01 1.852962559858e+01
4 57 4 2.10551133 2.66797883 3.20241899 1.30366152 4.05180183 1.807996541611e+00 3.009006384988e+00 7.062363202065e+00 2.294546427832e-01 2.055249079828e+01
4 58 4 2.10551133 2.66797883 3.20241899 1.30366152 4.05180183 2.010310091448e+00 2.855981720582e+00 6.656537179800e+00 2.387847553009e-01 2.170239910487e+01
4 59 4 2.10551133 2.66797883 3.20241899 1.30366152 4.05180183 2.146528595675e+00 2.840234664626e+00 6.635059426194e+00 2.472614024048e-01 2.167654201746e+01
4 60 4 2.10551133 2.66797883 3.20241899 1.30366152 4.05180183 2.192886255374e+00 2.962480515731e+00 7.144457576319e+00 2.560348429687e-01 2.068710719100e+01
4 61 4 2.10551133 2.66797883 3.20241899 1.30366152 4.05180183 2.128329581269e+00 3.241083495965e+00 8.160855039399e+00 2.646722592376e-01 1.952758730890e+01
4 62 4 2.10551133 2.66797883 3.20241899 1.30366152 4.05180183 1.997970981728e+00 3.686653660297e+00 9.479708216810e+00 2.740743698042e-01 1.924665078184e+01
4 63 4 2.10551133 2.66797883 3.20241899 1.30366152 4.05180183 1.831407495155e+00 4.283722479184e+00 1.079744523329e+01 2.852090094226e-01 2.035034366446e+01
5 0 4 1.80888936 8.63386070 2.84898750 1.88056063 12.45864277 9.904427236831e-01 2.653828627546e+02 6.816491803741e+00 7.750028099673e-01 8.369174359138e+02
5 1 4 1.80888936 8.63386070 2.84898750 1.88056063 12.45864277 9.387286958585e-01 2.682172017642e+02 6.757857720597e+00 7.498256292826e-01 8.265215344976e+02
5 2 4 1.80888936 8.63386070 2.84898750 1.88056063 12.45864277 8.856946173220e-01 2.722984673876e+02 6.645590688359e+00 7.231005097375e-01 8.247470319352e+02
5 3 4 1.80888936 8.63386070 2.84898750 1.88056063 12.45864277 8.341501867674e-01 2.764950030668e+02 6.468664508226e+00 6.974509511628e-01 8.253093808397e+02
5 4 4 1.80888936 8.63386070 2.84898750 1.88056063 12.45864277 7.885477845330e-01 2.797142085773e+02 6.217209819574e+00 6.719643319868e-01 8.225170523207e+02
5 5 4 1.80888936 8.63386070 2.84898750 1.88056063 12.45864277 7.473761962407e-01 2.811399982425e+02 5.922364651227e+00 6.475987354079e-01 8.110122691575e+02
5 6 4 1.80888936 8.63386070 2.84898750 1.88056063 12.45864277 7.132683421966e-01 2.805295698009e+02 5.612556263647e+00 6.264042120255e-01 7.893574761742e+02
5 7 4 1.80888936 8.63386070 2.84898750 1.88056063 12.45864277 6.783321986685e-01 2.773294962908e+02 5.255011191907e+00 6.055014551646e-01 7.580698304707e+02
5 8 4 1.80888936 8.63386070 2.84898750 1.88056063 12.45864277 6.426270077730e-01 2.712780787356e+02 4.867729571860e+00 5.854397443163e-01 7.195688940265e+02
5 9 4 1.80888936 8.63386070 2.84898750 1.88056063 12.45864277 6.183615852277e-01 2.624023667219e+02 4.494698214638e+00 5.651401586902e-01 6.779898483273e+02
5 10 4 1.80888936 8.63386070 2.84898750 1.88056063 12.45864277 5.972217640518e-01 2.513284394290e+02 4.119737312176e+00 5.436108762226e-01 6.386957615226e+02
5 11 4 1.80888936 8.63386070 2.84898750 1.88056063 12.45864277 5.757470406834e-01 2.384087865164e+02 3.769548218798e+00 5.237760248267e-01 6.062315664298e+02
5 12 4 1.80888936 8.63386070 2.84898750 1.88056063 12.45864277 5.572522506421e-01 2.243006959967e+02 3.450038866502e+00 5.050157500047e-01 5.835461551600e+02
5 13 4 1.80888936 8.63386070 2.84898750 1.88056063 12.45864277 5.394377056144e-01 2.097178449837e+02 3.145035516911e+00 4.881764009442e-01 5.714164286182e+02
5 14 4 1.80888936 8.63386070 2.84898750 1.88056063 12.45864277 5.289450028209e-01 1.953526159507e+02 2.897801077972e+00 4.735495709908e-01 5.676180441128e+02
5 15 4 1.80888936 8.63386070 2.84898750 1.88056063 12.45864277 5.220224021086e-01 1.816107975179e+02 2.705696520346e+00 4.587523578718e-01 5.686546744899e+02
5 16 4 1.80888936 8.63386070 2.84898750 1.88056063 12.45864277 5.107858782409e-01 1.690241302605e+02 2.544126105099e+00 4.448860781465e-01 5.709574819622e+02
5 17 4 1.80888936 8.63386070 2.84898750 1.88056063 12.45864277 5.015272513412e-01 1.583176725687e+02 2.432974039344e+00 4.314039514768e-01 5.708449784410e+02
5 18 4 1.80888936 8.63386070 2.84898750 1.88056063 12.45864277 4.977058769126e-01 1.498323044358e+02 2.372516346667e+00 4.183081025531e-01 5.654119196956e+02
5 19 4 1.80888936 8.63386070 2.84898750 1.88056063 12.45864277 4.960813266856e-01 1.437813838754e+02 2.351824988965e+00 4.072216154949e-01 5.535437337522e+02
5 20 4 1.80888936 8.63386070 2.84898750 1.88056063 12.45864277 4.937622800604e-01 1.401052279577e+02 2.373940367245e+00 3.966752415335e-01 5.356349476797e+02
5 21 4 1.80888936 8.63386070 2.84898750 1.88056063 12.45864277 4.901829630104e-01 1.388357948689e+02 2.423944861729e+00 3.872559912732e-01 5.135882844729e+02
5 22 4 1.80888936 8.63386070 2.84898750 1.88056063 12.45864277 4.872973654364e-01 1.394704029127e+02 2.490494721230e+00 3.790913724431e-01 4.905308944292e+02
5 23 4 1.80888936 8.63386070 2.84898750 1.88056063 12.45864277 4.893228590135e-01 1.417471652499e+02 2.589553716618e+00 3.713191245557e-01 4.698635479939e+02
5 24 4 1.80888936 8.63386070 2.84898750 1.88056063 12.45864277 4.931601893301e-01 1.452859056666e+02 2.705016757992e+00 3.655203392659e-01 4.539784037190e+02
5 25 4 1.80888936 8.63386070 2.84898750 1.88056063 12.45864277 4.914618088697e-01 1.498223422241e+02 2.807778256651e+00 3.607944282116e-01 4.450805052029e+02
5 26 4 1.80888936 8.63386070 2.84898750 1.88056063 12.45864277 4.904559903320e-01 1.547012574231e+02 2.917627594600e+00 3.567823113071e-01 4.436824529002e+02
5 27 4 1.80888936 8.63386070 2.84898750 1.88056063 12.45864277 4.935161717987e-01 1.595090429183e+02 3.025575808417e+00 3.538632001744e-01 4.487936955592e+02
5 28 4 1.80888936 8.63386070 2.84898750 1.88056063 12.45864277 4.967080562861e-01 1.639023210845e+02 3.113158502700e+00 3.506286734798e-01 4.580493245889e+02
5 29 4 1.80888936 8.63386070 2.84898750 1.88056063 12.45864277 5.002724522512e-01 1.675531448030e+02 3.196217105357e+00 3.483981464209e-01 4.687940536123e+02
5 30 4 1.80888936 8.63386070 2.84898750 1.88056063 12.45864277 4.999139571987e-01 1.701947541767e+02 3.248535860118e+00 3.476125014666e-01 4.780913166735e+02
5 31 4 1.80888936 8.63386070 2.84898750 1.88056063 12.45864277 4.990505593467e-01 1.717028805789e+02 3.270618164853e+00 3.480240029306e-01 4.838049220652e+02
5 32 4 1.80888936 8.63386070 2.84898750 1.88056063 12.45864277 5.040940509932e-01 1.721489179026e+02 3.289790963857e+00 3.506996120785e-01 4.849891855299e+02
5 33 4 1.80888936 8.63386070 2.84898750 1.88056063 12.45864277 5.081476591406e-01 1.712625621548e+02 3.278946540642e+00 3.539616959212e-01 4.810383050464e+02
5 34 4 1.80888936 8.63386070 2.84898750 1.88056063 12.45864277 5.078591522745e-01 1.690868943861e+02 3.232357732132e+00 3.575394782641e-01 4.730604455093e+02
5 35 4 1.80888936 8.63386070 2.84898750 1.88056063 12.45864277 5.071433478655e-01 1.656943447178e+02 3.172235648593e+00 3.617639067595e-01 4.633294964490e+02
5 36 4 1.80888936 8.63386070 2.84898750 1.88056063 12.45864277 5.084137394536e-01 1.615671959822e+02 3.095622236672e+00 3.658253826664e-01 4.551815517335e+02
5 37 4 1.80888936 8.63386070 2.84898750 1.88056063 12.45864277 5.115382446262e-01 1.568671138574e+02 3.001689020576e+00 3.715050730718e-01 4.513999926020e+02
5 38 4 1.80888936 8.63386070 2.84898750 1.88056063 12.45864277 5.140887076906e-01 1.522055645782e+02 2.904665910789e+00 3.785971754247e-01 4.546023583631e+02
5 39 4 1.80888936 8.63386070 2.84898750 1.88056063 12.45864277 5.123845369396e-01 1.480392586763e+02 2.796488549610e+00 3.866051744882e-01 4.655230647455e+02
5 40 4 1.80888936 8.63386070 2.84898750 1.88056063 12.45864277 5.098208446022e-01 1.449236897382e+02 2.684417039137e+00 3.962738858835e-01 4.834937433406e+02
5 41 4 1.80888936 8.63386070 2.84898750 1.88056063 12.45864277 5.136150821408e-01 1.431082100904e+02 2.602910182429e+00 4.059444563062e-01 5.068215600960e+02
5 42 4 1.80888936 8.63386070 2.84898750 1.88056063 12.45864277 5.169292232808e-01 1.431481786223e+02 2.533137643253e+00 4.164151960075e-01 5.324795748423e+02
5 43 4 1.80888936 8.63386070 2.84898750 1.88056063 12.45864277 5.161509254274e-01 1.455071927008e+02 2.474696048091e+00 4.281108397285e-01 5.567221208869e+02
5 44 4 1.80888936 8.63386070 2.84898750 1.88056063 12.45864277 5.168016495575e-01 1.503659432106e+02 2.463627856035e+00 4.399733816330e-01 5.762836827254e+02
5 45 4 1.80888936 8.63386070 2.84898750 1.88056063 12.45864277 5.183229594270e-01 1.577430630872e+02 2.487727307700e+00 4.533227591016e-01 5.893533501388e+02
5 46 4 1.80888936 8.63386070 2.84898750 1.88056063 12.45864277 5.248991089006e-01 1.675161115259e+02 2.557383611112e+00 4.667835379302e-01 5.952175190416e+02
5 47 4 1.80888936 8.63386070 2.84898750 1.88056063 12.45864277 5.332513046945e-01 1.794999347186e+02 2.683568549218e+00 4.803293409199e-01 5.954573759593e+02
5 48 4 1.80888936 8.63386070 2.84898750 1.88056063 12.45864277 5.365864885770e-01 1.930362503312e+02 2.843266743460e+00 4.955216157324e-01 5.931881413333e+02
5 49 4 1.80888936 8.63386070 2.84898750 1.88056063 12.45864277 5.446411878408e-01 2.078111358222e+02 3.064133609812e+00 5.112510927444e-01 5.923455506436e+02
5 50 4 1.80888936 8.63386070 2.84898750 1.88056063 12.45864277 5.600467038767e-01 2.233086363167e+02 3.351023456078e+00 5.291352173123e-01 5.974337123658e+02
5 51 4 1.80888936 8.63386070 2.84898750 1.88056063 12.45864277 5.773578766813e-01 2.389980118373e+02 3.666473908515e+00 5.483722572758e-01 6.123564293142e+02
5 52 4 1.80888936 8.63386070 2.84898750 1.88056063 12.45864277 5.961440557028e-01 2.538125766670e+02 4.018223724558e+00 5.669191232204e-01 6.382482029172e+02
5 53 4 1.80888936 8.63386070 2.84898750 1.88056063 12.45864277 6.168700883467e-01 2.671650130158e+02 4.411359919347e+00 5.860099056714e-01 6.737962550315e+02
5 54 4 1.80888936 8.63386070 2.84898750 1.88056063 12.45864277 6.435676938686e-01 2.783832665205e+02 4.823706639745e+00 6.040920473675e-01 7.157637619370e+02
5 55 4 1.80888936 8.63386070 2.84898750 1.88056063 12.45864277 6.791724062439e-01 2.869657321155e+02 5.245370721340e+00 6.229026402412e-01 7.595779783154e+02
5 56 4 1.80888936 8.63386070 2.84898750 1.88056063 12.45864277 7.185324897884e-01 2.925380165509e+02 5.662517057608e+00 6.445205725573e-01 7.999241694892e+02
5 57 4 1.80888936 8.63386070 2.84898750 1.88056063 12.45864277 7.560666214615e-01 2.953429486346e+02 6.041571369860e+00 6.671681368144e-01 8.329086184918e+02
5 58 4 1.80888936 8.63386070 2.84898750 1.88056063 12.45864277 8.011232623873e-01 2.956432536312e+02 6.400130667266e+00 6.923154255644e-01 8.550312257089e+02
5 59 4 1.80888936 8.63386070 2.84898750 1.88056063 12.45864277 8.569905151513e-01 2.936045638590e+02 6.738376280761e+00 7.176498651113e-01 8.655883263392e+02
5 60 4 1.80888936 8.63386070 2.84898750 1.88056063 12.45864277 9.134216893090e-01 2.898757994736e+02 6.985791162375e+00 7.418064147946e-01 8.674568194243e+02
5 61 4 1.80888936 8.63386070 2.84898750 1.88056063 12.45864277 9.746192416630e-01 2.855570769592e+02 7.166644170675e+00 7.673509653137e-01 8.661777326199e+02
5 62 4 1.80888936 8.63386070 2.84898750 1.88056063 12.45864277 1.036557383557e+00 2.818205635111e+02 7.297283740278e+00 7.925585720342e-01 8.681293766271e+02
5 63 4 1.80888936 8.63386070 2.84898750 1.88056063 12.45864277 1.100313473877e+00 2.795833511384e+02 7.345304152335e+00 8.198443991605e-01 8.796533196166e+02
8 0 4 1.51828861 11.10159444 2.18963409 2.17162948 13.13590574 5.486562436878e-01 7.030660104001e+02 2.071085602058e+00 1.869067449920e+00 1.066048686793e+03
8 1 4 1.51828861 11.10159444 2.18963409 2.17162948 13.13590574 5.243305705282e-01 6.653811787353e+02 2.112286416720e+00 1.802097905486e+00 1.042153919291e+03
8 2 4 1.51828861 11.10159444 2.18963409 2.17162948 13.13590574 4.978169328761e-01 6.236821658667e+02 2.143746368141e+00 1.737478288592e+00 1.002634499974e+03
8 3 4 1.51828861 11.10159444 2.18963409 2.17162948 13.13590574 4.688284701930e-01 5.817218887248e+02 2.160330070699e+00 1.676052322855e+00 9.517950334821e+02
8 4 4 1.51828861 11.10159444 2.18963409 2.17162948 13.13590574 4.465551406034e-01 5.431180661113e+02 2.161794436337e+00 1.615531835184e+00 8.992428238255e+02
8 5 4 1.51828861 11.10159444 2.18963409 2.17162948 13.13590574 4.246647316475e-01 5.106115820912e+02 2.137574256173e+00 1.560158587117e+00 8.538673949103e+02
8 6 4 1.51828861 11.10159444 2.18963409 2.17162948 13.13590574 4.006083719891e-01 4.853621150229e+02 2.085521817288e+00 1.506669112736e+00 8.217220541986e+02
8 7 4 1.51828861 11.10159444 2.18963409 2.17162948 13.13590574 3.741507026583e-01 4.679443507570e+02 1.999167835495e+00 1.454051251342e+00 8.035346326983e+02
8 8 4 1.51828861 11.10159444 2.18963409 2.17162948 13.13590574 3.533022792854e-01 4.583875595222e+02 1.908001256807e+00 1.404463290801e+00 7.965233830801e+02
8 9 4 1.51828861 11.10159444 2.18963409 2.17162948 13.13590574 3.348120102045e-01 4.554658336339e+02 1.801498791486e+00 1.354114826261e+00 7.936031596779e+02
8 10 4 1.51828861 11.10159444 2.18963409 2.17162948 13.13590574 3.188420529446e-01 4.572098968771e+02 1.679375865160e+00 1.305446599564e+00 7.872909145976e+02
8 11 4 1.51828861 11.10159444 2.18963409 2.17162948 13.13590574 3.033793826024e-01 4.609478652791e+02 1.552836556053e+00 1.259674584492e+00 7.722481398591e+02
8 12 4 1.51828861 11.10159444 2.18963409 2.17162948 13.13590574 2.880174933032e-01 4.644090380782e+02 1.427253627044e+00 1.214897563564e+00 7.465821930645e+02
8 13 4 1.51828861 11.10159444 2.18963409 2.17162948 13.13590574 2.734773706927e-01 4.650373069827e+02 1.293921175640e+00 1.174609175333e+00 7.126546827544e+02
8 14 4 1.51828861 11.10159444 2.18963409 2.17162948 13.13590574 2.635201027738e-01 4.609960795863e+02 1.176339787647e+00 1.137215816025e+00 6.762477272700e+02
8 15 4 1.51828861 11.10159444 2.18963409 2.17162948 13.13590574 2.576404732511e-01 4.516018016801e+02 1.080452254819e+00 1.101567272023e+00 6.445488179011e+02
8 16 4 1.51828861 11.10159444 2.18963409 2.17162948 13.13590574 2.503934482716e-01 4.372713554004e+02 9.937339362137e-01 1.069515375249e+00 6.221920066333e+02
8 17 4 1.51828861 11.10159444 2.18963409 2.17162948 13.13590574 2.434727077878e-01 4.189742623904e+02 9.235155990191e-01 1.037998209784e+00 6.107662252001e+02
8 18 4 1.51828861 11.10159444 2.18963409 2.17162948 13.13590574 2.390326713185e-01 3.979513215355e+02 8.726944593524e-01 1.008043176527e+00 6.083584876993e+02
8 19 4 1.51828861 11.10159444 2.18963409 2.17162948 13.13590574 2.373981060186e-01 3.759567244723e+02 8.401243622898e-01 9.807985894842e-01 6.102808256194e+02
8 20 4 1.51828861 11.10159444 2.18963409 2.17162948 13.13590574 2.348901552463e-01 3.550784372446e+02 8.257761778522e-01 9.544972719410e-01 6.107865080635e+02
8 21 4 1.51828861 11.10159444 2.18963409 2.17162948 13.13590574 2.344660422102e-01 3.369171617242e+02 8.338964801798e-01 9.318706419406e-01 6.056739609530e+02
8 22 4 1.51828861 11.10159444 2.18963409 2.17162948 13.13590574 2.353946890198e-01 3.229985787862e+02 8.531206305990e-01 9.123934403684e-01 5.931517255626e+02
8 23 4 1.51828861 11.10159444 2.18963409 2.17162948 13.13590574 2.365790853386e-01 3.142701819586e+02 8.832372190015e-01 8.949874435831e-01 5.743075340618e+02
8 24 4 1.51828861 11.10159444 2.18963409 2.17162948 13.13590574 2.366338564705e-01 3.113392744238e+02 9.170540284412e-01 8.814342460811e-01 5.528537125457e+02
8 25 4 1.51828861 11.10159444 2.18963409 2.17162948 13.13590574 2.380178880977e-01 3.135371276375e+02 9.593386759014e-01 8.693238984706e-01 5.341839825432e+02
8 26 4 1.51828861 11.10159444 2.18963409 2.17162948 13.13590574 2.399141826923e-01 3.196202353820e+02 1.007755009077e+00 8.588106410181e-01 5.222751361780e+02
8 27 4 1.51828861 11.10159444 2.18963409 2.17162948 13.13590574 2.422727311298e-01 3.280885648393e+02 1.052998458128e+00 8.509346348967e-01 5.191238442617e+02
8 28 4 1.51828861 11.10159444 2.18963409 2.17162948 13.13590574 2.453970314165e-01 3.374309558313e+02 1.091592171148e+00 8.438356938474e-01 5.239446998211e+02
8 29 4 1.51828861 11.10159444 2.18963409 2.17162948 13.13590574 2.475557946084e-01 3.460788727409e+02 1.126196122332e+00 8.396417980726e-01 5.337753846952e+02
8 30 4 1.51828861 11.10159444 2.18963409 2.17162948 13.13590574 2.473776826618e-01 3.527654245044e+02 1.148207561666e+00 8.384914479602e-01 5.441186704790e+02
8 31 4 1.51828861 11.10159444 2.18963409 2.17162948 13.13590574 2.471919607731e-01 3.566754320194e+02 1.157428537619e+00 8.393348197053e-01 5.509979733814e+02
8 32 4 1.51828861 11.10159444 2.18963409 2.17162948 13.13590574 2.503666570236e-01 3.574993029546e+02 1.166934353942e+00 8.441703413526e-01 5.522028271222e+02
8 33 4 1.51828861 11.10159444 2.18963409 2.17162948 13.13590574 2.529468512446e-01 3.547959218084e+02 1.163162692919e+00 8.511071208104e-01 5.471560281147e+02
8 34 4 1.51828861 11.10159444 2.18963409 2.17162948 13.13590574 2.527419008312e-01 3.489396434941e+02 1.143156020396e+00 8.597554300349e-01 5.382670725020e+02
8 35 4 1.51828861 11.10159444 2.18963409 2.17162948 13.13590574 2.508387678504e-01 3.407704791552e+02 1.114170688616e+00 8.712252798183e-01 5.297314856353e+02
8 36 4 1.51828861 11.10159444 2.18963409 2.17162948 13.13590574 2.508537344289e-01 3.320207437353e+02 1.081071877597e+00 8.832886501433e-01 5.265592383220e+02
8 37 4 1.51828861 11.10159444 2.18963409 2.17162948 13.13590574 2.505760562522e-01 3.242819075324e+02 1.037634855345e+00 8.976032461908e-01 5.317768034520e+02
8 38 4 1.51828861 11.10159444 2.18963409 2.17162948 13.13590574 2.506721220787e-01 3.193881902118e+02 9.986960563955e-01 9.147717651618e-01 5.463736232705e+02
8 39 4 1.51828861 11.10159444 2.18963409 2.17162948 13.13590574 2.503036905897e-01 3.189599278527e+02 9.609387944285e-01 9.335224149060e-01 5.679860349485e+02
8 40 4 1.51828861 11.10159444 2.18963409 2.17162948 13.13590574 2.495203111383e-01 3.240155037517e+02 9.242296486384e-01 9.563586346936e-01 5.917674256609e+02
8 41 4 1.51828861 11.10159444 2.18963409 2.17162948 13.13590574 2.475167853969e-01 3.345925746079e+02 8.918785787272e-01 9.818316439844e-01 6.124703128101e+02
8 42 4 1.51828861 11.10159444 2.18963409 2.17162948 13.13590574 2.474903512436e-01 3.502194839620e+02 8.723342054897e-01 1.009100028515e+00 6.264329037119e+02
8 43 4 1.51828861 11.10159444 2.18963409 2.17162948 13.13590574 2.486410370970e-01 3.699864044138e+02 8.703023897728e-01 1.039656974169e+00 6.325054951885e+02
8 44 4 1.51828861 11.10159444 2.18963409 2.17162948 13.13590574 2.494128090931e-01 3.927385158087e+02 8.873949235897e-01 1.070610652955e+00 6.325233745497e+02
8 45 4 1.51828861 11.10159444 2.18963409 2.17162948 13.13590574 2.513978567388e-01 4.163402343683e+02 9.205333156226e-01 1.103119441123e+00 6.315439264298e+02
8 46 4 1.51828861 11.10159444 2.18963409 2.17162948 13.13590574 2.559408326572e-01 4.389860240979e+02 9.720040435520e-01 1.138216298879e+00 6.356664361753e+02
8 47 4 1.51828861 11.10159444 2.18963409 2.17162948 13.13590574 2.609479022406e-01 4.586227557297e+02 1.046342564439e+00 1.173996871111e+00 6.495252243931e+02
8 48 4 1.51828861 11.10159444 2.18963409 2.17162948 13.13590574 2.648317582954e-01 4.738476123285e+02 1.133296207772e+00 1.213706185616e+00 6.749830063392e+02
8 49 4 1.51828861 11.10159444 2.18963409 2.17162948 13.13590574 2.735904342501e-01 4.833081547721e+02 1.246655346066e+00 1.256453853434e+00 7.100307840762e+02
8 50 4 1.51828861 11.10159444 2.18963409 2.17162948 13.13590574 2.866132877886e-01 4.870912380499e+02 1.378854328891e+00 1.300916572188e+00 7.487974713660e+02
8 51 4 1.51828861 11.10159444 2.18963409 2.17162948 13.13590574 3.013090918102e-01 4.864331426832e+02 1.512891996946e+00 1.349465337527e+00 7.842392968736e+02
8 52 4 1.51828861 11.10159444 2.18963409 2.17162948 13.13590574 3.145276330945e-01 4.833286316058e+02 1.645122136969e+00 1.398410215987e+00 8.108639285659e+02
8 53 4 1.51828861 11.10159444 2.18963409 2.17162948 13.13590574 3.314979061347e-01 4.798861874810e+02 1.788795923517e+00 1.448230392789e+00 8.267342355974e+02
8 54 4 1.51828861 11.10159444 2.18963409 2.17162948 13.13590574 3.511265609822e-01 4.787413549477e+02 1.919920121060e+00 1.500505469537e+00 8.331773070008e+02
8 55 4 1.51828861 11.10159444 2.18963409 2.17162948 13.13590574 3.755950740342e-01 4.824021018275e+02 2.041379795560e+00 1.552177509328e+00 8.365366509880e+02
8 56 4 1.51828861 11.10159444 2.18963409 2.17162948 13.13590574 4.030817023116e-01 4.932042648753e+02 2.155444929259e+00 1.607293977227e+00 8.445939379337e+02
8 57 4 1.51828861 11.10159444 2.18963409 2.17162948 13.13590574 4.307380795440e-01 5.120439795398e+02 2.241006455407e+00 1.665833594890e+00 8.646493113206e+02
8 58 4 1.51828861 11.10159444 2.18963409 2.17162948 13.13590574 4.555785610771e-01 5.398812484328e+02 2.291385880632e+00 1.725900275738e+00 9.000305776849e+02
8 59 4 1.51828861 11.10159444 2.18963409 2.17162948 13.13590574 4.834338419257e-01 5.759665698785e+02 2.320302195424e+00 1.791404446695e+00 9.494154934768e+02
8 60 4 1.51828861 11.10159444 2.18963409 2.17162948 13.13590574 5.180694862039e-01 6.183881716469e+02 2.331218055537e+00 1.858053660592e+00 1.005437991809e+03
8 61 4 1.51828861 11.10159444 2.18963409 2.17162948 13.13590574 5.506374059136e-01 6.631694850700e+02 2.317824559684e+00 1.925405566809e+00 1.057381742329e+03
8 62 4 1.51828861 11.10159444 2.18963409 2.17162948 13.13590574 5.799779191053e-01 7.064315666962e+02 2.287539782404e+00 1.995833876222e+00 1.097010059206e+03
8 63 4 1.51828861 11.10159444 2.18963409 2.17162948 13.13590574 6.079268108615e-01 7.444353664132e+02 2.231751375219e+00 2.064524555473e+00 1.120180812568e+03
9 0 4 2.13908359 4.93022491 3.70829128 1.64791977 5.88212672 1.662933439407e+00 4.324363542990e+01 2.006732439952e+01 1.715368162872e-02 6.630069565682e+01
9 1 4 2.13908359 4.93022491 3.70829128 1.64791977 5.88212672 1.569903237207e+00 4.007602003853e+01 1.908545638735e+01 1.712389676541e-02 6.655465664884e+01
9 2 4 2.13908359 4.93022491 3.70829128 1.64791977 5.88212672 1.485235405063e+00 3.714241794834e+01 1.804201849824e+01 1.668065541562e-02 6.781275929353e+01
9 3 4 2.13908359 4.93022491 3.70829128 1.64791977 5.88212672 1.413743543985e+00 3.444024242960e+01 1.691459230694e+01 1.571503047166e-02 6.978354527511e+01
9 4 4 2.13908359 4.93022491 3.70829128 1.64791977 5.88212672 1.356341649641e+00 3.199913186655e+01 1.573854369924e+01 1.477768450846e-02 7.197546993582e+01
9 5 4 2.13908359 4.93022491 3.70829128 1.64791977 5.88212672 1.301908181030e+00 2.981202864652e+01 1.455247510390e+01 1.382503575995e-02 7.393426603777e+01
9 6 4 2.13908359 4.93022491 3.70829128 1.64791977 5.88212672 1.249515660296e+00 2.799959893788e+01 1.336943881593e+01 1.320779938528e-02 7.539816526304e+01
9 7 4 2.13908359 4.93022491 3.70829128 1.64791977 5.88212672 1.209665043295e+00 2.646951460587e+01 1.225175374885e+01 1.303725741038e-02 7.619135465337e+01
9 8 4 2.13908359 4.93022491 3.70829128 1.64791977 5.88212672 1.173953461708e+00 2.518087369508e+01 1.119882994404e+01 1.296489672338e-02 7.590047451949e+01
9 9 4 2.13908359 4.93022491 3.70829128 1.64791977 5.88212672 1.146347566676e+00 2.409590538015e+01 1.022084582430e+01 1.307563833818e-02 7.452597978609e+01
9 10 4 2.13908359 4.93022491 3.70829128 1.64791977 5.88212672 1.123969164571e+00 2.328279759015e+01 9.350839791419e+00 1.296690095382e-02 7.208952631998e+01
9 11 4 2.13908359 4.93022491 3.70829128 1.64791977 5.88212672 1.101900759512e+00 2.267896360267e+01 8.614674557919e+00 1.254834157030e-02 6.880515296628e+01
9 12 4 2.13908359 4.93022491 3.70829128 1.64791977 5.88212672 1.083723758113e+00 2.228064912951e+01 7.990095244950e+00 1.199683644894e-02 6.482001800343e+01
9 13 4 2.13908359 4.93022491 3.70829128 1.64791977 5.88212672 1.067478955842e+00 2.207868654150e+01 7.466194057698e+00 1.117904246664e-02 6.047316736115e+01
9 14 4 2.13908359 4.93022491 3.70829128 1.64791977 5.88212672 1.061333019883e+00 2.204540517890e+01 7.103703139310e+00 1.046864991392e-02 5.584876132386e+01
9 15 4 2.13908359 4.93022491 3.70829128 1.64791977 5.88212672 1.053028567131e+00 2.208757833025e+01 6.848097968896e+00 9.922569941306e-03 5.118973541246e+01
9 16 4 2.13908359 4.93022491 3.70829128 1.64791977 5.88212672 1.036564185432e+00 2.219726330917e+01 6.672068795885e+00 9.502976948832e-03 4.684664710948e+01
9 17 4 2.13908359 4.93022491 3.70829128 1.64791977 5.88212672 1.029989167817e+00 2.240992170714e+01 6.631642008290e+00 9.366695971469e-03 4.298781871660e+01
9 18 4 2.13908359 4.93022491 3.70829128 1.64791977 5.88212672 1.026603192742e+00 2.271016468761e+01 6.667883846901e+00 9.213419513526e-03 3.975817466099e+01
9 19 4 2.13908359 4.93022491 3.70829128 1.64791977 5.88212672 1.020862697028e+00 2.304752494615e+01 6.763284123200e+00 9.055898739688e-03 3.725538136874e+01
9 20 4 2.13908359 4.93022491 3.70829128 1.64791977 5.88212672 1.013137043802e+00 2.341691607160e+01 6.933088153962e+00 8.850087635076e-03 3.562144905663e+01
9 21 4 2.13908359 4.93022491 3.70829128 1.64791977 5.88212672 1.004813326920e+00 2.380689778540e+01 7.143391956311e+00 8.445322659078e-03 3.481698061611e+01
9 22 4 2.13908359 4.93022491 3.70829128 1.64791977 5.88212672 1.002881190124e+00 2.417336623285e+01 7.390061031781e+00 8.075176296920e-03 3.491434770228e+01
9 23 4 2.13908359 4.93022491 3.70829128 1.64791977 5.88212672 9.991086535986e-01 2.449429555736e+01 7.650713537413e+00 7.669972913348e-03 3.574444107428e+01
9 24 4 2.13908359 4.93022491 3.70829128 1.64791977 5.88212672 9.950852392715e-01 2.483082231670e+01 7.915775484713e+00 7.315712073708e-03 3.709473612701e+01
9 25 4 2.13908359 4.93022491 3.70829128 1.64791977 5.88212672 9.934192724119e-01 2.517868077434e+01 8.185769496386e+00 7.133252222169e-03 3.880462097333e+01
9 26 4 2.13908359 4.93022491 3.70829128 1.64791977 5.88212672 9.888058038121e-01 2.550778653393e+01 8.439880255646e+00 6.955603736648e-03 4.075702684679e+01
9 27 4 2.13908359 4.93022491 3.70829128 1.64791977 5.88212672 9.876773881029e-01 2.577108394806e+01 8.663275627427e+00 6.902332956057e-03 4.271734053612e+01
9 28 4 2.13908359 4.93022491 3.70829128 1.64791977 5.88212672 9.897317666117e-01 2.601544148630e+01 8.852557446867e+00 6.870181413794e-03 4.453155494082e+01
9 29 4 2.13908359 4.93022491 3.70829128 1.64791977 5.88212672 9.925886663197e-01 2.619598265865e+01 9.026167455607e+00 6.796182115040e-03 4.604764239926e+01
9 30 4 2.13908359 4.93022491 3.70829128 1.64791977 5.88212672 9.920484356810e-01 2.632964246678e+01 9.143361868379e+00 6.808313288553e-03 4.714872268006e+01
9 31 4 2.13908359 4.93022491 3.70829128 1.64791977 5.88212672 9.901369304148e-01 2.641152179766e+01 9.194339229549e+00 6.759076449303e-03 4.775443634477e+01
9 32 4 2.13908359 4.93022491 3.70829128 1.64791977 5.88212672 9.980310268325e-01 2.651422493760e+01 9.233724984062e+00 6.764430933896e-03 4.793621569134e+01
9 33 4 2.13908359 4.93022491 3.70829128 1.64791977 5.88212672 1.004583131146e+00 2.655203240576e+01 9.210487633545e+00 6.822476710527e-03 4.754856143252e+01
9 34 4 2.13908359 4.93022491 3.70829128 1.64791977 5.88212672 1.005661830144e+00 2.652394671467e+01 9.116150530659e+00 6.827538448088e-03 4.660851931976e+01
9 35 4 2.13908359 4.93022491 3.70829128 1.64791977 5.88212672 1.008831104846e+00 2.640737031133e+01 9.000090705190e+00 6.929631717146e-03 4.518730902384e+01
9 36 4 2.13908359 4.93022491 3.70829128 1.64791977 5.88212672 1.013105271139e+00 2.627058248112e+01 8.835504540637e+00 6.994485170524e-03 4.346296597246e+01
9 37 4 2.13908359 4.93022491 3.70829128 1.64791977 5.88212672 1.021240470064e+00 2.605761030058e+01 8.627568152614e+00 7.092223506455e-03 4.154567681638e+01
9 38 4 2.13908359 4.93022491 3.70829128 1.64791977 5.88212672 1.025234098602e+00 2.581513831690e+01 8.387626106430e+00 7.314137168056e-03 3.966781356038e+01
9 39 4 2.13908359 4.93022491 3.70829128 1.64791977 5.88212672 1.026843142263e+00 2.554739954746e+01 8.128282042196e+00 7.534937248022e-03 3.801095871745e+01
9 40 4 2.13908359 4.93022491 3.70829128 1.64791977 5.88212672 1.032352856561e+00 2.526791045696e+01 7.869026359440e+00 7.924008019453e-03 3.670839354932e+01
9 41 4 2.13908359 4.93022491 3.70829128 1.64791977 5.88212672 1.033159547686e+00 2.490505453035e+01 7.597594923665e+00 8.345842131262e-03 3.606442668373e+01
9 42 4 2.13908359 4.93022491 3.70829128 1.64791977 5.88212672 1.037504922142e+00 2.449580360059e+01 7.346944558125e+00 8.725450343929e-03 3.620650912942e+01
9 43 4 2.13908359 4.93022491 3.70829128 1.64791977 5.88212672 1.044173427553e+00 2.409772521546e+01 7.135849696142e+00 9.136820577144e-03 3.719923513372e+01
9 44 4 2.13908359 4.93022491 3.70829128 1.64791977 5.88212672 1.044226947207e+00 2.372746411505e+01 6.972898564625e+00 9.347670194614e-03 3.901401475383e+01
9 45 4 2.13908359 4.93022491 3.70829128 1.64791977 5.88212672 1.044956797768e+00 2.338754906641e+01 6.876048918881e+00 9.532715033123e-03 4.173354202114e+01
9 46 4 2.13908359 4.93022491 3.70829128 1.64791977 5.88212672 1.049639060982e+00 2.309981721951e+01 6.851436246379e+00 9.727735183273e-03 4.523844946428e+01
9 47 4 2.13908359 4.93022491 3.70829128 1.64791977 5.88212672 1.060795180577e+00 2.291276677781e+01 6.950686900058e+00 9.924087537134e-03 4.948988669031e+01
9 48 4 2.13908359 4.93022491 3.70829128 1.64791977 5.88212672 1.068382334411e+00 2.276794532694e+01 7.155328090585e+00 1.041912617045e-02 5.431469933398e+01
9 49 4 2.13908359 4.93022491 3.70829128 1.64791977 5.88212672 1.072318443228e+00 2.273128771244e+01 7.462116367605e+00 1.102307332418e-02 5.939886717920e+01
9 50 4 2.13908359 4.93022491 3.70829128 1.64791977 5.88212672 1.087919091968e+00 2.284873648796e+01 7.938417488612e+00 1.177757326685e-02 6.445490327737e+01
9 51 4 2.13908359 4.93022491 3.70829128 1.64791977 5.88212672 1.109054747082e+00 2.322069718066e+01 8.544085646054e+00 1.260582965712e-02 6.933580764831e+01
9 52 4 2.13908359 4.93022491 3.70829128 1.64791977 5.88212672 1.132918700701e+00 2.375993044530e+01 9.268554612266e+00 1.313376337159e-02 7.366671639532e+01
9 53 4 2.13908359 4.93022491 3.70829128 1.64791977 5.88212672 1.158215783520e+00 2.454660107475e+01 1.014175610250e+01 1.352902493215e-02 7.713414924554e+01
9 54 4 2.13908359 4.93022491 3.70829128 1.64791977 5.88212672 1.190173954511e+00 2.555277761017e+01 1.114512792737e+01 1.361408819613e-02 7.949477234031e+01
9 55 4 2.13908359 4.93022491 3.70829128 1.64791977 5.88212672 1.234934234489e+00 2.683972959103e+01 1.224809374047e+01 1.351869346342e-02 8.070744831027e+01
9 56 4 2.13908359 4.93022491 3.70829128 1.64791977 5.88212672 1.280865466004e+00 2.833626858821e+01 1.341585394319e+01 1.365100182122e-02 8.068652266324e+01
9 57 4 2.13908359 4.93022491 3.70829128 1.64791977 5.88212672 1.339157056129e+00 3.019596873017e+01 1.467282497688e+01 1.390041261488e-02 7.979261143322e+01
9 58 4 2.13908359 4.93022491 3.70829128 1.64791977 5.88212672 1.404440022531e+00 3.238272100567e+01 1.595912324312e+01 1.461712324469e-02 7.812622646429e+01
9 59 4 2.13908359 4.93022491 3.70829128 1.64791977 5.88212672 1.466963219946e+00 3.487627634958e+01 1.721346141968e+01 1.563034953170e-02 7.590573667853e+01
9 60 4 2.13908359 4.93022491 3.70829128 1.64791977 5.88212672 1.549450666027e+00 3.755978025189e+01 1.845909698504e+01 1.657712536587e-02 7.352490990600e+01
9 61 4 2.13908359 4.93022491 3.70829128 1.64791977 5.88212672 1.643280196881e+00 4.052723713305e+01 1.961890241850e+01 1.750827078331e-02 7.151905381064e+01
9 62 4 2.13908359 4.93022491 3.70829128 1.64791977 5.88212672 1.738413197032e+00 4.372292604121e+01 2.069012093734e+01 1.786552972178e-02 7.024182891152e+01
9 63 4 2.13908359 4.93022491 3.70829128 1.64791977 5.88212672 1.835162425023e+00 4.713012102002e+01 2.162881258735e+01 1.783044491497e-02 7.001743441155e+01
12 0 4 1.34181068 3.42724218 1.79706971 1.80489780 4.44382472 2.394952822095e-01 1.481048550526e+01 1.252532688683e+00 9.814933792380e-01 2.925834660245e+01
12 1 4 1.34181068 3.42724218 1.79706971 1.80489780 4.44382472 2.202087725627e-01 1.381700141789e+01 1.182766752409e+00 9.413281021709e-01 2.627950550459e+01
12 2 4 1.34181068 3.42724218 1.79706971 1.80489780 4.44382472 2.081083327372e-01 1.248826638059e+01 1.073823374933e+00 9.038559067113e-01 2.489723189550e+01
12 3 4 1.34181068 3.42724218 1.79706971 1.80489780 4.44382472 2.022148909069e-01 1.098769504733e+01 9.489635450561e-01 8.693424747364e-01 2.523090859858e+01
12 4 4 1.34181068 3.42724218 1.79706971 1.80489780 4.44382472 2.062845333843e-01 9.507259217551e+00 8.252071743784e-01 8.353361897462e-01 2.647005032996e+01
12 5 4 1.34181068 3.42724218 1.79706971 1.80489780 4.44382472 2.170154969612e-01 8.236211267691e+00 7.092751455218e-01 8.038551202080e-01 2.745185655624e+01
12 6 4 1.34181068 3.42724218 1.79706971 1.80489780 4.44382472 2.311389213062e-01 7.248875430078e+00 6.186787807588e-01 7.741478285945e-01 2.725466684667e+01
12 7 4 1.34181068 3.42724218 1.79706971 1.80489780 4.44382472 2.441467715225e-01 6.647035781873e+00 5.551180409405e-01 7.438356875847e-01 2.564076043230e+01
12 8 4 1.34181068 3.42724218 1.79706971 1.80489780 4.44382472 2.546403721485e-01 6.430381644244e+00 5.259244586512e-01 7.150356611972e-01 2.306118753045e+01
12 9 4 1.34181068 3.42724218 1.79706971 1.80489780 4.44382472 2.600731549504e-01 6.598135261658e+00 5.277583317084e-01 6.875312260991e-01 2.054149275201e+01
12 10 4 1.34181068 3.42724218 1.79706971 1.80489780 4.44382472 2.636537582523e-01 7.024300456009e+00 5.577236884858e-01 6.600628793606e-01 1.898049575068e+01
12 11 4 1.34181068 3.42724218 1.79706971 1.80489780 4.44382472 2.631178751089e-01 7.576555761424e+00 6.055994892269e-01 6.350898328607e-01 1.872666328594e+01
12 12 4 1.34181068 3.42724218 1.79706971 1.80489780 4.44382472 2.556028901234e-01 8.130048184990e+00 6.572663455313e-01 6.123314642673e-01 1.943787206068e+01
12 13 4 1.34181068 3.42724218 1.79706971 1.80489780 4.44382472 2.401177876473e-01 8.571879128878e+00 6.941746224666e-01 5.904235013390e-01 2.038954379470e+01
12 14 4 1.34181068 3.42724218 1.79706971 1.80489780 4.44382472 2.230100046563e-01 8.843481204026e+00 7.216345860078e-01 5.709932152135e-01 2.079992080067e+01
12 15 4 1.34181068 3.42724218 1.79706971 1.80489780 4.44382472 2.050948611018e-01 8.844371772055e+00 7.301934570390e-01 5.530444787382e-01 2.015434336837e+01
12 16 4 1.34181068 3.42724218 1.79706971 1.80489780 4.44382472 1.857783192630e-01 8.582926205381e+00 7.128233079407e-01 5.351375578769e-01 1.858802356052e+01
12 17 4 1.34181068 3.42724218 1.79706971 1.80489780 4.44382472 1.655970060377e-01 8.062483375830e+00 6.728104244132e-01 5.188252263578e-01 1.667435953950e+01
12 18 4 1.34181068 3.42724218 1.79706971 1.80489780 4.44382472 1.484522305608e-01 7.370272246458e+00 6.184989007408e-01 5.034704007979e-01 1.519540283639e+01
12 19 4 1.34181068 3.42724218 1.79706971 1.80489780 4.44382472 1.338151369649e-01 6.571600192626e+00 5.480699422436e-01 4.884111804946e-01 1.459754164026e+01
12 20 4 1.34181068 3.42724218 1.79706971 1.80489780 4.44382472 1.222853990082e-01 5.751719674091e+00 4.775763214358e-01 4.755186046108e-01 1.497853221431e+01
12 21 4 1.34181068 3.42724218 1.79706971 1.80489780 4.44382472 1.150266007487e-01 5.022855967702e+00 4.172935202367e-01 4.642670794183e-01 1.588810982391e+01
12 22 4 1.34181068 3.42724218 1.79706971 1.80489780 4.44382472 1.132026336989e-01 4.475762835100e+00 3.715884636678e-01 4.539908410312e-01 1.666213310046e+01
12 23 4 1.34181068 3.42724218 1.79706971 1.80489780 4.44382472 1.143873294546e-01 4.193043348392e+00 3.419371480650e-01 4.460141330776e-01 1.671910845733e+01
12 24 4 1.34181068 3.42724218 1.79706971 1.80489780 4.44382472 1.186008653433e-01 4.162691439856e+00 3.329891602953e-01 4.392798858506e-01 1.596185246230e+01
12 25 4 1.34181068 3.42724218 1.79706971 1.80489780 4.44382472 1.252387410566e-01 4.367591819415e+00 3.438387787099e-01 4.329356964802e-01 1.469383698838e+01
12 26 4 1.34181068 3.42724218 1.79706971 1.80489780 4.44382472 1.340775581892e-01 4.740204365848e+00 3.751435398824e-01 4.281666331821e-01 1.345974485526e+01
12 27 4 1.34181068 3.42724218 1.79706971 1.80489780 4.44382472 1.436641368153e-01 5.224909306348e+00 4.161366664011e-01 4.241123546868e-01 1.278003306221e+01
12 28 4 1.34181068 3.42724218 1.79706971 1.80489780 4.44382472 1.543205216037e-01 5.736598488668e+00 4.620779802591e-01 4.204671448865e-01 1.292985610453e+01
12 29 4 1.34181068 3.42724218 1.79706971 1.80489780 4.44382472 1.628252083341e-01 6.187968859497e+00 5.053258680987e-01 4.187780566697e-01 1.374750965729e+01
12 30 4 1.34181068 3.42724218 1.79706971 1.80489780 4.44382472 1.678353477148e-01 6.532986668221e+00 5.373442032290e-01 4.183810532937e-01 1.477780542253e+01
12 31 4 1.34181068 3.42724218 1.79706971 1.80489780 4.44382472 1.702806797639e-01 6.722345712956e+00 5.528490485542e-01 4.190512989045e-01 1.548047385319e+01
12 32 4 1.34181068 3.42724218 1.79706971 1.80489780 4.44382472 1.726427447749e-01 6.755716508657e+00 5.582335047723e-01 4.220148815251e-01 1.553844295254e+01
12 33 4 1.34181068 3.42724218 1.79706971 1.80489780 4.44382472 1.717069917526e-01 6.592569941415e+00 5.447001200463e-01 4.261174001701e-01 1.487941811400e+01
12 34 4 1.34181068 3.42724218 1.79706971 1.80489780 4.44382472 1.658638071828e-01 6.251823570319e+00 5.122395402825e-01 4.308506186041e-01 1.386776327300e+01
12 35 4 1.34181068 3.42724218 1.79706971 1.80489780 4.44382472 1.566437855864e-01 5.771309846233e+00 4.697510960369e-01 4.372521305323e-01 1.306320984637e+01
12 36 4 1.34181068 3.42724218 1.79706971 1.80489780 4.44382472 1.474850566869e-01 5.240801718771e+00 4.256565033046e-01 4.441781743208e-01 1.300520881800e+01
12 37 4 1.34181068 3.42724218 1.79706971 1.80489780 4.44382472 1.378768558045e-01 4.758721888301e+00 3.834940330720e-01 4.515568056925e-01 1.381021254306e+01
12 38 4 1.34181068 3.42724218 1.79706971 1.80489780 4.44382472 1.286334662369e-01 4.401977116493e+00 3.554187689306e-01 4.608836782624e-01 1.520594610176e+01
12 39 4 1.34181068 3.42724218 1.79706971 1.80489780 4.44382472 1.206813592784e-01 4.257975548996e+00 3.442194262422e-01 4.712606399989e-01 1.660868932675e+01
12 40 4 1.34181068 3.42724218 1.79706971 1.80489780 4.44382472 1.154816764294e-01 4.367966717259e+00 3.531626858507e-01 4.828320402017e-01 1.739563737035e+01
12 41 4 1.34181068 3.42724218 1.79706971 1.80489780 4.44382472 1.135409369762e-01 4.761225173737e+00 3.828010065086e-01 4.969354304901e-01 1.726900620147e+01
12 42 4 1.34181068 3.42724218 1.79706971 1.80489780 4.44382472 1.175952029633e-01 5.377106557095e+00 4.346559238612e-01 5.121007448325e-01 1.643552167673e+01
12 43 4 1.34181068 3.42724218 1.79706971 1.80489780 4.44382472 1.270413725727e-01 6.148670906281e+00 5.042265649421e-01 5.280947683322e-01 1.556177414891e+01
12 44 4 1.34181068 3.42724218 1.79706971 1.80489780 4.44382472 1.409814257238e-01 6.986460030317e+00 5.837916983643e-01 5.459540701240e-01 1.528744218748e+01
12 45 4 1.34181068 3.42724218 1.79706971 1.80489780 4.44382472 1.585486915632e-01 7.813278058640e+00 6.552034631237e-01 5.639893639152e-01 1.603312241670e+01
12 46 4 1.34181068 3.42724218 1.79706971 1.80489780 4.44382472 1.809216627647e-01 8.550219821646e+00 7.178217466131e-01 5.824020550529e-01 1.770664527554e+01
12 47 4 1.34181068 3.42724218 1.79706971 1.80489780 4.44382472 2.040592220563e-01 9.082241390589e+00 7.634488327700e-01 6.028122695895e-01 1.976912833031e+01
12 48 4 1.34181068 3.42724218 1.79706971 1.80489780 4.44382472 2.269558476659e-01 9.359001129097e+00 7.828845273686e-01 6.238571299663e-01 2.139155098650e+01
12 49 4 1.34181068 3.42724218 1.79706971 1.80489780 4.44382472 2.488167177829e-01 9.336158088099e+00 7.759144226941e-01 6.462001391537e-01 2.199361951063e+01
12 50 4 1.34181068 3.42724218 1.79706971 1.80489780 4.44382472 2.688858554866e-01 9.059836185230e+00 7.507767036937e-01 6.714231512746e-01 2.152993586345e+01
12 51 4 1.34181068 3.42724218 1.79706971 1.80489780 4.44382472 2.800291363493e-01 8.567408593225e+00 7.001016823479e-01 6.974483034347e-01 2.051863161617e+01
12 52 4 1.34181068 3.42724218 1.79706971 1.80489780 4.44382472 2.834032807416e-01 7.952649290594e+00 6.394262569270e-01 7.244673343105e-01 1.980159096835e+01
12 53 4 1.34181068 3.42724218 1.79706971 1.80489780 4.44382472 2.816232210643e-01 7.354468427943e+00 5.885192550510e-01 7.535264113649e-01 2.021501813869e+01
12 54 4 1.34181068 3.42724218 1.79706971 1.80489780 4.44382472 2.769788091046e-01 6.932097931206e+00 5.583839506536e-01 7.820487222325e-01 2.204133430724e+01
12 55 4 1.34181068 3.42724218 1.79706971 1.80489780 4.44382472 2.648738249623e-01 6.837895739413e+00 5.541625684125e-01 8.107289739013e-01 2.481168411496e+01
12 56 4 1.34181068 3.42724218 1.79706971 1.80489780 4.44382472 2.486054228309e-01 7.124998311342e+00 5.868292520138e-01 8.413164585545e-01 2.745600567848e+01
12 57 4 1.34181068 3.42724218 1.79706971 1.80489780 4.44382472 2.308755121653e-01 7.835574637172e+00 6.544257671654e-01 8.717345938298e-01 2.907036005358e+01
12 58 4 1.34181068 3.42724218 1.79706971 1.80489780 4.44382472 2.173924566966e-01 8.930207912106e+00 7.605726309000e-01 9.035347716964e-01 2.913376781946e+01
12 59 4 1.34181068 3.42724218 1.79706971 1.80489780 4.44382472 2.098204936394e-01 1.036270315209e+01 8.915373850329e-01 9.385377685485e-01 2.803865531449e+01
12 60 4 1.34181068 3.42724218 1.79706971 1.80489780 4.44382472 2.124481843387e-01 1.196506541781e+01 1.036866987904e+00 9.738324671194e-01 2.674329972522e+01
12 61 4 1.34181068 3.42724218 1.79706971 1.80489780 4.44382472 2.212263692365e-01 1.353663561834e+01 1.177251321191e+00 1.010405127580e+00 2.658177523373e+01
12 62 4 1.34181068 3.42724218 1.79706971 1.80489780 4.44382472 2.392777697344e-01 1.488882889638e+01 1.289745977956e+00 1.049144566550e+00 2.819411232763e+01
12 63 4 1.34181068 3.42724218 1.79706971 1.80489780 4.44382472 2.688231199847e-01 1.585582791896e+01 1.353465468723e+00 1.086309229600e+00 3.141308402377e+01
21 0 4 1.71360436 5.67358860 2.59443658 1.77433673 18.57490444 6.815065233550e-01 8.146648758270e+01 4.373210066698e+00 8.515520769562e-01 2.400328369176e+03
21 1 4 1.71360436 5.67358860 2.59443658 1.77433673 18.57490444 7.106868454756e-01 7.433376246449e+01 3.869053124588e+00 8.212177136328e-01 2.295748623082e+03
21 2 4 1.71360436 5.67358860 2.59443658 1.77433673 18.57490444 7.399662997743e-01 6.703178492381e+01 3.396567306856e+00 7.919288013384e-01 2.201150357929e+03
21 3 4 1.71360436 5.67358860 2.59443658 1.77433673 18.57490444 7.667447319707e-01 6.025027014417e+01 3.012825873124e+00 7.621775945394e-01 2.131559404820e+03
21 4 4 1.71360436 5.67358860 2.59443658 1.77433673 18.57490444 7.805018135767e-01 5.458552353715e+01 2.703755479426e+00 7.337378213011e-01 2.090051195377e+03
21 5 4 1.71360436 5.67358860 2.59443658 1.77433673 18.57490444 7.910524255562e-01 5.056319828664e+01 2.515584141504e+00 7.091346184905e-01 2.064871660360e+03
21 6 4 1.71360436 5.67358860 2.59443658 1.77433673 18.57490444 7.961041281389e-01 4.830042057098e+01 2.461391663817e+00 6.851270190977e-01 2.036219154482e+03
21 7 4 1.71360436 5.67358860 2.59443658 1.77433673 18.57490444 7.829413557282e-01 4.758489271219e+01 2.491034604519e+00 6.616567070089e-01 1.988972972657e+03
21 8 4 1.71360436 5.67358860 2.59443658 1.77433673 18.57490444 7.549172202023e-01 4.816892786764e+01 2.591913115006e+00 6.383316651440e-01 1.920110315268e+03
21 9 4 1.71360436 5.67358860 2.59443658 1.77433673 18.57490444 7.198640546189e-01 4.964782214003e+01 2.743996562971e+00 6.140747120613e-01 1.839587713369e+03
21 10 4 1.71360436 5.67358860 2.59443658 1.77433673 18.57490444 6.803435511657e-01 5.157131429644e+01 2.901592510024e+00 5.919936935869e-01 1.763784214212e+03
21 11 4 1.71360436 5.67358860 2.59443658 1.77433673 18.57490444 6.337204941317e-01 5.336866580821e+01 3.039000442837e+00 5.714352319550e-01 1.707628635633e+03
21 12 4 1.71360436 5.67358860 2.59443658 1.77433673 18.57490444 5.825193091999e-01 5.471845450371e+01 3.130894067186e+00 5.512259675966e-01 1.674146423065e+03
21 13 4 1.71360436 5.67358860 2.59443658 1.77433673 18.57490444 5.272925659869e-01 5.524914143096e+01 3.136569277538e+00 5.327456816161e-01 1.655947077441e+03
21 14 4 1.71360436 5.67358860 2.59443658 1.77433673 18.57490444 4.779296051151e-01 5.472261625025e+01 3.076967644425e+00 5.147744375560e-01 1.638754434293e+03
21 15 4 1.71360436 5.67358860 2.59443658 1.77433673 18.57490444 4.376672743042e-01 5.300413924673e+01 2.961039407104e+00 4.983887307384e-01 1.609032880446e+03
21 16 4 1.71360436 5.67358860 2.59443658 1.77433673 18.57490444 3.974647379236e-01 5.030221948504e+01 2.762153108831e+00 4.844014327183e-01 1.562955729915e+03
21 17 4 1.71360436 5.67358860 2.59443658 1.77433673 18.57490444 3.632647135132e-01 4.689573506665e+01 2.524411885625e+00 4.703385336984e-01 1.506983760018e+03
21 18 4 1.71360436 5.67358860 2.59443658 1.77433673 18.57490444 3.394419297550e-01 4.310110511163e+01 2.273630693189e+00 4.566910217674e-01 1.453689652052e+03
21 19 4 1.71360436 5.67358860 2.59443658 1.77433673 18.57490444 3.247513468629e-01 3.928547400123e+01 2.022715367355e+00 4.435997266728e-01 1.413933629404e+03
21 20 4 1.71360436 5.67358860 2.59443658 1.77433673 18.57490444 3.183050365057e-01 3.584950087337e+01 1.807361420865e+00 4.309850808678e-01 1.392880449119e+03
21 21 4 1.71360436 5.67358860 2.59443658 1.77433673 18.57490444 3.157947719446e-01 3.311106347024e+01 1.636103225211e+00 4.210087813056e-01 1.385891948176e+03
21 22 4 1.71360436 5.67358860 2.59443658 1.77433673 18.57490444 3.186525691794e-01 3.122266323303e+01 1.517003813085e+00 4.126088536410e-01 1.383045425276e+03
21 23 4 1.71360436 5.67358860 2.59443658 1.77433673 18.57490444 3.304321410207e-01 3.031912485221e+01 1.473766538085e+00 4.048510346792e-01 1.373913780341e+03
21 24 4 1.71360436 5.67358860 2.59443658 1.77433673 18.57490444 3.470833484627e-01 3.042987666614e+01 1.500006100400e+00 3.984875018949e-01 1.352104282458e+03
21 25 4 1.71360436 5.67358860 2.59443658 1.77433673 18.57490444 3.618943443614e-01 3.142857862562e+01 1.570457637750e+00 3.924866428548e-01 1.320370684728e+03
21 26 4 1.71360436 5.67358860 2.59443658 1.77433673 18.57490444 3.773888918832e-01 3.303446134381e+01 1.687437254855e+00 3.877761722127e-01 1.288127785321e+03
21 27 4 1.71360436 5.67358860 2.59443658 1.77433673 18.57490444 3.957938559179e-01 3.496729864084e+01 1.833962451508e+00 3.847265426171e-01 1.266283979460e+03
21 28 4 1.71360436 5.67358860 2.59443658 1.77433673 18.57490444 4.130675030311e-01 3.698024745835e+01 1.978861922394e+00 3.816696759435e-01 1.260353648698e+03
21 29 4 1.71360436 5.67358860 2.59443658 1.77433673 18.57490444 4.283235878804e-01 3.876746783260e+01 2.118249248197e+00 3.795435795021e-01 1.269192344679e+03
21 30 4 1.71360436 5.67358860 2.59443658 1.77433673 18.57490444 4.366299182832e-01 4.011544878101e+01 2.218083281828e+00 3.785786098106e-01 1.284550025704e+03
21 31 4 1.71360436 5.67358860 2.59443658 1.77433673 18.57490444 4.402714649243e-01 4.086454267897e+01 2.267030253820e+00 3.787924293915e-01 1.296697152082e+03
21 32 4 1.71360436 5.67358860 2.59443658 1.77433673 18.57490444 4.448283832738e-01 4.099879468904e+01 2.281383664909e+00 3.815661331672e-01 1.299312739060e+03
21 33 4 1.71360436 5.67358860 2.59443658 1.77433673 18.57490444 4.438122355078e-01 4.039578027667e+01 2.238822522542e+00 3.853242475834e-01 1.291235167490e+03
21 34 4 1.71360436 5.67358860 2.59443658 1.77433673 18.57490444 4.343409413593e-01 3.912881921433e+01 2.140444419645e+00 3.892847419655e-01 1.279100791105e+03
21 35 4 1.71360436 5.67358860 2.59443658 1.77433673 18.57490444 4.203860420646e-01 3.732704686762e+01 2.013313115539e+00 3.942339405877e-01 1.273439550527e+03
21 36 4 1.71360436 5.67358860 2.59443658 1.77433673 18.57490444 4.054175746935e-01 3.533977011241e+01 1.871208129512e+00 3.994385692886e-01 1.283307176763e+03
21 37 4 1.71360436 5.67358860 2.59443658 1.77433673 18.57490444 3.891260386061e-01 3.339938299922e+01 1.728192935204e+00 4.061750564059e-01 1.309976857876e+03
21 38 4 1.71360436 5.67358860 2.59443658 1.77433673 18.57490444 3.714584675320e-01 3.189178729500e+01 1.614117851174e+00 4.146816439701e-01 1.347197151921e+03
21 39 4 1.71360436 5.67358860 2.59443658 1.77433673 18.57490444 3.512624520687e-01 3.110595018628e+01 1.536789663241e+00 4.233885105659e-01 1.383349267595e+03
21 40 4 1.71360436 5.67358860 2.59443658 1.77433673 18.57490444 3.331660501869e-01 3.131411674251e+01 1.514459495278e+00 4.335075289843e-01 1.408725554868e+03
21 41 4 1.71360436 5.67358860 2.59443658 1.77433673 18.57490444 3.250288653817e-01 3.252388170512e+01 1.577937348103e+00 4.449711853091e-01 1.421520506254e+03
21 42 4 1.71360436 5.67358860 2.59443658 1.77433673 18.57490444 3.213291918221e-01 3.474775036584e+01 1.704190129923e+00 4.575761811891e-01 1.426879078542e+03
21 43 4 1.71360436 5.67358860 2.59443658 1.77433673 18.57490444 3.219354235152e-01 3.787865431730e+01 1.889414871728e+00 4.723921849041e-01 1.436286666557e+03
21 44 4 1.71360436 5.67358860 2.59443658 1.77433673 18.57490444 3.331129040368e-01 4.169820988390e+01 2.140129915114e+00 4.872014580730e-01 1.460919056784e+03
21 45 4 1.71360436 5.67358860 2.59443658 1.77433673 18.57490444 3.552119641491e-01 4.580088188862e+01 2.416100130128e+00 5.016905163052e-01 1.505725868520e+03
21 46 4 1.71360436 5.67358860 2.59443658 1.77433673 18.57490444 3.895757362712e-01 4.980478697521e+01 2.702090204221e+00 5.173338244372e-01 1.565012694686e+03
21 47 4 1.71360436 5.67358860 2.59443658 1.77433673 18.57490444 4.310925134212e-01 5.334630096511e+01 2.968539152316e+00 5.335800475033e-01 1.626157481820e+03
21 48 4 1.71360436 5.67358860 2.59443658 1.77433673 18.57490444 4.765066126324e-01 5.605886123601e+01 3.171951485632e+00 5.522265121001e-01 1.675354604968e+03
21 49 4 1.71360436 5.67358860 2.59443658 1.77433673 18.57490444 5.311014971352e-01 5.765194986224e+01 3.312014096611e+00 5.728909027502e-01 1.706108098874e+03
21 50 4 1.71360436 5.67358860 2.59443658 1.77433673 18.57490444 5.935218218783e-01 5.809713341207e+01 3.384057097854e+00 5.932768954821e-01 1.724925919236e+03
21 51 4 1.71360436 5.67358860 2.59443658 1.77433673 18.57490444 6.526202157224e-01 5.752591804388e+01 3.354020554687e+00 6.150133853162e-01 1.745329644074e+03
21 52 4 1.71360436 5.67358860 2.59443658 1.77433673 18.57490444 7.034858979603e-01 5.614352457467e+01 3.236966768261e+00 6.375489406474e-01 1.782536688810e+03
21 53 4 1.71360436 5.67358860 2.59443658 1.77433673 18.57490444 7.514770916486e-01 5.419936732522e+01 3.083344289578e+00 6.606790131456e-01 1.844100377013e+03
21 54 4 1.71360436 5.67358860 2.59443658 1.77433673 18.57490444 7.912531644293e-01 5.223414495130e+01 2.895152641837e+00 6.857745517687e-01 1.925294236501e+03
21 55 4 1.71360436 5.67358860 2.59443658 1.77433673 18.57490444 8.222088823922e-01 5.076747609344e+01 2.723512828212e+00 7.099630666088e-01 2.010264771815e+03
21 56 4 1.71360436 5.67358860 2.59443658 1.77433673 18.57490444 8.380127719753e-01 5.036223646466e+01 2.609765780888e+00 7.341074017295e-01 2.081806769744e+03
21 57 4 1.71360436 5.67358860 2.59443658 1.77433673 18.57490444 8.325693263131e-01 5.135612524355e+01 2.564328107062e+00 7.606319673278e-01 2.130168749288e+03
21 58 4 1.71360436 5.67358860 2.59443658 1.77433673 18.57490444 8.230195898940e-01 5.420066251067e+01 2.656497117562e+00 7.884519964009e-01 2.158775474883e+03
21 59 4 1.71360436 5.67358860 2.59443658 1.77433673 18.57490444 8.077739795596e-01 5.881839858253e+01 2.888847661883e+00 8.194552052512e-01 2.185472543460e+03
21 60 4 1.71360436 5.67358860 2.59443658 1.77433673 18.57490444 7.805862238174e-01 6.498411828749e+01 3.226488836803e+00 8.516468834479e-01 2.229554054351e+03
21 61 4 1.71360436 5.67358860 2.59443658 1.77433673 18.57490444 7.474540196282e-01 7.206310857332e+01 3.684047015942e+00 8.818651748724e-01 2.303294697202e+03
21 62 4 1.71360436 5.67358860 2.59443658 1.77433673 18.57490444 7.174111501701e-01 7.968960412199e+01 4.226675129523e+00 9.132226297756e-01 2.403939382413e+03
21 63 4 1.71360436 5.67358860 2.59443658 1.77433673 18.57490444 6.977547894474e-01 8.708847699596e+01 4.788817666223e+00 9.451178635093e-01 2.513435744780e+03
28 0 4 1.71756620 2.92030737 2.43825810 1.42698267 4.54154785 1.027575128575e+00 7.923323226968e+00 2.461632318463e+00 3.726439531831e-01 3.551530660557e+01
28 1 4 1.71756620 2.92030737 2.43825810 1.42698267 4.54154785 1.023075989844e+00 7.081641627581e+00 2.256643325994e+00 3.595910098825e-01 3.234458873128e+01
28 2 4 1.71756620 2.92030737 2.43825810 1.42698267 4.54154785 9.746017669015e-01 6.148209109638e+00 2.278277489375e+00 3.456481763749e-01 2.881996300700e+01
28 3 4 1.71756620 2.92030737 2.43825810 1.42698267 4.54154785 8.982795058046e-01 5.244644939664e+00 2.473667934714e+00 3.320975269285e-01 2.639082235926e+01
28 4 4 1.71756620 2.92030737 2.43825810 1.42698267 4.54154785 7.985402301183e-01 4.486842444379e+00 2.729248695599e+00 3.197282696903e-01 2.577495494566e+01
28 5 4 1.71756620 2.92030737 2.43825810 1.42698267 4.54154785 6.849253468600e-01 3.930405259879e+00 2.974854814249e+00 3.079287764737e-01 2.666867198294e+01
28 6 4 1.71756620 2.92030737 2.43825810 1.42698267 4.54154785 5.850224676543e-01 3.592122476974e+00 3.127574958059e+00 2.976253076817e-01 2.785313757643e+01
28 7 4 1.71756620 2.92030737 2.43825810 1.42698267 4.54154785 5.010766942107e-01 3.474325211914e+00 3.104834014187e+00 2.875056504908e-01 2.817691829634e+01
28 8 4 1.71756620 2.92030737 2.43825810 1.42698267 4.54154785 4.399594072573e-01 3.568814548477e+00 2.920638386960e+00 2.762974100549e-01 2.698626669503e+01
28 9 4 1.71756620 2.92030737 2.43825810 1.42698267 4.54154785 4.115738133201e-01 3.819394255965e+00 2.616741340045e+00 2.656402068277e-01 2.457420296274e+01
28 10 4 1.71756620 2.92030737 2.43825810 1.42698267 4.54154785 4.157423688797e-01 4.160256667479e+00 2.246178911155e+00 2.556383623332e-01 2.195794965549e+01
28 11 4 1.71756620 2.92030737 2.43825810 1.42698267 4.54154785 4.492792541948e-01 4.523044537403e+00 1.900897656544e+00 2.461764830285e-01 2.017557066778e+01
28 12 4 1.71756620 2.92030737 2.43825810 1.42698267 4.54154785 4.932866433378e-01 4.853357204844e+00 1.635088675073e+00 2.379487089679e-01 1.972985494762e+01
28 13 4 1.71756620 2.92030737 2.43825810 1.42698267 4.54154785 5.405134097933e-01 5.065574088920e+00 1.498488305658e+00 2.297428056130e-01 2.041540570408e+01
28 14 4 1.71756620 2.92030737 2.43825810 1.42698267 4.54154785 5.877207043062e-01 5.116934713045e+00 1.508015315372e+00 2.216280939998e-01 2.139597936470e+01
28 15 4 1.71756620 2.92030737 2.43825810 1.42698267 4.54154785 6.137785324375e-01 4.985024249058e+00 1.616125510398e+00 2.148178000462e-01 2.170717506638e+01
28 16 4 1.71756620 2.92030737 2.43825810 1.42698267 4.54154785 6.141162764175e-01 4.713749904610e+00 1.783694931350e+00 2.084863614818e-01 2.091429782776e+01
28 17 4 1.71756620 2.92030737 2.43825810 1.42698267 4.54154785 5.896545914309e-01 4.313867068182e+00 1.958195039550e+00 2.024312808384e-01 1.924560043946e+01
28 18 4 1.71756620 2.92030737 2.43825810 1.42698267 4.54154785 5.436200942589e-01 3.846112170434e+00 2.072564104452e+00 1.967483315142e-01 1.736262921636e+01
28 19 4 1.71756620 2.92030737 2.43825810 1.42698267 4.54154785 4.859599196788e-01 3.351137364935e+00 2.091676628896e+00 1.906493117310e-01 1.607346934228e+01
28 20 4 1.71756620 2.92030737 2.43825810 1.42698267 4.54154785 4.201375952749e-01 2.910063410777e+00 2.006821542122e+00 1.851539599272e-01 1.580292086419e+01
28 21 4 1.71756620 2.92030737 2.43825810 1.42698267 4.54154785 3.591800134409e-01 2.542693123993e+00 1.843670132385e+00 1.810088310970e-01 1.642199751133e+01
28 22 4 1.71756620 2.92030737 2.43825810 1.42698267 4.54154785 3.125554626427e-01 2.293708196238e+00 1.626763869549e+00 1.773302335937e-01 1.734925201280e+01
28 23 4 1.71756620 2.92030737 2.43825810 1.42698267 4.54154785 2.818399793679e-01 2.172619113514e+00 1.401480189917e+00 1.742520607962e-01 1.789335812219e+01
28 24 4 1.71756620 2.92030737 2.43825810 1.42698267 4.54154785 2.738209363903e-01 2.206125722861e+00 1.229693782933e+00 1.715622643305e-01 1.753121058657e+01
28 25 4 1.71756620 2.92030737 2.43825810 1.42698267 4.54154785 2.846454829812e-01 2.354839363393e+00 1.134117423483e+00 1.687919076743e-01 1.636609770219e+01
28 26 4 1.71756620 2.92030737 2.43825810 1.42698267 4.54154785 3.084979095532e-01 2.596147373979e+00 1.132866196221e+00 1.668970556496e-01 1.497873537450e+01
28 27 4 1.71756620 2.92030737 2.43825810 1.42698267 4.54154785 3.442178765048e-01 2.877088895200e+00 1.221102025082e+00 1.656783709689e-01 1.405395619491e+01
28 28 4 1.71756620 2.92030737 2.43825810 1.42698267 4.54154785 3.845023016903e-01 3.179233799511e+00 1.366062975548e+00 1.643622113496e-01 1.400644026999e+01
28 29 4 1.71756620 2.92030737 2.43825810 1.42698267 4.54154785 4.236206344859e-01 3.438967421882e+00 1.541290218049e+00 1.635094922883e-01 1.477773223355e+01
28 30 4 1.71756620 2.92030737 2.43825810 1.42698267 4.54154785 4.518760829420e-01 3.638330527309e+00 1.687989052497e+00 1.630414657387e-01 1.586949059965e+01
28 31 4 1.71756620 2.92030737 2.43825810 1.42698267 4.54154785 4.660597392509e-01 3.744000922633e+00 1.767147286183e+00 1.631244887665e-01 1.664327824250e+01
28 32 4 1.71756620 2.92030737 2.43825810 1.42698267 4.54154785 4.704769116956e-01 3.765220540217e+00 1.778233986828e+00 1.645526374386e-01 1.671527265850e+01
28 33 4 1.71756620 2.92030737 2.43825810 1.42698267 4.54154785 4.575758647625e-01 3.673314371012e+00 1.700793457670e+00 1.664223666160e-01 1.599350479029e+01
28 34 4 1.71756620 2.92030737 2.43825810 1.42698267 4.54154785 4.268500173366e-01 3.480547757423e+00 1.552180060589e+00 1.681893757485e-01 1.492053582093e+01
28 35 4 1.71756620 2.92030737 2.43825810 1.42698267 4.54154785 3.872487325257e-01 3.205281591490e+00 1.384738191325e+00 1.704100870582e-01 1.417095529220e+01
28 36 4 1.71756620 2.92030737 2.43825810 1.42698267 4.54154785 3.455825571831e-01 2.901562990949e+00 1.237253317761e+00 1.727742808668e-01 1.431973920748e+01
28 37 4 1.71756620 2.92030737 2.43825810 1.42698267 4.54154785 3.094918295385e-01 2.606445591954e+00 1.150848941457e+00 1.757257934062e-01 1.537372843206e+01
28 38 4 1.71756620 2.92030737 2.43825810 1.42698267 4.54154785 2.835745662166e-01 2.368796993932e+00 1.159162523797e+00 1.796967049257e-01 1.691422183316e+01
28 39 4 1.71756620 2.92030737 2.43825810 1.42698267 4.54154785 2.761431687552e-01 2.236736388894e+00 1.269956656715e+00 1.836512749889e-01 1.814716275995e+01
28 40 4 1.71756620 2.92030737 2.43825810 1.42698267 4.54154785 2.943325767485e-01 2.248582058173e+00 1.471399004920e+00 1.879211586748e-01 1.853225885138e+01
28 41 4 1.71756620 2.92030737 2.43825810 1.42698267 4.54154785 3.335166641076e-01 2.407237156213e+00 1.719399284339e+00 1.931968351104e-01 1.801922135283e+01
28 42 4 1.71756620 2.92030737 2.43825810 1.42698267 4.54154785 3.915707062906e-01 2.701594634984e+00 1.956867437890e+00 1.989733417246e-01 1.709886309182e+01
28 43 4 1.71756620 2.92030737 2.43825810 1.42698267 4.54154785 4.607323468213e-01 3.116367976145e+00 2.139586021226e+00 2.056383073313e-01 1.646876815562e+01
28 44 4 1.71756620 2.92030737 2.43825810 1.42698267 4.54154785 5.280359691975e-01 3.619846627586e+00 2.226708541222e+00 2.127368696883e-01 1.681433959239e+01
28 45 4 1.71756620 2.92030737 2.43825810 1.42698267 4.54154785 5.872395160508e-01 4.152219055969e+00 2.188286982077e+00 2.191333896255e-01 1.828714297918e+01
28 46 4 1.71756620 2.92030737 2.43825810 1.42698267 4.54154785 6.286115896602e-01 4.641721236718e+00 2.047549719304e+00 2.259458616222e-01 2.037908994423e+01
28 47 4 1.71756620 2.92030737 2.43825810 1.42698267 4.54154785 6.458612062806e-01 5.043016818298e+00 1.857877046618e+00 2.336813052779e-01 2.222156588762e+01
28 48 4 1.71756620 2.92030737 2.43825810 1.42698267 4.54154785 6.360621688452e-01 5.303898130408e+00 1.675963599586e+00 2.419178571861e-01 2.303274289168e+01
28 49 4 1.71756620 2.92030737 2.43825810 1.42698267 4.54154785 6.029916012152e-01 5.396243581128e+00 1.563997920717e+00 2.513103460863e-01 2.259130628409e+01
28 50 4 1.71756620 2.92030737 2.43825810 1.42698267 4.54154785 5.610480102958e-01 5.296611462393e+00 1.584864010641e+00 2.609421784327e-01 2.151596249096e+01
28 51 4 1.71756620 2.92030737 2.43825810 1.42698267 4.54154785 5.152151203519e-01 5.060771970938e+00 1.765716576794e+00 2.703070008896e-01 2.085010186233e+01
28 52 4 1.71756620 2.92030737 2.43825810 1.42698267 4.54154785 4.700602213220e-01 4.728668645060e+00 2.074578386779e+00 2.809329968707e-01 2.143681641899e+01
28 53 4 1.71756620 2.92030737 2.43825810 1.42698267 4.54154785 4.440736504557e-01 4.367088960335e+00 2.464577962764e+00 2.921715813755e-01 2.347574618539e+01
28 54 4 1.71756620 2.92030737 2.43825810 1.42698267 4.54154785 4.479343269666e-01 4.015642835108e+00 2.861555090624e+00 3.033006371663e-01 2.638118422311e+01
28 55 4 1.71756620 2.92030737 2.43825810 1.42698267 4.54154785 4.823765173321e-01 3.773714389958e+00 3.169808803082e+00 3.148448879279e-01 2.889551248465e+01
28 56 4 1.71756620 2.92030737 2.43825810 1.42698267 4.54154785 5.446197201494e-01 3.701688949045e+00 3.334093859587e+00 3.257560541965e-01 3.004297234262e+01
28 57 4 1.71756620 2.92030737 2.43825810 1.42698267 4.54154785 6.343793067685e-01 3.858174946774e+00 3.307921264135e+00 3.370633601015e-01 2.957443686298e+01
28 58 4 1.71756620 2.92030737 2.43825810 1.42698267 4.54154785 7.494264713897e-01 4.251972669413e+00 3.117913433884e+00 3.505913851397e-01 2.825021641814e+01
28 59 4 1.71756620 2.92030737 2.43825810 1.42698267 4.54154785 8.673132101004e-01 4.906979601100e+00 2.857689866465e+00 3.647128043139e-01 2.737088236920e+01
28 60 4 1.71756620 2.92030737 2.43825810 1.42698267 4.54154785 9.717041612783e-01 5.765857276662e+00 2.576028235429e+00 3.790705129752e-01 2.819669684650e+01
28 61 4 1.71756620 2.92030737 2.43825810 1.42698267 4.54154785 1.053932437576e+00 6.735796037242e+00 2.399693969324e+00 3.938104903326e-01 3.089929955250e+01
28 62 4 1.71756620 2.92030737 2.43825810 1.42698267 4.54154785 1.098457235946e+00 7.682867885313e+00 2.438369743995e+00 4.076335529880e-01 3.468567879937e+01
28 63 4 1.71756620 2.92030737 2.43825810 1.42698267 4.54154785 1.099171832389e+00 8.530516683396e+00 2.683911878112e+00 4.223999725385e-01 3.808898798920e+01
