# environment=00264 local_bs=4 gain_scale=3.601095028544e-13
# ue subcarrier serving_bs phi0 phi1 phi2 phi3 phi4 gain0 gain1 gain2 gain3 gain4
0 0 4 1.55868512 3.18577519 3.06747237 1.88740432 3.36810373 4.287632756894e+00 1.588275960913e+00 6.886298980607e+01 2.473812708926e-05 9.582527326786e+01
0 1 4 1.55868512 3.18577519 3.06747237 1.88740432 3.36810373 4.135927334658e+00 1.276994027955e+00 6.304030738300e+01 1.673665793320e-05 9.340751651631e+01
0 2 4 1.55868512 3.18577519 3.06747237 1.88740432 3.36810373 3.991881968287e+00 9.945029893135e-01 5.882071311100e+01 6.200489527786e-05 9.140250224133e+01
0 3 4 1.55868512 3.18577519 3.06747237 1.88740432 3.36810373 3.859606195179e+00 8.011690775163e-01 5.669137177803e+01 5.599574261289e-05 8.857543757350e+01
0 4 4 1.55868512 3.18577519 3.06747237 1.88740432 3.36810373 3.741045418415e+00 7.178587946210e-01 5.676207377195e+01 4.423318448913e-05 8.460303938331e+01
0 5 4 1.55868512 3.18577519 3.06747237 1.88740432 3.36810373 3.631291758154e+00 7.388173985210e-01 5.691980790383e+01 5.400970649947e-05 8.009389633040e+01
0 6 4 1.55868512 3.18577519 3.06747237 1.88740432 3.36810373 3.522463884505e+00 8.411407004625e-01 5.673647203674e+01 7.821833930142e-05 7.610154786086e+01
0 7 4 1.55868512 3.18577519 3.06747237 1.88740432 3.36810373 3.411340181410e+00 9.914867426940e-01 5.457939840232e+01 1.014955075949e-04 7.354884139559e+01
0 8 4 1.55868512 3.18577519 3.06747237 1.88740432 3.36810373 3.301905013992e+00 1.155510002493e+00 5.132905355229e+01 9.893345596407e-05 7.241978660786e+01
0 9 4 1.55868512 3.18577519 3.06747237 1.88740432 3.36810373 3.200205237525e+00 1.299180286226e+00 4.683867083345e+01 6.946542172473e-05 7.144743484853e+01
0 10 4 1.55868512 3.18577519 3.06747237 1.88740432 3.36810373 3.107664032131e+00 1.389134759627e+00 4.357718402976e+01 2.402267756516e-05 6.918243467119e+01
0 11 4 1.55868512 3.18577519 3.06747237 1.88740432 3.36810373 3.020250731929e+00 1.401374329175e+00 4.174214274356e+01 1.484168982797e-05 6.543935065602e+01
0 12 4 1.55868512 3.18577519 3.06747237 1.88740432 3.36810373 2.933799859688e+00 1.326410346275e+00 4.218029173746e+01 1.950706056382e-05 6.133028647458e+01
0 13 4 1.55868512 3.18577519 3.06747237 1.88740432 3.36810373 2.848886326413e+00 1.168835536087e+00 4.262122168133e+01 6.178748958759e-06 5.806364256001e+01
0 14 4 1.55868512 3.18577519 3.06747237 1.88740432 3.36810373 2.769692496557e+00 9.554317157792e-01 4.276959906786e+01 2.516576997210e-07 5.611123781256e+01
0 15 4 1.55868512 3.18577519 3.06747237 1.88740432 3.36810373 2.698511806058e+00 7.383463014253e-01 4.149993650991e+01 9.292811577320e-06 5.520599487363e+01
0 16 4 1.55868512 3.18577519 3.06747237 1.88740432 3.36810373 2.632399000600e+00 5.701279704188e-01 3.971193748468e+01 3.646161871875e-05 5.456051105733e+01
0 17 4 1.55868512 3.18577519 3.06747237 1.88740432 3.36810373 2.565710228119e+00 4.757409647914e-01 3.723734463538e+01 4.390049573053e-05 5.329180557775e+01
0 18 4 1.55868512 3.18577519 3.06747237 1.88740432 3.36810373 2.495488390158e+00 4.539620143066e-01 3.514060515955e+01 3.488376632394e-05 5.118201901782e+01
0 19 4 1.55868512 3.18577519 3.06747237 1.88740432 3.36810373 2.423683514625e+00 4.901838105766e-01 3.408477558365e+01 3.480751916312e-05 4.894521849437e+01
0 20 4 1.55868512 3.18577519 3.06747237 1.88740432 3.36810373 2.354101020925e+00 5.637824795322e-01 3.455066942610e+01 3.768954877416e-05 4.743405354444e+01
0 21 4 1.55868512 3.18577519 3.06747237 1.88740432 3.36810373 2.287946619426e+00 6.576158461029e-01 3.532567526820e+01 6.107836297935e-05 4.677988467759e+01
0 22 4 1.55868512 3.18577519 3.06747237 1.88740432 3.36810373 2.223110331981e+00 7.560589645163e-01 3.562184464210e+01 6.257526721677e-05 4.651011547679e+01
0 23 4 1.55868512 3.18577519 3.06747237 1.88740432 3.36810373 2.157789404697e+00 8.326273746969e-01 3.467302546879e+01 3.151287280263e-05 4.612072070790e+01
0 24 4 1.55868512 3.18577519 3.06747237 1.88740432 3.36810373 2.094097219032e+00 8.627278388055e-01 3.336382156483e+01 2.504003820263e-05 4.527008616945e+01
0 25 4 1.55868512 3.18577519 3.06747237 1.88740432 3.36810373 2.037478839091e+00 8.440878805154e-01 3.131364236034e+01 5.100653897548e-05 4.388339935842e+01
0 26 4 1.55868512 3.18577519 3.06747237 1.88740432 3.36810373 1.992594304777e+00 7.824185131102e-01 2.972061191942e+01 8.087775837859e-05 4.244336747571e+01
0 27 4 1.55868512 3.18577519 3.06747237 1.88740432 3.36810373 1.960230940987e+00 6.795320090314e-01 2.856383608461e+01 8.640353676471e-05 4.175842011144e+01
0 28 4 1.55868512 3.18577519 3.06747237 1.88740432 3.36810373 1.938472146833e+00 5.549100794977e-01 2.908181310762e+01 9.287511959952e-05 4.205226014441e+01
0 29 4 1.55868512 3.18577519 3.06747237 1.88740432 3.36810373 1.926478306269e+00 4.460651632733e-01 2.984474553265e+01 9.887525983871e-05 4.264006722356e+01
0 30 4 1.55868512 3.18577519 3.06747237 1.88740432 3.36810373 1.926378776487e+00 3.763301037779e-01 3.092283410334e+01 1.188094413473e-04 4.281197818524e+01
0 31 4 1.55868512 3.18577519 3.06747237 1.88740432 3.36810373 1.941059834585e+00 3.480663049741e-01 3.096348002189e+01 1.856717303426e-04 4.261406257033e+01
0 32 4 1.55868512 3.18577519 3.06747237 1.88740432 3.36810373 1.970379757117e+00 3.580666558442e-01 3.100416335216e+01 1.842342564916e-04 4.246169965231e+01
0 33 4 1.55868512 3.18577519 3.06747237 1.88740432 3.36810373 2.010176397776e+00 4.004983150341e-01 3.021512776818e+01 1.177528393942e-04 4.251564462210e+01
0 34 4 1.55868512 3.18577519 3.06747237 1.88740432 3.36810373 2.055311193607e+00 4.708090236024e-01 2.982092852350e+01 1.000095766613e-04 4.286047772470e+01
0 35 4 1.55868512 3.18577519 3.06747237 1.88740432 3.36810373 2.103444920000e+00 5.660315031239e-01 2.989083976690e+01 9.437981991582e-05 4.376874169040e+01
0 36 4 1.55868512 3.18577519 3.06747237 1.88740432 3.36810373 2.155404386623e+00 6.656863624287e-01 3.129267989836e+01 8.807004385802e-05 4.522861890222e+01
0 37 4 1.55868512 3.18577519 3.06747237 1.88740432 3.36810373 2.211866428585e+00 7.349688073572e-01 3.309394230595e+01 8.156466911558e-05 4.660130616305e+01
0 38 4 1.55868512 3.18577519 3.06747237 1.88740432 3.36810373 2.270329699826e+00 7.580138358406e-01 3.464966200525e+01 5.019380100078e-05 4.730732289636e+01
0 39 4 1.55868512 3.18577519 3.06747237 1.88740432 3.36810373 2.326113062157e+00 7.392385073186e-01 3.555112729952e+01 2.432719004608e-05 4.758846304459e+01
0 40 4 1.55868512 3.18577519 3.06747237 1.88740432 3.36810373 2.376536747433e+00 6.798215606759e-01 3.567347164442e+01 3.243205200797e-05 4.815210791297e+01
0 41 4 1.55868512 3.18577519 3.06747237 1.88740432 3.36810373 2.423639266624e+00 5.860212827185e-01 3.511654091230e+01 6.405891658039e-05 4.934712676758e+01
0 42 4 1.55868512 3.18577519 3.06747237 1.88740432 3.36810373 2.472207466398e+00 4.824726647530e-01 3.423326571654e+01 6.068323988126e-05 5.105861604200e+01
0 43 4 1.55868512 3.18577519 3.06747237 1.88740432 3.36810373 2.525150954719e+00 3.935872825934e-01 3.421900127785e+01 3.722442057706e-05 5.303995949888e+01
0 44 4 1.55868512 3.18577519 3.06747237 1.88740432 3.36810373 2.581407837088e+00 3.319810589527e-01 3.570193669306e+01 3.570734510158e-05 5.493212117021e+01
0 45 4 1.55868512 3.18577519 3.06747237 1.88740432 3.36810373 2.638816123861e+00 3.093149675234e-01 3.809010596935e+01 3.684049275104e-05 5.633790349554e+01
0 46 4 1.55868512 3.18577519 3.06747237 1.88740432 3.36810373 2.698617244398e+00 3.376303460073e-01 4.042994668083e+01 4.674731915218e-05 5.734702839156e+01
0 47 4 1.55868512 3.18577519 3.06747237 1.88740432 3.36810373 2.766103761961e+00 4.240160669759e-01 4.197761230604e+01 3.730409877400e-05 5.870117725508e+01
0 48 4 1.55868512 3.18577519 3.06747237 1.88740432 3.36810373 2.846178776441e+00 5.685473911159e-01 4.295285370127e+01 8.679738573212e-06 6.105095333314e+01
0 49 4 1.55868512 3.18577519 3.06747237 1.88740432 3.36810373 2.938638839383e+00 7.514125919564e-01 4.303073618507e+01 4.476245269906e-07 6.427736229719e+01
0 50 4 1.55868512 3.18577519 3.06747237 1.88740432 3.36810373 3.038736478258e+00 9.267178732069e-01 4.311720033050e+01 7.649426821169e-06 6.772503507943e+01
0 51 4 1.55868512 3.18577519 3.06747237 1.88740432 3.36810373 3.142733852446e+00 1.047383534880e+00 4.378155402777e+01 2.188353158724e-05 7.072083925783e+01
0 52 4 1.55868512 3.18577519 3.06747237 1.88740432 3.36810373 3.252227227372e+00 1.091293179686e+00 4.653092264922e+01 1.619272632946e-05 7.277271957495e+01
0 53 4 1.55868512 3.18577519 3.06747237 1.88740432 3.36810373 3.372111126876e+00 1.059215831753e+00 5.028419542973e+01 2.756115605983e-05 7.388349405306e+01
0 54 4 1.55868512 3.18577519 3.06747237 1.88740432 3.36810373 3.504380476757e+00 9.641121810041e-01 5.426006686099e+01 7.747530026400e-05 7.492348074445e+01
0 55 4 1.55868512 3.18577519 3.06747237 1.88740432 3.36810373 3.645174780834e+00 8.285712251273e-01 5.671629620256e+01 1.083747140067e-04 7.708438859597e+01
0 56 4 1.55868512 3.18577519 3.06747237 1.88740432 3.36810373 3.789084286846e+00 6.805028581154e-01 5.782377765922e+01 1.100362982314e-04 8.063162130003e+01
0 57 4 1.55868512 3.18577519 3.06747237 1.88740432 3.36810373 3.936173151747e+00 5.474468182212e-01 5.802493724473e+01 8.428521462991e-05 8.463443248653e+01
0 58 4 1.55868512 3.18577519 3.06747237 1.88740432 3.36810373 4.093400750198e+00 4.576894509215e-01 5.808148770960e+01 5.857790679945e-05 8.806238706550e+01
0 59 4 1.55868512 3.18577519 3.06747237 1.88740432 3.36810373 4.268125872912e+00 4.384706081416e-01 5.925448102034e+01 4.839561863382e-05 9.067552979732e+01
0 60 4 1.55868512 3.18577519 3.06747237 1.88740432 3.36810373 4.460691081230e+00 5.067069069518e-01 6.196801553150e+01 6.067080833865e-05 9.287639763437e+01
0 61 4 1.55868512 3.18577519 3.06747237 1.88740432 3.36810373 4.664685028653e+00 6.656146019222e-01 6.654912635882e+01 6.471460425701e-05 9.532019909000e+01
0 62 4 1.55868512 3.18577519 3.06747237 1.88740432 3.36810373 4.874811344412e+00 8.992193583342e-01 7.121621144089e+01 1.587376409607e-05 9.863410224704e+01
0 63 4 1.55868512 3.18577519 3.06747237 1.88740432 3.36810373 5.093067128206e+00 1.158065164023e+00 7.457137294241e+01 2.596466214169e-05 1.028592401056e+02
2 0 4 1.13764480 1.93763173 1.77525889 2.26994804 1.81873182 2.051541735109e-01 3.805900450728e-03 8.398576594174e+00 1.119571571416e-01 8.380507313989e+00
2 1 4 1.13764480 1.93763173 1.77525889 2.26994804 1.81873182 1.959694197244e-01 4.462535555185e-03 8.719344915041e+00 1.058167927252e-01 8.210498681936e+00
2 2 4 1.13764480 1.93763173 1.77525889 2.26994804 1.81873182 1.875037557352e-01 4.227930434549e-03 8.984854583480e+00 9.947771632075e-02 8.081587795103e+00
2 3 4 1.13764480 1.93763173 1.77525889 2.26994804 1.81873182 1.792966877624e-01 3.811916128861e-03 9.204416253932e+00 9.524646294536e-02 7.824175934995e+00
2 4 4 1.13764480 1.93763173 1.77525889 2.26994804 1.81873182 1.718126449026e-01 3.194075844285e-03 9.008758087946e+00 9.202753451072e-02 7.478983378727e+00
2 5 4 1.13764480 1.93763173 1.77525889 2.26994804 1.81873182 1.656993423795e-01 3.090014316793e-03 8.512335478076e+00 8.823951163653e-02 7.224434316821e+00
2 6 4 1.13764480 1.93763173 1.77525889 2.26994804 1.81873182 1.606865705213e-01 3.944625738895e-03 7.817917529086e+00 8.427475800418e-02 6.925657016695e+00
2 7 4 1.13764480 1.93763173 1.77525889 2.26994804 1.81873182 1.555811852313e-01 4.362755421258e-03 6.709943379113e+00 8.084704634171e-02 6.546796180743e+00
2 8 4 1.13764480 1.93763173 1.77525889 2.26994804 1.81873182 1.494187397838e-01 3.760896711179e-03 5.469679418251e+00 7.967125816750e-02 6.320416078518e+00
2 9 4 1.13764480 1.93763173 1.77525889 2.26994804 1.81873182 1.424266189049e-01 3.406158144021e-03 4.497495229475e+00 7.799937436800e-02 6.177725737334e+00
2 10 4 1.13764480 1.93763173 1.77525889 2.26994804 1.81873182 1.357107783081e-01 3.750804382155e-03 3.826318237980e+00 7.567084216834e-02 5.887264255678e+00
2 11 4 1.13764480 1.93763173 1.77525889 2.26994804 1.81873182 1.300938191426e-01 4.148604078447e-03 3.621280112958e+00 7.145970254781e-02 5.571371879809e+00
2 12 4 1.13764480 1.93763173 1.77525889 2.26994804 1.81873182 1.254505274264e-01 4.385770254609e-03 4.001017218649e+00 6.848588942196e-02 5.334436970444e+00
2 13 4 1.13764480 1.93763173 1.77525889 2.26994804 1.81873182 1.211871912846e-01 3.977610708396e-03 4.593158074281e+00 6.592403016874e-02 5.098797574376e+00
2 14 4 1.13764480 1.93763173 1.77525889 2.26994804 1.81873182 1.171379133970e-01 2.348757291860e-03 5.193819483618e+00 6.376660858093e-02 4.872174933352e+00
2 15 4 1.13764480 1.93763173 1.77525889 2.26994804 1.81873182 1.137563301143e-01 8.617070005621e-04 5.740451241432e+00 6.011812663544e-02 4.702672676045e+00
2 16 4 1.13764480 1.93763173 1.77525889 2.26994804 1.81873182 1.114372745872e-01 1.109248202976e-03 6.003465745144e+00 5.661657686065e-02 4.549593264681e+00
2 17 4 1.13764480 1.93763173 1.77525889 2.26994804 1.81873182 1.098720868546e-01 1.924384430809e-03 5.998508566748e+00 5.435049406476e-02 4.411190716960e+00
2 18 4 1.13764480 1.93763173 1.77525889 2.26994804 1.81873182 1.082519871336e-01 1.969329874390e-03 5.704615347907e+00 5.362089968787e-02 4.298314333191e+00
2 19 4 1.13764480 1.93763173 1.77525889 2.26994804 1.81873182 1.060728617000e-01 2.201319519452e-03 5.187766445198e+00 5.291250445005e-02 4.214992928556e+00
2 20 4 1.13764480 1.93763173 1.77525889 2.26994804 1.81873182 1.035797320561e-01 2.804445142615e-03 4.708510682903e+00 5.132443970712e-02 4.144558040779e+00
2 21 4 1.13764480 1.93763173 1.77525889 2.26994804 1.81873182 1.013454497496e-01 2.559700051862e-03 4.204267338838e+00 4.984468112291e-02 4.074209902072e+00
2 22 4 1.13764480 1.93763173 1.77525889 2.26994804 1.81873182 9.950704406058e-02 1.886060282115e-03 3.665297881186e+00 4.939029773936e-02 4.032616607235e+00
2 23 4 1.13764480 1.93763173 1.77525889 2.26994804 1.81873182 9.755319767652e-02 1.668322388610e-03 3.236004621235e+00 4.954980721817e-02 4.008074028837e+00
2 24 4 1.13764480 1.93763173 1.77525889 2.26994804 1.81873182 9.487530975180e-02 1.420498039863e-03 2.924215699271e+00 4.895861300309e-02 3.951604072115e+00
2 25 4 1.13764480 1.93763173 1.77525889 2.26994804 1.81873182 9.141094465464e-02 1.238990306388e-03 2.753769590261e+00 4.704663699545e-02 3.925123170150e+00
2 26 4 1.13764480 1.93763173 1.77525889 2.26994804 1.81873182 8.765270648213e-02 1.503003517611e-03 2.837038105439e+00 4.551307694312e-02 3.931937489693e+00
2 27 4 1.13764480 1.93763173 1.77525889 2.26994804 1.81873182 8.407946258659e-02 1.626395720331e-03 3.065272071697e+00 4.470023262200e-02 3.872059778768e+00
2 28 4 1.13764480 1.93763173 1.77525889 2.26994804 1.81873182 8.073074720643e-02 2.088737319788e-03 3.411989897545e+00 4.499040820734e-02 3.825328823402e+00
2 29 4 1.13764480 1.93763173 1.77525889 2.26994804 1.81873182 7.742245667840e-02 3.300139016769e-03 4.010703934886e+00 4.411546902024e-02 3.843463662187e+00
2 30 4 1.13764480 1.93763173 1.77525889 2.26994804 1.81873182 7.429735312207e-02 3.165390990473e-03 4.457055148261e+00 4.349537649295e-02 3.774775048320e+00
2 31 4 1.13764480 1.93763173 1.77525889 2.26994804 1.81873182 7.199092644621e-02 1.476437605908e-03 4.619440075211e+00 4.298246693744e-02 3.697222449720e+00
2 32 4 1.13764480 1.93763173 1.77525889 2.26994804 1.81873182 7.115395177781e-02 1.481695922291e-03 4.808521063551e+00 4.464891811758e-02 3.803275223594e+00
2 33 4 1.13764480 1.93763173 1.77525889 2.26994804 1.81873182 7.184907259626e-02 3.163291167850e-03 4.674674954563e+00 4.595304381504e-02 3.906496611817e+00
2 34 4 1.13764480 1.93763173 1.77525889 2.26994804 1.81873182 7.350697949182e-02 3.280825115074e-03 4.148818671300e+00 4.708666477132e-02 3.876823852473e+00
2 35 4 1.13764480 1.93763173 1.77525889 2.26994804 1.81873182 7.548879733019e-02 2.077415687568e-03 3.706776136836e+00 4.705162274907e-02 3.897531767496e+00
2 36 4 1.13764480 1.93763173 1.77525889 2.26994804 1.81873182 7.760831302168e-02 1.630018998834e-03 3.330970030540e+00 4.807540446263e-02 3.972512187128e+00
2 37 4 1.13764480 1.93763173 1.77525889 2.26994804 1.81873182 8.003785674713e-02 1.510768415847e-03 2.984107265861e+00 4.970659192236e-02 3.979778647093e+00
2 38 4 1.13764480 1.93763173 1.77525889 2.26994804 1.81873182 8.277092899246e-02 1.273923451237e-03 2.921801101853e+00 5.107077574385e-02 4.021974275231e+00
2 39 4 1.13764480 1.93763173 1.77525889 2.26994804 1.81873182 8.534942339312e-02 1.497599856225e-03 3.090528332081e+00 5.135362133370e-02 4.127642251254e+00
2 40 4 1.13764480 1.93763173 1.77525889 2.26994804 1.81873182 8.723514986526e-02 1.756474795251e-03 3.394665832065e+00 5.098425676251e-02 4.211714364029e+00
2 41 4 1.13764480 1.93763173 1.77525889 2.26994804 1.81873182 8.839636214152e-02 1.979954797885e-03 3.859034900163e+00 5.225556011717e-02 4.311856526688e+00
2 42 4 1.13764480 1.93763173 1.77525889 2.26994804 1.81873182 8.937152209089e-02 2.680965154104e-03 4.342354131248e+00 5.415615937301e-02 4.466600093909e+00
2 43 4 1.13764480 1.93763173 1.77525889 2.26994804 1.81873182 9.067232472230e-02 2.925327462689e-03 4.842100111232e+00 5.667106966060e-02 4.624087666028e+00
2 44 4 1.13764480 1.93763173 1.77525889 2.26994804 1.81873182 9.220336252084e-02 2.293072422917e-03 5.433034815497e+00 5.769196996201e-02 4.798753155344e+00
2 45 4 1.13764480 1.93763173 1.77525889 2.26994804 1.81873182 9.340714876076e-02 2.058513026444e-03 5.916968058999e+00 5.979645610509e-02 5.006374037616e+00
2 46 4 1.13764480 1.93763173 1.77525889 2.26994804 1.81873182 9.400017985912e-02 2.015002890399e-03 6.158747560552e+00 6.274232935165e-02 5.235071225661e+00
2 47 4 1.13764480 1.93763173 1.77525889 2.26994804 1.81873182 9.443530560228e-02 1.178669402059e-03 6.182190342360e+00 6.709676456835e-02 5.472282796857e+00
2 48 4 1.13764480 1.93763173 1.77525889 2.26994804 1.81873182 9.551725758811e-02 9.666444735518e-04 5.914976400390e+00 7.010475689249e-02 5.716878854613e+00
2 49 4 1.13764480 1.93763173 1.77525889 2.26994804 1.81873182 9.760879416234e-02 2.587185412747e-03 5.392993258577e+00 7.188809062234e-02 5.988840515757e+00
2 50 4 1.13764480 1.93763173 1.77525889 2.26994804 1.81873182 1.003787534737e-01 4.343647175386e-03 4.748728783475e+00 7.364043018456e-02 6.263986711937e+00
2 51 4 1.13764480 1.93763173 1.77525889 2.26994804 1.81873182 1.033928965782e-01 4.782445185695e-03 4.109731240556e+00 7.631700806104e-02 6.505202125605e+00
2 52 4 1.13764480 1.93763173 1.77525889 2.26994804 1.81873182 1.067890913649e-01 4.513692379703e-03 3.922845183669e+00 7.965004266659e-02 6.779487851920e+00
2 53 4 1.13764480 1.93763173 1.77525889 2.26994804 1.81873182 1.111317969025e-01 4.070158522934e-03 4.262490463848e+00 8.131758961577e-02 7.040621260807e+00
2 54 4 1.13764480 1.93763173 1.77525889 2.26994804 1.81873182 1.165588289334e-01 3.672129961745e-03 4.949431437219e+00 8.264396317434e-02 7.172954057810e+00
2 55 4 1.13764480 1.93763173 1.77525889 2.26994804 1.81873182 1.222962549867e-01 4.000992276162e-03 6.088522438020e+00 8.456070513046e-02 7.375017435269e+00
2 56 4 1.13764480 1.93763173 1.77525889 2.26994804 1.81873182 1.272750364871e-01 4.604129466365e-03 7.347442988417e+00 8.891481550189e-02 7.761602395015e+00
2 57 4 1.13764480 1.93763173 1.77525889 2.26994804 1.81873182 1.312526724142e-01 4.144080465331e-03 8.368259237230e+00 9.383612362347e-02 8.063574594738e+00
2 58 4 1.13764480 1.93763173 1.77525889 2.26994804 1.81873182 1.351352566738e-01 3.240129668052e-03 9.222888601062e+00 9.771985488206e-02 8.248551873313e+00
2 59 4 1.13764480 1.93763173 1.77525889 2.26994804 1.81873182 1.400648820698e-01 3.390975307062e-03 9.810938759800e+00 1.015017365767e-01 8.534255866929e+00
2 60 4 1.13764480 1.93763173 1.77525889 2.26994804 1.81873182 1.463108352462e-01 4.105288421223e-03 9.914174263264e+00 1.053493002992e-01 8.794152924774e+00
2 61 4 1.13764480 1.93763173 1.77525889 2.26994804 1.81873182 1.532663108504e-01 4.574537983494e-03 9.755598306634e+00 1.116922667905e-01 8.956942518359e+00
2 62 4 1.13764480 1.93763173 1.77525889 2.26994804 1.81873182 1.604982159530e-01 4.795927061329e-03 9.521942018339e+00 1.155499686460e-01 9.233621353810e+00
2 63 4 1.13764480 1.93763173 1.77525889 2.26994804 1.81873182 1.684504336238e-01 4.036869056939e-03 8.875064527967e+00 1.194287054516e-01 9.671439435363e+00
10 0 4 2.57462128 3.00746435 7.30673471 1.21700703 7.81404161 3.464594130083e+01 5.237161862761e+01 1.484030945564e+03 1.314969343023e+01 2.109537893325e+03
10 1 4 2.57462128 3.00746435 7.30673471 1.21700703 7.81404161 3.343360507536e+01 5.299505932709e+01 1.438973420698e+03 1.321068493607e+01 2.097263755730e+03
10 2 4 2.57462128 3.00746435 7.30673471 1.21700703 7.81404161 3.259479428702e+01 5.381659385534e+01 1.391763594162e+03 1.332467711987e+01 2.080898512620e+03
10 3 4 2.57462128 3.00746435 7.30673471 1.21700703 7.81404161 3.190300177726e+01 5.478538533208e+01 1.345481056409e+03 1.334223538973e+01 2.056151273808e+03
10 4 4 2.57462128 3.00746435 7.30673471 1.21700703 7.81404161 3.104318772085e+01 5.574154221215e+01 1.304309122045e+03 1.321545259699e+01 2.027024491932e+03
10 5 4 2.57462128 3.00746435 7.30673471 1.21700703 7.81404161 2.993512084329e+01 5.653461199317e+01 1.263866694253e+03 1.305526381457e+01 2.000627906486e+03
10 6 4 2.57462128 3.00746435 7.30673471 1.21700703 7.81404161 2.877181704713e+01 5.714611809913e+01 1.219868665373e+03 1.301156619162e+01 1.978076733608e+03
10 7 4 2.57462128 3.00746435 7.30673471 1.21700703 7.81404161 2.776083394276e+01 5.761747969402e+01 1.179672439609e+03 1.310511201877e+01 1.956098102759e+03
10 8 4 2.57462128 3.00746435 7.30673471 1.21700703 7.81404161 2.690810974203e+01 5.793357059345e+01 1.145790986943e+03 1.320643681326e+01 1.930048270984e+03
10 9 4 2.57462128 3.00746435 7.30673471 1.21700703 7.81404161 2.608342033954e+01 5.808296770432e+01 1.108942882172e+03 1.318164178104e+01 1.902955717718e+03
10 10 4 2.57462128 3.00746435 7.30673471 1.21700703 7.81404161 2.522789944078e+01 5.817130781737e+01 1.073180512616e+03 1.303246421516e+01 1.876813491067e+03
10 11 4 2.57462128 3.00746435 7.30673471 1.21700703 7.81404161 2.441583068555e+01 5.835405788861e+01 1.042385569805e+03 1.288423680048e+01 1.848887177022e+03
10 12 4 2.57462128 3.00746435 7.30673471 1.21700703 7.81404161 2.372021196087e+01 5.867802548216e+01 1.011417971676e+03 1.285620035717e+01 1.819316340332e+03
10 13 4 2.57462128 3.00746435 7.30673471 1.21700703 7.81404161 2.309596143456e+01 5.907152396167e+01 9.809984828141e+02 1.294796050370e+01 1.789092658811e+03
10 14 4 2.57462128 3.00746435 7.30673471 1.21700703 7.81404161 2.243935796089e+01 5.944807936990e+01 9.534292610283e+02 1.304179487408e+01 1.761547922764e+03
10 15 4 2.57462128 3.00746435 7.30673471 1.21700703 7.81404161 2.172378046720e+01 5.972477276066e+01 9.282673091489e+02 1.301844042337e+01 1.735736319725e+03
10 16 4 2.57462128 3.00746435 7.30673471 1.21700703 7.81404161 2.102039838294e+01 5.978162687323e+01 9.019675707553e+02 1.288055031805e+01 1.706911711553e+03
10 17 4 2.57462128 3.00746435 7.30673471 1.21700703 7.81404161 2.039061247924e+01 5.952950262979e+01 8.766897272904e+02 1.275300161104e+01 1.676631675871e+03
10 18 4 2.57462128 3.00746435 7.30673471 1.21700703 7.81404161 1.981253312730e+01 5.903133557956e+01 8.573242836567e+02 1.274665468187e+01 1.649437166979e+03
10 19 4 2.57462128 3.00746435 7.30673471 1.21700703 7.81404161 1.923755493337e+01 5.847531064605e+01 8.396977335933e+02 1.283632710422e+01 1.628095791286e+03
10 20 4 2.57462128 3.00746435 7.30673471 1.21700703 7.81404161 1.868079991905e+01 5.802523078808e+01 8.203878452588e+02 1.289354275741e+01 1.608240570330e+03
10 21 4 2.57462128 3.00746435 7.30673471 1.21700703 7.81404161 1.820951526554e+01 5.776004423835e+01 8.027365853034e+02 1.283165638405e+01 1.585540817252e+03
10 22 4 2.57462128 3.00746435 7.30673471 1.21700703 7.81404161 1.785001263324e+01 5.772687319106e+01 7.888036265429e+02 1.269528797044e+01 1.564387348900e+03
10 23 4 2.57462128 3.00746435 7.30673471 1.21700703 7.81404161 1.755202861739e+01 5.793395985528e+01 7.745975348584e+02 1.260510346167e+01 1.547824450328e+03
10 24 4 2.57462128 3.00746435 7.30673471 1.21700703 7.81404161 1.726218440113e+01 5.826539434985e+01 7.606243973644e+02 1.263158337535e+01 1.534752644912e+03
10 25 4 2.57462128 3.00746435 7.30673471 1.21700703 7.81404161 1.699722893166e+01 5.849886403600e+01 7.525100120714e+02 1.272695028273e+01 1.522116772917e+03
10 26 4 2.57462128 3.00746435 7.30673471 1.21700703 7.81404161 1.680709566146e+01 5.846533397514e+01 7.464825875299e+02 1.277539748131e+01 1.509251957194e+03
10 27 4 2.57462128 3.00746435 7.30673471 1.21700703 7.81404161 1.668002570406e+01 5.815965074610e+01 7.383697829545e+02 1.271085098219e+01 1.499989166577e+03
10 28 4 2.57462128 3.00746435 7.30673471 1.21700703 7.81404161 1.653528251302e+01 5.770058294172e+01 7.331549676958e+02 1.258888150331e+01 1.493672849682e+03
10 29 4 2.57462128 3.00746435 7.30673471 1.21700703 7.81404161 1.633338704591e+01 5.726298793552e+01 7.310546290015e+02 1.253264156547e+01 1.487383016050e+03
10 30 4 2.57462128 3.00746435 7.30673471 1.21700703 7.81404161 1.616147452011e+01 5.706084037460e+01 7.265856836178e+02 1.259768562612e+01 1.481456284298e+03
10 31 4 2.57462128 3.00746435 7.30673471 1.21700703 7.81404161 1.616351133148e+01 5.727946366435e+01 7.244925808292e+02 1.270412336468e+01 1.480411452986e+03
10 32 4 2.57462128 3.00746435 7.30673471 1.21700703 7.81404161 1.638072146510e+01 5.792652964267e+01 7.294495856485e+02 1.272064143734e+01 1.488317822449e+03
10 33 4 2.57462128 3.00746435 7.30673471 1.21700703 7.81404161 1.669411912103e+01 5.878008963934e+01 7.344300274033e+02 1.260905125878e+01 1.499682657779e+03
10 34 4 2.57462128 3.00746435 7.30673471 1.21700703 7.81404161 1.694566606654e+01 5.954216983397e+01 7.382156617957e+02 1.246390559347e+01 1.508935060903e+03
10 35 4 2.57462128 3.00746435 7.30673471 1.21700703 7.81404161 1.709743237347e+01 6.003065324249e+01 7.443332893735e+02 1.240921023255e+01 1.517790091284e+03
10 36 4 2.57462128 3.00746435 7.30673471 1.21700703 7.81404161 1.724515127557e+01 6.021860009884e+01 7.523479062430e+02 1.247311153677e+01 1.529538190410e+03
10 37 4 2.57462128 3.00746435 7.30673471 1.21700703 7.81404161 1.748673215751e+01 6.017942773592e+01 7.613838750941e+02 1.256628524126e+01 1.545222862010e+03
10 38 4 2.57462128 3.00746435 7.30673471 1.21700703 7.81404161 1.781907565187e+01 6.007353774145e+01 7.716405019227e+02 1.257468145871e+01 1.561426610533e+03
10 39 4 2.57462128 3.00746435 7.30673471 1.21700703 7.81404161 1.818062502679e+01 6.012489797038e+01 7.867053111732e+02 1.247350015146e+01 1.578316303063e+03
10 40 4 2.57462128 3.00746435 7.30673471 1.21700703 7.81404161 1.855842479120e+01 6.049098858381e+01 8.037475824391e+02 1.235537847029e+01 1.599650417624e+03
10 41 4 2.57462128 3.00746435 7.30673471 1.21700703 7.81404161 1.900479964660e+01 6.113959896401e+01 8.186844840385e+02 1.233761888736e+01 1.624988054210e+03
10 42 4 2.57462128 3.00746435 7.30673471 1.21700703 7.81404161 1.954917365863e+01 6.190067162739e+01 8.365492766482e+02 1.243435855603e+01 1.651284762089e+03
10 43 4 2.57462128 3.00746435 7.30673471 1.21700703 7.81404161 2.014123431324e+01 6.261207350944e+01 8.575294048409e+02 1.253503545710e+01 1.675311247676e+03
10 44 4 2.57462128 3.00746435 7.30673471 1.21700703 7.81404161 2.071187359434e+01 6.315727934044e+01 8.773631187160e+02 1.252351980096e+01 1.700860541778e+03
10 45 4 2.57462128 3.00746435 7.30673471 1.21700703 7.81404161 2.126358652321e+01 6.342041200911e+01 8.982889991533e+02 1.240731738150e+01 1.732691508022e+03
10 46 4 2.57462128 3.00746435 7.30673471 1.21700703 7.81404161 2.185640041682e+01 6.333478485491e+01 9.257400175931e+02 1.230653342392e+01 1.766115786283e+03
10 47 4 2.57462128 3.00746435 7.30673471 1.21700703 7.81404161 2.250870688187e+01 6.298926040780e+01 9.550793764348e+02 1.231948445681e+01 1.796404323008e+03
10 48 4 2.57462128 3.00746435 7.30673471 1.21700703 7.81404161 2.316327074674e+01 6.258857552005e+01 9.803118776886e+02 1.242000132570e+01 1.823767022903e+03
10 49 4 2.57462128 3.00746435 7.30673471 1.21700703 7.81404161 2.377844363633e+01 6.228214432417e+01 1.009200357674e+03 1.249047777467e+01 1.852892569319e+03
10 50 4 2.57462128 3.00746435 7.30673471 1.21700703 7.81404161 2.441408601059e+01 6.209362120006e+01 1.042651623923e+03 1.244467725526e+01 1.885375706299e+03
10 51 4 2.57462128 3.00746435 7.30673471 1.21700703 7.81404161 2.517334025529e+01 6.199701907368e+01 1.074089996446e+03 1.231595229252e+01 1.916251121774e+03
10 52 4 2.57462128 3.00746435 7.30673471 1.21700703 7.81404161 2.606720202533e+01 6.194600769570e+01 1.107446120281e+03 1.223022556680e+01 1.944810224911e+03
10 53 4 2.57462128 3.00746435 7.30673471 1.21700703 7.81404161 2.699766485895e+01 6.181658684150e+01 1.145787718738e+03 1.228017651627e+01 1.972326834827e+03
10 54 4 2.57462128 3.00746435 7.30673471 1.21700703 7.81404161 2.789969276130e+01 6.144911778919e+01 1.183685122844e+03 1.241807197569e+01 2.000423611172e+03
10 55 4 2.57462128 3.00746435 7.30673471 1.21700703 7.81404161 2.884318603633e+01 6.080274319087e+01 1.220694366298e+03 1.249306130376e+01 2.028552448194e+03
10 56 4 2.57462128 3.00746435 7.30673471 1.21700703 7.81404161 2.992815186740e+01 5.998192661710e+01 1.263031412964e+03 1.241296744966e+01 2.053099753219e+03
10 57 4 2.57462128 3.00746435 7.30673471 1.21700703 7.81404161 3.110114701568e+01 5.908253481887e+01 1.308154778010e+03 1.225157396006e+01 2.078125831748e+03
10 58 4 2.57462128 3.00746435 7.30673471 1.21700703 7.81404161 3.217104556244e+01 5.811956427565e+01 1.350972266391e+03 1.216951932763e+01 2.106292351685e+03
10 59 4 2.57462128 3.00746435 7.30673471 1.21700703 7.81404161 3.305646583790e+01 5.714227889151e+01 1.393932492590e+03 1.224185207963e+01 2.133287420710e+03
10 60 4 2.57462128 3.00746435 7.30673471 1.21700703 7.81404161 3.395614895170e+01 5.628937897924e+01 1.441642962715e+03 1.238503650012e+01 2.153381910612e+03
10 61 4 2.57462128 3.00746435 7.30673471 1.21700703 7.81404161 3.518082306974e+01 5.564955588523e+01 1.492625896479e+03 1.244807392619e+01 2.164329357873e+03
10 62 4 2.57462128 3.00746435 7.30673471 1.21700703 7.81404161 3.680882147165e+01 5.516010722598e+01 1.540871934893e+03 1.236243900549e+01 2.173282133875e+03
10 63 4 2.57462128 3.00746435 7.30673471 1.21700703 7.81404161 3.858199095308e+01 5.470382572877e+01 1.592448394693e+03 1.220939931070e+01 2.183924192544e+03
16 0 4 1.33528501 2.59652224 2.11421850 2.40951744 2.33486913 7.526218198484e-02 1.206188983896e-02 1.744964406876e+01 7.285617077168e-05 2.146002403381e+01
16 1 4 1.33528501 2.59652224 2.11421850 2.40951744 2.33486913 7.317369686591e-02 1.093530848902e-02 1.824870636219e+01 7.969329836426e-05 2.078403073505e+01
16 2 4 1.33528501 2.59652224 2.11421850 2.40951744 2.33486913 7.085312459263e-02 7.073684313814e-03 1.856643266540e+01 7.899918979164e-05 2.007059320319e+01
16 3 4 1.33528501 2.59652224 2.11421850 2.40951744 2.33486913 6.824091639345e-02 6.716633976670e-03 1.835073737407e+01 6.811416350469e-05 1.932905382356e+01
16 4 4 1.33528501 2.59652224 2.11421850 2.40951744 2.33486913 6.419175262303e-02 8.935933136449e-03 1.736593007142e+01 5.432648033655e-05 1.870727759449e+01
16 5 4 1.33528501 2.59652224 2.11421850 2.40951744 2.33486913 5.979518603584e-02 9.074925736419e-03 1.630834506089e+01 5.473567171892e-05 1.817647578321e+01
16 6 4 1.33528501 2.59652224 2.11421850 2.40951744 2.33486913 5.657920342779e-02 9.243630915049e-03 1.456733608688e+01 1.117916598239e-04 1.755813587108e+01
16 7 4 1.33528501 2.59652224 2.11421850 2.40951744 2.33486913 5.334866383396e-02 1.137664151519e-02 1.248802521739e+01 1.491628627628e-04 1.688430237848e+01
16 8 4 1.33528501 2.59652224 2.11421850 2.40951744 2.33486913 4.915217979714e-02 1.250580882527e-02 1.054615738622e+01 1.352846918286e-04 1.634356744499e+01
16 9 4 1.33528501 2.59652224 2.11421850 2.40951744 2.33486913 4.506455475731e-02 1.126493998882e-02 8.693784460043e+00 1.102016595673e-04 1.591753269137e+01
16 10 4 1.33528501 2.59652224 2.11421850 2.40951744 2.33486913 4.146345413242e-02 8.985655384979e-03 7.869474803031e+00 6.106203078431e-05 1.541997100139e+01
16 11 4 1.33528501 2.59652224 2.11421850 2.40951744 2.33486913 3.819853691209e-02 7.216493527438e-03 7.728471421263e+00 6.067919088257e-05 1.481589727254e+01
16 12 4 1.33528501 2.59652224 2.11421850 2.40951744 2.33486913 3.604570552649e-02 7.926640782077e-03 8.339565501356e+00 4.550443360636e-05 1.421686948930e+01
16 13 4 1.33528501 2.59652224 2.11421850 2.40951744 2.33486913 3.484929644410e-02 1.004286305999e-02 9.528934939158e+00 2.214241720440e-05 1.364975573988e+01
16 14 4 1.33528501 2.59652224 2.11421850 2.40951744 2.33486913 3.359188541640e-02 8.855757760271e-03 1.055619771289e+01 2.516605587833e-06 1.305997419019e+01
16 15 4 1.33528501 2.59652224 2.11421850 2.40951744 2.33486913 3.289284203080e-02 4.604387662149e-03 1.159545356058e+01 6.850331218734e-06 1.248039064886e+01
16 16 4 1.33528501 2.59652224 2.11421850 2.40951744 2.33486913 3.366920295637e-02 2.832301554107e-03 1.200955822097e+01 2.626606934264e-05 1.201792166556e+01
16 17 4 1.33528501 2.59652224 2.11421850 2.40951744 2.33486913 3.508725745989e-02 3.865668533651e-03 1.182753914664e+01 4.725475782802e-05 1.169444553898e+01
16 18 4 1.33528501 2.59652224 2.11421850 2.40951744 2.33486913 3.641589964589e-02 4.129697147280e-03 1.125643026964e+01 4.057105058742e-05 1.143223728132e+01
16 19 4 1.33528501 2.59652224 2.11421850 2.40951744 2.33486913 3.780176398921e-02 4.746609116257e-03 1.026924033882e+01 5.556070572365e-05 1.119412518231e+01
16 20 4 1.33528501 2.59652224 2.11421850 2.40951744 2.33486913 3.874886384555e-02 6.999544038250e-03 9.309070518123e+00 6.654150678516e-05 1.101517925677e+01
16 21 4 1.33528501 2.59652224 2.11421850 2.40951744 2.33486913 3.895661063670e-02 7.704176559422e-03 8.160579956047e+00 9.352475947392e-05 1.088300683603e+01
16 22 4 1.33528501 2.59652224 2.11421850 2.40951744 2.33486913 3.909542943083e-02 5.985941764645e-03 7.104950369761e+00 8.483170124903e-05 1.072463244096e+01
16 23 4 1.33528501 2.59652224 2.11421850 2.40951744 2.33486913 3.887067727874e-02 4.210936803157e-03 6.149181214121e+00 5.401880161982e-05 1.053907625083e+01
16 24 4 1.33528501 2.59652224 2.11421850 2.40951744 2.33486913 3.721305709308e-02 3.011854768470e-03 5.549128651951e+00 5.020772474183e-05 1.039795693258e+01
16 25 4 1.33528501 2.59652224 2.11421850 2.40951744 2.33486913 3.453204712230e-02 2.853307827221e-03 5.453140725668e+00 6.915190181699e-05 1.030543910509e+01
16 26 4 1.33528501 2.59652224 2.11421850 2.40951744 2.33486913 3.182151189552e-02 4.000494443031e-03 5.519489498604e+00 1.102131142475e-04 1.021446891184e+01
16 27 4 1.33528501 2.59652224 2.11421850 2.40951744 2.33486913 2.903399170946e-02 4.793942889260e-03 6.172021726128e+00 1.345632499171e-04 1.014617879945e+01
16 28 4 1.33528501 2.59652224 2.11421850 2.40951744 2.33486913 2.625579585747e-02 5.901655465209e-03 6.957261184025e+00 1.245944516968e-04 1.011612494331e+01
16 29 4 1.33528501 2.59652224 2.11421850 2.40951744 2.33486913 2.401474088370e-02 8.211115541008e-03 7.886800821416e+00 1.696546062671e-04 1.003448043889e+01
16 30 4 1.33528501 2.59652224 2.11421850 2.40951744 2.33486913 2.213246522193e-02 7.594347850785e-03 8.793948457601e+00 1.917189723563e-04 9.880059757280e+00
16 31 4 1.33528501 2.59652224 2.11421850 2.40951744 2.33486913 2.066180520873e-02 3.804905116851e-03 9.102142923133e+00 2.575246673440e-04 9.828593910388e+00
16 32 4 1.33528501 2.59652224 2.11421850 2.40951744 2.33486913 2.053463694760e-02 3.814126863433e-03 9.411857980949e+00 2.560340447803e-04 9.990444480594e+00
16 33 4 1.33528501 2.59652224 2.11421850 2.40951744 2.33486913 2.177062366535e-02 7.587096013150e-03 9.108194029797e+00 1.918348783317e-04 1.020072591054e+01
16 34 4 1.33528501 2.59652224 2.11421850 2.40951744 2.33486913 2.346571027103e-02 8.171687702395e-03 8.273750804161e+00 1.703835269287e-04 1.028056938865e+01
16 35 4 1.33528501 2.59652224 2.11421850 2.40951744 2.33486913 2.558148868042e-02 5.885597545247e-03 7.506361449761e+00 1.264544289011e-04 1.030003060484e+01
16 36 4 1.33528501 2.59652224 2.11421850 2.40951744 2.33486913 2.830549146070e-02 4.813095374979e-03 6.576481928828e+00 1.371498994059e-04 1.039579173914e+01
16 37 4 1.33528501 2.59652224 2.11421850 2.40951744 2.33486913 3.111128157784e-02 4.022204599102e-03 6.071032447673e+00 1.105027923417e-04 1.055333230391e+01
16 38 4 1.33528501 2.59652224 2.11421850 2.40951744 2.33486913 3.390986637235e-02 2.916584255298e-03 5.853280281225e+00 6.827840188423e-05 1.072583090947e+01
16 39 4 1.33528501 2.59652224 2.11421850 2.40951744 2.33486913 3.673027846263e-02 3.166372734117e-03 5.998786151870e+00 4.967646387358e-05 1.094880502030e+01
16 40 4 1.33528501 2.59652224 2.11421850 2.40951744 2.33486913 3.853639522225e-02 4.439434999153e-03 6.711952647243e+00 5.460525590815e-05 1.122471278133e+01
16 41 4 1.33528501 2.59652224 2.11421850 2.40951744 2.33486913 3.889387066551e-02 6.284523946925e-03 7.519011039893e+00 8.702410931119e-05 1.149217836952e+01
16 42 4 1.33528501 2.59652224 2.11421850 2.40951744 2.33486913 3.887133982272e-02 8.047141301646e-03 8.539007890963e+00 9.398592611110e-05 1.176519159760e+01
16 43 4 1.33528501 2.59652224 2.11421850 2.40951744 2.33486913 3.873764280380e-02 7.284179003391e-03 9.605721830658e+00 6.683177231305e-05 1.212738369813e+01
16 44 4 1.33528501 2.59652224 2.11421850 2.40951744 2.33486913 3.779328889668e-02 4.961511071285e-03 1.078708012368e+01 5.634072990360e-05 1.258473489352e+01
16 45 4 1.33528501 2.59652224 2.11421850 2.40951744 2.33486913 3.634805272959e-02 4.361087007968e-03 1.187615208460e+01 4.282269208638e-05 1.308145339009e+01
16 46 4 1.33528501 2.59652224 2.11421850 2.40951744 2.33486913 3.490243894408e-02 4.095348029060e-03 1.249427989931e+01 5.006483095130e-05 1.363133380398e+01
16 47 4 1.33528501 2.59652224 2.11421850 2.40951744 2.33486913 3.331223829297e-02 3.059977186887e-03 1.267604006448e+01 2.700861907624e-05 1.428166990517e+01
16 48 4 1.33528501 2.59652224 2.11421850 2.40951744 2.33486913 3.235475235587e-02 5.037010583567e-03 1.204152407046e+01 6.543644053393e-06 1.497498851416e+01
16 49 4 1.33528501 2.59652224 2.11421850 2.40951744 2.33486913 3.288798364934e-02 9.623162439158e-03 1.110980203193e+01 3.532463577660e-06 1.559010314593e+01
16 50 4 1.33528501 2.59652224 2.11421850 2.40951744 2.33486913 3.396944351397e-02 1.094634293826e-02 9.867369257333e+00 2.544435476519e-05 1.611565040052e+01
16 51 4 1.33528501 2.59652224 2.11421850 2.40951744 2.33486913 3.500296684749e-02 8.726771812909e-03 8.606260827290e+00 5.062829973152e-05 1.664536673011e+01
16 52 4 1.33528501 2.59652224 2.11421850 2.40951744 2.33486913 3.705286294621e-02 7.912872096601e-03 8.140917478205e+00 6.600229439285e-05 1.719048308291e+01
16 53 4 1.33528501 2.59652224 2.11421850 2.40951744 2.33486913 4.025681894850e-02 9.680973718850e-03 8.201898836602e+00 6.781099992473e-05 1.767286724551e+01
16 54 4 1.33528501 2.59652224 2.11421850 2.40951744 2.33486913 4.382799170526e-02 1.200111800822e-02 9.399282120279e+00 1.220380619993e-04 1.814854309311e+01
16 55 4 1.33528501 2.59652224 2.11421850 2.40951744 2.33486913 4.792937718678e-02 1.323930092139e-02 1.117482626849e+01 1.485781894466e-04 1.879827669804e+01
16 56 4 1.33528501 2.59652224 2.11421850 2.40951744 2.33486913 5.213658118664e-02 1.198744615383e-02 1.316945548529e+01 1.622078980656e-04 1.960952640711e+01
16 57 4 1.33528501 2.59652224 2.11421850 2.40951744 2.33486913 5.536693596443e-02 9.723337260583e-03 1.550117051675e+01 1.198086681392e-04 2.036581182035e+01
16 58 4 1.33528501 2.59652224 2.11421850 2.40951744 2.33486913 5.864918772972e-02 9.590242935994e-03 1.725944643081e+01 5.837332397339e-05 2.104331752897e+01
16 59 4 1.33528501 2.59652224 2.11421850 2.40951744 2.33486913 6.314625514353e-02 9.484775126471e-03 1.899073578132e+01 5.836998519850e-05 2.185149484950e+01
16 60 4 1.33528501 2.59652224 2.11421850 2.40951744 2.33486913 6.722492285519e-02 7.172406235201e-03 2.002633755161e+01 7.082379887543e-05 2.281783149098e+01
16 61 4 1.33528501 2.59652224 2.11421850 2.40951744 2.33486913 6.983520772393e-02 7.601431826474e-03 2.011435289610e+01 8.077042872986e-05 2.375853617627e+01
16 62 4 1.33528501 2.59652224 2.11421850 2.40951744 2.33486913 7.218088572446e-02 1.167814106780e-02 1.970142814710e+01 7.858994291720e-05 2.466451367901e+01
16 63 4 1.33528501 2.59652224 2.11421850 2.40951744 2.33486913 7.427007253165e-02 1.282695629416e-02 1.840526625565e+01 7.557682365574e-05 2.567788513112e+01
