# environment=00265 local_bs=1 gain_scale=6.931911875965e-14
# ue subcarrier serving_bs phi0 phi1 phi2 phi3 phi4 gain0 gain1 gain2 gain3 gain4
3 0 1 0.40044647 0.53096197 1.19654136 0.49208437 1.24734151 4.088665508725e-01 2.796849656460e-01 4.998851353576e-03 2.645315699812e-01 4.565183955418e-07
3 1 1 0.40044647 0.53096197 1.19654136 0.49208437 1.24734151 1.659132846441e-01 3.330816718772e-01 2.992561945017e-03 2.748891490430e-01 4.522664271788e-07
3 2 1 0.40044647 0.53096197 1.19654136 0.49208437 1.24734151 5.296030830526e-04 3.511693161833e-01 1.889703970755e-03 2.361948429212e-01 4.401497386683e-07
3 3 1 0.40044647 0.53096197 1.19654136 0.49208437 1.24734151 1.533639285536e-01 2.967267276616e-01 1.430861127785e-04 1.966713653454e-01 4.208472059855e-07
3 4 1 0.40044647 0.53096197 1.19654136 0.49208437 1.24734151 3.860498906744e-01 2.376569771033e-01 6.251116952110e-05 2.051078972262e-01 3.953374023597e-07
3 5 1 0.40044647 0.53096197 1.19654136 0.49208437 1.24734151 3.436270651208e-01 2.486092681311e-01 1.147426990880e-03 2.285084456565e-01 3.648287148394e-07
3 6 1 0.40044647 0.53096197 1.19654136 0.49208437 1.24734151 9.507276729148e-02 2.888900548373e-01 4.350169527539e-03 2.257324391071e-01 3.306840420739e-07
3 7 1 0.40044647 0.53096197 1.19654136 0.49208437 1.24734151 1.337532139579e-02 2.807511837693e-01 5.892457810066e-03 1.856470916411e-01 2.943443282112e-07
3 8 1 0.40044647 0.53096197 1.19654136 0.49208437 1.24734151 2.084160018281e-01 2.270170420108e-01 6.308493620379e-03 1.603492812132e-01 2.572548891846e-07
3 9 1 0.40044647 0.53096197 1.19654136 0.49208437 1.24734151 3.732785514815e-01 1.919825163426e-01 6.492820398056e-03 1.755651060515e-01 2.207979957012e-07
3 10 1 0.40044647 0.53096197 1.19654136 0.49208437 1.24734151 2.579977385045e-01 2.092354153249e-01 7.530956487235e-03 1.940168889298e-01 1.862345347417e-07
3 11 1 0.40044647 0.53096197 1.19654136 0.49208437 1.24734151 4.074262462937e-02 2.379399574894e-01 7.646815839074e-03 1.777795299912e-01 1.546568267394e-07
3 12 1 0.40044647 0.53096197 1.19654136 0.49208437 1.24734151 5.018003045046e-02 2.264631966597e-01 6.308263273620e-03 1.468556165795e-01 1.269538801081e-07
3 13 1 0.40044647 0.53096197 1.19654136 0.49208437 1.24734151 2.616218126757e-01 1.822290511113e-01 5.991999369667e-03 1.365606476484e-01 1.037895692941e-07
3 14 1 0.40044647 0.53096197 1.19654136 0.49208437 1.24734151 3.470553235967e-01 1.588298050278e-01 3.697913067341e-03 1.529023252079e-01 8.559347414809e-08
3 15 1 0.40044647 0.53096197 1.19654136 0.49208437 1.24734151 1.781297077215e-01 1.803502629610e-01 2.230997928830e-03 1.664902941103e-01 7.256345828460e-08
3 16 1 0.40044647 0.53096197 1.19654136 0.49208437 1.24734151 1.586708162745e-02 2.032417885730e-01 2.909295913020e-03 1.461078911934e-01 6.467852479138e-08
3 17 1 0.40044647 0.53096197 1.19654136 0.49208437 1.24734151 1.040747266524e-01 1.855030184456e-01 2.872015413199e-03 1.201634252193e-01 6.172009189834e-08
3 18 1 0.40044647 0.53096197 1.19654136 0.49208437 1.24734151 3.006884576835e-01 1.513470137204e-01 2.115269812012e-03 1.214804046197e-01 6.329959093610e-08
3 19 1 0.40044647 0.53096197 1.19654136 0.49208437 1.24734151 3.004858842166e-01 1.460912306956e-01 1.664735209690e-03 1.402744700681e-01 6.889020511417e-08
3 20 1 0.40044647 0.53096197 1.19654136 0.49208437 1.24734151 1.064220988360e-01 1.687004904933e-01 1.512175677835e-03 1.424461534767e-01 7.786063098294e-08
3 21 1 0.40044647 0.53096197 1.19654136 0.49208437 1.24734151 1.797442745096e-02 1.815604318236e-01 8.464136532133e-04 1.227986213731e-01 8.950893642862e-08
3 22 1 0.40044647 0.53096197 1.19654136 0.49208437 1.24734151 1.687606093943e-01 1.629840267533e-01 8.541015687390e-04 1.049215350157e-01 1.030948838015e-07
3 23 1 0.40044647 0.53096197 1.19654136 0.49208437 1.24734151 3.244416348075e-01 1.348146664129e-01 4.459698750108e-04 1.130052347712e-01 1.178694531673e-07
3 24 1 0.40044647 0.53096197 1.19654136 0.49208437 1.24734151 2.473104404744e-01 1.334303621166e-01 3.032353824636e-05 1.307994555273e-01 1.331007047572e-07
3 25 1 0.40044647 0.53096197 1.19654136 0.49208437 1.24734151 5.696362711614e-02 1.559106351329e-01 7.038210930766e-04 1.260501633879e-01 1.480955271996e-07
3 26 1 0.40044647 0.53096197 1.19654136 0.49208437 1.24734151 4.544218432080e-02 1.645766562149e-01 1.228542479196e-03 1.065529888351e-01 1.622171969045e-07
3 27 1 0.40044647 0.53096197 1.19654136 0.49208437 1.24734151 2.253718246460e-01 1.424328605860e-01 2.422644183716e-03 9.681812184290e-02 1.748989962169e-07
3 28 1 0.40044647 0.53096197 1.19654136 0.49208437 1.24734151 3.145914368150e-01 1.178687114122e-01 3.710740656614e-03 1.101194332468e-01 1.856543819996e-07
3 29 1 0.40044647 0.53096197 1.19654136 0.49208437 1.24734151 1.754371282480e-01 1.236622599598e-01 4.430951632230e-03 1.245250190767e-01 1.940843479974e-07
3 30 1 0.40044647 0.53096197 1.19654136 0.49208437 1.24734151 2.721192592725e-02 1.452292469453e-01 5.936286713726e-03 1.179464104439e-01 1.998826778305e-07
3 31 1 0.40044647 0.53096197 1.19654136 0.49208437 1.24734151 1.035916296903e-01 1.492446414230e-01 7.682896105594e-03 9.740220087991e-02 2.028397433915e-07
3 32 1 0.40044647 0.53096197 1.19654136 0.49208437 1.24734151 2.893858242210e-01 1.348663084711e-01 7.618701494270e-03 9.882995121591e-02 2.028453764563e-07
3 33 1 0.40044647 0.53096197 1.19654136 0.49208437 1.24734151 2.941204504837e-01 1.253087403084e-01 5.779616466218e-03 1.180227425521e-01 1.998911471969e-07
3 34 1 0.40044647 0.53096197 1.19654136 0.49208437 1.24734151 1.079635405277e-01 1.412818909020e-01 4.208804860201e-03 1.284275688235e-01 1.940721452751e-07
3 35 1 0.40044647 0.53096197 1.19654136 0.49208437 1.24734151 2.087890303861e-02 1.687020110610e-01 3.445192555356e-03 1.174315466479e-01 1.855881042376e-07
3 36 1 0.40044647 0.53096197 1.19654136 0.49208437 1.24734151 1.746660207206e-01 1.710457822964e-01 2.166251161866e-03 1.025496116328e-01 1.747434664715e-07
3 37 1 0.40044647 0.53096197 1.19654136 0.49208437 1.24734151 3.390358892807e-01 1.492608200678e-01 1.030103710782e-03 1.095022716946e-01 1.619457817074e-07
3 38 1 0.40044647 0.53096197 1.19654136 0.49208437 1.24734151 2.622011965483e-01 1.385302052209e-01 5.552424582389e-04 1.330021152814e-01 1.477016917162e-07
3 39 1 0.40044647 0.53096197 1.19654136 0.49208437 1.24734151 6.015049841424e-02 1.582456122690e-01 4.804012557099e-06 1.400312485556e-01 1.326096971880e-07
3 40 1 0.40044647 0.53096197 1.19654136 0.49208437 1.24734151 4.694521992761e-02 1.841319580243e-01 6.040610629468e-04 1.217624794738e-01 1.173489429224e-07
3 41 1 0.40044647 0.53096197 1.19654136 0.49208437 1.24734151 2.474528616099e-01 1.811500429248e-01 1.015804999118e-03 1.125405472878e-01 1.026633996396e-07
3 42 1 0.40044647 0.53096197 1.19654136 0.49208437 1.24734151 3.544660073104e-01 1.603290189116e-01 1.002881206252e-03 1.283499672033e-01 8.934106166392e-08
3 43 1 0.40044647 0.53096197 1.19654136 0.49208437 1.24734151 1.999956829875e-01 1.574467863233e-01 1.693310788643e-03 1.543620454842e-01 7.818810754895e-08
3 44 1 0.40044647 0.53096197 1.19654136 0.49208437 1.24734151 2.206066102345e-02 1.813457399744e-01 1.819979827965e-03 1.550686253694e-01 6.999836550575e-08
3 45 1 0.40044647 0.53096197 1.19654136 0.49208437 1.24734151 1.034915780502e-01 2.079870210510e-01 2.288767602626e-03 1.338643440695e-01 6.551886046535e-08
3 46 1 0.40044647 0.53096197 1.19654136 0.49208437 1.24734151 3.316690072428e-01 2.061115211269e-01 3.072623654579e-03 1.309642119002e-01 6.541266275815e-08
3 47 1 0.40044647 0.53096197 1.19654136 0.49208437 1.24734151 3.583627509142e-01 1.838523990470e-01 3.104719293315e-03 1.603286967904e-01 7.022067464738e-08
3 48 1 0.40044647 0.53096197 1.19654136 0.49208437 1.24734151 1.384266145166e-01 1.886820608199e-01 2.414122122376e-03 1.839677484834e-01 8.032434454362e-08
3 49 1 0.40044647 0.53096197 1.19654136 0.49208437 1.24734151 1.002233114139e-02 2.295900678087e-01 4.111812597520e-03 1.758490474093e-01 9.591155576770e-08
3 50 1 0.40044647 0.53096197 1.19654136 0.49208437 1.24734151 1.822387170338e-01 2.582303607531e-01 6.530732774571e-03 1.562156240395e-01 1.169480677458e-07
3 51 1 0.40044647 0.53096197 1.19654136 0.49208437 1.24734151 4.039532082721e-01 2.469130010173e-01 6.821624301207e-03 1.614335251730e-01 1.431568697910e-07
3 52 1 0.40044647 0.53096197 1.19654136 0.49208437 1.24734151 3.386786575475e-01 2.244518056581e-01 8.180533152738e-03 2.028376551487e-01 1.740076271906e-07
3 53 1 0.40044647 0.53096197 1.19654136 0.49208437 1.24734151 8.042913844732e-02 2.370000958660e-01 7.874895140901e-03 2.254934793624e-01 2.087180524564e-07
3 54 1 0.40044647 0.53096197 1.19654136 0.49208437 1.24734151 2.988577425459e-02 2.845576685752e-01 6.681887480577e-03 2.051553409355e-01 2.462685287443e-07
3 55 1 0.40044647 0.53096197 1.19654136 0.49208437 1.24734151 2.821600552627e-01 3.137825135836e-01 6.320583021050e-03 1.841619101423e-01 2.854306663447e-07
3 56 1 0.40044647 0.53096197 1.19654136 0.49208437 1.24734151 4.657290810438e-01 2.983974222410e-01 5.759858666168e-03 2.099858238380e-01 3.248097164017e-07
3 57 1 0.40044647 0.53096197 1.19654136 0.49208437 1.24734151 2.996837992841e-01 2.730212331969e-01 4.085701333950e-03 2.542602463398e-01 3.628999376153e-07
3 58 1 0.40044647 0.53096197 1.19654136 0.49208437 1.24734151 3.293988128330e-02 2.904300453014e-01 9.229039133493e-04 2.679965231609e-01 3.981511584407e-07
3 59 1 0.40044647 0.53096197 1.19654136 0.49208437 1.24734151 7.820455874842e-02 3.501562992894e-01 1.032263676425e-05 2.359811013720e-01 4.290439507838e-07
3 60 1 0.40044647 0.53096197 1.19654136 0.49208437 1.24734151 3.856999504980e-01 3.739444248264e-01 2.755993305122e-04 2.199446274695e-01 4.541700852969e-07
3 61 1 0.40044647 0.53096197 1.19654136 0.49208437 1.24734151 4.949397198925e-01 3.358955164204e-01 2.494521026261e-03 2.636324437580e-01 4.723143257072e-07
3 62 1 0.40044647 0.53096197 1.19654136 0.49208437 1.24734151 2.365948933440e-01 3.130882190534e-01 3.698536325225e-03 3.135433998464e-01 4.825331880679e-07
3 63 1 0.40044647 0.53096197 1.19654136 0.49208437 1.24734151 3.954496993486e-03 3.548090768697e-01 5.878734411772e-03 3.103692996456e-01 4.842260808717e-07
8 0 1 0.93255285 1.68589094 0.73824837 0.90853432 0.69522738 3.739083932327e+00 3.393768971367e+01 1.314928173642e+00 2.999728430726e+00 1.019699089676e+00
8 1 1 0.93255285 1.68589094 0.73824837 0.90853432 0.69522738 3.602781695003e+00 3.311560408371e+01 1.245498788530e+00 2.939444968809e+00 7.832678509707e-01
8 2 1 0.93255285 1.68589094 0.73824837 0.90853432 0.69522738 3.455989168437e+00 3.197814779660e+01 1.185460569060e+00 2.833683427715e+00 1.050231975866e+00
8 3 1 0.93255285 1.68589094 0.73824837 0.90853432 0.69522738 3.291555589829e+00 3.070899207151e+01 1.143395900438e+00 2.710011340559e+00 1.140065359551e+00
8 4 1 0.93255285 1.68589094 0.73824837 0.90853432 0.69522738 3.181744359612e+00 2.944397421892e+01 1.089921551086e+00 2.615480353375e+00 7.145557247883e-01
8 5 1 0.93255285 1.68589094 0.73824837 0.90853432 0.69522738 3.040801831122e+00 2.838489251284e+01 1.064530626360e+00 2.498142252284e+00 8.948383740859e-01
8 6 1 0.93255285 1.68589094 0.73824837 0.90853432 0.69522738 2.887939620894e+00 2.757923516740e+01 1.080360810383e+00 2.375248098340e+00 9.752962487712e-01
8 7 1 0.93255285 1.68589094 0.73824837 0.90853432 0.69522738 2.750493743667e+00 2.662636361185e+01 1.054104821835e+00 2.290862466039e+00 7.594709453784e-01
8 8 1 0.93255285 1.68589094 0.73824837 0.90853432 0.69522738 2.641909460762e+00 2.556161232257e+01 1.030595830787e+00 2.214812631525e+00 7.728557845775e-01
8 9 1 0.93255285 1.68589094 0.73824837 0.90853432 0.69522738 2.534394671468e+00 2.462010711836e+01 9.732177471084e-01 2.103190203812e+00 7.261850521971e-01
8 10 1 0.93255285 1.68589094 0.73824837 0.90853432 0.69522738 2.393062722228e+00 2.376478408023e+01 9.242364782535e-01 2.081112594135e+00 7.233609462701e-01
8 11 1 0.93255285 1.68589094 0.73824837 0.90853432 0.69522738 2.281966104951e+00 2.308322593397e+01 8.886126403738e-01 2.064998839840e+00 7.096217692358e-01
8 12 1 0.93255285 1.68589094 0.73824837 0.90853432 0.69522738 2.200916116587e+00 2.228474343692e+01 8.466722706731e-01 1.979911456378e+00 6.646038644355e-01
8 13 1 0.93255285 1.68589094 0.73824837 0.90853432 0.69522738 2.068588329653e+00 2.148345191201e+01 8.142662579439e-01 1.875610846021e+00 6.067217989145e-01
8 14 1 0.93255285 1.68589094 0.73824837 0.90853432 0.69522738 1.985205960098e+00 2.083388580941e+01 7.910150856946e-01 1.806845989911e+00 6.459427772744e-01
8 15 1 0.93255285 1.68589094 0.73824837 0.90853432 0.69522738 1.919756843169e+00 2.016493937832e+01 7.488359797564e-01 1.744590411009e+00 7.070804662775e-01
8 16 1 0.93255285 1.68589094 0.73824837 0.90853432 0.69522738 1.833030343135e+00 1.948568504849e+01 7.269157654806e-01 1.687671881836e+00 4.428013048231e-01
8 17 1 0.93255285 1.68589094 0.73824837 0.90853432 0.69522738 1.746035504262e+00 1.901822980068e+01 7.145610077915e-01 1.652121022707e+00 5.829366034293e-01
8 18 1 0.93255285 1.68589094 0.73824837 0.90853432 0.69522738 1.674866693376e+00 1.850324011151e+01 6.894528739187e-01 1.608000210290e+00 6.978860817065e-01
8 19 1 0.93255285 1.68589094 0.73824837 0.90853432 0.69522738 1.640105974102e+00 1.798968776896e+01 6.789889403555e-01 1.552717658720e+00 4.595129650744e-01
8 20 1 0.93255285 1.68589094 0.73824837 0.90853432 0.69522738 1.564882320464e+00 1.751234178956e+01 6.683695350349e-01 1.510487376850e+00 4.410062611796e-01
8 21 1 0.93255285 1.68589094 0.73824837 0.90853432 0.69522738 1.526045019544e+00 1.699069684871e+01 6.576182446679e-01 1.478037040073e+00 6.610085973858e-01
8 22 1 0.93255285 1.68589094 0.73824837 0.90853432 0.69522738 1.476666514463e+00 1.675333012050e+01 6.443518910347e-01 1.435188420722e+00 6.024950122370e-01
8 23 1 0.93255285 1.68589094 0.73824837 0.90853432 0.69522738 1.432614638653e+00 1.648597276232e+01 6.424270196170e-01 1.428812357100e+00 3.036883719254e-01
8 24 1 0.93255285 1.68589094 0.73824837 0.90853432 0.69522738 1.386098408466e+00 1.619896670396e+01 6.205381190271e-01 1.405116931285e+00 5.903479577644e-01
8 25 1 0.93255285 1.68589094 0.73824837 0.90853432 0.69522738 1.366090726671e+00 1.586180177689e+01 6.101501343275e-01 1.384997356382e+00 6.537664341898e-01
8 26 1 0.93255285 1.68589094 0.73824837 0.90853432 0.69522738 1.357693537752e+00 1.556922186819e+01 6.075037674225e-01 1.358552190329e+00 3.314902637991e-01
8 27 1 0.93255285 1.68589094 0.73824837 0.90853432 0.69522738 1.319587646774e+00 1.552397932871e+01 5.968824828183e-01 1.355987763812e+00 4.151776038860e-01
8 28 1 0.93255285 1.68589094 0.73824837 0.90853432 0.69522738 1.312425164707e+00 1.547624356602e+01 5.745096384205e-01 1.342452982605e+00 6.616288655539e-01
8 29 1 0.93255285 1.68589094 0.73824837 0.90853432 0.69522738 1.304592072273e+00 1.533122087608e+01 5.639025966490e-01 1.327201115534e+00 4.557044229834e-01
8 30 1 0.93255285 1.68589094 0.73824837 0.90853432 0.69522738 1.307231384323e+00 1.518978423450e+01 5.530889611045e-01 1.275423372534e+00 2.685065066547e-01
8 31 1 0.93255285 1.68589094 0.73824837 0.90853432 0.69522738 1.304302213197e+00 1.515033150236e+01 5.311525239108e-01 1.271746139120e+00 5.897138343651e-01
8 32 1 0.93255285 1.68589094 0.73824837 0.90853432 0.69522738 1.345557307775e+00 1.540645053129e+01 5.759980992374e-01 1.340273225581e+00 6.082078605046e-01
8 33 1 0.93255285 1.68589094 0.73824837 0.90853432 0.69522738 1.343425263825e+00 1.548358395715e+01 5.900885358453e-01 1.341854047260e+00 2.683955830251e-01
8 34 1 0.93255285 1.68589094 0.73824837 0.90853432 0.69522738 1.350370569678e+00 1.553703908849e+01 6.050182848465e-01 1.359770524130e+00 5.144542568904e-01
8 35 1 0.93255285 1.68589094 0.73824837 0.90853432 0.69522738 1.371499154018e+00 1.558800738248e+01 6.204441240875e-01 1.370617683969e+00 6.772707457125e-01
8 36 1 0.93255285 1.68589094 0.73824837 0.90853432 0.69522738 1.395794736524e+00 1.577071843486e+01 6.195020939842e-01 1.392425054026e+00 4.215940813415e-01
8 37 1 0.93255285 1.68589094 0.73824837 0.90853432 0.69522738 1.443639467505e+00 1.610875853314e+01 6.237516813430e-01 1.389342749626e+00 3.454261223914e-01
8 38 1 0.93255285 1.68589094 0.73824837 0.90853432 0.69522738 1.458361597557e+00 1.648231191309e+01 6.200367734542e-01 1.410065341276e+00 6.882891652358e-01
8 39 1 0.93255285 1.68589094 0.73824837 0.90853432 0.69522738 1.521491165484e+00 1.669373758841e+01 6.451437722582e-01 1.438249036134e+00 6.018233933637e-01
8 40 1 0.93255285 1.68589094 0.73824837 0.90853432 0.69522738 1.557007273309e+00 1.706286734824e+01 6.468890577560e-01 1.465636797538e+00 3.140324483261e-01
8 41 1 0.93255285 1.68589094 0.73824837 0.90853432 0.69522738 1.605831266218e+00 1.746648682626e+01 6.531376068018e-01 1.511392234956e+00 6.392491388535e-01
8 42 1 0.93255285 1.68589094 0.73824837 0.90853432 0.69522738 1.665591649319e+00 1.793891790204e+01 6.713431316322e-01 1.558319806845e+00 6.499451007431e-01
8 43 1 0.93255285 1.68589094 0.73824837 0.90853432 0.69522738 1.749479144464e+00 1.842964909509e+01 6.833875526599e-01 1.595203954588e+00 4.508260769900e-01
8 44 1 0.93255285 1.68589094 0.73824837 0.90853432 0.69522738 1.820377688399e+00 1.892774142490e+01 7.077755337242e-01 1.638810916077e+00 4.879364266187e-01
8 45 1 0.93255285 1.68589094 0.73824837 0.90853432 0.69522738 1.875234829897e+00 1.948839608061e+01 7.322315782384e-01 1.723687458519e+00 7.255793923365e-01
8 46 1 0.93255285 1.68589094 0.73824837 0.90853432 0.69522738 1.962304160807e+00 2.019058269027e+01 7.589580787826e-01 1.753924133147e+00 6.051925161949e-01
8 47 1 0.93255285 1.68589094 0.73824837 0.90853432 0.69522738 2.041237367438e+00 2.068844525137e+01 7.891003359362e-01 1.775161889957e+00 5.018959957894e-01
8 48 1 0.93255285 1.68589094 0.73824837 0.90853432 0.69522738 2.135110625438e+00 2.142890529783e+01 8.306430240090e-01 1.859392075468e+00 7.551709578624e-01
8 49 1 0.93255285 1.68589094 0.73824837 0.90853432 0.69522738 2.221813882979e+00 2.215814191138e+01 8.622619245739e-01 1.980200767052e+00 6.940840499248e-01
8 50 1 0.93255285 1.68589094 0.73824837 0.90853432 0.69522738 2.324401301678e+00 2.309223278393e+01 8.946403701445e-01 2.044063801790e+00 6.562902422483e-01
8 51 1 0.93255285 1.68589094 0.73824837 0.90853432 0.69522738 2.414707667752e+00 2.380485700622e+01 9.249579748199e-01 2.077513134948e+00 7.195356370804e-01
8 52 1 0.93255285 1.68589094 0.73824837 0.90853432 0.69522738 2.515195045691e+00 2.449798701712e+01 9.660415159563e-01 2.104463262303e+00 7.261895708568e-01
8 53 1 0.93255285 1.68589094 0.73824837 0.90853432 0.69522738 2.616889975622e+00 2.541897260881e+01 1.007145547011e+00 2.192062962320e+00 8.229305925956e-01
8 54 1 0.93255285 1.68589094 0.73824837 0.90853432 0.69522738 2.754664436600e+00 2.645970389056e+01 1.028609213738e+00 2.291105693628e+00 7.864390386663e-01
8 55 1 0.93255285 1.68589094 0.73824837 0.90853432 0.69522738 2.864619851871e+00 2.757855872150e+01 1.053340809789e+00 2.385174193795e+00 8.448938869825e-01
8 56 1 0.93255285 1.68589094 0.73824837 0.90853432 0.69522738 2.956216721584e+00 2.853720608885e+01 1.068765714243e+00 2.490798044903e+00 8.110422546606e-01
8 57 1 0.93255285 1.68589094 0.73824837 0.90853432 0.69522738 3.106515926087e+00 2.920926283931e+01 1.067499545244e+00 2.614641164002e+00 1.060664127328e+00
8 58 1 0.93255285 1.68589094 0.73824837 0.90853432 0.69522738 3.216730210468e+00 3.046512866430e+01 1.122016822879e+00 2.731953640695e+00 8.923106454247e-01
8 59 1 0.93255285 1.68589094 0.73824837 0.90853432 0.69522738 3.327360569319e+00 3.172433916372e+01 1.198578031452e+00 2.812235683978e+00 7.507034594416e-01
8 60 1 0.93255285 1.68589094 0.73824837 0.90853432 0.69522738 3.490943988998e+00 3.312690745895e+01 1.277602221735e+00 2.901234215530e+00 1.253430594363e+00
8 61 1 0.93255285 1.68589094 0.73824837 0.90853432 0.69522738 3.616042364033e+00 3.420051995945e+01 1.328390019673e+00 2.983335722342e+00 1.074578399914e+00
8 62 1 0.93255285 1.68589094 0.73824837 0.90853432 0.69522738 3.728120688577e+00 3.517432078670e+01 1.400818916641e+00 3.070461291325e+00 8.386859088745e-01
8 63 1 0.93255285 1.68589094 0.73824837 0.90853432 0.69522738 3.852915233734e+00 3.650354219635e+01 1.461765541229e+00 3.193040269288e+00 1.126912652162e+00
10 0 1 0.35987495 0.46490859 1.29745880 0.42450160 0.85173165 5.039612207725e-02 2.331122492537e+00 3.068960582289e-06 8.746290279918e-02 1.260274298902e-06
10 1 1 0.35987495 0.46490859 1.29745880 0.42450160 0.85173165 5.030016920803e-02 2.333509389810e+00 2.957283186115e-06 8.570122838310e-02 1.214064332739e-06
10 2 1 0.35987495 0.46490859 1.29745880 0.42450160 0.85173165 4.981629536651e-02 2.343062502302e+00 2.849028809929e-06 8.409237753571e-02 1.169392655991e-06
10 3 1 0.35987495 0.46490859 1.29745880 0.42450160 0.85173165 4.892426596649e-02 2.345145043226e+00 2.744197555527e-06 8.261018613310e-02 1.126259285027e-06
10 4 1 0.35987495 0.46490859 1.29745880 0.42450160 0.85173165 4.775199049075e-02 2.338931390901e+00 2.642789521491e-06 8.122826706715e-02 1.084664235652e-06
10 5 1 0.35987495 0.46490859 1.29745880 0.42450160 0.85173165 4.652606401342e-02 2.338362194433e+00 2.544804803174e-06 7.992139310721e-02 1.044607523102e-06
10 6 1 0.35987495 0.46490859 1.29745880 0.42450160 0.85173165 4.549301127217e-02 2.346480860078e+00 2.450243492715e-06 7.866672511541e-02 1.006089162059e-06
10 7 1 0.35987495 0.46490859 1.29745880 0.42450160 0.85173165 4.483845581574e-02 2.350381841492e+00 2.359105679036e-06 7.744483108057e-02 9.691091666363e-07
10 8 1 0.35987495 0.46490859 1.29745880 0.42450160 0.85173165 4.463046759167e-02 2.345013087038e+00 2.271391447836e-06 7.624045737322e-02 9.336675503794e-07
10 9 1 0.35987495 0.46490859 1.29745880 0.42450160 0.85173165 4.480394965662e-02 2.341933305353e+00 2.187100881598e-06 7.504303060491e-02 8.997643262805e-07
10 10 1 0.35987495 0.46490859 1.29745880 0.42450160 0.85173165 4.518869813934e-02 2.347933013833e+00 2.106234059579e-06 7.384688539444e-02 8.673995067559e-07
10 11 1 0.35987495 0.46490859 1.29745880 0.42450160 0.85173165 4.556961044895e-02 2.353047369889e+00 2.028791057824e-06 7.265122916789e-02 8.365731036688e-07
10 12 1 0.35987495 0.46490859 1.29745880 0.42450160 0.85173165 4.575795896433e-02 2.349031605348e+00 1.954771949156e-06 7.145986895635e-02 8.072851283141e-07
10 13 1 0.35987495 0.46490859 1.29745880 0.42450160 0.85173165 4.565042584378e-02 2.344031830894e+00 1.884176803177e-06 7.028073629336e-02 7.795355914204e-07
10 14 1 0.35987495 0.46490859 1.29745880 0.42450160 0.85173165 4.525790506607e-02 2.347401202686e+00 1.817005686271e-06 6.912525426876e-02 7.533245031563e-07
10 15 1 0.35987495 0.46490859 1.29745880 0.42450160 0.85173165 4.469671198995e-02 2.352948873466e+00 1.753258661601e-06 6.800759531762e-02 7.286518731267e-07
10 16 1 0.35987495 0.46490859 1.29745880 0.42450160 0.85173165 4.414707741888e-02 2.350545965211e+00 1.692935789111e-06 6.694387941206e-02 7.055177103721e-07
10 17 1 0.35987495 0.46490859 1.29745880 0.42450160 0.85173165 4.379370465007e-02 2.344314182072e+00 1.636037125525e-06 6.595136020278e-02 6.839220233677e-07
10 18 1 0.35987495 0.46490859 1.29745880 0.42450160 0.85173165 4.376783142464e-02 2.344778140552e+00 1.582562724345e-06 6.504764175704e-02 6.638648200270e-07
10 19 1 0.35987495 0.46490859 1.29745880 0.42450160 0.85173165 4.410861049556e-02 2.349906050154e+00 1.532512635858e-06 6.424996144470e-02 6.453461076995e-07
10 20 1 0.35987495 0.46490859 1.29745880 0.42450160 0.85173165 4.475466217516e-02 2.349129521040e+00 1.485886907126e-06 6.357456593507e-02 6.283658931694e-07
10 21 1 0.35987495 0.46490859 1.29745880 0.42450160 0.85173165 4.556685999349e-02 2.342401848452e+00 1.442685581994e-06 6.303619793535e-02 6.129241826596e-07
10 22 1 0.35987495 0.46490859 1.29745880 0.42450160 0.85173165 4.637393194157e-02 2.339965959496e+00 1.402908701085e-06 6.264770198025e-02 5.990209818280e-07
10 23 1 0.35987495 0.46490859 1.29745880 0.42450160 0.85173165 4.702608626598e-02 2.343857724906e+00 1.366556301803e-06 6.241974896587e-02 5.866562957683e-07
10 24 1 0.35987495 0.46490859 1.29745880 0.42450160 0.85173165 4.744025101306e-02 2.344499018844e+00 1.333628418332e-06 6.236067180198e-02 5.758301290110e-07
10 25 1 0.35987495 0.46490859 1.29745880 0.42450160 0.85173165 4.762378662655e-02 2.338001689711e+00 1.304125081635e-06 6.247639898272e-02 5.665424855235e-07
10 26 1 0.35987495 0.46490859 1.29745880 0.42450160 0.85173165 4.767042089799e-02 2.332961923177e+00 1.278046319454e-06 6.277046932485e-02 5.587933687084e-07
10 27 1 0.35987495 0.46490859 1.29745880 0.42450160 0.85173165 4.773047982839e-02 2.334934821243e+00 1.255392156314e-06 6.324410968930e-02 5.525827814051e-07
10 28 1 0.35987495 0.46490859 1.29745880 0.42450160 0.85173165 4.796483161786e-02 2.336599606197e+00 1.236162613516e-06 6.389635809503e-02 5.479107258893e-07
10 29 1 0.35987495 0.46490859 1.29745880 0.42450160 0.85173165 4.849634917499e-02 2.330981060658e+00 1.220357709142e-06 6.472421699560e-02 5.447772038728e-07
10 30 1 0.35987495 0.46490859 1.29745880 0.42450160 0.85173165 4.937307368632e-02 2.323892115484e+00 1.207977458055e-06 6.572282521538e-02 5.431822165038e-07
10 31 1 0.35987495 0.46490859 1.29745880 0.42450160 0.85173165 5.055368801136e-02 2.323467422135e+00 1.199021871897e-06 6.688564162497e-02 5.431257643667e-07
10 32 1 0.35987495 0.46490859 1.29745880 0.42450160 0.85173165 5.191946588856e-02 2.325618377467e+00 1.193490959088e-06 6.820463850537e-02 5.446078474823e-07
10 33 1 0.35987495 0.46490859 1.29745880 0.42450160 0.85173165 5.330933068355e-02 2.321378505905e+00 1.191384724829e-06 6.967050712291e-02 5.476284653074e-07
10 34 1 0.35987495 0.46490859 1.29745880 0.42450160 0.85173165 5.456805422537e-02 2.312985567981e+00 1.192703171101e-06 7.127288176859e-02 5.521876167352e-07
10 35 1 0.35987495 0.46490859 1.29745880 0.42450160 0.85173165 5.559372086694e-02 2.309927896996e+00 1.197446296665e-06 7.300059094065e-02 5.582853000953e-07
10 36 1 0.35987495 0.46490859 1.29745880 0.42450160 0.85173165 5.637046916443e-02 2.311933725432e+00 1.205614097060e-06 7.484194513044e-02 5.659215131534e-07
10 37 1 0.35987495 0.46490859 1.29745880 0.42450160 0.85173165 5.697634459023e-02 2.309363380255e+00 1.217206564605e-06 7.678506962177e-02 5.750962531116e-07
10 38 1 0.35987495 0.46490859 1.29745880 0.42450160 0.85173165 5.756296251240e-02 2.300511826998e+00 1.232223688400e-06 7.881828781845e-02 5.858095166080e-07
10 39 1 0.35987495 0.46490859 1.29745880 0.42450160 0.85173165 5.831183314858e-02 2.294841540534e+00 1.250665454323e-06 8.093055603926e-02 5.980612997173e-07
10 40 1 0.35987495 0.46490859 1.29745880 0.42450160 0.85173165 5.937940385806e-02 2.296035031482e+00 1.272531845034e-06 8.311194479504e-02 6.118515979507e-07
10 41 1 0.35987495 0.46490859 1.29745880 0.42450160 0.85173165 6.084697871539e-02 2.295180117438e+00 1.297822839970e-06 8.535415477066e-02 6.271804062548e-07
10 42 1 0.35987495 0.46490859 1.29745880 0.42450160 0.85173165 6.269122956435e-02 2.286721548977e+00 1.326538415349e-06 8.765104866993e-02 6.440477190127e-07
10 43 1 0.35987495 0.46490859 1.29745880 0.42450160 0.85173165 6.478576548313e-02 2.278708313488e+00 1.358678544169e-06 8.999917340381e-02 6.624535300450e-07
10 44 1 0.35987495 0.46490859 1.29745880 0.42450160 0.85173165 6.693534660134e-02 2.278455419338e+00 1.394243196208e-06 9.239824149898e-02 6.823978326078e-07
10 45 1 0.35987495 0.46490859 1.29745880 0.42450160 0.85173165 6.893421853421e-02 2.279115534703e+00 1.433232338022e-06 9.485153671521e-02 7.038806193917e-07
10 46 1 0.35987495 0.46490859 1.29745880 0.42450160 0.85173165 7.063175209024e-02 2.271825734062e+00 1.475645932949e-06 9.736620724941e-02 7.269018825268e-07
10 47 1 0.35987495 0.46490859 1.29745880 0.42450160 0.85173165 7.198490151418e-02 2.261969780232e+00 1.521483941105e-06 9.995341098475e-02 7.514616135773e-07
10 48 1 0.35987495 0.46490859 1.29745880 0.42450160 0.85173165 7.307956911808e-02 2.259746818220e+00 1.570746319387e-06 1.026282812587e-01 7.775598035439e-07
10 49 1 0.35987495 0.46490859 1.29745880 0.42450160 0.85173165 7.411156172981e-02 2.261510014109e+00 1.623433021473e-06 1.054096886012e-01 8.051964428651e-07
10 50 1 0.35987495 0.46490859 1.29745880 0.42450160 0.85173165 7.533022667700e-02 2.256027036891e+00 1.679543997817e-06 1.083197836346e-01 8.343715214148e-07
10 51 1 0.35987495 0.46490859 1.29745880 0.42450160 0.85173165 7.696035309220e-02 2.245029454694e+00 1.739079195659e-06 1.113833184167e-01 8.650850285015e-07
10 52 1 0.35987495 0.46490859 1.29745880 0.42450160 0.85173165 7.912639062235e-02 2.240498713562e+00 1.802038559014e-06 1.146267572982e-01 8.973369528707e-07
10 53 1 0.35987495 0.46490859 1.29745880 0.42450160 0.85173165 8.180427009258e-02 2.242804348747e+00 1.868422028679e-06 1.180772030629e-01 9.311272827081e-07
10 54 1 0.35987495 0.46490859 1.29745880 0.42450160 0.85173165 8.481901767391e-02 2.239586539100e+00 1.938229542233e-06 1.217611787602e-01 9.664560056329e-07
10 55 1 0.35987495 0.46490859 1.29745880 0.42450160 0.85173165 8.789254900309e-02 2.228304698869e+00 2.011461034029e-06 1.257033192167e-01 1.003323108695e-06
10 56 1 0.35987495 0.46490859 1.29745880 0.42450160 0.85173165 9.072955888762e-02 2.221373391368e+00 2.088116435209e-06 1.299250376907e-01 1.041728578393e-06
10 57 1 0.35987495 0.46490859 1.29745880 0.42450160 0.85173165 9.311562352929e-02 2.223587699457e+00 2.168195673689e-06 1.344432415412e-01 1.081672400648e-06
10 58 1 0.35987495 0.46490859 1.29745880 0.42450160 0.85173165 9.499542822927e-02 2.222885526960e+00 2.251698674169e-06 1.392691752934e-01 1.123154560830e-06
10 59 1 0.35987495 0.46490859 1.29745880 0.42450160 0.85173165 9.650319730476e-02 2.212268035656e+00 2.338625358126e-06 1.444074694433e-01 1.166175043738e-06
10 60 1 0.35987495 0.46490859 1.29745880 0.42450160 0.85173165 9.793140065724e-02 2.203115140946e+00 2.428975643819e-06 1.498554683779e-01 1.210733833605e-06
10 61 1 0.35987495 0.46490859 1.29745880 0.42450160 0.85173165 9.964368485487e-02 2.204601921539e+00 2.522749446293e-06 1.556029008022e-01 1.256830914110e-06
10 62 1 0.35987495 0.46490859 1.29745880 0.42450160 0.85173165 1.019574063791e-01 2.206436240110e+00 2.619946677364e-06 1.616319412808e-01 1.304466268359e-06
10 63 1 0.35987495 0.46490859 1.29745880 0.42450160 0.85173165 1.050334318895e-01 2.197435270813e+00 2.720567245634e-06 1.679176924902e-01 1.353639878900e-06
12 0 1 1.46795874 4.13286982 0.57742562 3.18707635 0.87296999 1.990527208944e+01 1.062695439465e+03 5.065945302011e-01 3.877379321768e+02 3.691720538226e+00
12 1 1 1.46795874 4.13286982 0.57742562 3.18707635 0.87296999 1.920490131053e+01 1.053064053142e+03 4.844757902074e-01 3.849869169575e+02 4.560603456204e+00
12 2 1 1.46795874 4.13286982 0.57742562 3.18707635 0.87296999 1.860416815903e+01 9.617908915353e+02 4.585020063872e-01 3.853691370088e+02 3.428512909856e+00
12 3 1 1.46795874 4.13286982 0.57742562 3.18707635 0.87296999 1.784699170457e+01 9.323823967367e+02 4.283661568894e-01 3.457424668048e+02 1.421561364361e+00
12 4 1 1.46795874 4.13286982 0.57742562 3.18707635 0.87296999 1.714554504072e+01 9.495853898167e+02 4.042434741999e-01 3.449989398770e+02 1.203053593630e+00
12 5 1 1.46795874 4.13286982 0.57742562 3.18707635 0.87296999 1.653593986301e+01 8.889452618184e+02 4.080642885981e-01 3.452512345019e+02 1.667460220904e+00
12 6 1 1.46795874 4.13286982 0.57742562 3.18707635 0.87296999 1.581106901768e+01 8.278127122090e+02 4.137563849281e-01 3.095152285611e+02 2.175679801454e+00
12 7 1 1.46795874 4.13286982 0.57742562 3.18707635 0.87296999 1.520333209573e+01 8.409526708627e+02 3.903739030353e-01 3.105683698557e+02 3.160002870058e+00
12 8 1 1.46795874 4.13286982 0.57742562 3.18707635 0.87296999 1.472097533409e+01 8.206406555720e+02 3.620721308968e-01 3.109365889314e+02 2.883109398703e+00
12 9 1 1.46795874 4.13286982 0.57742562 3.18707635 0.87296999 1.416710188796e+01 7.513278999954e+02 3.542754386896e-01 2.802305648305e+02 1.703216999110e+00
12 10 1 1.46795874 4.13286982 0.57742562 3.18707635 0.87296999 1.366957869942e+01 7.406018288045e+02 3.481123921533e-01 2.827634669381e+02 1.527422704002e+00
12 11 1 1.46795874 4.13286982 0.57742562 3.18707635 0.87296999 1.331392052690e+01 7.484345909841e+02 3.217024450116e-01 2.813005549431e+02 1.352519745839e+00
12 12 1 1.46795874 4.13286982 0.57742562 3.18707635 0.87296999 1.283858277941e+01 6.943937711797e+02 3.127863938749e-01 2.538292375885e+02 1.274259933772e+00
12 13 1 1.46795874 4.13286982 0.57742562 3.18707635 0.87296999 1.244556686416e+01 6.588429501631e+02 3.100529477724e-01 2.570665102552e+02 2.032943528509e+00
12 14 1 1.46795874 4.13286982 0.57742562 3.18707635 0.87296999 1.215970601945e+01 6.746181143650e+02 3.097107233797e-01 2.544397313078e+02 1.931469980483e+00
12 15 1 1.46795874 4.13286982 0.57742562 3.18707635 0.87296999 1.175632290082e+01 6.486525401517e+02 2.949595380859e-01 2.294311089949e+02 1.147369404576e+00
12 16 1 1.46795874 4.13286982 0.57742562 3.18707635 0.87296999 1.132706693920e+01 5.998685504744e+02 2.777096682921e-01 2.337434000883e+02 1.465612448506e+00
12 17 1 1.46795874 4.13286982 0.57742562 3.18707635 0.87296999 1.107886403755e+01 6.047342685286e+02 2.644847152738e-01 2.314895765724e+02 1.709490693316e+00
12 18 1 1.46795874 4.13286982 0.57742562 3.18707635 0.87296999 1.078073080710e+01 6.060832423704e+02 2.578188163095e-01 2.098906919939e+02 1.362019466687e+00
12 19 1 1.46795874 4.13286982 0.57742562 3.18707635 0.87296999 1.051296609331e+01 5.617727160052e+02 2.687425152835e-01 2.154095477020e+02 1.522364246083e+00
12 20 1 1.46795874 4.13286982 0.57742562 3.18707635 0.87296999 1.034114353724e+01 5.470020613067e+02 2.657604034721e-01 2.141463729965e+02 1.448859682511e+00
12 21 1 1.46795874 4.13286982 0.57742562 3.18707635 0.87296999 1.006553427969e+01 5.642256194460e+02 2.509902671255e-01 1.966022068884e+02 8.264689113033e-01
12 22 1 1.46795874 4.13286982 0.57742562 3.18707635 0.87296999 9.717101163133e+00 5.394345677075e+02 2.417769260016e-01 2.029988002455e+02 8.678881941227e-01
12 23 1 1.46795874 4.13286982 0.57742562 3.18707635 0.87296999 9.500693910470e+00 5.079545399487e+02 2.348661046229e-01 2.016084955174e+02 1.255687927733e+00
12 24 1 1.46795874 4.13286982 0.57742562 3.18707635 0.87296999 9.278129616161e+00 5.241009959692e+02 2.278241779265e-01 1.862994671168e+02 1.618376276725e+00
12 25 1 1.46795874 4.13286982 0.57742562 3.18707635 0.87296999 9.101527661269e+00 5.250813504548e+02 2.258742730546e-01 1.938243016871e+02 1.971404997196e+00
12 26 1 1.46795874 4.13286982 0.57742562 3.18707635 0.87296999 9.094737062510e+00 4.909006606730e+02 2.184294996099e-01 1.924381101965e+02 1.537117666610e+00
12 27 1 1.46795874 4.13286982 0.57742562 3.18707635 0.87296999 9.033172235796e+00 4.926119849814e+02 2.183379536444e-01 1.785494610311e+02 7.455503250277e-01
12 28 1 1.46795874 4.13286982 0.57742562 3.18707635 0.87296999 8.870259942643e+00 5.123512570287e+02 2.179862077758e-01 1.872948479442e+02 7.218659441798e-01
12 29 1 1.46795874 4.13286982 0.57742562 3.18707635 0.87296999 8.782111350759e+00 4.912770152727e+02 2.174068574585e-01 1.869211545211e+02 7.488572321268e-01
12 30 1 1.46795874 4.13286982 0.57742562 3.18707635 0.87296999 8.708916503241e+00 4.766820407245e+02 2.073543934839e-01 1.752551352617e+02 1.074833887141e+00
12 31 1 1.46795874 4.13286982 0.57742562 3.18707635 0.87296999 8.665363577637e+00 5.018166525831e+02 1.956970220261e-01 1.856531923603e+02 2.100798699735e+00
12 32 1 1.46795874 4.13286982 0.57742562 3.18707635 0.87296999 8.827634001047e+00 5.034425483309e+02 2.140844342767e-01 1.867762190862e+02 2.221632952119e+00
12 33 1 1.46795874 4.13286982 0.57742562 3.18707635 0.87296999 8.979846059780e+00 4.804657451101e+02 2.282777825282e-01 1.774530825756e+02 1.108017948905e+00
12 34 1 1.46795874 4.13286982 0.57742562 3.18707635 0.87296999 9.043143077767e+00 4.971513834257e+02 2.267200090645e-01 1.898834931661e+02 7.433297212346e-01
12 35 1 1.46795874 4.13286982 0.57742562 3.18707635 0.87296999 9.162885719083e+00 5.203563023428e+02 2.247693920912e-01 1.911863360868e+02 7.709463346063e-01
12 36 1 1.46795874 4.13286982 0.57742562 3.18707635 0.87296999 9.263809233015e+00 5.023942137525e+02 2.263490860216e-01 1.832083764021e+02 7.447004407802e-01
12 37 1 1.46795874 4.13286982 0.57742562 3.18707635 0.87296999 9.279363147732e+00 5.040725363101e+02 2.338478365134e-01 1.980006689025e+02 1.503941652644e+00
12 38 1 1.46795874 4.13286982 0.57742562 3.18707635 0.87296999 9.490956589814e+00 5.405734946410e+02 2.376762863381e-01 1.991986783798e+02 2.100171196897e+00
12 39 1 1.46795874 4.13286982 0.57742562 3.18707635 0.87296999 9.782784203442e+00 5.405525881323e+02 2.445852073429e-01 1.916205539585e+02 1.683901211362e+00
12 40 1 1.46795874 4.13286982 0.57742562 3.18707635 0.87296999 1.001697470768e+01 5.274793810539e+02 2.496615511540e-01 2.083882481625e+02 1.257556635833e+00
12 41 1 1.46795874 4.13286982 0.57742562 3.18707635 0.87296999 1.029680968593e+01 5.623555970516e+02 2.572891165770e-01 2.103296118394e+02 9.383580140024e-01
12 42 1 1.46795874 4.13286982 0.57742562 3.18707635 0.87296999 1.055776192986e+01 5.886132348446e+02 2.643282956200e-01 2.042679987089e+02 8.818792590646e-01
12 43 1 1.46795874 4.13286982 0.57742562 3.18707635 0.87296999 1.066414544495e+01 5.721346842612e+02 2.669532876150e-01 2.240201699518e+02 1.474197526197e+00
12 44 1 1.46795874 4.13286982 0.57742562 3.18707635 0.87296999 1.091080464375e+01 5.904568997710e+02 2.561575275650e-01 2.264035744912e+02 1.678786003274e+00
12 45 1 1.46795874 4.13286982 0.57742562 3.18707635 0.87296999 1.127230639639e+01 6.391592058318e+02 2.680078003461e-01 2.225714554334e+02 1.439543466288e+00
12 46 1 1.46795874 4.13286982 0.57742562 3.18707635 0.87296999 1.158088691518e+01 6.371391277374e+02 2.882422160229e-01 2.460220258770e+02 1.739173536015e+00
12 47 1 1.46795874 4.13286982 0.57742562 3.18707635 0.87296999 1.198248911521e+01 6.331989627612e+02 3.046992300159e-01 2.478504266010e+02 1.585309578888e+00
12 48 1 1.46795874 4.13286982 0.57742562 3.18707635 0.87296999 1.245231234745e+01 6.878138938409e+02 3.131472424874e-01 2.450335239409e+02 1.216979349497e+00
12 49 1 1.46795874 4.13286982 0.57742562 3.18707635 0.87296999 1.278116209905e+01 7.154301414508e+02 3.168437008569e-01 2.716365121738e+02 2.024118149221e+00
12 50 1 1.46795874 4.13286982 0.57742562 3.18707635 0.87296999 1.316848239755e+01 6.995560307779e+02 3.163096521700e-01 2.727132722075e+02 2.264239783190e+00
12 51 1 1.46795874 4.13286982 0.57742562 3.18707635 0.87296999 1.367000337951e+01 7.388469540680e+02 3.361905422812e-01 2.697008826705e+02 1.347418637863e+00
12 52 1 1.46795874 4.13286982 0.57742562 3.18707635 0.87296999 1.410960292352e+01 7.960625718354e+02 3.583537396818e-01 2.987837117799e+02 1.401671530889e+00
12 53 1 1.46795874 4.13286982 0.57742562 3.18707635 0.87296999 1.469494323062e+01 7.888632614143e+02 3.748186039849e-01 2.994487838740e+02 1.715266666841e+00
12 54 1 1.46795874 4.13286982 0.57742562 3.18707635 0.87296999 1.538874259415e+01 8.012478631709e+02 3.745002949856e-01 2.986114774337e+02 1.818655944525e+00
12 55 1 1.46795874 4.13286982 0.57742562 3.18707635 0.87296999 1.595067471888e+01 8.750902744594e+02 4.031292285583e-01 3.314510334976e+02 3.053439362031e+00
12 56 1 1.46795874 4.13286982 0.57742562 3.18707635 0.87296999 1.655626354390e+01 8.969971067207e+02 4.219546050069e-01 3.312359598995e+02 3.528910806392e+00
12 57 1 1.46795874 4.13286982 0.57742562 3.18707635 0.87296999 1.735130089149e+01 8.841568289160e+02 4.189340582905e-01 3.332478979523e+02 2.306702288162e+00
12 58 1 1.46795874 4.13286982 0.57742562 3.18707635 0.87296999 1.799082216746e+01 9.510055978345e+02 4.177809354181e-01 3.713411086574e+02 1.639760975829e+00
12 59 1 1.46795874 4.13286982 0.57742562 3.18707635 0.87296999 1.863663572498e+01 1.013102859707e+03 4.562817641924e-01 3.701607144742e+02 1.320692166259e+00
12 60 1 1.46795874 4.13286982 0.57742562 3.18707635 0.87296999 1.933645482668e+01 9.939702569288e+02 4.904420951904e-01 3.723420401466e+02 1.540297520653e+00
12 61 1 1.46795874 4.13286982 0.57742562 3.18707635 0.87296999 1.993844124539e+01 1.029815839136e+03 5.156777176100e-01 4.144266114983e+02 3.764775759671e+00
12 62 1 1.46795874 4.13286982 0.57742562 3.18707635 0.87296999 2.059700851088e+01 1.125280395359e+03 5.258772150141e-01 4.113040391069e+02 5.234061310954e+00
12 63 1 1.46795874 4.13286982 0.57742562 3.18707635 0.87296999 2.153623589131e+01 1.131638584132e+03 5.354293002911e-01 4.132560987020e+02 3.963227468421e+00
20 0 1 2.61482648 1.98298488 0.48696781 1.27820145 0.56284421 8.529286117476e+01 1.156199272668e+02 3.628236825727e-01 2.014082274604e+01 8.018400381869e-01
20 1 1 2.61482648 1.98298488 0.48696781 1.27820145 0.56284421 8.282803755031e+01 1.113660421321e+02 3.690860718155e-01 1.941284150540e+01 8.061683431079e-01
20 2 1 2.61482648 1.98298488 0.48696781 1.27820145 0.56284421 7.984254862558e+01 1.079426645152e+02 3.662616859449e-01 1.889745945443e+01 7.494169033633e-01
20 3 1 2.61482648 1.98298488 0.48696781 1.27820145 0.56284421 7.721504999782e+01 1.043153624169e+02 3.437947650684e-01 1.821413782032e+01 7.019395213445e-01
20 4 1 2.61482648 1.98298488 0.48696781 1.27820145 0.56284421 7.478517556248e+01 1.006924944142e+02 3.366451909754e-01 1.749435773501e+01 7.218126354724e-01
20 5 1 2.61482648 1.98298488 0.48696781 1.27820145 0.56284421 7.214773988166e+01 9.717825006815e+01 3.190213367295e-01 1.705640326559e+01 6.852580410465e-01
20 6 1 2.61482648 1.98298488 0.48696781 1.27820145 0.56284421 6.991730146787e+01 9.410038597019e+01 2.992420553759e-01 1.657243617220e+01 6.484740600703e-01
20 7 1 2.61482648 1.98298488 0.48696781 1.27820145 0.56284421 6.743218149284e+01 9.058403237918e+01 2.894635705938e-01 1.584398326352e+01 6.587987838128e-01
20 8 1 2.61482648 1.98298488 0.48696781 1.27820145 0.56284421 6.524861247782e+01 8.780689854263e+01 2.752761760022e-01 1.523245787481e+01 6.320093259927e-01
20 9 1 2.61482648 1.98298488 0.48696781 1.27820145 0.56284421 6.309498981874e+01 8.485618212806e+01 2.608787802574e-01 1.474123474329e+01 5.874344354397e-01
20 10 1 2.61482648 1.98298488 0.48696781 1.27820145 0.56284421 6.090467238687e+01 8.195705149955e+01 2.573188136614e-01 1.408544721413e+01 5.757704566278e-01
20 11 1 2.61482648 1.98298488 0.48696781 1.27820145 0.56284421 5.901798953233e+01 7.920434331010e+01 2.581198293162e-01 1.346052346006e+01 5.390794176627e-01
20 12 1 2.61482648 1.98298488 0.48696781 1.27820145 0.56284421 5.694900279952e+01 7.681376768195e+01 2.474126235896e-01 1.306206430560e+01 5.207572826794e-01
20 13 1 2.61482648 1.98298488 0.48696781 1.27820145 0.56284421 5.512206734971e+01 7.412577055279e+01 2.331152729114e-01 1.265559867229e+01 5.191938054453e-01
20 14 1 2.61482648 1.98298488 0.48696781 1.27820145 0.56284421 5.349969339015e+01 7.208954309202e+01 2.255079309641e-01 1.223148720204e+01 4.978551211611e-01
20 15 1 2.61482648 1.98298488 0.48696781 1.27820145 0.56284421 5.166267070828e+01 6.991232969452e+01 2.287467149134e-01 1.199099527328e+01 4.931495963419e-01
20 16 1 2.61482648 1.98298488 0.48696781 1.27820145 0.56284421 5.023642962874e+01 6.779137889911e+01 2.176176941646e-01 1.175074738656e+01 4.948730052047e-01
20 17 1 2.61482648 1.98298488 0.48696781 1.27820145 0.56284421 4.868358724456e+01 6.584067186143e+01 2.015726144632e-01 1.134904725190e+01 4.608143326903e-01
20 18 1 2.61482648 1.98298488 0.48696781 1.27820145 0.56284421 4.747561280691e+01 6.418706434918e+01 1.972948211001e-01 1.102119830706e+01 4.429605070837e-01
20 19 1 2.61482648 1.98298488 0.48696781 1.27820145 0.56284421 4.614585248989e+01 6.230936751961e+01 1.947275616128e-01 1.079588250326e+01 4.449788209890e-01
20 20 1 2.61482648 1.98298488 0.48696781 1.27820145 0.56284421 4.494238639227e+01 6.099226888052e+01 1.867358593751e-01 1.045468868405e+01 4.115753917688e-01
20 21 1 2.61482648 1.98298488 0.48696781 1.27820145 0.56284421 4.402117129532e+01 5.958465877545e+01 1.875647056494e-01 1.012505748151e+01 3.976468979540e-01
20 22 1 2.61482648 1.98298488 0.48696781 1.27820145 0.56284421 4.298369559312e+01 5.825373011882e+01 1.892075072792e-01 9.984848996193e+00 4.074619503931e-01
20 23 1 2.61482648 1.98298488 0.48696781 1.27820145 0.56284421 4.228520777590e+01 5.713337764396e+01 1.847674643474e-01 9.833553427679e+00 3.865061961143e-01
20 24 1 2.61482648 1.98298488 0.48696781 1.27820145 0.56284421 4.148832345726e+01 5.629865042434e+01 1.812549280162e-01 9.590803503351e+00 3.717128240449e-01
20 25 1 2.61482648 1.98298488 0.48696781 1.27820145 0.56284421 4.100235723984e+01 5.531500766208e+01 1.791533217297e-01 9.453630045633e+00 4.067157403735e-01
20 26 1 2.61482648 1.98298488 0.48696781 1.27820145 0.56284421 4.043561595328e+01 5.481964972778e+01 1.739830834447e-01 9.365148246682e+00 3.979683051777e-01
20 27 1 2.61482648 1.98298488 0.48696781 1.27820145 0.56284421 4.017709836848e+01 5.426008199978e+01 1.697174915186e-01 9.165579426622e+00 3.852752268333e-01
20 28 1 2.61482648 1.98298488 0.48696781 1.27820145 0.56284421 3.989703732852e+01 5.378175880534e+01 1.656139159403e-01 9.007829258981e+00 3.893106805643e-01
20 29 1 2.61482648 1.98298488 0.48696781 1.27820145 0.56284421 3.971085996326e+01 5.352666981363e+01 1.657398232361e-01 8.982485279688e+00 3.627601836827e-01
20 30 1 2.61482648 1.98298488 0.48696781 1.27820145 0.56284421 3.980597332104e+01 5.352440376941e+01 1.598606317807e-01 8.933765816752e+00 3.452753143245e-01
20 31 1 2.61482648 1.98298488 0.48696781 1.27820145 0.56284421 3.982329818768e+01 5.341663760927e+01 1.504593980498e-01 8.912349273576e+00 3.407467059205e-01
20 32 1 2.61482648 1.98298488 0.48696781 1.27820145 0.56284421 4.011049706274e+01 5.374755214568e+01 1.656340629467e-01 9.058566323670e+00 3.636388212036e-01
20 33 1 2.61482648 1.98298488 0.48696781 1.27820145 0.56284421 4.022974376867e+01 5.400454304192e+01 1.756708950482e-01 9.203029064135e+00 3.840333923426e-01
20 34 1 2.61482648 1.98298488 0.48696781 1.27820145 0.56284421 4.077799769420e+01 5.433225807472e+01 1.754506185886e-01 9.248230874718e+00 4.070549915592e-01
20 35 1 2.61482648 1.98298488 0.48696781 1.27820145 0.56284421 4.130744413860e+01 5.490711196364e+01 1.765243256326e-01 9.392616839858e+00 3.969849872718e-01
20 36 1 2.61482648 1.98298488 0.48696781 1.27820145 0.56284421 4.185394192525e+01 5.569514002009e+01 1.805588179119e-01 9.610362790893e+00 3.900247745982e-01
20 37 1 2.61482648 1.98298488 0.48696781 1.27820145 0.56284421 4.269695053618e+01 5.640541834624e+01 1.831007853982e-01 9.698127506635e+00 4.013720186768e-01
20 38 1 2.61482648 1.98298488 0.48696781 1.27820145 0.56284421 4.346130328118e+01 5.756678441395e+01 1.841962556508e-01 9.788229814618e+00 3.713992213542e-01
20 39 1 2.61482648 1.98298488 0.48696781 1.27820145 0.56284421 4.446459581298e+01 5.865899795690e+01 1.839792423477e-01 1.003397798525e+01 3.875712556241e-01
20 40 1 2.61482648 1.98298488 0.48696781 1.27820145 0.56284421 4.552141268005e+01 5.981729464420e+01 1.887152203433e-01 1.025424074018e+01 4.248121752476e-01
20 41 1 2.61482648 1.98298488 0.48696781 1.27820145 0.56284421 4.660489064058e+01 6.128454087778e+01 1.878920635832e-01 1.042243132968e+01 4.204691156082e-01
20 42 1 2.61482648 1.98298488 0.48696781 1.27820145 0.56284421 4.796479396875e+01 6.292146000098e+01 1.900780247287e-01 1.073410611955e+01 4.320327796015e-01
20 43 1 2.61482648 1.98298488 0.48696781 1.27820145 0.56284421 4.919095115100e+01 6.445984554066e+01 1.994526133292e-01 1.107807009258e+01 4.685829527208e-01
20 44 1 2.61482648 1.98298488 0.48696781 1.27820145 0.56284421 5.073766256220e+01 6.645423472011e+01 2.099049464476e-01 1.129767779259e+01 4.719530721099e-01
20 45 1 2.61482648 1.98298488 0.48696781 1.27820145 0.56284421 5.224929009393e+01 6.836170429428e+01 2.128990833130e-01 1.158811314425e+01 4.773178144697e-01
20 46 1 2.61482648 1.98298488 0.48696781 1.27820145 0.56284421 5.367517516563e+01 7.029119202723e+01 2.289943248135e-01 1.198547645153e+01 5.064519227343e-01
20 47 1 2.61482648 1.98298488 0.48696781 1.27820145 0.56284421 5.563989578945e+01 7.259394578777e+01 2.397220653692e-01 1.226735186379e+01 5.114525917173e-01
20 48 1 2.61482648 1.98298488 0.48696781 1.27820145 0.56284421 5.726322714099e+01 7.501048388971e+01 2.347515059378e-01 1.256913821157e+01 5.036925530920e-01
20 49 1 2.61482648 1.98298488 0.48696781 1.27820145 0.56284421 5.930069030884e+01 7.729227543666e+01 2.419049261052e-01 1.310085043398e+01 5.377131468198e-01
20 50 1 2.61482648 1.98298488 0.48696781 1.27820145 0.56284421 6.114283433569e+01 8.001968792407e+01 2.580629985203e-01 1.361926532639e+01 5.492013121144e-01
20 51 1 2.61482648 1.98298488 0.48696781 1.27820145 0.56284421 6.329383380355e+01 8.264021777364e+01 2.676701351532e-01 1.404248170484e+01 5.661690457709e-01
20 52 1 2.61482648 1.98298488 0.48696781 1.27820145 0.56284421 6.552338309730e+01 8.523865022243e+01 2.685862523721e-01 1.466902166394e+01 6.194810164230e-01
20 53 1 2.61482648 1.98298488 0.48696781 1.27820145 0.56284421 6.761922128768e+01 8.830037224150e+01 2.759338155126e-01 1.537756801855e+01 6.240919597547e-01
20 54 1 2.61482648 1.98298488 0.48696781 1.27820145 0.56284421 7.013885213166e+01 9.141151815503e+01 2.926165183041e-01 1.583790994446e+01 6.607702458292e-01
20 55 1 2.61482648 1.98298488 0.48696781 1.27820145 0.56284421 7.243738968152e+01 9.440256404468e+01 3.148227710985e-01 1.627590048897e+01 6.814683583984e-01
20 56 1 2.61482648 1.98298488 0.48696781 1.27820145 0.56284421 7.517197198967e+01 9.784016747706e+01 3.218568210260e-01 1.687530503310e+01 6.749724745786e-01
20 57 1 2.61482648 1.98298488 0.48696781 1.27820145 0.56284421 7.768942074358e+01 1.011353602400e+02 3.370980328831e-01 1.734386139157e+01 7.009766302025e-01
20 58 1 2.61482648 1.98298488 0.48696781 1.27820145 0.56284421 8.067716540963e+01 1.043383117269e+02 3.553398577534e-01 1.774361833034e+01 7.460440273720e-01
20 59 1 2.61482648 1.98298488 0.48696781 1.27820145 0.56284421 8.341138416859e+01 1.080892912540e+02 3.549590443211e-01 1.839179609972e+01 7.433805666498e-01
20 60 1 2.61482648 1.98298488 0.48696781 1.27820145 0.56284421 8.662527283571e+01 1.117198505367e+02 3.675768623812e-01 1.904015684968e+01 7.746551568027e-01
20 61 1 2.61482648 1.98298488 0.48696781 1.27820145 0.56284421 8.993582166168e+01 1.152414668199e+02 3.782185413992e-01 1.951326396576e+01 8.516969811138e-01
20 62 1 2.61482648 1.98298488 0.48696781 1.27820145 0.56284421 9.310861627020e+01 1.192225764771e+02 3.686575153191e-01 2.018608794444e+01 8.414934469419e-01
20 63 1 2.61482648 1.98298488 0.48696781 1.27820145 0.56284421 9.692034494932e+01 1.230288737343e+02 3.950203958528e-01 2.097551138185e+01 8.660580303608e-01
23 0 1 0.77106395 1.42681629 0.97268555 0.87006046 0.87930357 1.549900856967e+00 1.772325762382e+01 3.767142134382e+00 2.512547213580e+00 2.639694263264e+00
23 1 1 0.77106395 1.42681629 0.97268555 0.87006046 0.87930357 1.426277899282e+00 1.729069660880e+01 3.596398351282e+00 2.419264895215e+00 2.602555259622e+00
23 2 1 0.77106395 1.42681629 0.97268555 0.87006046 0.87930357 1.293907388513e+00 1.647625400436e+01 3.891647676152e+00 2.305666383407e+00 2.478051187108e+00
23 3 1 0.77106395 1.42681629 0.97268555 0.87006046 0.87930357 1.211740702545e+00 1.585608210713e+01 3.386935913484e+00 2.240325081540e+00 2.359076815449e+00
23 4 1 0.77106395 1.42681629 0.97268555 0.87006046 0.87930357 1.120072598315e+00 1.542793973778e+01 3.188130134512e+00 2.206430649207e+00 2.326649853468e+00
23 5 1 0.77106395 1.42681629 0.97268555 0.87006046 0.87930357 1.046415896968e+00 1.490800680390e+01 3.542640041753e+00 2.088037988785e+00 2.213475666331e+00
23 6 1 0.77106395 1.42681629 0.97268555 0.87006046 0.87930357 9.965453999774e-01 1.417969911425e+01 3.246171265875e+00 1.983445087852e+00 2.101510287834e+00
23 7 1 0.77106395 1.42681629 0.97268555 0.87006046 0.87930357 9.311589450665e-01 1.376243200615e+01 2.956042267767e+00 1.960004360348e+00 2.022667389217e+00
23 8 1 0.77106395 1.42681629 0.97268555 0.87006046 0.87930357 8.705848183986e-01 1.334687561892e+01 3.172487488280e+00 1.920902397441e+00 1.915824938654e+00
23 9 1 0.77106395 1.42681629 0.97268555 0.87006046 0.87930357 8.620675966108e-01 1.283310359414e+01 2.828465988843e+00 1.856576973758e+00 1.833007000044e+00
23 10 1 0.77106395 1.42681629 0.97268555 0.87006046 0.87930357 8.273173905370e-01 1.235855412719e+01 2.506015244847e+00 1.764057958600e+00 1.832647767070e+00
23 11 1 0.77106395 1.42681629 0.97268555 0.87006046 0.87930357 7.981649855862e-01 1.190386394872e+01 2.763184717835e+00 1.671286056603e+00 1.749650909446e+00
23 12 1 0.77106395 1.42681629 0.97268555 0.87006046 0.87930357 7.939951945833e-01 1.158296172954e+01 2.556910550947e+00 1.635447253633e+00 1.717345465900e+00
23 13 1 0.77106395 1.42681629 0.97268555 0.87006046 0.87930357 7.793929489934e-01 1.121780795151e+01 2.228422829929e+00 1.613142271927e+00 1.634344252329e+00
23 14 1 0.77106395 1.42681629 0.97268555 0.87006046 0.87930357 7.656366639344e-01 1.071958547943e+01 2.455021465314e+00 1.515144136298e+00 1.599013747041e+00
23 15 1 0.77106395 1.42681629 0.97268555 0.87006046 0.87930357 7.912914146947e-01 1.049412711824e+01 2.352059350033e+00 1.467697366285e+00 1.501341787279e+00
23 16 1 0.77106395 1.42681629 0.97268555 0.87006046 0.87930357 7.592881290143e-01 1.014077303865e+01 2.081778624838e+00 1.386985558675e+00 1.480989786719e+00
23 17 1 0.77106395 1.42681629 0.97268555 0.87006046 0.87930357 7.767167766876e-01 9.844831052589e+00 2.300035691744e+00 1.381159565411e+00 1.447660586078e+00
23 18 1 0.77106395 1.42681629 0.97268555 0.87006046 0.87930357 7.801782139349e-01 9.575341660094e+00 2.233170999814e+00 1.361966770006e+00 1.426030225036e+00
23 19 1 0.77106395 1.42681629 0.97268555 0.87006046 0.87930357 7.804543343874e-01 9.296222476170e+00 1.887273242128e+00 1.298833886177e+00 1.377225235624e+00
23 20 1 0.77106395 1.42681629 0.97268555 0.87006046 0.87930357 7.987552371729e-01 9.051628244783e+00 1.993344632438e+00 1.289791120938e+00 1.360332011795e+00
23 21 1 0.77106395 1.42681629 0.97268555 0.87006046 0.87930357 7.988014938919e-01 8.909833218653e+00 2.028833917317e+00 1.241197537914e+00 1.346956072939e+00
23 22 1 0.77106395 1.42681629 0.97268555 0.87006046 0.87930357 7.880420641914e-01 8.656108077937e+00 1.769378109708e+00 1.226776107910e+00 1.288455346314e+00
23 23 1 0.77106395 1.42681629 0.97268555 0.87006046 0.87930357 8.122274710897e-01 8.471838921077e+00 1.901088625800e+00 1.219682407244e+00 1.242986476232e+00
23 24 1 0.77106395 1.42681629 0.97268555 0.87006046 0.87930357 8.276232444477e-01 8.365231689439e+00 1.984373281366e+00 1.199621456012e+00 1.253412055971e+00
23 25 1 0.77106395 1.42681629 0.97268555 0.87006046 0.87930357 8.232146365842e-01 8.220024099855e+00 1.711592688829e+00 1.157779618917e+00 1.204954622817e+00
23 26 1 0.77106395 1.42681629 0.97268555 0.87006046 0.87930357 8.238947011445e-01 8.150455801387e+00 1.796823395459e+00 1.131888634888e+00 1.171983334464e+00
23 27 1 0.77106395 1.42681629 0.97268555 0.87006046 0.87930357 8.353203575664e-01 7.973859957014e+00 1.919800475641e+00 1.124660353565e+00 1.191509191699e+00
23 28 1 0.77106395 1.42681629 0.97268555 0.87006046 0.87930357 8.498458029818e-01 7.960572127675e+00 1.643149264763e+00 1.111958337096e+00 1.166036564607e+00
23 29 1 0.77106395 1.42681629 0.97268555 0.87006046 0.87930357 8.594400366559e-01 7.985234122896e+00 1.672476016062e+00 1.127823339866e+00 1.106621739137e+00
23 30 1 0.77106395 1.42681629 0.97268555 0.87006046 0.87930357 8.528413529221e-01 7.893412755002e+00 1.797649133443e+00 1.097348629739e+00 1.131688014718e+00
23 31 1 0.77106395 1.42681629 0.97268555 0.87006046 0.87930357 8.447993424571e-01 7.804921220450e+00 1.562217041140e+00 1.058461004819e+00 1.103811030973e+00
23 32 1 0.77106395 1.42681629 0.97268555 0.87006046 0.87930357 8.910223040839e-01 8.019424149492e+00 1.648809361238e+00 1.136959512740e+00 1.162561521718e+00
23 33 1 0.77106395 1.42681629 0.97268555 0.87006046 0.87930357 8.672728059183e-01 7.952339676943e+00 1.911306143986e+00 1.113587665979e+00 1.144262664919e+00
23 34 1 0.77106395 1.42681629 0.97268555 0.87006046 0.87930357 8.710941519395e-01 7.996531592571e+00 1.758246953930e+00 1.152784121714e+00 1.220458643246e+00
23 35 1 0.77106395 1.42681629 0.97268555 0.87006046 0.87930357 8.791835682105e-01 8.110885798874e+00 1.740015556895e+00 1.137037704040e+00 1.217124327128e+00
23 36 1 0.77106395 1.42681629 0.97268555 0.87006046 0.87930357 8.747934651129e-01 8.222475925082e+00 1.978561852843e+00 1.146276826878e+00 1.229453436250e+00
23 37 1 0.77106395 1.42681629 0.97268555 0.87006046 0.87930357 8.703314712790e-01 8.355834637848e+00 1.819670761293e+00 1.198867982927e+00 1.214903312411e+00
23 38 1 0.77106395 1.42681629 0.97268555 0.87006046 0.87930357 8.829663721653e-01 8.489309076193e+00 1.739735405984e+00 1.209503192628e+00 1.300855475534e+00
23 39 1 0.77106395 1.42681629 0.97268555 0.87006046 0.87930357 8.652326784754e-01 8.627125046287e+00 2.031831848471e+00 1.238200655143e+00 1.269246313616e+00
23 40 1 0.77106395 1.42681629 0.97268555 0.87006046 0.87930357 8.611103120356e-01 8.858903430176e+00 1.934210534913e+00 1.233980284302e+00 1.316744802877e+00
23 41 1 0.77106395 1.42681629 0.97268555 0.87006046 0.87930357 8.500001661032e-01 9.093027386237e+00 1.790036542420e+00 1.260123590353e+00 1.356261967590e+00
23 42 1 0.77106395 1.42681629 0.97268555 0.87006046 0.87930357 8.415798849314e-01 9.251072696486e+00 2.147425531216e+00 1.299280583063e+00 1.376638206750e+00
23 43 1 0.77106395 1.42681629 0.97268555 0.87006046 0.87930357 8.447014761567e-01 9.557989576096e+00 2.165053999339e+00 1.344056714101e+00 1.375463657868e+00
23 44 1 0.77106395 1.42681629 0.97268555 0.87006046 0.87930357 8.210753389099e-01 9.827232570764e+00 2.023744123073e+00 1.376425778883e+00 1.429117503955e+00
23 45 1 0.77106395 1.42681629 0.97268555 0.87006046 0.87930357 8.062336091146e-01 1.008485694271e+01 2.373290158616e+00 1.416358294621e+00 1.472690741792e+00
23 46 1 0.77106395 1.42681629 0.97268555 0.87006046 0.87930357 8.009717092603e-01 1.047637879825e+01 2.371591781168e+00 1.463497168541e+00 1.497251454654e+00
23 47 1 0.77106395 1.42681629 0.97268555 0.87006046 0.87930357 8.052277901515e-01 1.076238299559e+01 2.120979789358e+00 1.506077283526e+00 1.566175389550e+00
23 48 1 0.77106395 1.42681629 0.97268555 0.87006046 0.87930357 7.942178759407e-01 1.109069636183e+01 2.475196011198e+00 1.588692472706e+00 1.642099891026e+00
23 49 1 0.77106395 1.42681629 0.97268555 0.87006046 0.87930357 7.841026435813e-01 1.153832316365e+01 2.655537599999e+00 1.694408789574e+00 1.701732851105e+00
23 50 1 0.77106395 1.42681629 0.97268555 0.87006046 0.87930357 7.861855431419e-01 1.195001990267e+01 2.419581886521e+00 1.666439379788e+00 1.762392841408e+00
23 51 1 0.77106395 1.42681629 0.97268555 0.87006046 0.87930357 8.138587972779e-01 1.231980484222e+01 2.786057195246e+00 1.753945836749e+00 1.802195454859e+00
23 52 1 0.77106395 1.42681629 0.97268555 0.87006046 0.87930357 8.317069791244e-01 1.272473054766e+01 3.033732296667e+00 1.820734865666e+00 1.890523980030e+00
23 53 1 0.77106395 1.42681629 0.97268555 0.87006046 0.87930357 8.565046238324e-01 1.332807724120e+01 2.750922147855e+00 1.892774895799e+00 1.918823255576e+00
23 54 1 0.77106395 1.42681629 0.97268555 0.87006046 0.87930357 8.737624506641e-01 1.374102805528e+01 3.105540065967e+00 1.984073558823e+00 2.016379704762e+00
23 55 1 0.77106395 1.42681629 0.97268555 0.87006046 0.87930357 9.444218776244e-01 1.423175029028e+01 3.483799388945e+00 1.977213060247e+00 2.143779990717e+00
23 56 1 0.77106395 1.42681629 0.97268555 0.87006046 0.87930357 1.004727331878e+00 1.470946102166e+01 3.086464453104e+00 2.046005137706e+00 2.239017525106e+00
23 57 1 0.77106395 1.42681629 0.97268555 0.87006046 0.87930357 1.072106618898e+00 1.542802950475e+01 3.291217404863e+00 2.162861721895e+00 2.299156674724e+00
23 58 1 0.77106395 1.42681629 0.97268555 0.87006046 0.87930357 1.155326284908e+00 1.590539673018e+01 3.681817073011e+00 2.265641539134e+00 2.440135661168e+00
23 59 1 0.77106395 1.42681629 0.97268555 0.87006046 0.87930357 1.229663943415e+00 1.645052888449e+01 3.349066745420e+00 2.345656160481e+00 2.435470207951e+00
23 60 1 0.77106395 1.42681629 0.97268555 0.87006046 0.87930357 1.372155065549e+00 1.703520978325e+01 3.649296460142e+00 2.393977594575e+00 2.557982123716e+00
23 61 1 0.77106395 1.42681629 0.97268555 0.87006046 0.87930357 1.479408883124e+00 1.789776446705e+01 4.217479650593e+00 2.519242151896e+00 2.663703394059e+00
23 62 1 0.77106395 1.42681629 0.97268555 0.87006046 0.87930357 1.595099432228e+00 1.835198070054e+01 3.909349305223e+00 2.639832001249e+00 2.723659202193e+00
23 63 1 0.77106395 1.42681629 0.97268555 0.87006046 0.87930357 1.716057074841e+00 1.900867156363e+01 4.055300278938e+00 2.760477529995e+00 2.839505830009e+00
24 0 1 0.98873140 2.00019214 0.65558990 1.92135462 1.22898560 4.463998595281e+00 6.609881775339e+01 1.082492680199e+00 5.935556391130e+01 1.244521932036e+01
24 1 1 0.98873140 2.00019214 0.65558990 1.92135462 1.22898560 4.358884885481e+00 6.523867918027e+01 6.746950326353e-01 5.136801993911e+01 1.223090642406e+01
24 2 1 0.98873140 2.00019214 0.65558990 1.92135462 1.22898560 4.029078869626e+00 6.311812701657e+01 6.297200390208e-01 5.603286288116e+01 9.831744819121e+00
24 3 1 0.98873140 2.00019214 0.65558990 1.92135462 1.22898560 3.644091147176e+00 5.992105642741e+01 9.258093007878e-01 4.962174340534e+01 7.160463366384e+00
24 4 1 0.98873140 2.00019214 0.65558990 1.92135462 1.22898560 3.382131074811e+00 5.636633305178e+01 7.723940052231e-01 4.714326065494e+01 6.431194982418e+00
24 5 1 0.98873140 2.00019214 0.65558990 1.92135462 1.22898560 3.285137223684e+00 5.448093617349e+01 4.823343628299e-01 5.016981676686e+01 7.743605769089e+00
24 6 1 0.98873140 2.00019214 0.65558990 1.92135462 1.22898560 3.325608602408e+00 5.404738806321e+01 7.061626696495e-01 4.264956751167e+01 9.598747087965e+00
24 7 1 0.98873140 2.00019214 0.65558990 1.92135462 1.22898560 3.323824885522e+00 5.304513318506e+01 8.424416698807e-01 4.484653786667e+01 9.886125829587e+00
24 8 1 0.98873140 2.00019214 0.65558990 1.92135462 1.22898560 3.227157337612e+00 5.026681547503e+01 5.464422596862e-01 4.363685956825e+01 8.193701639880e+00
24 9 1 0.98873140 2.00019214 0.65558990 1.92135462 1.22898560 3.014470556516e+00 4.739696474107e+01 4.700370390146e-01 3.810045017106e+01 6.059440317947e+00
24 10 1 0.98873140 2.00019214 0.65558990 1.92135462 1.22898560 2.802717109841e+00 4.567513484010e+01 7.087282649915e-01 4.190657020342e+01 5.177712289128e+00
24 11 1 0.98873140 2.00019214 0.65558990 1.92135462 1.22898560 2.706017843665e+00 4.473962498577e+01 6.168927623020e-01 3.734804565974e+01 5.962498999743e+00
24 12 1 0.98873140 2.00019214 0.65558990 1.92135462 1.22898560 2.665128666025e+00 4.421778602750e+01 3.854732875359e-01 3.614892133690e+01 7.528475056107e+00
24 13 1 0.98873140 2.00019214 0.65558990 1.92135462 1.22898560 2.700018396846e+00 4.276036008456e+01 5.339213336356e-01 3.856050757200e+01 7.988424539418e+00
24 14 1 0.98873140 2.00019214 0.65558990 1.92135462 1.22898560 2.658371008978e+00 4.060638211192e+01 6.450932567824e-01 3.295380175780e+01 6.923990604753e+00
24 15 1 0.98873140 2.00019214 0.65558990 1.92135462 1.22898560 2.535151640017e+00 3.853119989823e+01 4.233505548340e-01 3.489865433240e+01 5.116044419129e+00
24 16 1 0.98873140 2.00019214 0.65558990 1.92135462 1.22898560 2.372743847277e+00 3.763867876740e+01 3.791248028820e-01 3.386384430734e+01 4.120564409018e+00
24 17 1 0.98873140 2.00019214 0.65558990 1.92135462 1.22898560 2.226892442212e+00 3.759115884026e+01 5.996799058598e-01 2.993001347152e+01 4.738682855487e+00
24 18 1 0.98873140 2.00019214 0.65558990 1.92135462 1.22898560 2.142930307707e+00 3.692685786818e+01 5.293873874718e-01 3.311158209254e+01 6.072646228462e+00
24 19 1 0.98873140 2.00019214 0.65558990 1.92135462 1.22898560 2.145979292933e+00 3.531848155168e+01 3.210867914657e-01 2.959169055977e+01 6.751887294330e+00
24 20 1 0.98873140 2.00019214 0.65558990 1.92135462 1.22898560 2.190590680220e+00 3.368030552309e+01 4.159778745199e-01 2.891086085944e+01 6.030164269582e+00
24 21 1 0.98873140 2.00019214 0.65558990 1.92135462 1.22898560 2.196093989086e+00 3.281211411903e+01 5.306596328525e-01 3.070896114623e+01 4.539317601383e+00
24 22 1 0.98873140 2.00019214 0.65558990 1.92135462 1.22898560 2.137805161000e+00 3.277982742717e+01 3.627374956116e-01 2.637963083268e+01 3.577131029677e+00
24 23 1 0.98873140 2.00019214 0.65558990 1.92135462 1.22898560 2.009379680047e+00 3.284645251708e+01 3.037786232960e-01 2.811987018183e+01 3.820072729243e+00
24 24 1 0.98873140 2.00019214 0.65558990 1.92135462 1.22898560 1.879466867904e+00 3.196383114758e+01 4.698343968050e-01 2.755900675149e+01 4.996427416325e+00
24 25 1 0.98873140 2.00019214 0.65558990 1.92135462 1.22898560 1.835322088974e+00 3.080088636042e+01 4.389965981593e-01 2.472797098753e+01 5.900873243001e+00
24 26 1 0.98873140 2.00019214 0.65558990 1.92135462 1.22898560 1.872134622029e+00 3.010118967967e+01 2.694544490964e-01 2.773279925153e+01 5.562083604318e+00
24 27 1 0.98873140 2.00019214 0.65558990 1.92135462 1.22898560 1.937224447361e+00 3.009636894473e+01 3.505225305063e-01 2.512213951554e+01 4.424442991207e+00
24 28 1 0.98873140 2.00019214 0.65558990 1.92135462 1.22898560 1.940573022647e+00 3.049965561283e+01 4.705147753978e-01 2.482003499511e+01 3.406572565703e+00
24 29 1 0.98873140 2.00019214 0.65558990 1.92135462 1.22898560 1.874324515848e+00 3.071863453959e+01 3.305189762217e-01 2.693556914546e+01 3.444133442847e+00
24 30 1 0.98873140 2.00019214 0.65558990 1.92135462 1.22898560 1.754051839238e+00 2.994262856154e+01 2.595551604337e-01 2.358573821095e+01 4.478134480994e+00
24 31 1 0.98873140 2.00019214 0.65558990 1.92135462 1.22898560 1.692826435743e+00 2.921172765452e+01 4.028622122690e-01 2.590309492595e+01 5.372017590046e+00
24 32 1 0.98873140 2.00019214 0.65558990 1.92135462 1.22898560 1.747141174752e+00 2.958581215485e+01 4.249435348947e-01 2.616508086111e+01 5.580185134778e+00
24 33 1 0.98873140 2.00019214 0.65558990 1.92135462 1.22898560 1.845885161502e+00 3.033811451369e+01 2.774404896143e-01 2.408738173616e+01 4.603745311310e+00
24 34 1 0.98873140 2.00019214 0.65558990 1.92135462 1.22898560 1.982798556513e+00 3.097711158795e+01 3.559557488167e-01 2.775117026283e+01 3.526897684762e+00
24 35 1 0.98873140 2.00019214 0.65558990 1.92135462 1.22898560 2.036168335858e+00 3.094154949454e+01 4.956250482240e-01 2.563492228620e+01 3.473362240708e+00
24 36 1 0.98873140 2.00019214 0.65558990 1.92135462 1.22898560 2.005125378447e+00 3.072837551278e+01 3.678469735947e-01 2.596602347143e+01 4.440665159214e+00
24 37 1 0.98873140 2.00019214 0.65558990 1.92135462 1.22898560 1.941778368279e+00 3.092973698189e+01 2.885956808791e-01 2.876406287478e+01 5.710735637498e+00
24 38 1 0.98873140 2.00019214 0.65558990 1.92135462 1.22898560 1.915128166048e+00 3.189729544554e+01 4.777613794586e-01 2.579661748396e+01 6.063751901575e+00
24 39 1 0.98873140 2.00019214 0.65558990 1.92135462 1.22898560 1.964767483457e+00 3.322214933485e+01 4.983567855359e-01 2.905854675832e+01 5.118893093274e+00
24 40 1 0.98873140 2.00019214 0.65558990 1.92135462 1.22898560 2.080470794900e+00 3.406938410745e+01 3.155716962026e-01 2.969805027090e+01 3.999924203418e+00
24 41 1 0.98873140 2.00019214 0.65558990 1.92135462 1.22898560 2.214552254009e+00 3.412111784307e+01 3.866603138562e-01 2.787107580112e+01 3.710476074177e+00
24 42 1 0.98873140 2.00019214 0.65558990 1.92135462 1.22898560 2.283865039680e+00 3.429202414996e+01 5.710835009931e-01 3.233018171666e+01 4.848855247049e+00
24 43 1 0.98873140 2.00019214 0.65558990 1.92135462 1.22898560 2.280841848910e+00 3.556095761376e+01 4.493080515107e-01 3.009191450867e+01 6.474903885569e+00
24 44 1 0.98873140 2.00019214 0.65558990 1.92135462 1.22898560 2.245982275610e+00 3.736003792018e+01 3.422322327907e-01 3.096225201051e+01 7.176709547380e+00
24 45 1 0.98873140 2.00019214 0.65558990 1.92135462 1.22898560 2.232426920859e+00 3.891135990595e+01 5.589842384683e-01 3.461150764661e+01 6.355630560301e+00
24 46 1 0.98873140 2.00019214 0.65558990 1.92135462 1.22898560 2.327127037472e+00 3.956850383419e+01 5.963263531503e-01 3.134754570645e+01 4.858940325631e+00
24 47 1 0.98873140 2.00019214 0.65558990 1.92135462 1.22898560 2.515037537646e+00 3.992026004308e+01 3.645979598611e-01 3.575911568465e+01 4.328304248107e+00
24 48 1 0.98873140 2.00019214 0.65558990 1.92135462 1.22898560 2.729354571883e+00 4.112406017798e+01 4.461518257164e-01 3.650892875226e+01 5.492695106938e+00
24 49 1 0.98873140 2.00019214 0.65558990 1.92135462 1.22898560 2.864462952712e+00 4.341301251295e+01 6.952612448382e-01 3.442576272925e+01 7.480679683786e+00
24 50 1 0.98873140 2.00019214 0.65558990 1.92135462 1.22898560 2.894202040514e+00 4.543828637053e+01 5.554756012007e-01 4.040521035934e+01 8.689291008441e+00
24 51 1 0.98873140 2.00019214 0.65558990 1.92135462 1.22898560 2.811916735042e+00 4.705285851448e+01 4.005352421770e-01 3.772295299429e+01 8.105167207907e+00
24 52 1 0.98873140 2.00019214 0.65558990 1.92135462 1.22898560 2.788821498619e+00 4.795910865578e+01 6.747135735750e-01 3.972928911555e+01 6.419125924196e+00
24 53 1 0.98873140 2.00019214 0.65558990 1.92135462 1.22898560 2.936767626323e+00 4.870445929682e+01 7.676926092335e-01 4.487042102506e+01 5.399242052993e+00
24 54 1 0.98873140 2.00019214 0.65558990 1.92135462 1.22898560 3.180466808098e+00 5.099310746023e+01 5.166006233736e-01 4.089407535178e+01 6.374871732439e+00
24 55 1 0.98873140 2.00019214 0.65558990 1.92135462 1.22898560 3.491918016903e+00 5.409882986781e+01 5.777411623789e-01 4.738832855327e+01 8.892184199668e+00
24 56 1 0.98873140 2.00019214 0.65558990 1.92135462 1.22898560 3.654190761716e+00 5.654227620619e+01 8.901631225712e-01 4.811462642320e+01 1.066873139382e+01
24 57 1 0.98873140 2.00019214 0.65558990 1.92135462 1.22898560 3.683293380524e+00 5.750978708579e+01 7.156970409832e-01 4.606977253631e+01 1.033986298956e+01
24 58 1 0.98873140 2.00019214 0.65558990 1.92135462 1.22898560 3.665299235481e+00 5.871250500512e+01 5.160168534714e-01 5.445277960264e+01 8.353334752762e+00
24 59 1 0.98873140 2.00019214 0.65558990 1.92135462 1.22898560 3.759293610972e+00 6.090397834469e+01 8.587649413562e-01 5.106908963828e+01 6.794842111192e+00
24 60 1 0.98873140 2.00019214 0.65558990 1.92135462 1.22898560 4.029987918267e+00 6.409127657833e+01 1.026102738197e+00 5.454316446609e+01 7.732833087940e+00
24 61 1 0.98873140 2.00019214 0.65558990 1.92135462 1.22898560 4.353402144369e+00 6.738972328635e+01 6.712331017218e-01 6.114018419717e+01 1.058232464083e+01
24 62 1 0.98873140 2.00019214 0.65558990 1.92135462 1.22898560 4.623020537331e+00 6.972904858366e+01 7.343930613767e-01 5.578667074005e+01 1.335796376458e+01
24 63 1 0.98873140 2.00019214 0.65558990 1.92135462 1.22898560 4.714464447515e+00 7.098435907768e+01 1.145557584548e+00 6.414809622530e+01 1.332755842957e+01
26 0 1 1.27631299 2.51998254 0.62074376 1.12032273 0.66358934 1.252246196036e+01 1.620647784078e+02 6.502999039306e-01 6.725648055925e+00 9.842154233930e-01
26 1 1 1.27631299 2.51998254 0.62074376 1.12032273 0.66358934 1.211263190457e+01 1.563213571635e+02 6.279756723905e-01 6.556954902591e+00 6.927715508413e-01
26 2 1 1.27631299 2.51998254 0.62074376 1.12032273 0.66358934 1.155797472551e+01 1.517943821944e+02 6.301321105005e-01 6.375110169909e+00 6.371749475424e-01
26 3 1 1.27631299 2.51998254 0.62074376 1.12032273 0.66358934 1.111168496335e+01 1.465713573780e+02 6.006787964705e-01 6.143398957648e+00 9.398045745684e-01
26 4 1 1.27631299 2.51998254 0.62074376 1.12032273 0.66358934 1.067465859586e+01 1.412831374760e+02 5.719189144779e-01 5.976712814868e+00 8.629426918647e-01
26 5 1 1.27631299 2.51998254 0.62074376 1.12032273 0.66358934 1.024688812181e+01 1.354064639327e+02 5.479615535291e-01 5.787058925664e+00 6.584511542805e-01
26 6 1 1.27631299 2.51998254 0.62074376 1.12032273 0.66358934 9.727667545501e+00 1.305395553419e+02 5.398186001077e-01 5.578800794117e+00 5.969717349658e-01
26 7 1 1.27631299 2.51998254 0.62074376 1.12032273 0.66358934 9.353145827471e+00 1.265388328785e+02 5.143605734259e-01 5.390009145125e+00 5.784293921514e-01
26 8 1 1.27631299 2.51998254 0.62074376 1.12032273 0.66358934 8.961981625795e+00 1.225127915506e+02 4.853708769824e-01 5.130725914003e+00 8.518616143374e-01
26 9 1 1.27631299 2.51998254 0.62074376 1.12032273 0.66358934 8.566138546966e+00 1.184962202719e+02 4.741769471968e-01 4.883486188874e+00 7.406820803273e-01
26 10 1 1.27631299 2.51998254 0.62074376 1.12032273 0.66358934 8.211846462151e+00 1.140892910193e+02 4.683069801826e-01 4.707599223170e+00 4.704632051365e-01
26 11 1 1.27631299 2.51998254 0.62074376 1.12032273 0.66358934 7.854179527791e+00 1.098657016796e+02 4.350400115173e-01 4.513801007725e+00 4.916107840988e-01
26 12 1 1.27631299 2.51998254 0.62074376 1.12032273 0.66358934 7.483480049190e+00 1.063099358247e+02 4.268698895601e-01 4.366142250000e+00 5.852412514025e-01
26 13 1 1.27631299 2.51998254 0.62074376 1.12032273 0.66358934 7.176416876943e+00 1.030287027707e+02 4.130714107112e-01 4.320361739231e+00 6.835755018687e-01
26 14 1 1.27631299 2.51998254 0.62074376 1.12032273 0.66358934 6.930438788846e+00 9.995984788479e+01 4.059805284984e-01 4.256485484578e+00 5.693213010717e-01
26 15 1 1.27631299 2.51998254 0.62074376 1.12032273 0.66358934 6.612836108315e+00 9.693034814538e+01 3.836376151137e-01 4.112427765553e+00 3.990415453953e-01
26 16 1 1.27631299 2.51998254 0.62074376 1.12032273 0.66358934 6.374852247153e+00 9.378120198302e+01 3.732355093066e-01 3.946033000839e+00 4.215538807921e-01
26 17 1 1.27631299 2.51998254 0.62074376 1.12032273 0.66358934 6.128022332341e+00 9.127831096983e+01 3.611558420633e-01 3.801208195676e+00 5.420654903133e-01
26 18 1 1.27631299 2.51998254 0.62074376 1.12032273 0.66358934 5.907902694696e+00 8.858104302118e+01 3.471301962264e-01 3.650889524406e+00 5.807469395399e-01
26 19 1 1.27631299 2.51998254 0.62074376 1.12032273 0.66358934 5.671831360939e+00 8.638570768285e+01 3.334181657005e-01 3.509471336669e+00 3.765204772862e-01
26 20 1 1.27631299 2.51998254 0.62074376 1.12032273 0.66358934 5.540326310097e+00 8.430849068821e+01 3.231850286847e-01 3.434436392214e+00 3.587894978179e-01
26 21 1 1.27631299 2.51998254 0.62074376 1.12032273 0.66358934 5.329814796165e+00 8.250514627372e+01 3.288574144552e-01 3.379116128015e+00 4.391817669711e-01
26 22 1 1.27631299 2.51998254 0.62074376 1.12032273 0.66358934 5.203658801252e+00 8.094825309797e+01 3.288023671254e-01 3.310957125213e+00 4.704399056066e-01
26 23 1 1.27631299 2.51998254 0.62074376 1.12032273 0.66358934 5.064703306481e+00 7.936416372775e+01 3.211928834771e-01 3.269592053375e+00 5.175939689453e-01
26 24 1 1.27631299 2.51998254 0.62074376 1.12032273 0.66358934 4.976322834432e+00 7.776810909942e+01 3.088347482335e-01 3.235292028626e+00 3.259617388435e-01
26 25 1 1.27631299 2.51998254 0.62074376 1.12032273 0.66358934 4.848324231432e+00 7.647593588809e+01 3.118238297845e-01 3.205889362973e+00 3.026507117244e-01
26 26 1 1.27631299 2.51998254 0.62074376 1.12032273 0.66358934 4.838174540695e+00 7.541366618314e+01 3.092298067609e-01 3.178357909966e+00 4.974305514789e-01
26 27 1 1.27631299 2.51998254 0.62074376 1.12032273 0.66358934 4.756809345180e+00 7.504963282343e+01 2.929015581474e-01 3.105868550486e+00 4.407144244136e-01
26 28 1 1.27631299 2.51998254 0.62074376 1.12032273 0.66358934 4.725642284794e+00 7.464133327922e+01 2.889066660358e-01 3.041471615401e+00 3.901551964543e-01
26 29 1 1.27631299 2.51998254 0.62074376 1.12032273 0.66358934 4.689438255166e+00 7.400637960401e+01 2.848250862666e-01 3.005136616167e+00 3.416506838944e-01
26 30 1 1.27631299 2.51998254 0.62074376 1.12032273 0.66358934 4.714051242809e+00 7.358596466459e+01 2.776381206557e-01 2.948482758362e+00 2.684170722810e-01
26 31 1 1.27631299 2.51998254 0.62074376 1.12032273 0.66358934 4.693543204230e+00 7.343640192840e+01 2.604733855631e-01 2.958115179156e+00 4.734216405802e-01
26 32 1 1.27631299 2.51998254 0.62074376 1.12032273 0.66358934 4.759501340285e+00 7.408842954999e+01 2.881763297771e-01 3.058391256169e+00 4.876939529892e-01
26 33 1 1.27631299 2.51998254 0.62074376 1.12032273 0.66358934 4.777379363795e+00 7.468945691840e+01 3.004936190773e-01 3.117407101681e+00 2.844112919959e-01
26 34 1 1.27631299 2.51998254 0.62074376 1.12032273 0.66358934 4.811218388096e+00 7.521350803629e+01 3.058737947480e-01 3.131128120743e+00 3.818984307682e-01
26 35 1 1.27631299 2.51998254 0.62074376 1.12032273 0.66358934 4.873126596897e+00 7.569615975359e+01 3.038669557679e-01 3.162586547508e+00 3.777304961806e-01
26 36 1 1.27631299 2.51998254 0.62074376 1.12032273 0.66358934 4.991462361862e+00 7.631271162035e+01 3.157278689151e-01 3.184984442108e+00 4.521473880809e-01
26 37 1 1.27631299 2.51998254 0.62074376 1.12032273 0.66358934 5.076291128466e+00 7.738949061086e+01 3.160625890127e-01 3.190966506731e+00 5.388352646400e-01
26 38 1 1.27631299 2.51998254 0.62074376 1.12032273 0.66358934 5.208092661259e+00 7.906655719748e+01 3.110262488909e-01 3.220914103893e+00 2.783755217962e-01
26 39 1 1.27631299 2.51998254 0.62074376 1.12032273 0.66358934 5.357967922321e+00 8.068651009769e+01 3.168319814444e-01 3.296519487736e+00 3.622816820675e-01
26 40 1 1.27631299 2.51998254 0.62074376 1.12032273 0.66358934 5.489305790454e+00 8.253210300507e+01 3.281124749018e-01 3.384791429934e+00 5.337522501650e-01
26 41 1 1.27631299 2.51998254 0.62074376 1.12032273 0.66358934 5.674341461001e+00 8.406568803048e+01 3.248304314880e-01 3.459608266049e+00 4.620153957773e-01
26 42 1 1.27631299 2.51998254 0.62074376 1.12032273 0.66358934 5.881141999351e+00 8.614348503258e+01 3.275893137769e-01 3.542672995656e+00 4.893482297448e-01
26 43 1 1.27631299 2.51998254 0.62074376 1.12032273 0.66358934 6.080221251209e+00 8.855525370232e+01 3.403315974021e-01 3.647796402543e+00 3.442922733598e-01
26 44 1 1.27631299 2.51998254 0.62074376 1.12032273 0.66358934 6.269821389558e+00 9.100248092931e+01 3.636433952553e-01 3.804404339669e+00 4.028901404795e-01
26 45 1 1.27631299 2.51998254 0.62074376 1.12032273 0.66358934 6.549630198809e+00 9.376370136438e+01 3.778003944420e-01 3.983637587910e+00 6.462333210299e-01
26 46 1 1.27631299 2.51998254 0.62074376 1.12032273 0.66358934 6.754702022834e+00 9.657598367591e+01 3.884986011924e-01 4.083243880574e+00 5.842010116360e-01
26 47 1 1.27631299 2.51998254 0.62074376 1.12032273 0.66358934 7.033600101737e+00 9.972224075201e+01 3.991488791079e-01 4.165086032509e+00 4.594839045016e-01
26 48 1 1.27631299 2.51998254 0.62074376 1.12032273 0.66358934 7.313136449205e+00 1.029953650230e+02 4.178798993134e-01 4.285315485779e+00 4.407780216304e-01
26 49 1 1.27631299 2.51998254 0.62074376 1.12032273 0.66358934 7.639968134955e+00 1.060895846493e+02 4.288652228125e-01 4.349893320286e+00 5.938996983038e-01
26 50 1 1.27631299 2.51998254 0.62074376 1.12032273 0.66358934 7.879426488340e+00 1.094992961735e+02 4.372050434471e-01 4.459648956880e+00 6.994067917280e-01
26 51 1 1.27631299 2.51998254 0.62074376 1.12032273 0.66358934 8.259118774903e+00 1.134040628007e+02 4.561810046836e-01 4.715343031457e+00 6.463382168015e-01
26 52 1 1.27631299 2.51998254 0.62074376 1.12032273 0.66358934 8.531327095698e+00 1.176620510456e+02 4.772472482043e-01 4.961209773267e+00 5.046622636582e-01
26 53 1 1.27631299 2.51998254 0.62074376 1.12032273 0.66358934 8.895636583398e+00 1.224477684523e+02 4.969001467185e-01 5.160922927846e+00 5.097223433767e-01
26 54 1 1.27631299 2.51998254 0.62074376 1.12032273 0.66358934 9.253956189318e+00 1.262809515740e+02 4.999008902216e-01 5.365617847960e+00 8.357126522283e-01
26 55 1 1.27631299 2.51998254 0.62074376 1.12032273 0.66358934 9.692048780075e+00 1.304680206592e+02 5.344088509381e-01 5.534630447708e+00 8.525651032712e-01
26 56 1 1.27631299 2.51998254 0.62074376 1.12032273 0.66358934 9.967093255876e+00 1.349538896596e+02 5.557656345817e-01 5.709394549455e+00 6.419054717514e-01
26 57 1 1.27631299 2.51998254 0.62074376 1.12032273 0.66358934 1.040743636000e+01 1.404545823807e+02 5.722101788262e-01 5.910283706289e+00 6.093129584414e-01
26 58 1 1.27631299 2.51998254 0.62074376 1.12032273 0.66358934 1.078125499900e+01 1.463051404260e+02 5.831982992491e-01 6.123004237129e+00 6.912293340281e-01
26 59 1 1.27631299 2.51998254 0.62074376 1.12032273 0.66358934 1.120956945044e+01 1.515157950919e+02 6.192096022284e-01 6.375250767836e+00 9.673499091780e-01
26 60 1 1.27631299 2.51998254 0.62074376 1.12032273 0.66358934 1.161993846602e+01 1.563808609613e+02 6.424659581680e-01 6.592562452393e+00 1.047409343826e+00
26 61 1 1.27631299 2.51998254 0.62074376 1.12032273 0.66358934 1.211594251298e+01 1.615795701217e+02 6.458840196761e-01 6.746953316252e+00 7.192790876421e-01
26 62 1 1.27631299 2.51998254 0.62074376 1.12032273 0.66358934 1.245712083763e+01 1.672029749957e+02 6.710688796678e-01 6.984219800392e+00 7.335824876383e-01
26 63 1 1.27631299 2.51998254 0.62074376 1.12032273 0.66358934 1.293157749842e+01 1.742181173486e+02 7.065861975613e-01 7.369955569224e+00 1.056546692951e+00
