# environment=00198 local_bs=3 gain_scale=2.179438594859e-13
# ue subcarrier serving_bs phi0 phi1 phi2 phi3 phi4 gain0 gain1 gain2 gain3 gain4
1 0 3 1.41273947 1.64022087 1.35280758 1.86975327 0.97584632 7.094662501792e-03 6.045276118842e+00 4.337658963601e+00 1.477075254733e+01 1.704689979513e-04
1 1 3 1.41273947 1.64022087 1.35280758 1.86975327 0.97584632 5.036791742704e-03 5.706701806111e+00 4.191767033280e+00 1.469516955319e+01 2.135011438192e-03
1 2 3 1.41273947 1.64022087 1.35280758 1.86975327 0.97584632 3.621257019173e-03 5.339876228884e+00 4.203945161142e+00 1.485891070720e+01 2.900364107105e-03
1 3 3 1.41273947 1.64022087 1.35280758 1.86975327 0.97584632 3.613173091588e-03 4.925309663022e+00 4.291158615230e+00 1.521424828557e+01 8.509649928676e-04
1 4 3 1.41273947 1.64022087 1.35280758 1.86975327 0.97584632 4.510229171913e-03 4.500412582760e+00 4.308379412413e+00 1.536189091855e+01 1.569981500110e-04
1 5 3 1.41273947 1.64022087 1.35280758 1.86975327 0.97584632 5.135968797933e-03 4.113311726371e+00 4.222549948952e+00 1.517657953065e+01 1.441095096017e-03
1 6 3 1.41273947 1.64022087 1.35280758 1.86975327 0.97584632 4.727686613140e-03 3.784068843387e+00 3.947115293530e+00 1.461809472841e+01 1.331606471463e-03
1 7 3 1.41273947 1.64022087 1.35280758 1.86975327 0.97584632 3.516746943597e-03 3.494636332302e+00 3.515673101610e+00 1.370070442709e+01 3.986948274450e-04
1 8 3 1.41273947 1.64022087 1.35280758 1.86975327 0.97584632 2.370574691221e-03 3.206090876303e+00 3.106361668367e+00 1.279360413071e+01 1.756898108087e-03
1 9 3 1.41273947 1.64022087 1.35280758 1.86975327 0.97584632 1.951754622627e-03 2.895955006155e+00 2.807416382486e+00 1.207935700261e+01 3.982978726803e-03
1 10 3 1.41273947 1.64022087 1.35280758 1.86975327 0.97584632 2.208614642682e-03 2.583397671495e+00 2.690179313768e+00 1.149966219519e+01 3.678582871411e-03
1 11 3 1.41273947 1.64022087 1.35280758 1.86975327 0.97584632 2.585674866954e-03 2.307942005097e+00 2.771905217528e+00 1.089496426920e+01 2.499160722642e-03
1 12 3 1.41273947 1.64022087 1.35280758 1.86975327 0.97584632 2.629509156017e-03 2.082959461033e+00 2.948629735034e+00 1.016354214054e+01 4.027365261918e-03
1 13 3 1.41273947 1.64022087 1.35280758 1.86975327 0.97584632 2.362992486281e-03 1.883916171505e+00 3.104383444285e+00 9.679360620736e+00 6.146489866128e-03
1 14 3 1.41273947 1.64022087 1.35280758 1.86975327 0.97584632 2.127575324546e-03 1.683732063187e+00 3.130366683931e+00 9.782751592723e+00 4.583694761937e-03
1 15 3 1.41273947 1.64022087 1.35280758 1.86975327 0.97584632 2.147567128271e-03 1.482246220655e+00 2.984914716436e+00 1.025034326464e+01 1.810879743857e-03
1 16 3 1.41273947 1.64022087 1.35280758 1.86975327 0.97584632 2.293392900646e-03 1.293739386931e+00 2.708702525283e+00 1.053099211276e+01 3.318899518245e-03
1 17 3 1.41273947 1.64022087 1.35280758 1.86975327 0.97584632 2.249034407500e-03 1.121935907997e+00 2.374394942607e+00 1.024923689096e+01 7.114321198111e-03
1 18 3 1.41273947 1.64022087 1.35280758 1.86975327 0.97584632 1.857693717907e-03 9.612686651438e-01 2.090912940808e+00 9.609227708091e+00 6.913886068790e-03
1 19 3 1.41273947 1.64022087 1.35280758 1.86975327 0.97584632 1.273027074997e-03 8.135975320995e-01 1.926671602468e+00 8.993809673883e+00 3.513105812550e-03
1 20 3 1.41273947 1.64022087 1.35280758 1.86975327 0.97584632 7.876524559241e-04 6.883102116549e-01 1.905924823307e+00 8.567158410384e+00 2.665317282900e-03
1 21 3 1.41273947 1.64022087 1.35280758 1.86975327 0.97584632 5.528193250606e-04 5.867135296483e-01 2.002399884218e+00 8.227741035289e+00 4.380141817503e-03
1 22 3 1.41273947 1.64022087 1.35280758 1.86975327 0.97584632 4.871538685529e-04 4.965838391051e-01 2.098866826847e+00 7.672419337781e+00 4.296662694939e-03
1 23 3 1.41273947 1.64022087 1.35280758 1.86975327 0.97584632 4.408636688302e-04 4.043913967206e-01 2.133897371481e+00 7.037542048209e+00 2.597667041304e-03
1 24 3 1.41273947 1.64022087 1.35280758 1.86975327 0.97584632 4.033328985656e-04 3.083108031335e-01 2.087398759449e+00 6.691932292849e+00 2.572914242548e-03
1 25 3 1.41273947 1.64022087 1.35280758 1.86975327 0.97584632 5.106847071157e-04 2.185814671326e-01 1.926971714163e+00 6.637696679789e+00 3.505439298729e-03
1 26 3 1.41273947 1.64022087 1.35280758 1.86975327 0.97584632 8.442032488512e-04 1.477826510807e-01 1.733029707750e+00 6.868389576179e+00 2.556491555713e-03
1 27 3 1.41273947 1.64022087 1.35280758 1.86975327 0.97584632 1.251824410303e-03 1.001492106988e-01 1.578336409421e+00 7.175138116527e+00 7.103669134632e-04
1 28 3 1.41273947 1.64022087 1.35280758 1.86975327 0.97584632 1.415317421131e-03 6.834940415492e-02 1.480788718301e+00 7.250900605763e+00 7.320910995776e-04
1 29 3 1.41273947 1.64022087 1.35280758 1.86975327 0.97584632 1.132269949663e-03 4.168307197679e-02 1.497309376868e+00 7.239280830870e+00 1.869513757191e-03
1 30 3 1.41273947 1.64022087 1.35280758 1.86975327 0.97584632 5.444654918881e-04 1.812000518671e-02 1.589021379152e+00 7.175502039962e+00 1.573625585855e-03
1 31 3 1.41273947 1.64022087 1.35280758 1.86975327 0.97584632 6.997103060514e-05 5.332062435335e-03 1.700476950227e+00 7.121599914165e+00 3.415025821787e-04
1 32 3 1.41273947 1.64022087 1.35280758 1.86975327 0.97584632 7.067847323171e-05 8.758204317596e-03 1.841066952158e+00 7.290069155750e+00 4.889049885414e-04
1 33 3 1.41273947 1.64022087 1.35280758 1.86975327 0.97584632 5.461142646557e-04 2.361639989139e-02 1.939920971114e+00 7.349995440269e+00 1.627341478726e-03
1 34 3 1.41273947 1.64022087 1.35280758 1.86975327 0.97584632 1.132940880668e-03 4.282343510454e-02 1.990181771157e+00 7.183689911771e+00 1.538628835939e-03
1 35 3 1.41273947 1.64022087 1.35280758 1.86975327 0.97584632 1.412096963927e-03 6.913949355477e-02 2.058754811469e+00 7.111695242336e+00 6.342416182948e-04
1 36 3 1.41273947 1.64022087 1.35280758 1.86975327 0.97584632 1.244469915005e-03 1.135984424493e-01 2.125823394322e+00 7.122843616954e+00 1.210368793678e-03
1 37 3 1.41273947 1.64022087 1.35280758 1.86975327 0.97584632 8.392501935167e-04 1.823047523107e-01 2.216648794098e+00 7.305147742650e+00 2.785355201913e-03
1 38 3 1.41273947 1.64022087 1.35280758 1.86975327 0.97584632 5.198332760802e-04 2.687429864493e-01 2.340501481420e+00 7.731152569026e+00 2.970746150468e-03
1 39 3 1.41273947 1.64022087 1.35280758 1.86975327 0.97584632 4.348469309294e-04 3.597176508540e-01 2.424964958419e+00 8.237847521412e+00 2.473428155484e-03
1 40 3 1.41273947 1.64022087 1.35280758 1.86975327 0.97584632 4.919578690899e-04 4.476952002177e-01 2.481512381461e+00 8.883773395545e+00 3.639008226301e-03
1 41 3 1.41273947 1.64022087 1.35280758 1.86975327 0.97584632 5.472514004582e-04 5.387099163373e-01 2.509681037782e+00 9.468352383675e+00 4.948584493131e-03
1 42 3 1.41273947 1.64022087 1.35280758 1.86975327 0.97584632 6.170006507145e-04 6.488865805540e-01 2.497358903581e+00 9.705546112666e+00 3.690999063962e-03
1 43 3 1.41273947 1.64022087 1.35280758 1.86975327 0.97584632 8.666588933766e-04 7.901058526578e-01 2.530041248427e+00 9.817872871056e+00 2.425181130889e-03
1 44 3 1.41273947 1.64022087 1.35280758 1.86975327 0.97584632 1.386617574587e-03 9.581342669410e-01 2.639591878539e+00 9.961667263600e+00 4.816310523008e-03
1 45 3 1.41273947 1.64022087 1.35280758 1.86975327 0.97584632 2.014679582335e-03 1.139207211231e+00 2.809590947307e+00 1.008510313170e+01 7.684082517847e-03
1 46 3 1.41273947 1.64022087 1.35280758 1.86975327 0.97584632 2.433487979315e-03 1.328313945337e+00 3.029180343988e+00 1.005797948569e+01 6.097918585445e-03
1 47 3 1.41273947 1.64022087 1.35280758 1.86975327 0.97584632 2.473179764578e-03 1.532223981271e+00 3.230157253447e+00 9.737654204911e+00 2.690056020010e-03
1 48 3 1.41273947 1.64022087 1.35280758 1.86975327 0.97584632 2.299135307254e-03 1.752094336593e+00 3.349191352558e+00 9.422602015881e+00 2.769719754371e-03
1 49 3 1.41273947 1.64022087 1.35280758 1.86975327 0.97584632 2.252692147867e-03 1.977079322839e+00 3.343569030367e+00 9.616692321059e+00 4.896336532137e-03
1 50 3 1.41273947 1.64022087 1.35280758 1.86975327 0.97584632 2.480290330883e-03 2.205900662239e+00 3.221498754646e+00 1.047197404569e+01 4.834181012219e-03
1 51 3 1.41273947 1.64022087 1.35280758 1.86975327 0.97584632 2.751020855714e-03 2.461682524677e+00 3.079587727418e+00 1.158564596758e+01 3.479419965597e-03
1 52 3 1.41273947 1.64022087 1.35280758 1.86975327 0.97584632 2.706597792412e-03 2.766003002544e+00 3.027234206335e+00 1.237087237310e+01 3.641242852255e-03
1 53 3 1.41273947 1.64022087 1.35280758 1.86975327 0.97584632 2.324935461615e-03 3.103275975853e+00 3.172354988952e+00 1.278316038438e+01 4.221803540403e-03
1 54 3 1.41273947 1.64022087 1.35280758 1.86975327 0.97584632 2.086867687839e-03 3.431833094298e+00 3.530349889913e+00 1.311037846313e+01 3.047544392145e-03
1 55 3 1.41273947 1.64022087 1.35280758 1.86975327 0.97584632 2.575647117614e-03 3.733073084376e+00 4.011913576235e+00 1.357229038894e+01 1.224282045179e-03
1 56 3 1.41273947 1.64022087 1.35280758 1.86975327 0.97584632 3.833074770460e-03 4.033426833714e+00 4.515924669326e+00 1.414839678575e+01 9.058322588685e-04
1 57 3 1.41273947 1.64022087 1.35280758 1.86975327 0.97584632 5.142517117736e-03 4.373119573294e+00 4.844747694816e+00 1.438090574810e+01 1.468117639181e-03
1 58 3 1.41273947 1.64022087 1.35280758 1.86975327 0.97584632 5.579712711518e-03 4.764120291412e+00 4.885521055477e+00 1.408671484214e+01 9.335901379310e-04
1 59 3 1.41273947 1.64022087 1.35280758 1.86975327 0.97584632 4.908632615311e-03 5.179020541554e+00 4.735339021815e+00 1.360869451040e+01 1.006392713132e-05
1 60 3 1.41273947 1.64022087 1.35280758 1.86975327 0.97584632 3.951797833420e-03 5.570900047007e+00 4.466352083505e+00 1.343305164007e+01 9.487940232452e-04
1 61 3 1.41273947 1.64022087 1.35280758 1.86975327 0.97584632 3.959110538060e-03 5.911029157632e+00 4.249785291394e+00 1.406073765817e+01 2.513141628808e-03
1 62 3 1.41273947 1.64022087 1.35280758 1.86975327 0.97584632 5.448465519871e-03 6.224842577295e+00 4.306875776885e+00 1.525661789568e+01 1.730772251041e-03
1 63 3 1.41273947 1.64022087 1.35280758 1.86975327 0.97584632 7.589761505187e-03 6.581491426538e+00 4.638073058520e+00 1.642387151447e+01 4.065732987421e-04
2 0 3 2.76740510 2.64537102 3.99576652 24.86760818 1.02116864 7.015610354202e+01 1.419461642840e+01 2.914688095697e+02 6.134878318617e+04 1.103880697965e+00
2 1 3 2.76740510 2.64537102 3.99576652 24.86760818 1.02116864 6.763655104573e+01 1.211127497585e+01 2.849106259219e+02 6.079739824562e+04 1.090339240079e+00
2 2 3 2.76740510 2.64537102 3.99576652 24.86760818 1.02116864 6.537493830303e+01 1.390931667913e+01 2.794305617027e+02 5.996737624503e+04 1.146206828267e+00
2 3 3 2.76740510 2.64537102 3.99576652 24.86760818 1.02116864 6.304282156536e+01 1.661429590498e+01 2.704575636226e+02 5.820105595375e+04 1.163680173374e+00
2 4 3 2.76740510 2.64537102 3.99576652 24.86760818 1.02116864 6.068052400823e+01 1.637971723045e+01 2.588026228168e+02 5.583330028949e+04 1.080183810780e+00
2 5 3 2.76740510 2.64537102 3.99576652 24.86760818 1.02116864 5.851549569788e+01 1.302930979961e+01 2.473391431259e+02 5.357815606402e+04 9.376415333059e-01
2 6 3 2.76740510 2.64537102 3.99576652 24.86760818 1.02116864 5.650526246342e+01 1.006609338040e+01 2.387047521215e+02 5.158499186045e+04 8.383725882882e-01
2 7 3 2.76740510 2.64537102 3.99576652 24.86760818 1.02116864 5.451090977920e+01 1.036691955473e+01 2.329647490419e+02 4.958504956705e+04 8.420216098051e-01
2 8 3 2.76740510 2.64537102 3.99576652 24.86760818 1.02116864 5.243297457541e+01 1.287771408341e+01 2.265374545916e+02 4.752342262262e+04 9.003425993686e-01
2 9 3 2.76740510 2.64537102 3.99576652 24.86760818 1.02116864 5.034417727132e+01 1.407804487896e+01 2.174897161577e+02 4.568809465753e+04 9.096464165148e-01
2 10 3 2.76740510 2.64537102 3.99576652 24.86760818 1.02116864 4.855043143461e+01 1.219719944619e+01 2.077565683774e+02 4.435746987148e+04 8.354956582140e-01
2 11 3 2.76740510 2.64537102 3.99576652 24.86760818 1.02116864 4.709662367951e+01 9.152209330133e+00 1.999490254262e+02 4.357980241609e+04 7.553500431117e-01
2 12 3 2.76740510 2.64537102 3.99576652 24.86760818 1.02116864 4.565541062819e+01 8.110648733518e+00 1.943806639537e+02 4.326695628501e+04 7.543906911545e-01
2 13 3 2.76740510 2.64537102 3.99576652 24.86760818 1.02116864 4.409535303013e+01 9.741565528275e+00 1.893670181571e+02 4.320461356169e+04 8.100997985611e-01
2 14 3 2.76740510 2.64537102 3.99576652 24.86760818 1.02116864 4.252861124131e+01 1.158949071487e+01 1.830826409802e+02 4.297982638891e+04 8.225969627209e-01
2 15 3 2.76740510 2.64537102 3.99576652 24.86760818 1.02116864 4.102005329482e+01 1.112951187978e+01 1.749429575108e+02 4.224838789492e+04 7.466567777642e-01
2 16 3 2.76740510 2.64537102 3.99576652 24.86760818 1.02116864 3.966257331504e+01 8.705925512703e+00 1.669168155460e+02 4.118135785658e+04 6.470436918539e-01
2 17 3 2.76740510 2.64537102 3.99576652 24.86760818 1.02116864 3.855466220400e+01 6.936256208229e+00 1.609729831990e+02 4.026345798676e+04 6.130789947326e-01
2 18 3 2.76740510 2.64537102 3.99576652 24.86760818 1.02116864 3.768761124318e+01 7.536941276438e+00 1.567155553764e+02 3.965424160633e+04 6.519210941658e-01
2 19 3 2.76740510 2.64537102 3.99576652 24.86760818 1.02116864 3.700802636520e+01 9.421891239884e+00 1.532037070372e+02 3.899582304869e+04 6.893350839271e-01
2 20 3 2.76740510 2.64537102 3.99576652 24.86760818 1.02116864 3.635445744105e+01 1.012927932826e+01 1.492740831530e+02 3.784125261251e+04 6.629295430403e-01
2 21 3 2.76740510 2.64537102 3.99576652 24.86760818 1.02116864 3.556150711630e+01 8.693360614011e+00 1.444771023178e+02 3.619263690501e+04 5.913337169301e-01
2 22 3 2.76740510 2.64537102 3.99576652 24.86760818 1.02116864 3.476218987870e+01 6.622726681709e+00 1.402844017677e+02 3.454825565670e+04 5.447165749326e-01
2 23 3 2.76740510 2.64537102 3.99576652 24.86760818 1.02116864 3.412364702266e+01 6.025487530824e+00 1.378199407590e+02 3.346656118102e+04 5.591056677686e-01
2 24 3 2.76740510 2.64537102 3.99576652 24.86760818 1.02116864 3.348984722064e+01 7.194263697750e+00 1.365296151526e+02 3.315626138991e+04 5.977911937535e-01
2 25 3 2.76740510 2.64537102 3.99576652 24.86760818 1.02116864 3.272699180743e+01 8.423991269677e+00 1.350612586705e+02 3.340093993663e+04 6.020046467838e-01
2 26 3 2.76740510 2.64537102 3.99576652 24.86760818 1.02116864 3.199492723137e+01 8.101520449540e+00 1.328580214410e+02 3.368571921719e+04 5.616727970837e-01
2 27 3 2.76740510 2.64537102 3.99576652 24.86760818 1.02116864 3.146275573692e+01 6.504811601195e+00 1.307967431297e+02 3.358409896685e+04 5.172434568557e-01
2 28 3 2.76740510 2.64537102 3.99576652 24.86760818 1.02116864 3.109643053884e+01 5.320278261975e+00 1.297941124658e+02 3.323377909656e+04 5.020400816856e-01
2 29 3 2.76740510 2.64537102 3.99576652 24.86760818 1.02116864 3.074485614871e+01 5.672625165385e+00 1.295587490319e+02 3.323717992374e+04 5.097865993841e-01
2 30 3 2.76740510 2.64537102 3.99576652 24.86760818 1.02116864 3.042933151018e+01 6.976977220338e+00 1.291671245302e+02 3.392824983339e+04 5.197261188700e-01
2 31 3 2.76740510 2.64537102 3.99576652 24.86760818 1.02116864 3.050018220616e+01 7.704586648474e+00 1.293374222498e+02 3.488403360992e+04 5.261279868382e-01
2 32 3 2.76740510 2.64537102 3.99576652 24.86760818 1.02116864 3.114516775550e+01 7.058969727719e+00 1.312781404653e+02 3.530808439412e+04 5.327167595454e-01
2 33 3 2.76740510 2.64537102 3.99576652 24.86760818 1.02116864 3.198093035631e+01 5.816706143980e+00 1.336851067621e+02 3.486235895581e+04 5.406010590501e-01
2 34 3 2.76740510 2.64537102 3.99576652 24.86760818 1.02116864 3.260403831265e+01 5.508446024346e+00 1.355160673448e+02 3.404507431949e+04 5.552637738794e-01
2 35 3 2.76740510 2.64537102 3.99576652 24.86760818 1.02116864 3.309945308158e+01 6.718045104883e+00 1.378350117222e+02 3.358882596728e+04 5.858207436992e-01
2 36 3 2.76740510 2.64537102 3.99576652 24.86760818 1.02116864 3.369480578579e+01 8.290146755031e+00 1.409185329397e+02 3.367717316470e+04 6.219087255789e-01
2 37 3 2.76740510 2.64537102 3.99576652 24.86760818 1.02116864 3.438981748191e+01 8.513881560837e+00 1.438027721121e+02 3.399586279914e+04 6.310565707797e-01
2 38 3 2.76740510 2.64537102 3.99576652 24.86760818 1.02116864 3.502472514561e+01 7.149198931501e+00 1.460678916999e+02 3.427558945121e+04 6.013222171958e-01
2 39 3 2.76740510 2.64537102 3.99576652 24.86760818 1.02116864 3.552298197925e+01 5.880622370113e+00 1.486878989024e+02 3.452531640524e+04 5.722229544089e-01
2 40 3 2.76740510 2.64537102 3.99576652 24.86760818 1.02116864 3.606771782720e+01 6.416257465351e+00 1.528543536617e+02 3.492180652429e+04 5.948462265771e-01
2 41 3 2.76740510 2.64537102 3.99576652 24.86760818 1.02116864 3.683078194514e+01 8.376371988176e+00 1.583754680423e+02 3.568105413336e+04 6.634461084813e-01
2 42 3 2.76740510 2.64537102 3.99576652 24.86760818 1.02116864 3.765287013936e+01 9.601498589612e+00 1.638248778710e+02 3.691253319369e+04 7.135694813750e-01
2 43 3 2.76740510 2.64537102 3.99576652 24.86760818 1.02116864 3.841780340993e+01 8.678720196658e+00 1.680489070284e+02 3.850448866669e+04 6.987896343409e-01
2 44 3 2.76740510 2.64537102 3.99576652 24.86760818 1.02116864 3.934766693557e+01 6.727716301494e+00 1.720608652437e+02 4.013495676823e+04 6.525597328960e-01
2 45 3 2.76740510 2.64537102 3.99576652 24.86760818 1.02116864 4.059849739131e+01 6.218402529723e+00 1.774947419345e+02 4.147969475399e+04 6.546777512242e-01
2 46 3 2.76740510 2.64537102 3.99576652 24.86760818 1.02116864 4.209068773439e+01 8.058363538272e+00 1.844339347782e+02 4.246824248550e+04 7.354146738761e-01
2 47 3 2.76740510 2.64537102 3.99576652 24.86760818 1.02116864 4.372112028793e+01 1.037719541622e+01 1.922337893118e+02 4.322171144671e+04 8.302532741838e-01
2 48 3 2.76740510 2.64537102 3.99576652 24.86760818 1.02116864 4.536411406049e+01 1.063385622578e+01 1.990532732784e+02 4.376810387110e+04 8.497143534692e-01
2 49 3 2.76740510 2.64537102 3.99576652 24.86760818 1.02116864 4.693619043649e+01 8.708751294175e+00 2.035653281003e+02 4.409376722846e+04 7.914175322109e-01
2 50 3 2.76740510 2.64537102 3.99576652 24.86760818 1.02116864 4.847223413457e+01 7.207267086662e+00 2.075811543776e+02 4.442299473371e+04 7.518341711384e-01
2 51 3 2.76740510 2.64537102 3.99576652 24.86760818 1.02116864 4.999396701873e+01 8.390030936691e+00 2.134007019234e+02 4.501693993210e+04 8.074231652996e-01
2 52 3 2.76740510 2.64537102 3.99576652 24.86760818 1.02116864 5.164089015422e+01 1.134592790942e+01 2.215666429229e+02 4.582078187535e+04 9.135751994389e-01
2 53 3 2.76740510 2.64537102 3.99576652 24.86760818 1.02116864 5.365645821097e+01 1.294270331848e+01 2.306637130297e+02 4.661100743674e+04 9.632481291092e-01
2 54 3 2.76740510 2.64537102 3.99576652 24.86760818 1.02116864 5.589689441061e+01 1.156912949018e+01 2.381984117283e+02 4.744748737322e+04 9.325343450262e-01
2 55 3 2.76740510 2.64537102 3.99576652 24.86760818 1.02116864 5.798682702264e+01 9.199377957660e+00 2.435161485311e+02 4.873203300423e+04 9.145048773477e-01
2 56 3 2.76740510 2.64537102 3.99576652 24.86760818 1.02116864 5.993104180271e+01 9.175512621298e+00 2.493172426093e+02 5.073274185936e+04 9.966391805523e-01
2 57 3 2.76740510 2.64537102 3.99576652 24.86760818 1.02116864 6.195669046798e+01 1.219129379798e+01 2.587384785709e+02 5.330037067376e+04 1.148568418940e+00
2 58 3 2.76740510 2.64537102 3.99576652 24.86760818 1.02116864 6.417243093342e+01 1.528175545314e+01 2.703583508080e+02 5.612481037664e+04 1.258057339658e+00
2 59 3 2.76740510 2.64537102 3.99576652 24.86760818 1.02116864 6.655990868531e+01 1.525093814964e+01 2.803205971150e+02 5.890984199915e+04 1.256094926927e+00
2 60 3 2.76740510 2.64537102 3.99576652 24.86760818 1.02116864 6.892830408138e+01 1.259272768339e+01 2.873060818225e+02 6.109418204008e+04 1.186654670236e+00
2 61 3 2.76740510 2.64537102 3.99576652 24.86760818 1.02116864 7.124436751849e+01 1.107509283307e+01 2.926967524264e+02 6.211302918562e+04 1.161880773572e+00
2 62 3 2.76740510 2.64537102 3.99576652 24.86760818 1.02116864 7.381435225299e+01 1.328359045699e+01 3.009865374391e+02 6.232384621297e+04 1.250484619316e+00
2 63 3 2.76740510 2.64537102 3.99576652 24.86760818 1.02116864 7.659316530729e+01 1.745175471665e+01 3.146150455716e+02 6.296159332855e+04 1.399726259898e+00
3 0 3 2.44187744 3.00179574 3.87771364 31.67992661 1.07258591 4.453121249036e+01 1.738673881490e-02 2.615977262869e+02 7.373634718429e+04 4.987921458327e-04
3 1 3 2.44187744 3.00179574 3.87771364 31.67992661 1.07258591 4.344957450005e+01 5.090633357514e-02 2.506598090243e+02 7.132653956654e+04 1.585367795912e-03
3 2 3 2.44187744 3.00179574 3.87771364 31.67992661 1.07258591 4.208398848001e+01 1.019223078379e-01 2.403868806231e+02 6.887552992857e+04 3.595031883870e-03
3 3 3 2.44187744 3.00179574 3.87771364 31.67992661 1.07258591 4.033653764220e+01 1.047468503203e-01 2.324566853727e+02 6.753998942844e+04 3.282952319637e-03
3 4 3 2.44187744 3.00179574 3.87771364 31.67992661 1.07258591 3.850302610037e+01 5.388351629900e-02 2.254698979004e+02 6.725439610531e+04 1.256467210732e-03
3 5 3 2.44187744 3.00179574 3.87771364 31.67992661 1.07258591 3.689974542647e+01 1.257601657630e-02 2.173995750170e+02 6.718969552820e+04 3.206745469523e-04
3 6 3 2.44187744 3.00179574 3.87771364 31.67992661 1.07258591 3.550330262442e+01 2.412614046669e-02 2.083781166822e+02 6.691256642879e+04 1.298821660531e-03
3 7 3 2.44187744 3.00179574 3.87771364 31.67992661 1.07258591 3.409988812932e+01 5.382364215832e-02 2.003406784248e+02 6.672075708919e+04 2.457119485297e-03
3 8 3 2.44187744 3.00179574 3.87771364 31.67992661 1.07258591 3.262702780836e+01 4.779955190640e-02 1.943725644538e+02 6.708024792926e+04 2.254020525043e-03
3 9 3 2.44187744 3.00179574 3.87771364 31.67992661 1.07258591 3.118499961049e+01 1.630724165559e-02 1.893072536985e+02 6.805175378102e+04 1.256354766274e-03
3 10 3 2.44187744 3.00179574 3.87771364 31.67992661 1.07258591 2.980782439508e+01 1.340694289893e-02 1.833580394273e+02 6.922643560548e+04 1.242767270301e-03
3 11 3 2.44187744 3.00179574 3.87771364 31.67992661 1.07258591 2.842362482690e+01 5.088292853582e-02 1.764457164479e+02 7.011361710743e+04 2.852500248170e-03
3 12 3 2.44187744 3.00179574 3.87771364 31.67992661 1.07258591 2.704069185739e+01 8.100855799649e-02 1.699441906460e+02 7.050993555983e+04 4.503459926117e-03
3 13 3 2.44187744 3.00179574 3.87771364 31.67992661 1.07258591 2.581658799119e+01 6.643508893266e-02 1.644811027032e+02 7.050260351053e+04 4.148868487635e-03
3 14 3 2.44187744 3.00179574 3.87771364 31.67992661 1.07258591 2.488076333547e+01 2.817037414582e-02 1.592547977783e+02 7.020394759981e+04 1.981964765669e-03
3 15 3 2.44187744 3.00179574 3.87771364 31.67992661 1.07258591 2.417181652436e+01 1.055720086711e-02 1.535827551496e+02 6.961840073612e+04 2.920065239595e-04
3 16 3 2.44187744 3.00179574 3.87771364 31.67992661 1.07258591 2.351577106284e+01 2.274725712234e-02 1.479222980205e+02 6.866932066119e+04 3.348676817441e-04
3 17 3 2.44187744 3.00179574 3.87771364 31.67992661 1.07258591 2.281729169577e+01 3.444624573146e-02 1.430385772485e+02 6.735511946792e+04 8.229130927411e-04
3 18 3 2.44187744 3.00179574 3.87771364 31.67992661 1.07258591 2.210581128384e+01 2.284675950155e-02 1.390551020178e+02 6.591704075754e+04 4.014133247560e-04
3 19 3 2.44187744 3.00179574 3.87771364 31.67992661 1.07258591 2.142752534276e+01 4.462074229946e-03 1.355959965407e+02 6.465965050255e+04 2.491506114300e-05
3 20 3 2.44187744 3.00179574 3.87771364 31.67992661 1.07258591 2.078890063674e+01 9.403642971404e-03 1.322361889494e+02 6.362892357732e+04 1.219523975882e-03
3 21 3 2.44187744 3.00179574 3.87771364 31.67992661 1.07258591 2.021366010893e+01 3.468073975945e-02 1.287497439180e+02 6.261715343182e+04 3.143278697216e-03
3 22 3 2.44187744 3.00179574 3.87771364 31.67992661 1.07258591 1.974697494875e+01 4.605816908900e-02 1.253836028498e+02 6.158690298089e+04 3.519799695808e-03
3 23 3 2.44187744 3.00179574 3.87771364 31.67992661 1.07258591 1.934821683637e+01 2.924259125925e-02 1.226933692911e+02 6.091322109163e+04 2.114364101093e-03
3 24 3 2.44187744 3.00179574 3.87771364 31.67992661 1.07258591 1.887838133758e+01 1.336644271533e-02 1.207304336179e+02 6.100207556232e+04 1.181103679831e-03
3 25 3 2.44187744 3.00179574 3.87771364 31.67992661 1.07258591 1.828855086005e+01 2.825722075335e-02 1.188716051221e+02 6.175877032481e+04 2.182992903064e-03
3 26 3 2.44187744 3.00179574 3.87771364 31.67992661 1.07258591 1.774308284416e+01 5.939865679579e-02 1.168342231300e+02 6.256039560240e+04 3.820993483929e-03
3 27 3 2.44187744 3.00179574 3.87771364 31.67992661 1.07258591 1.743263024224e+01 6.804309771274e-02 1.151173231494e+02 6.289078203978e+04 4.012079327902e-03
3 28 3 2.44187744 3.00179574 3.87771364 31.67992661 1.07258591 1.732219090178e+01 4.392753559154e-02 1.139871385322e+02 6.293469673601e+04 2.543311121031e-03
3 29 3 2.44187744 3.00179574 3.87771364 31.67992661 1.07258591 1.723945845163e+01 1.432827219105e-02 1.130113455363e+02 6.331348750626e+04 8.781510559107e-04
3 30 3 2.44187744 3.00179574 3.87771364 31.67992661 1.07258591 1.718581086966e+01 4.198631534158e-03 1.122319998985e+02 6.424337071076e+04 1.156962577003e-04
3 31 3 2.44187744 3.00179574 3.87771364 31.67992661 1.07258591 1.736476065248e+01 8.274620613230e-03 1.126876605084e+02 6.520863196257e+04 5.583432654170e-05
3 32 3 2.44187744 3.00179574 3.87771364 31.67992661 1.07258591 1.785810095354e+01 8.249163668757e-03 1.148893716745e+02 6.547189759554e+04 5.219943074639e-05
3 33 3 2.44187744 3.00179574 3.87771364 31.67992661 1.07258591 1.846541417240e+01 3.919497611979e-03 1.177864656559e+02 6.483404735453e+04 1.203096950002e-04
3 34 3 2.44187744 3.00179574 3.87771364 31.67992661 1.07258591 1.897697946047e+01 1.367867550403e-02 1.201783778893e+02 6.393942433020e+04 9.204745821743e-04
3 35 3 2.44187744 3.00179574 3.87771364 31.67992661 1.07258591 1.945041759353e+01 4.341463048905e-02 1.222095746898e+02 6.355107566068e+04 2.625312199452e-03
3 36 3 2.44187744 3.00179574 3.87771364 31.67992661 1.07258591 2.005709060809e+01 6.822633756544e-02 1.245494442667e+02 6.361638509184e+04 4.084491305137e-03
3 37 3 2.44187744 3.00179574 3.87771364 31.67992661 1.07258591 2.076119186031e+01 6.003156598487e-02 1.270745121813e+02 6.347956761490e+04 3.829518534937e-03
3 38 3 2.44187744 3.00179574 3.87771364 31.67992661 1.07258591 2.134797808385e+01 2.874071976039e-02 1.294121782932e+02 6.285384082307e+04 2.155556252605e-03
3 39 3 2.44187744 3.00179574 3.87771364 31.67992661 1.07258591 2.174117200791e+01 1.394631045000e-02 1.319594839930e+02 6.221810275495e+04 1.230448444392e-03
3 40 3 2.44187744 3.00179574 3.87771364 31.67992661 1.07258591 2.210921779184e+01 3.081428250745e-02 1.352937761998e+02 6.223227912682e+04 2.305327963369e-03
3 41 3 2.44187744 3.00179574 3.87771364 31.67992661 1.07258591 2.262933389094e+01 4.859281030478e-02 1.391578299686e+02 6.300956484965e+04 3.761214718807e-03
3 42 3 2.44187744 3.00179574 3.87771364 31.67992661 1.07258591 2.329325557278e+01 3.681495105131e-02 1.429014233855e+02 6.413008768484e+04 3.281934117804e-03
3 43 3 2.44187744 3.00179574 3.87771364 31.67992661 1.07258591 2.399866268201e+01 1.010791705776e-02 1.464749995545e+02 6.528256641175e+04 1.229944554158e-03
3 44 3 2.44187744 3.00179574 3.87771364 31.67992661 1.07258591 2.470873564507e+01 4.357655918733e-03 1.503687908762e+02 6.656225482517e+04 1.831888233939e-05
3 45 3 2.44187744 3.00179574 3.87771364 31.67992661 1.07258591 2.544147558737e+01 2.318991908582e-02 1.549675805109e+02 6.808717027541e+04 4.422848299980e-04
3 46 3 2.44187744 3.00179574 3.87771364 31.67992661 1.07258591 2.619466174779e+01 3.533534469457e-02 1.602871469829e+02 6.966800270276e+04 8.512775404897e-04
3 47 3 2.44187744 3.00179574 3.87771364 31.67992661 1.07258591 2.698665882541e+01 2.324661460194e-02 1.659169119352e+02 7.097447874755e+04 3.183729044319e-04
3 48 3 2.44187744 3.00179574 3.87771364 31.67992661 1.07258591 2.792361298755e+01 1.057934958828e-02 1.712042482960e+02 7.189493187218e+04 3.395900085577e-04
3 49 3 2.44187744 3.00179574 3.87771364 31.67992661 1.07258591 2.910952443533e+01 2.921955810479e-02 1.760526192789e+02 7.254156299512e+04 2.205001938602e-03
3 50 3 2.44187744 3.00179574 3.87771364 31.67992661 1.07258591 3.047912954193e+01 6.965316452720e-02 1.812924318944e+02 7.298946899698e+04 4.477536124532e-03
3 51 3 2.44187744 3.00179574 3.87771364 31.67992661 1.07258591 3.181424968197e+01 8.506225515158e-02 1.874965949187e+02 7.311465214308e+04 4.751751137002e-03
3 52 3 2.44187744 3.00179574 3.87771364 31.67992661 1.07258591 3.297023396254e+01 5.324377000285e-02 1.938639343658e+02 7.265972430428e+04 2.944391815559e-03
3 53 3 2.44187744 3.00179574 3.87771364 31.67992661 1.07258591 3.401324003588e+01 1.380617470065e-02 1.993788279361e+02 7.157058789257e+04 1.285852725890e-03
3 54 3 2.44187744 3.00179574 3.87771364 31.67992661 1.07258591 3.507170739424e+01 1.715161454351e-02 2.047299746033e+02 7.019968514845e+04 1.385917787862e-03
3 55 3 2.44187744 3.00179574 3.87771364 31.67992661 1.07258591 3.613658995770e+01 5.045407594384e-02 2.117153044765e+02 6.914214354152e+04 2.464103938116e-03
3 56 3 2.44187744 3.00179574 3.87771364 31.67992661 1.07258591 3.713590394121e+01 5.644919657420e-02 2.206868977569e+02 6.883029734354e+04 2.617550845868e-03
3 57 3 2.44187744 3.00179574 3.87771364 31.67992661 1.07258591 3.814772938816e+01 2.472627551524e-02 2.298359840530e+02 6.913644178777e+04 1.333557926543e-03
3 58 3 2.44187744 3.00179574 3.87771364 31.67992661 1.07258591 3.933134412628e+01 1.252443501681e-02 2.375013200142e+02 6.942837177733e+04 3.336668268999e-04
3 59 3 2.44187744 3.00179574 3.87771364 31.67992661 1.07258591 4.061595780482e+01 5.622901335849e-02 2.443847535077e+02 6.932038553374e+04 1.411951236493e-03
3 60 3 2.44187744 3.00179574 3.87771364 31.67992661 1.07258591 4.169018733467e+01 1.097776812905e-01 2.526555914457e+02 6.940089996707e+04 3.554564092263e-03
3 61 3 2.44187744 3.00179574 3.87771364 31.67992661 1.07258591 4.243013103156e+01 1.066136291139e-01 2.629066247726e+02 7.071462361751e+04 3.765241937344e-03
3 62 3 2.44187744 3.00179574 3.87771364 31.67992661 1.07258591 4.314276524309e+01 5.296643382193e-02 2.729314079972e+02 7.336496462048e+04 1.581140533949e-03
3 63 3 2.44187744 3.00179574 3.87771364 31.67992661 1.07258591 4.421447995820e+01 1.814733483354e-02 2.805375719928e+02 7.599333042834e+04 5.677863465382e-04
5 0 3 1.83938374 1.23340648 1.20956134 1.70489177 0.75900799 2.405111156547e-03 1.642657320228e-02 6.576349319014e-01 5.601879834410e+00 1.989177693091e-03
5 1 3 1.83938374 1.23340648 1.20956134 1.70489177 0.75900799 2.175698654987e-03 1.562575214887e-02 6.410992898564e-01 5.351175296742e+00 2.360486104937e-03
5 2 3 1.83938374 1.23340648 1.20956134 1.70489177 0.75900799 3.719627235662e-03 1.434588760301e-02 6.214009032096e-01 5.040840949810e+00 2.621935022167e-03
5 3 3 1.83938374 1.23340648 1.20956134 1.70489177 0.75900799 6.067238292967e-03 1.299978489687e-02 6.063724068910e-01 4.980127812028e+00 2.647031719567e-03
5 4 3 1.83938374 1.23340648 1.20956134 1.70489177 0.75900799 7.699437271879e-03 1.171088436018e-02 5.937865377013e-01 5.120647473424e+00 2.450760110642e-03
5 5 3 1.83938374 1.23340648 1.20956134 1.70489177 0.75900799 7.656879619969e-03 1.043785202712e-02 5.798010073178e-01 5.385264403552e+00 2.178008469608e-03
5 6 3 1.83938374 1.23340648 1.20956134 1.70489177 0.75900799 6.132658592176e-03 9.217794396714e-03 5.666907397830e-01 5.467574267893e+00 1.964496492974e-03
5 7 3 1.83938374 1.23340648 1.20956134 1.70489177 0.75900799 4.223600348427e-03 8.263159248207e-03 5.435258346838e-01 5.151278324530e+00 1.822753640369e-03
5 8 3 1.83938374 1.23340648 1.20956134 1.70489177 0.75900799 3.111896972107e-03 7.832030521619e-03 5.112751925221e-01 4.691805622870e+00 1.671141828659e-03
5 9 3 1.83938374 1.23340648 1.20956134 1.70489177 0.75900799 3.249920897081e-03 8.023197844668e-03 4.756204606184e-01 4.327111006943e+00 1.457135650065e-03
5 10 3 1.83938374 1.23340648 1.20956134 1.70489177 0.75900799 4.094475668868e-03 8.699987414155e-03 4.382688821726e-01 4.201180453175e+00 1.227191819466e-03
5 11 3 1.83938374 1.23340648 1.20956134 1.70489177 0.75900799 4.586303216642e-03 9.596167147723e-03 4.109925827369e-01 4.207490232620e+00 1.071838042383e-03
5 12 3 1.83938374 1.23340648 1.20956134 1.70489177 0.75900799 4.012965281003e-03 1.047795617156e-02 3.938742542538e-01 4.109913686144e+00 1.022628139064e-03
5 13 3 1.83938374 1.23340648 1.20956134 1.70489177 0.75900799 2.559678987503e-03 1.120733774916e-02 3.828325870137e-01 3.919213516268e+00 1.022031253479e-03
5 14 3 1.83938374 1.23340648 1.20956134 1.70489177 0.75900799 1.116345605090e-03 1.168138322537e-02 3.775642246835e-01 3.763985396998e+00 9.904560431289e-04
5 15 3 1.83938374 1.23340648 1.20956134 1.70489177 0.75900799 5.485017607515e-04 1.175911991835e-02 3.697203390247e-01 3.761142864645e+00 9.042460637399e-04
5 16 3 1.83938374 1.23340648 1.20956134 1.70489177 0.75900799 1.043606442595e-03 1.128943375231e-02 3.600120112471e-01 3.961643039483e+00 8.009192485766e-04
5 17 3 1.83938374 1.23340648 1.20956134 1.70489177 0.75900799 2.011386251345e-03 1.022934714340e-02 3.498670282138e-01 4.165971685520e+00 7.230099438503e-04
5 18 3 1.83938374 1.23340648 1.20956134 1.70489177 0.75900799 2.568865079037e-03 8.729954999113e-03 3.359196282459e-01 4.139513800611e+00 6.764536487244e-04
5 19 3 1.83938374 1.23340648 1.20956134 1.70489177 0.75900799 2.232784167191e-03 7.085786549001e-03 3.224182179878e-01 3.870913955852e+00 6.448592871660e-04
5 20 3 1.83938374 1.23340648 1.20956134 1.70489177 0.75900799 1.293069740512e-03 5.572513603306e-03 3.079678756777e-01 3.468429064261e+00 6.252391890630e-04
5 21 3 1.83938374 1.23340648 1.20956134 1.70489177 0.75900799 5.584776712788e-04 4.306469298393e-03 2.931208308700e-01 3.227447582583e+00 6.314406054416e-04
5 22 3 1.83938374 1.23340648 1.20956134 1.70489177 0.75900799 6.663971982895e-04 3.240248287218e-03 2.832479325475e-01 3.261539842216e+00 6.634961478379e-04
5 23 3 1.83938374 1.23340648 1.20956134 1.70489177 0.75900799 1.541934674241e-03 2.282897097513e-03 2.759921878359e-01 3.387850909718e+00 6.894178405217e-04
5 24 3 1.83938374 1.23340648 1.20956134 1.70489177 0.75900799 2.474008950814e-03 1.423843048446e-03 2.725860427116e-01 3.503960714462e+00 6.687273780761e-04
5 25 3 1.83938374 1.23340648 1.20956134 1.70489177 0.75900799 2.728382952440e-03 7.483599754289e-04 2.717367206772e-01 3.446359177715e+00 5.910804497707e-04
5 26 3 1.83938374 1.23340648 1.20956134 1.70489177 0.75900799 2.165829657812e-03 3.437004765216e-04 2.686358059022e-01 3.319118386231e+00 4.829808079966e-04
5 27 3 1.83938374 1.23340648 1.20956134 1.70489177 0.75900799 1.366022492984e-03 1.980786705116e-04 2.662416317126e-01 3.348883192189e+00 3.757483981000e-04
5 28 3 1.83938374 1.23340648 1.20956134 1.70489177 0.75900799 1.171629868496e-03 1.933844118158e-04 2.637482109581e-01 3.468589005362e+00 2.757350149051e-04
5 29 3 1.83938374 1.23340648 1.20956134 1.70489177 0.75900799 2.002259035629e-03 1.953601786852e-04 2.616630774135e-01 3.637806948900e+00 1.727163251226e-04
5 30 3 1.83938374 1.23340648 1.20956134 1.70489177 0.75900799 3.466138964414e-03 1.507510624971e-04 2.626121835308e-01 3.644970113440e+00 7.235003057682e-05
5 31 3 1.83938374 1.23340648 1.20956134 1.70489177 0.75900799 4.604036384357e-03 9.990230881556e-05 2.619073044725e-01 3.459701349872e+00 7.720890335162e-06
5 32 3 1.83938374 1.23340648 1.20956134 1.70489177 0.75900799 4.615751892323e-03 1.015644439322e-04 2.598895129164e-01 3.311188120358e+00 1.195088469757e-05
5 33 3 1.83938374 1.23340648 1.20956134 1.70489177 0.75900799 3.493241944814e-03 1.540921052360e-04 2.569131011894e-01 3.209064919615e+00 8.403366132307e-05
5 34 3 1.83938374 1.23340648 1.20956134 1.70489177 0.75900799 2.027433223023e-03 1.973614387067e-04 2.515042459112e-01 3.297653812453e+00 1.899163227272e-04
5 35 3 1.83938374 1.23340648 1.20956134 1.70489177 0.75900799 1.183651902187e-03 1.939471598064e-04 2.483904765741e-01 3.506407582770e+00 2.977116171103e-04
5 36 3 1.83938374 1.23340648 1.20956134 1.70489177 0.75900799 1.369947053991e-03 2.032120399444e-04 2.461239048765e-01 3.614761382731e+00 4.038302090856e-04
5 37 3 1.83938374 1.23340648 1.20956134 1.70489177 0.75900799 2.175661109205e-03 3.645462683991e-04 2.432017684983e-01 3.652749454892e+00 5.189755742865e-04
5 38 3 1.83938374 1.23340648 1.20956134 1.70489177 0.75900799 2.747824620726e-03 7.962021984834e-04 2.410950213233e-01 3.607163553414e+00 6.345779560945e-04
5 39 3 1.83938374 1.23340648 1.20956134 1.70489177 0.75900799 2.488597159285e-03 1.505201083762e-03 2.365942635408e-01 3.684173247504e+00 7.161148627689e-04
5 40 3 1.83938374 1.23340648 1.20956134 1.70489177 0.75900799 1.536549772059e-03 2.399779973916e-03 2.333482176920e-01 3.946903661714e+00 7.359546948160e-04
5 41 3 1.83938374 1.23340648 1.20956134 1.70489177 0.75900799 6.508692455607e-04 3.396583205022e-03 2.339850937204e-01 4.170336496074e+00 7.066054018725e-04
5 42 3 1.83938374 1.23340648 1.20956134 1.70489177 0.75900799 5.701035289276e-04 4.515306873265e-03 2.369791283065e-01 4.278938528542e+00 6.719969072638e-04
5 43 3 1.83938374 1.23340648 1.20956134 1.70489177 0.75900799 1.368764223409e-03 5.856049923193e-03 2.450195203932e-01 4.151925293884e+00 6.658865698897e-04
5 44 3 1.83938374 1.23340648 1.20956134 1.70489177 0.75900799 2.376404723085e-03 7.465342830273e-03 2.539344334200e-01 3.918191548029e+00 6.877365632810e-04
5 45 3 1.83938374 1.23340648 1.20956134 1.70489177 0.75900799 2.743625480172e-03 9.212307729079e-03 2.618765758482e-01 3.863440331809e+00 7.229585679726e-04
5 46 3 1.83938374 1.23340648 1.20956134 1.70489177 0.75900799 2.164815552407e-03 1.080046383167e-02 2.707607179530e-01 4.029375081333e+00 7.750040847205e-04
5 47 3 1.83938374 1.23340648 1.20956134 1.70489177 0.75900799 1.148840283970e-03 1.192123194624e-02 2.763847319081e-01 4.374130476770e+00 8.604656137487e-04
5 48 3 1.83938374 1.23340648 1.20956134 1.70489177 0.75900799 6.330923766153e-04 1.242358349056e-02 2.809704896870e-01 4.709766607104e+00 9.711279392714e-04
5 49 3 1.83938374 1.23340648 1.20956134 1.70489177 0.75900799 1.251496089480e-03 1.236011841768e-02 2.841166608857e-01 4.893968809833e+00 1.060729110605e-03
5 50 3 1.83938374 1.23340648 1.20956134 1.70489177 0.75900799 2.808275269898e-03 1.189005351221e-02 2.839883254889e-01 5.007959557259e+00 1.090739572621e-03
5 51 3 1.83938374 1.23340648 1.20956134 1.70489177 0.75900799 4.375141359724e-03 1.115517471860e-02 2.882138784679e-01 5.119715864819e+00 1.088563734072e-03
5 52 3 1.83938374 1.23340648 1.20956134 1.70489177 0.75900799 4.993649609602e-03 1.025722326945e-02 2.980535027086e-01 5.278856120124e+00 1.138441626037e-03
5 53 3 1.83938374 1.23340648 1.20956134 1.70489177 0.75900799 4.462763635277e-03 9.340462561712e-03 3.167606603361e-01 5.499045082716e+00 1.297507938868e-03
5 54 3 1.83938374 1.23340648 1.20956134 1.70489177 0.75900799 3.545569439718e-03 8.653570610029e-03 3.458516961605e-01 5.596590215736e+00 1.528644363401e-03
5 55 3 1.83938374 1.23340648 1.20956134 1.70489177 0.75900799 3.378447993584e-03 8.475678964687e-03 3.747995307852e-01 5.509960757648e+00 1.737977376200e-03
5 56 3 1.83938374 1.23340648 1.20956134 1.70489177 0.75900799 4.551181095666e-03 8.942484048590e-03 4.012249542673e-01 5.398068557560e+00 1.884363695073e-03
5 57 3 1.83938374 1.23340648 1.20956134 1.70489177 0.75900799 6.591231340090e-03 9.941533239076e-03 4.205453159003e-01 5.426831000222e+00 2.030546375463e-03
5 58 3 1.83938374 1.23340648 1.20956134 1.70489177 0.75900799 8.233520479237e-03 1.120396120186e-02 4.304099997935e-01 5.805896068453e+00 2.261678388212e-03
5 59 3 1.83938374 1.23340648 1.20956134 1.70489177 0.75900799 8.286110701382e-03 1.252352381737e-02 4.407087808586e-01 6.336400189105e+00 2.555695518160e-03
5 60 3 1.83938374 1.23340648 1.20956134 1.70489177 0.75900799 6.523002476923e-03 1.388123917491e-02 4.500104485256e-01 6.756571985379e+00 2.761968955859e-03
5 61 3 1.83938374 1.23340648 1.20956134 1.70489177 0.75900799 3.970232289877e-03 1.532507754031e-02 4.607368386761e-01 7.083969512554e+00 2.729781119736e-03
5 62 3 1.83938374 1.23340648 1.20956134 1.70489177 0.75900799 2.267119215834e-03 1.670740220928e-02 4.758925686053e-01 7.235249802321e+00 2.452655911804e-03
5 63 3 1.83938374 1.23340648 1.20956134 1.70489177 0.75900799 2.461476587196e-03 1.756835032611e-02 4.880512981725e-01 7.447350944229e+00 2.070069365728e-03
8 0 3 1.17176645 1.03287341 0.94357974 1.20431411 0.72941437 3.303385215990e-05 3.871680412999e-06 5.969094341657e-04 2.876384936915e-03 1.364942157930e-03
8 1 3 1.17176645 1.03287341 0.94357974 1.20431411 0.72941437 3.236598601118e-05 3.729720972005e-06 6.576666248830e-04 2.156288831669e-03 1.107163427604e-03
8 2 3 1.17176645 1.03287341 0.94357974 1.20431411 0.72941437 3.121309897140e-05 3.592486004124e-06 7.191252985213e-04 8.988492848168e-04 9.953744300709e-04
8 3 3 1.17176645 1.03287341 0.94357974 1.20431411 0.72941437 2.980671195565e-05 3.459975647132e-06 7.805771947913e-04 5.484322018840e-05 1.154674004446e-03
8 4 3 1.17176645 1.03287341 0.94357974 1.20431411 0.72941437 2.845052087163e-05 3.332190034064e-06 8.413656751199e-04 3.660135236011e-04 1.483088794881e-03
8 5 3 1.17176645 1.03287341 0.94357974 1.20431411 0.72941437 2.741003037712e-05 3.209129293205e-06 9.008919551195e-04 1.940308067039e-03 1.761740024472e-03
8 6 3 1.17176645 1.03287341 0.94357974 1.20431411 0.72941437 2.682207603830e-05 3.090793548105e-06 9.586202716808e-04 4.625984705566e-03 1.821014911682e-03
8 7 3 1.17176645 1.03287341 0.94357974 1.20431411 0.72941437 2.665501232615e-05 2.977182917563e-06 1.014081923166e-03 7.349104009056e-03 1.622416414591e-03
8 8 3 1.17176645 1.03287341 0.94357974 1.20431411 0.72941437 2.673054145871e-05 2.868297515638e-06 1.066878140416e-03 8.071223416812e-03 1.246294682108e-03
8 9 3 1.17176645 1.03287341 0.94357974 1.20431411 0.72941437 2.679574311760e-05 2.764137451643e-06 1.116681765927e-03 6.206726195084e-03 8.336858639814e-04
8 10 3 1.17176645 1.03287341 0.94357974 1.20431411 0.72941437 2.661693640075e-05 2.664702830150e-06 1.163237738320e-03 4.038968516576e-03 5.127205447142e-04
8 11 3 1.17176645 1.03287341 0.94357974 1.20431411 0.72941437 2.606115915842e-05 2.569993750983e-06 1.206362398772e-03 3.896843731183e-03 3.363776657161e-04
8 12 3 1.17176645 1.03287341 0.94357974 1.20431411 0.72941437 2.513757968057e-05 2.480010309225e-06 1.245941655128e-03 5.046642493168e-03 2.729968212757e-04
8 13 3 1.17176645 1.03287341 0.94357974 1.20431411 0.72941437 2.398691468126e-05 2.394752595215e-06 1.281928057690e-03 5.190441101493e-03 2.608324855328e-04
8 14 3 1.17176645 1.03287341 0.94357974 1.20431411 0.72941437 2.282576939773e-05 2.314220694546e-06 1.314336857836e-03 3.856399728609e-03 2.724813169014e-04
8 15 3 1.17176645 1.03287341 0.94357974 1.20431411 0.72941437 2.186797613494e-05 2.238414688066e-06 1.343241136525e-03 2.498634318326e-03 3.224007396591e-04
8 16 3 1.17176645 1.03287341 0.94357974 1.20431411 0.72941437 2.125150845946e-05 2.167334651881e-06 1.368766104000e-03 2.280007519006e-03 4.195362878552e-04
8 17 3 1.17176645 1.03287341 0.94357974 1.20431411 0.72941437 2.099577900633e-05 2.100980657349e-06 1.391082684568e-03 3.303798223773e-03 5.309916896331e-04
8 18 3 1.17176645 1.03287341 0.94357974 1.20431411 0.72941437 2.100212773279e-05 2.039352771087e-06 1.410400510883e-03 5.069546572532e-03 6.002277534342e-04
8 19 3 1.17176645 1.03287341 0.94357974 1.20431411 0.72941437 2.109476230550e-05 1.982451054965e-06 1.426960460634e-03 6.480958027121e-03 5.915872351392e-04
8 20 3 1.17176645 1.03287341 0.94357974 1.20431411 0.72941437 2.108584507439e-05 1.930275566108e-06 1.441026874799e-03 6.370129515567e-03 5.089342023246e-04
8 21 3 1.17176645 1.03287341 0.94357974 1.20431411 0.72941437 2.084125405112e-05 1.882826356899e-06 1.452879600566e-03 4.876264478999e-03 3.799196149984e-04
8 22 3 1.17176645 1.03287341 0.94357974 1.20431411 0.72941437 2.032471544560e-05 1.840103474972e-06 1.462806003597e-03 3.365940190243e-03 2.370576213030e-04
8 23 3 1.17176645 1.03287341 0.94357974 1.20431411 0.72941437 1.960653565332e-05 1.802106963219e-06 1.471093093587e-03 2.637118604034e-03 1.125131927272e-04
8 24 3 1.17176645 1.03287341 0.94357974 1.20431411 0.72941437 1.883573155859e-05 1.768836859786e-06 1.478019903909e-03 2.368416737542e-03 3.238684405395e-05
8 25 3 1.17176645 1.03287341 0.94357974 1.20431411 0.72941437 1.818658605778e-05 1.740293198074e-06 1.483850260814e-03 2.330212284392e-03 2.143183135953e-06
8 26 3 1.17176645 1.03287341 0.94357974 1.20431411 0.72941437 1.779859067655e-05 1.716476006740e-06 1.488826070037e-03 2.648875296328e-03 2.595770159925e-06
8 27 3 1.17176645 1.03287341 0.94357974 1.20431411 0.72941437 1.773007968861e-05 1.697385309694e-06 1.493161239096e-03 3.036107324652e-03 1.163857247447e-05
8 28 3 1.17176645 1.03287341 0.94357974 1.20431411 0.72941437 1.794055047716e-05 1.683021126101e-06 1.497036342020e-03 3.431293895485e-03 2.940463414977e-05
8 29 3 1.17176645 1.03287341 0.94357974 1.20431411 0.72941437 1.830673207659e-05 1.673383470384e-06 1.500594120057e-03 4.999871776917e-03 7.182673377672e-05
8 30 3 1.17176645 1.03287341 0.94357974 1.20431411 0.72941437 1.866625954680e-05 1.668472352218e-06 1.503935897190e-03 8.430347420687e-03 1.372399034765e-04
8 31 3 1.17176645 1.03287341 0.94357974 1.20431411 0.72941437 1.887391507530e-05 1.668287776532e-06 1.507118973330e-03 1.163314983019e-02 1.910365566116e-04
8 32 3 1.17176645 1.03287341 0.94357974 1.20431411 0.72941437 1.885153221926e-05 1.672829743512e-06 1.510155041091e-03 1.156080296943e-02 1.942688936042e-04
8 33 3 1.17176645 1.03287341 0.94357974 1.20431411 0.72941437 1.861492843684e-05 1.682098248599e-06 1.513009654336e-03 8.273395555275e-03 1.443859365012e-04
8 34 3 1.17176645 1.03287341 0.94357974 1.20431411 0.72941437 1.826883860850e-05 1.696093282488e-06 1.515602758561e-03 4.870927969216e-03 7.776716573930e-05
8 35 3 1.17176645 1.03287341 0.94357974 1.20431411 0.72941437 1.797135029877e-05 1.714814831127e-06 1.517810274836e-03 3.386698887809e-03 3.127246878681e-05
8 36 3 1.17176645 1.03287341 0.94357974 1.20431411 0.72941437 1.787947221175e-05 1.738262875723e-06 1.519466710841e-03 3.060625589542e-03 1.075862100023e-05
8 37 3 1.17176645 1.03287341 0.94357974 1.20431411 0.72941437 1.809396419045e-05 1.766437392734e-06 1.520368754772e-03 2.711816869651e-03 1.862260278642e-06
8 38 3 1.17176645 1.03287341 0.94357974 1.20431411 0.72941437 1.862224290335e-05 1.799338353875e-06 1.520279790782e-03 2.410780002164e-03 2.492912910624e-06
8 39 3 1.17176645 1.03287341 0.94357974 1.20431411 0.72941437 1.937263902388e-05 1.836965726116e-06 1.518935258528e-03 2.455467803378e-03 3.303333195447e-05
8 40 3 1.17176645 1.03287341 0.94357974 1.20431411 0.72941437 2.018308517990e-05 1.879319471681e-06 1.516048764483e-03 2.757659987714e-03 1.149018283990e-04
8 41 3 1.17176645 1.03287341 0.94357974 1.20431411 0.72941437 2.087562486619e-05 1.926399548049e-06 1.511318839275e-03 3.582606120111e-03 2.472524820734e-04
8 42 3 1.17176645 1.03287341 0.94357974 1.20431411 0.72941437 2.131880133356e-05 1.978205907955e-06 1.504436223524e-03 5.193459836696e-03 4.047530559696e-04
8 43 3 1.17176645 1.03287341 0.94357974 1.20431411 0.72941437 2.147632900900e-05 2.034738499389e-06 1.495091554807e-03 6.676746950379e-03 5.482063365890e-04
8 44 3 1.17176645 1.03287341 0.94357974 1.20431411 0.72941437 2.142409281611e-05 2.095997265596e-06 1.482983320543e-03 6.658102490153e-03 6.347084307517e-04
8 45 3 1.17176645 1.03287341 0.94357974 1.20431411 0.72941437 2.132769323685e-05 2.161982145074e-06 1.467825935885e-03 5.123344616670e-03 6.329546322999e-04
8 46 3 1.17176645 1.03287341 0.94357974 1.20431411 0.72941437 2.138634557815e-05 2.232693071581e-06 1.449357802362e-03 3.330498981850e-03 5.472831032370e-04
8 47 3 1.17176645 1.03287341 0.94357974 1.20431411 0.72941437 2.176137754338e-05 2.308129974126e-06 1.427349201899e-03 2.353863122267e-03 4.263921238476e-04
8 48 3 1.17176645 1.03287341 0.94357974 1.20431411 0.72941437 2.251430895923e-05 2.388292776974e-06 1.401609882193e-03 2.656405163247e-03 3.317601717599e-04
8 49 3 1.17176645 1.03287341 0.94357974 1.20431411 0.72941437 2.357767160808e-05 2.473181399649e-06 1.371996193065e-03 4.111335498849e-03 2.888327714130e-04
8 50 3 1.17176645 1.03287341 0.94357974 1.20431411 0.72941437 2.477133635989e-05 2.562795756927e-06 1.338417639402e-03 5.485102548978e-03 2.791321569962e-04
8 51 3 1.17176645 1.03287341 0.94357974 1.20431411 0.72941437 2.586129583032e-05 2.657135758840e-06 1.300842724543e-03 5.284621301391e-03 2.898803870823e-04
8 52 3 1.17176645 1.03287341 0.94357974 1.20431411 0.72941437 2.664200444700e-05 2.756201310679e-06 1.259303968304e-03 4.099197163290e-03 3.610419732204e-04
8 53 3 1.17176645 1.03287341 0.94357974 1.20431411 0.72941437 2.701336579665e-05 2.859992312985e-06 1.213901996216e-03 4.358892137010e-03 5.629321451118e-04
8 54 3 1.17176645 1.03287341 0.94357974 1.20431411 0.72941437 2.702345186041e-05 2.968508661559e-06 1.164808610663e-03 6.701901629875e-03 9.195630220942e-04
8 55 3 1.17176645 1.03287341 0.94357974 1.20431411 0.72941437 2.685880854223e-05 3.081750247459e-06 1.112268770399e-03 8.573525219649e-03 1.359162890702e-03
8 56 3 1.17176645 1.03287341 0.94357974 1.20431411 0.72941437 2.678252910349e-05 3.199716956995e-06 1.056601422025e-03 7.647171227273e-03 1.740171905805e-03
8 57 3 1.17176645 1.03287341 0.94357974 1.20431411 0.72941437 2.703984046833e-05 3.322408671739e-06 9.981991452373e-04 4.679501239375e-03 1.923057267436e-03
8 58 3 1.17176645 1.03287341 0.94357974 1.20431411 0.72941437 2.776446573722e-05 3.449825268513e-06 9.375265927737e-04 1.859716368322e-03 1.838642460516e-03
8 59 3 1.17176645 1.03287341 0.94357974 1.20431411 0.72941437 2.892095241396e-05 3.581966619402e-06 8.751177255505e-04 2.918877627822e-04 1.536091854167e-03
8 60 3 1.17176645 1.03287341 0.94357974 1.20431411 0.72941437 3.030692946790e-05 3.718832591741e-06 8.115718634062e-04 9.699390578256e-05 1.191684533136e-03
8 61 3 1.17176645 1.03287341 0.94357974 1.20431411 0.72941437 3.161820835022e-05 3.860423048125e-06 7.475485916483e-04 1.082337191623e-03 1.028679784089e-03
8 62 3 1.17176645 1.03287341 0.94357974 1.20431411 0.72941437 3.255609001756e-05 4.006737846408e-06 6.837615830502e-04 2.400283192187e-03 1.150370708143e-03
8 63 3 1.17176645 1.03287341 0.94357974 1.20431411 0.72941437 3.293897341863e-05 4.157776839696e-06 6.209714136999e-04 3.110599316370e-03 1.427491429448e-03
18 0 3 5.33846208 1.77009611 2.32988754 4.44470008 0.85947991 8.394712187307e+01 2.287333723185e-01 2.833234424715e+01 6.545642003180e+02 1.597442736172e-02
18 1 3 5.33846208 1.77009611 2.32988754 4.44470008 0.85947991 8.171051480718e+01 2.232264701124e-01 2.774342315054e+01 5.968225511654e+02 1.727607449438e-02
18 2 3 5.33846208 1.77009611 2.32988754 4.44470008 0.85947991 7.924007543070e+01 1.992419115384e-01 2.693096128518e+01 5.228662246749e+02 1.574932171507e-02
18 3 3 5.33846208 1.77009611 2.32988754 4.44470008 0.85947991 7.576403130949e+01 1.657265246068e-01 2.614260741836e+01 4.431261662767e+02 1.391897780552e-02
18 4 3 5.33846208 1.77009611 2.32988754 4.44470008 0.85947991 7.193012244327e+01 1.305562647543e-01 2.548728800682e+01 3.690309194393e+02 1.025592521515e-02
18 5 3 5.33846208 1.77009611 2.32988754 4.44470008 0.85947991 6.862080782159e+01 9.749245401526e-02 2.479493475482e+01 3.048999493499e+02 6.903126560682e-03
18 6 3 5.33846208 1.77009611 2.32988754 4.44470008 0.85947991 6.546383732343e+01 6.943884706159e-02 2.406490609233e+01 2.525804050272e+02 5.748494710077e-03
18 7 3 5.33846208 1.77009611 2.32988754 4.44470008 0.85947991 6.221503352435e+01 5.143026998760e-02 2.339375254786e+01 2.147667714758e+02 4.892342220025e-03
18 8 3 5.33846208 1.77009611 2.32988754 4.44470008 0.85947991 5.959598281443e+01 4.807662314357e-02 2.290657268339e+01 1.923896096479e+02 4.508086522243e-03
18 9 3 5.33846208 1.77009611 2.32988754 4.44470008 0.85947991 5.801236720689e+01 5.864492852911e-02 2.266705722383e+01 1.820946076241e+02 3.358665206530e-03
18 10 3 5.33846208 1.77009611 2.32988754 4.44470008 0.85947991 5.705386693952e+01 7.680743927073e-02 2.246239067338e+01 1.796020646208e+02 3.285951413029e-03
18 11 3 5.33846208 1.77009611 2.32988754 4.44470008 0.85947991 5.592668277630e+01 9.618284247601e-02 2.216089926928e+01 1.826656394100e+02 3.760869529711e-03
18 12 3 5.33846208 1.77009611 2.32988754 4.44470008 0.85947991 5.457753342999e+01 1.150951968171e-01 2.196357154732e+01 1.899132098776e+02 5.106116556870e-03
18 13 3 5.33846208 1.77009611 2.32988754 4.44470008 0.85947991 5.375374002961e+01 1.347284729151e-01 2.204656023310e+01 1.997261859867e+02 6.611898655046e-03
18 14 3 5.33846208 1.77009611 2.32988754 4.44470008 0.85947991 5.330624134923e+01 1.532489508812e-01 2.231948073253e+01 2.103143323318e+02 6.829001394913e-03
18 15 3 5.33846208 1.77009611 2.32988754 4.44470008 0.85947991 5.248527105492e+01 1.638007730512e-01 2.247703009894e+01 2.206632736804e+02 7.119110766747e-03
18 16 3 5.33846208 1.77009611 2.32988754 4.44470008 0.85947991 5.105359862524e+01 1.597011752056e-01 2.238859728847e+01 2.290050265498e+02 6.620900353445e-03
18 17 3 5.33846208 1.77009611 2.32988754 4.44470008 0.85947991 4.895597204010e+01 1.412583845236e-01 2.236409631555e+01 2.331500117126e+02 6.543491870847e-03
18 18 3 5.33846208 1.77009611 2.32988754 4.44470008 0.85947991 4.641806792476e+01 1.163215048354e-01 2.258009155158e+01 2.321962637834e+02 6.208098215615e-03
18 19 3 5.33846208 1.77009611 2.32988754 4.44470008 0.85947991 4.408225276361e+01 9.371934386959e-02 2.274984278307e+01 2.275426529471e+02 5.743621926057e-03
18 20 3 5.33846208 1.77009611 2.32988754 4.44470008 0.85947991 4.248486096700e+01 7.666567886490e-02 2.267208039378e+01 2.198219854085e+02 5.522711051425e-03
18 21 3 5.33846208 1.77009611 2.32988754 4.44470008 0.85947991 4.134224031933e+01 6.279632445579e-02 2.246268305602e+01 2.100977881886e+02 4.122094275736e-03
18 22 3 5.33846208 1.77009611 2.32988754 4.44470008 0.85947991 3.983726721378e+01 4.970636745604e-02 2.230533059174e+01 2.016981457753e+02 3.049255341414e-03
18 23 3 5.33846208 1.77009611 2.32988754 4.44470008 0.85947991 3.796212160332e+01 3.905058417409e-02 2.223906756002e+01 1.985130416124e+02 2.181325566735e-03
18 24 3 5.33846208 1.77009611 2.32988754 4.44470008 0.85947991 3.635388515940e+01 3.480856607538e-02 2.204464497294e+01 2.024598571319e+02 1.872569676818e-03
18 25 3 5.33846208 1.77009611 2.32988754 4.44470008 0.85947991 3.532207353614e+01 3.846797265351e-02 2.156106519435e+01 2.144869860083e+02 1.808872112502e-03
18 26 3 5.33846208 1.77009611 2.32988754 4.44470008 0.85947991 3.489782315405e+01 4.703931398242e-02 2.098316969308e+01 2.341031659877e+02 1.517156598547e-03
18 27 3 5.33846208 1.77009611 2.32988754 4.44470008 0.85947991 3.500017750501e+01 5.586748477815e-02 2.051050420054e+01 2.595895700694e+02 1.380024933884e-03
18 28 3 5.33846208 1.77009611 2.32988754 4.44470008 0.85947991 3.538849546694e+01 6.253650510643e-02 2.006344355296e+01 2.885625919209e+02 1.019086228230e-03
18 29 3 5.33846208 1.77009611 2.32988754 4.44470008 0.85947991 3.545038658379e+01 6.751501026577e-02 1.946970044738e+01 3.158047112072e+02 1.223552653001e-03
18 30 3 5.33846208 1.77009611 2.32988754 4.44470008 0.85947991 3.462416846909e+01 7.165047757050e-02 1.876805956744e+01 3.358292286555e+02 1.348982396278e-03
18 31 3 5.33846208 1.77009611 2.32988754 4.44470008 0.85947991 3.357068972021e+01 7.424734971338e-02 1.833664235995e+01 3.483970759154e+02 1.404812489037e-03
18 32 3 5.33846208 1.77009611 2.32988754 4.44470008 0.85947991 3.355139516664e+01 7.400718798607e-02 1.841123798762e+01 3.544242480512e+02 1.356415780598e-03
18 33 3 5.33846208 1.77009611 2.32988754 4.44470008 0.85947991 3.448689541805e+01 7.099981450522e-02 1.862497426224e+01 3.492400408994e+02 1.114844998235e-03
18 34 3 5.33846208 1.77009611 2.32988754 4.44470008 0.85947991 3.509395895251e+01 6.661289981580e-02 1.854391475747e+01 3.303583872830e+02 1.000026325099e-03
18 35 3 5.33846208 1.77009611 2.32988754 4.44470008 0.85947991 3.482602315061e+01 6.152782934811e-02 1.822259792308e+01 3.030941512050e+02 6.719267711489e-04
18 36 3 5.33846208 1.77009611 2.32988754 4.44470008 0.85947991 3.431465497811e+01 5.482837934725e-02 1.791862819835e+01 2.741797306987e+02 7.502593381971e-04
18 37 3 5.33846208 1.77009611 2.32988754 4.44470008 0.85947991 3.416584712540e+01 4.602741718256e-02 1.771282845456e+01 2.470440313106e+02 7.215863779721e-04
18 38 3 5.33846208 1.77009611 2.32988754 4.44470008 0.85947991 3.457073377427e+01 3.761351900106e-02 1.745416339584e+01 2.253992767514e+02 7.458157007597e-04
18 39 3 5.33846208 1.77009611 2.32988754 4.44470008 0.85947991 3.558837072999e+01 3.431337887512e-02 1.701931118372e+01 2.122232272970e+02 7.782568671668e-04
18 40 3 5.33846208 1.77009611 2.32988754 4.44470008 0.85947991 3.717301845226e+01 3.905352015397e-02 1.659963928054e+01 2.083952043061e+02 9.467871582090e-04
18 41 3 5.33846208 1.77009611 2.32988754 4.44470008 0.85947991 3.896211666713e+01 5.015430610049e-02 1.641563328218e+01 2.125564808061e+02 1.556027754650e-03
18 42 3 5.33846208 1.77009611 2.32988754 4.44470008 0.85947991 4.031703236830e+01 6.350280315763e-02 1.638369830328e+01 2.213759720461e+02 2.233695449534e-03
18 43 3 5.33846208 1.77009611 2.32988754 4.44470008 0.85947991 4.131410677316e+01 7.753669318938e-02 1.633444213522e+01 2.307334791093e+02 3.235544822060e-03
18 44 3 5.33846208 1.77009611 2.32988754 4.44470008 0.85947991 4.280542956892e+01 9.488834122079e-02 1.625297564991e+01 2.385953791842e+02 3.442845819196e-03
18 45 3 5.33846208 1.77009611 2.32988754 4.44470008 0.85947991 4.500758276903e+01 1.179871530511e-01 1.633289747347e+01 2.431223822132e+02 3.899615957441e-03
18 46 3 5.33846208 1.77009611 2.32988754 4.44470008 0.85947991 4.729814656678e+01 1.433640379780e-01 1.675909063429e+01 2.421472681398e+02 4.427770419507e-03
18 47 3 5.33846208 1.77009611 2.32988754 4.44470008 0.85947991 4.904836203220e+01 1.618324018737e-01 1.732708142388e+01 2.358579774655e+02 4.564500630141e-03
18 48 3 5.33846208 1.77009611 2.32988754 4.44470008 0.85947991 5.009859961826e+01 1.654680781093e-01 1.778041868846e+01 2.267298064189e+02 4.949588072247e-03
18 49 3 5.33846208 1.77009611 2.32988754 4.44470008 0.85947991 5.058099334777e+01 1.542690843506e-01 1.832934320939e+01 2.165321541668e+02 4.607760940509e-03
18 50 3 5.33846208 1.77009611 2.32988754 4.44470008 0.85947991 5.081211392389e+01 1.352776969812e-01 1.925306980102e+01 2.061851317968e+02 4.456890682368e-03
18 51 3 5.33846208 1.77009611 2.32988754 4.44470008 0.85947991 5.152327871186e+01 1.153939895869e-01 2.047206298658e+01 1.972140305760e+02 3.449931883639e-03
18 52 3 5.33846208 1.77009611 2.32988754 4.44470008 0.85947991 5.276690648857e+01 9.622472924293e-02 2.172595289698e+01 1.909751008243e+02 2.364263858598e-03
18 53 3 5.33846208 1.77009611 2.32988754 4.44470008 0.85947991 5.380743398348e+01 7.648133571874e-02 2.287840697892e+01 1.885804850691e+02 1.889597641400e-03
18 54 3 5.33846208 1.77009611 2.32988754 4.44470008 0.85947991 5.481059026500e+01 5.808168088550e-02 2.411652746555e+01 1.918710239752e+02 1.615721515881e-03
18 55 3 5.33846208 1.77009611 2.32988754 4.44470008 0.85947991 5.654575823336e+01 4.774523053475e-02 2.563418923679e+01 2.049523773346e+02 2.256777003778e-03
18 56 3 5.33846208 1.77009611 2.32988754 4.44470008 0.85947991 5.927985364423e+01 5.183012408036e-02 2.726348423812e+01 2.313183555792e+02 2.529007956634e-03
18 57 3 5.33846208 1.77009611 2.32988754 4.44470008 0.85947991 6.253704627280e+01 7.076407039631e-02 2.881943417755e+01 2.720081880292e+02 3.284451274848e-03
18 58 3 5.33846208 1.77009611 2.32988754 4.44470008 0.85947991 6.562045863938e+01 9.966461669465e-02 3.030368306730e+01 3.269197687654e+02 4.243897426101e-03
18 59 3 5.33846208 1.77009611 2.32988754 4.44470008 0.85947991 6.883790580239e+01 1.334916968646e-01 3.179486476667e+01 3.973707918762e+02 6.834260981386e-03
18 60 3 5.33846208 1.77009611 2.32988754 4.44470008 0.85947991 7.247095811382e+01 1.693593173296e-01 3.346942625629e+01 4.808855239912e+02 9.649018433545e-03
18 61 3 5.33846208 1.77009611 2.32988754 4.44470008 0.85947991 7.552767861922e+01 2.031853526196e-01 3.527148461899e+01 5.676302799073e+02 1.106370874970e-02
18 62 3 5.33846208 1.77009611 2.32988754 4.44470008 0.85947991 7.757806150397e+01 2.265628639195e-01 3.701907724334e+01 6.459191248891e+02 1.258116236196e-02
18 63 3 5.33846208 1.77009611 2.32988754 4.44470008 0.85947991 7.953972009387e+01 2.303953550477e-01 3.905854820080e+01 7.098467698452e+02 1.185088582383e-02
23 0 3 1.66169292 2.15856847 1.73944560 2.66840537 1.06301435 3.035113379583e-02 3.979753750170e-01 1.227771305527e+01 6.566441502149e+01 4.615863371495e-03
23 1 3 1.66169292 2.15856847 1.73944560 2.66840537 1.06301435 2.588455648959e-02 3.648091076932e-01 1.220399436429e+01 6.188153322859e+01 5.746564159408e-03
23 2 3 1.66169292 2.15856847 1.73944560 2.66840537 1.06301435 2.092947730293e-02 3.262502627993e-01 1.199836640622e+01 5.860235552306e+01 6.895537893640e-03
23 3 3 1.66169292 2.15856847 1.73944560 2.66840537 1.06301435 1.650489450063e-02 2.988385659886e-01 1.155041382470e+01 5.661718686942e+01 5.993530310345e-03
23 4 3 1.66169292 2.15856847 1.73944560 2.66840537 1.06301435 1.451509140413e-02 2.907789499043e-01 1.099869911229e+01 5.486798168703e+01 6.584598512643e-03
23 5 3 1.66169292 2.15856847 1.73944560 2.66840537 1.06301435 1.561091918428e-02 2.952738989177e-01 1.053218286548e+01 5.309520052518e+01 6.863993059549e-03
23 6 3 1.66169292 2.15856847 1.73944560 2.66840537 1.06301435 1.795881023395e-02 2.972895513085e-01 1.007438490968e+01 5.128401935185e+01 3.308174924820e-03
23 7 3 1.66169292 2.15856847 1.73944560 2.66840537 1.06301435 1.865646231491e-02 2.862237994560e-01 9.659755763567e+00 4.953381274136e+01 1.959755194599e-03
23 8 3 1.66169292 2.15856847 1.73944560 2.66840537 1.06301435 1.610349270357e-02 2.628803471760e-01 9.165211557211e+00 4.749274322179e+01 2.806166194891e-03
23 9 3 1.66169292 2.15856847 1.73944560 2.66840537 1.06301435 1.090788042121e-02 2.361574780089e-01 8.723494180188e+00 4.587619840667e+01 3.176578743829e-03
23 10 3 1.66169292 2.15856847 1.73944560 2.66840537 1.06301435 5.172026911790e-03 2.145325937869e-01 8.281217067346e+00 4.432679836102e+01 4.798632236875e-03
23 11 3 1.66169292 2.15856847 1.73944560 2.66840537 1.06301435 1.439622118520e-03 2.004573706715e-01 7.932308207451e+00 4.267185711439e+01 5.433527742889e-03
23 12 3 1.66169292 2.15856847 1.73944560 2.66840537 1.06301435 1.686986154330e-03 1.909726384384e-01 7.638224227170e+00 4.110268285683e+01 4.604784377791e-03
23 13 3 1.66169292 2.15856847 1.73944560 2.66840537 1.06301435 6.039596668349e-03 1.816273689873e-01 7.389875247110e+00 4.024669476846e+01 3.172535626633e-03
23 14 3 1.66169292 2.15856847 1.73944560 2.66840537 1.06301435 1.200426111057e-02 1.693191207822e-01 7.158505381733e+00 3.987078939205e+01 1.061881407189e-03
23 15 3 1.66169292 2.15856847 1.73944560 2.66840537 1.06301435 1.572568305514e-02 1.528312453471e-01 6.992246968561e+00 3.951160744751e+01 9.356029107784e-04
23 16 3 1.66169292 2.15856847 1.73944560 2.66840537 1.06301435 1.494276568560e-02 1.327786957735e-01 6.907386948903e+00 3.886477920527e+01 1.531681714180e-03
23 17 3 1.66169292 2.15856847 1.73944560 2.66840537 1.06301435 1.091486516290e-02 1.120858291621e-01 6.842948709257e+00 3.779117944943e+01 1.127972885003e-03
23 18 3 1.66169292 2.15856847 1.73944560 2.66840537 1.06301435 7.182419708112e-03 9.569972207077e-02 6.704539885494e+00 3.628507400913e+01 1.445322865924e-03
23 19 3 1.66169292 2.15856847 1.73944560 2.66840537 1.06301435 6.360013298617e-03 8.791871729651e-02 6.536510650789e+00 3.501146877176e+01 1.360016708961e-03
23 20 3 1.66169292 2.15856847 1.73944560 2.66840537 1.06301435 8.181853477175e-03 8.849955733541e-02 6.336375065331e+00 3.398146265914e+01 8.725860760859e-04
23 21 3 1.66169292 2.15856847 1.73944560 2.66840537 1.06301435 1.038756163372e-02 9.131140620142e-02 6.117805887537e+00 3.319099291556e+01 1.430091429515e-03
23 22 3 1.66169292 2.15856847 1.73944560 2.66840537 1.06301435 1.104562328777e-02 8.802887160544e-02 5.830584289204e+00 3.243131856401e+01 2.090965951616e-03
23 23 3 1.66169292 2.15856847 1.73944560 2.66840537 1.06301435 1.002247225235e-02 7.467112382194e-02 5.579168038552e+00 3.155347219793e+01 2.331413284192e-03
23 24 3 1.66169292 2.15856847 1.73944560 2.66840537 1.06301435 8.755624284813e-03 5.533923087866e-02 5.413124239297e+00 3.081252706868e+01 1.610262198000e-03
23 25 3 1.66169292 2.15856847 1.73944560 2.66840537 1.06301435 8.958430558604e-03 3.928841781474e-02 5.281502007977e+00 3.035665463230e+01 4.619084593396e-04
23 26 3 1.66169292 2.15856847 1.73944560 2.66840537 1.06301435 1.116961185541e-02 3.338459150659e-02 5.150583490022e+00 3.016892025672e+01 2.780264888647e-04
23 27 3 1.66169292 2.15856847 1.73944560 2.66840537 1.06301435 1.397280429835e-02 3.650073808478e-02 4.981256355474e+00 2.969442342799e+01 2.830831308110e-04
23 28 3 1.66169292 2.15856847 1.73944560 2.66840537 1.06301435 1.470118551178e-02 4.094000138264e-02 4.860192513585e+00 2.911281579980e+01 4.141863856985e-04
23 29 3 1.66169292 2.15856847 1.73944560 2.66840537 1.06301435 1.163461717669e-02 3.960880138671e-02 4.681937101340e+00 2.804864380869e+01 8.537377309144e-04
23 30 3 1.66169292 2.15856847 1.73944560 2.66840537 1.06301435 6.017393535410e-03 3.232654005644e-02 4.586328338736e+00 2.705952016382e+01 6.189939529891e-04
23 31 3 1.66169292 2.15856847 1.73944560 2.66840537 1.06301435 1.648660726103e-03 2.547209247572e-02 4.632254026182e+00 2.683397012073e+01 1.154812021820e-04
23 32 3 1.66169292 2.15856847 1.73944560 2.66840537 1.06301435 1.848146698793e-03 2.545814445169e-02 4.956977070746e+00 2.831308720370e+01 5.776218446434e-05
23 33 3 1.66169292 2.15856847 1.73944560 2.66840537 1.06301435 6.501525027574e-03 3.236094357538e-02 5.331782031409e+00 3.008047215958e+01 4.636346599259e-04
23 34 3 1.66169292 2.15856847 1.73944560 2.66840537 1.06301435 1.215354346201e-02 3.985126596278e-02 5.626977685862e+00 3.106177434855e+01 6.768995284390e-04
23 35 3 1.66169292 2.15856847 1.73944560 2.66840537 1.06301435 1.506989014348e-02 4.151413261788e-02 5.802590882014e+00 3.130485843352e+01 3.392199437703e-04
23 36 3 1.66169292 2.15856847 1.73944560 2.66840537 1.06301435 1.420965518386e-02 3.747189116783e-02 5.938388427577e+00 3.133832884875e+01 3.475226621159e-04
23 37 3 1.66169292 2.15856847 1.73944560 2.66840537 1.06301435 1.146050455482e-02 3.484588220382e-02 6.082545249555e+00 3.148661895723e+01 3.957005398083e-04
23 38 3 1.66169292 2.15856847 1.73944560 2.66840537 1.06301435 9.485758178925e-03 4.140483680520e-02 6.179216918230e+00 3.183282589130e+01 5.927715496086e-04
23 39 3 1.66169292 2.15856847 1.73944560 2.66840537 1.06301435 9.539679010027e-03 5.823347788730e-02 6.352248985447e+00 3.267088244514e+01 1.760924149022e-03
23 40 3 1.66169292 2.15856847 1.73944560 2.66840537 1.06301435 1.089691110153e-02 7.824484266647e-02 6.544592017420e+00 3.342332304201e+01 2.439586156257e-03
23 41 3 1.66169292 2.15856847 1.73944560 2.66840537 1.06301435 1.177326054992e-02 9.194681808165e-02 6.755940352421e+00 3.412560192467e+01 2.092836712420e-03
23 42 3 1.66169292 2.15856847 1.73944560 2.66840537 1.06301435 1.082939353841e-02 9.524453598206e-02 6.843886085605e+00 3.473717775077e+01 1.324173830652e-03
23 43 3 1.66169292 2.15856847 1.73944560 2.66840537 1.06301435 8.409847105638e-03 9.244395205141e-02 6.913941674241e+00 3.568807787278e+01 7.454959683710e-04
23 44 3 1.66169292 2.15856847 1.73944560 2.66840537 1.06301435 6.630667907241e-03 9.229149385428e-02 6.987858594576e+00 3.665642262013e+01 1.296631811925e-03
23 45 3 1.66169292 2.15856847 1.73944560 2.66840537 1.06301435 7.757985549591e-03 1.011083861578e-01 7.080259946640e+00 3.768288077276e+01 1.465347256702e-03
23 46 3 1.66169292 2.15856847 1.73944560 2.66840537 1.06301435 1.183885607407e-02 1.189755218103e-01 7.177593305385e+00 3.826941110369e+01 1.335496073763e-03
23 47 3 1.66169292 2.15856847 1.73944560 2.66840537 1.06301435 1.596281412780e-02 1.412541625736e-01 7.357703456512e+00 3.858354284639e+01 1.883934270439e-03
23 48 3 1.66169292 2.15856847 1.73944560 2.66840537 1.06301435 1.647044307549e-02 1.627427906119e-01 7.667873117856e+00 3.910773647937e+01 1.178519476937e-03
23 49 3 1.66169292 2.15856847 1.73944560 2.66840537 1.06301435 1.228197001596e-02 1.804463363718e-01 8.048796931688e+00 4.014600314625e+01 1.154541251268e-03
23 50 3 1.66169292 2.15856847 1.73944560 2.66840537 1.06301435 5.983911653907e-03 1.937756110339e-01 8.417335676781e+00 4.182353371481e+01 3.134578480887e-03
23 51 3 1.66169292 2.15856847 1.73944560 2.66840537 1.06301435 1.624770395739e-03 2.039920821052e-01 8.810737242119e+00 4.410250602063e+01 4.437981765049e-03
23 52 3 1.66169292 2.15856847 1.73944560 2.66840537 1.06301435 1.640218721921e-03 2.143122658576e-01 9.225588523939e+00 4.623476651068e+01 5.233036004975e-03
23 53 3 1.66169292 2.15856847 1.73944560 2.66840537 1.06301435 5.720047666305e-03 2.294129329650e-01 9.683074443136e+00 4.806039763399e+01 4.576816570913e-03
23 54 3 1.66169292 2.15856847 1.73944560 2.66840537 1.06301435 1.175033841176e-02 2.524281769305e-01 1.009266399359e+01 4.989158515704e+01 3.107976163841e-03
23 55 3 1.66169292 2.15856847 1.73944560 2.66840537 1.06301435 1.713924621376e-02 2.807413373635e-01 1.047080967479e+01 5.207236509416e+01 2.990532391299e-03
23 56 3 1.66169292 2.15856847 1.73944560 2.66840537 1.06301435 1.977896649166e-02 3.053265361757e-01 1.079377908613e+01 5.406815299615e+01 2.287947791243e-03
23 57 3 1.66169292 2.15856847 1.73944560 2.66840537 1.06301435 1.909196609289e-02 3.167976548745e-01 1.107713632392e+01 5.589907557813e+01 3.981598048432e-03
23 58 3 1.66169292 2.15856847 1.73944560 2.66840537 1.06301435 1.676455029586e-02 3.145553064837e-01 1.142219332556e+01 5.804984729339e+01 7.710523860568e-03
23 59 3 1.66169292 2.15856847 1.73944560 2.66840537 1.06301435 1.579255896215e-02 3.102343552376e-01 1.172493859487e+01 6.026699510502e+01 7.106489614591e-03
23 60 3 1.66169292 2.15856847 1.73944560 2.66840537 1.06301435 1.803322151409e-02 3.200106406068e-01 1.200086813902e+01 6.291166342171e+01 6.255766188943e-03
23 61 3 1.66169292 2.15856847 1.73944560 2.66840537 1.06301435 2.280927520872e-02 3.508505414372e-01 1.204450937395e+01 6.622424166362e+01 6.906225594754e-03
23 62 3 1.66169292 2.15856847 1.73944560 2.66840537 1.06301435 2.822310827718e-02 3.933215300465e-01 1.218089914496e+01 6.972222373150e+01 5.535014987867e-03
23 63 3 1.66169292 2.15856847 1.73944560 2.66840537 1.06301435 3.325555084352e-02 4.290514858122e-01 1.245443426191e+01 7.187043830790e+01 4.479096558785e-03
26 0 3 4.51530622 1.59325550 1.86935678 3.24356841 0.82387076 5.340202613920e+00 2.257852244083e-01 1.589757397408e+01 1.229136482654e+02 5.859124670272e-04
26 1 3 4.51530622 1.59325550 1.86935678 3.24356841 0.82387076 6.157093920341e+00 2.143159414298e-01 1.409171914456e+01 1.146735133465e+02 5.315784687884e-04
26 2 3 4.51530622 1.59325550 1.86935678 3.24356841 0.82387076 7.116733564027e+00 1.991691602622e-01 1.234863933209e+01 1.073698710770e+02 5.258748057924e-04
26 3 3 4.51530622 1.59325550 1.86935678 3.24356841 0.82387076 8.071289084911e+00 1.821680066232e-01 1.076016553519e+01 9.974917759441e+01 5.747451945666e-04
26 4 3 4.51530622 1.59325550 1.86935678 3.24356841 0.82387076 8.874163556725e+00 1.654180759235e-01 9.388047562092e+00 9.098385197406e+01 6.344838530041e-04
26 5 3 4.51530622 1.59325550 1.86935678 3.24356841 0.82387076 9.471522956341e+00 1.508389304645e-01 8.238669844755e+00 8.101131716203e+01 6.525199780099e-04
26 6 3 4.51530622 1.59325550 1.86935678 3.24356841 0.82387076 9.890208909693e+00 1.397691908922e-01 7.282641365537e+00 7.041551529013e+01 6.153217842427e-04
26 7 3 4.51530622 1.59325550 1.86935678 3.24356841 0.82387076 1.016241484567e+01 1.327321648748e-01 6.493610263319e+00 6.117148334193e+01 5.555147832027e-04
26 8 3 4.51530622 1.59325550 1.86935678 3.24356841 0.82387076 1.024496575950e+01 1.294047734012e-01 5.870559035935e+00 5.552551150616e+01 5.145236815034e-04
26 9 3 4.51530622 1.59325550 1.86935678 3.24356841 0.82387076 1.007401967007e+01 1.287812336616e-01 5.429167744749e+00 5.416510130960e+01 5.015205397178e-04
26 10 3 4.51530622 1.59325550 1.86935678 3.24356841 0.82387076 9.707193485404e+00 1.294774907867e-01 5.176316822024e+00 5.543509613078e+01 4.899538537877e-04
26 11 3 4.51530622 1.59325550 1.86935678 3.24356841 0.82387076 9.220846150015e+00 1.300932998674e-01 5.092466492168e+00 5.697405505812e+01 4.522027031267e-04
26 12 3 4.51530622 1.59325550 1.86935678 3.24356841 0.82387076 8.537153472624e+00 1.295418748221e-01 5.135218532880e+00 5.727934048541e+01 3.944273202247e-04
26 13 3 4.51530622 1.59325550 1.86935678 3.24356841 0.82387076 7.601325081062e+00 1.272720511096e-01 5.258600010261e+00 5.622452113056e+01 3.556120681484e-04
26 14 3 4.51530622 1.59325550 1.86935678 3.24356841 0.82387076 6.552046004158e+00 1.233395568638e-01 5.432734735451e+00 5.464527158923e+01 3.725745276073e-04
26 15 3 4.51530622 1.59325550 1.86935678 3.24356841 0.82387076 5.529141196942e+00 1.183233206331e-01 5.651710550796e+00 5.370863609184e+01 4.466231244017e-04
26 16 3 4.51530622 1.59325550 1.86935678 3.24356841 0.82387076 4.553932318901e+00 1.131197783364e-01 5.926887897923e+00 5.422595934116e+01 5.442801130601e-04
26 17 3 4.51530622 1.59325550 1.86935678 3.24356841 0.82387076 3.652349899400e+00 1.086743391958e-01 6.270893124765e+00 5.637281255511e+01 6.294719440406e-04
26 18 3 4.51530622 1.59325550 1.86935678 3.24356841 0.82387076 2.868394594136e+00 1.057193424669e-01 6.681368845266e+00 6.003553304689e+01 6.940657149065e-04
26 19 3 4.51530622 1.59325550 1.86935678 3.24356841 0.82387076 2.201004840557e+00 1.045810449550e-01 7.133588817394e+00 6.480604197269e+01 7.571961570618e-04
26 20 3 4.51530622 1.59325550 1.86935678 3.24356841 0.82387076 1.658269889396e+00 1.050975168767e-01 7.587065714817e+00 6.978853381553e+01 8.360455144207e-04
26 21 3 4.51530622 1.59325550 1.86935678 3.24356841 0.82387076 1.291121294277e+00 1.066607638526e-01 8.003270825233e+00 7.362830705037e+01 9.186839343364e-04
26 22 3 4.51530622 1.59325550 1.86935678 3.24356841 0.82387076 1.137306301787e+00 1.083670925022e-01 8.363259741760e+00 7.562012257734e+01 9.664283396557e-04
26 23 3 4.51530622 1.59325550 1.86935678 3.24356841 0.82387076 1.197759578101e+00 1.092362727992e-01 8.672339379421e+00 7.607200992933e+01 9.436434767258e-04
26 24 3 4.51530622 1.59325550 1.86935678 3.24356841 0.82387076 1.460977478495e+00 1.084470156268e-01 8.947716771986e+00 7.596785363745e+01 8.467132953168e-04
26 25 3 4.51530622 1.59325550 1.86935678 3.24356841 0.82387076 1.910849209052e+00 1.055355264985e-01 9.199011903080e+00 7.595708982285e+01 7.058254968206e-04
26 26 3 4.51530622 1.59325550 1.86935678 3.24356841 0.82387076 2.513726565490e+00 1.005144736343e-01 9.418676681927e+00 7.668253966956e+01 5.598054517508e-04
26 27 3 4.51530622 1.59325550 1.86935678 3.24356841 0.82387076 3.218438893093e+00 9.388845451088e-02 9.591828045119e+00 7.860054213077e+01 4.289079821916e-04
26 28 3 4.51530622 1.59325550 1.86935678 3.24356841 0.82387076 3.949081795453e+00 8.656451292588e-02 9.717662920713e+00 8.164334490200e+01 3.100890801030e-04
26 29 3 4.51530622 1.59325550 1.86935678 3.24356841 0.82387076 4.593065120778e+00 7.967776300869e-02 9.822479189158e+00 8.465313991093e+01 1.958384319055e-04
26 30 3 4.51530622 1.59325550 1.86935678 3.24356841 0.82387076 5.110184176409e+00 7.436869522411e-02 9.949361197546e+00 8.667722927796e+01 9.492243494073e-05
26 31 3 4.51530622 1.59325550 1.86935678 3.24356841 0.82387076 5.657408689884e+00 7.155752794507e-02 1.012900662685e+01 8.755630740597e+01 3.311931613972e-05
26 32 3 4.51530622 1.59325550 1.86935678 3.24356841 0.82387076 6.383433307372e+00 7.176084585732e-02 1.035363441134e+01 8.766749254318e+01 3.331394855600e-05
26 33 3 4.51530622 1.59325550 1.86935678 3.24356841 0.82387076 7.123445178047e+00 7.498711535177e-02 1.057560957235e+01 8.702701702685e+01 9.542316708863e-05
26 34 3 4.51530622 1.59325550 1.86935678 3.24356841 0.82387076 7.572634323963e+00 8.073222938659e-02 1.073353339828e+01 8.602272562785e+01 1.966664903159e-04
26 35 3 4.51530622 1.59325550 1.86935678 3.24356841 0.82387076 7.666972976164e+00 8.807678911216e-02 1.078667407356e+01 8.555856814229e+01 3.119519277427e-04
26 36 3 4.51530622 1.59325550 1.86935678 3.24356841 0.82387076 7.544929683380e+00 9.586679780819e-02 1.073234967882e+01 8.625076006632e+01 4.335218043682e-04
26 37 3 4.51530622 1.59325550 1.86935678 3.24356841 0.82387076 7.306668150976e+00 1.029424346202e-01 1.059543087327e+01 8.750450686777e+01 5.694289845642e-04
26 38 3 4.51530622 1.59325550 1.86935678 3.24356841 0.82387076 6.991657971618e+00 1.083688794327e-01 1.040177183896e+01 8.826811947094e+01 7.220386299464e-04
26 39 3 4.51530622 1.59325550 1.86935678 3.24356841 0.82387076 6.620910415387e+00 1.116211889991e-01 1.015883320866e+01 8.788747904250e+01 8.692538600457e-04
26 40 3 4.51530622 1.59325550 1.86935678 3.24356841 0.82387076 6.164124160682e+00 1.126829825451e-01 9.858173201211e+00 8.599950108846e+01 9.703760063551e-04
26 41 3 4.51530622 1.59325550 1.86935678 3.24356841 0.82387076 5.554890217062e+00 1.120353774706e-01 9.494598287562e+00 8.239323056795e+01 9.947498096196e-04
26 42 3 4.51530622 1.59325550 1.86935678 3.24356841 0.82387076 4.769843160791e+00 1.105354821251e-01 9.083260153708e+00 7.745668183600e+01 9.473372221809e-04
26 43 3 4.51530622 1.59325550 1.86935678 3.24356841 0.82387076 3.894981734232e+00 1.092083998412e-01 8.659504700096e+00 7.255163725567e+01 8.656925778165e-04
26 44 3 4.51530622 1.59325550 1.86935678 3.24356841 0.82387076 3.093802331360e+00 1.089977812571e-01 8.261956089405e+00 6.895289094174e+01 7.890692989537e-04
26 45 3 4.51530622 1.59325550 1.86935678 3.24356841 0.82387076 2.471799080425e+00 1.105322903057e-01 7.912770446681e+00 6.711441195277e+01 7.278922522675e-04
26 46 3 4.51530622 1.59325550 1.86935678 3.24356841 0.82387076 2.026865355104e+00 1.139651575984e-01 7.609865489399e+00 6.658419014827e+01 6.628087209609e-04
26 47 3 4.51530622 1.59325550 1.86935678 3.24356841 0.82387076 1.746907170967e+00 1.189300772942e-01 7.335830606560e+00 6.688668419817e+01 5.742056849874e-04
26 48 3 4.51530622 1.59325550 1.86935678 3.24356841 0.82387076 1.662900493454e+00 1.246310775831e-01 7.076780892684e+00 6.733335532893e+01 4.723481348566e-04
26 49 3 4.51530622 1.59325550 1.86935678 3.24356841 0.82387076 1.803287717819e+00 1.300518278606e-01 6.839441651513e+00 6.714254811699e+01 3.963477355534e-04
26 50 3 4.51530622 1.59325550 1.86935678 3.24356841 0.82387076 2.157699177877e+00 1.342385386555e-01 6.656957512633e+00 6.554323976777e+01 3.807711760504e-04
26 51 3 4.51530622 1.59325550 1.86935678 3.24356841 0.82387076 2.704113081710e+00 1.365881609525e-01 6.579877509552e+00 6.280661120983e+01 4.223235274953e-04
26 52 3 4.51530622 1.59325550 1.86935678 3.24356841 0.82387076 3.467749885506e+00 1.370665795858e-01 6.655949124180e+00 6.013967900142e+01 4.810747229417e-04
26 53 3 4.51530622 1.59325550 1.86935678 3.24356841 0.82387076 4.481125211931e+00 1.362931940517e-01 6.909371243769e+00 5.962217796096e+01 5.170213129844e-04
26 54 3 4.51530622 1.59325550 1.86935678 3.24356841 0.82387076 5.674596598853e+00 1.354574276177e-01 7.333358713888e+00 6.292822289711e+01 5.262408926406e-04
26 55 3 4.51530622 1.59325550 1.86935678 3.24356841 0.82387076 6.931458036497e+00 1.360733558518e-01 7.903816281865e+00 7.026119982371e+01 5.395648531272e-04
26 56 3 4.51530622 1.59325550 1.86935678 3.24356841 0.82387076 8.206600463567e+00 1.396212639949e-01 8.606431081064e+00 7.945773172662e+01 5.842193973547e-04
26 57 3 4.51530622 1.59325550 1.86935678 3.24356841 0.82387076 9.452934584059e+00 1.471585840377e-01 9.455272019885e+00 8.792531394039e+01 6.481709860500e-04
26 58 3 4.51530622 1.59325550 1.86935678 3.24356841 0.82387076 1.053072300591e+01 1.589977500338e-01 1.048338189610e+01 9.453210534333e+01 6.864001304913e-04
26 59 3 4.51530622 1.59325550 1.86935678 3.24356841 0.82387076 1.128014843978e+01 1.745395135914e-01 1.170869644766e+01 1.002513065597e+02 6.657934582645e-04
26 60 3 4.51530622 1.59325550 1.86935678 3.24356841 0.82387076 1.162857079686e+01 1.923175333796e-01 1.310470830206e+01 1.064478404254e+02 6.032431178252e-04
26 61 3 4.51530622 1.59325550 1.86935678 3.24356841 0.82387076 1.163897485910e+01 2.102602441654e-01 1.460811473050e+01 1.145666486671e+02 5.550981766476e-04
26 62 3 4.51530622 1.59325550 1.86935678 3.24356841 0.82387076 1.142499018485e+01 2.261208256224e-01 1.616594094650e+01 1.258646008233e+02 5.651029630421e-04
26 63 3 4.51530622 1.59325550 1.86935678 3.24356841 0.82387076 1.102160178723e+01 2.379795718480e-01 1.778515384517e+01 1.413159872692e+02 6.232951908774e-04
