# environment=00164 local_bs=1 gain_scale=8.459774214920e-13
# ue subcarrier serving_bs phi0 phi1 phi2 phi3 phi4 gain0 gain1 gain2 gain3 gain4
2 0 1 1.09667570 48.16034715 1.72562695 1.24941902 3.44699513 2.955997080165e-05 3.298441878308e+04 3.091044421566e+00 9.189354506210e-05 2.907098007530e+01
2 1 1 1.09667570 48.16034715 1.72562695 1.24941902 3.44699513 2.847008275018e-05 3.234890897571e+04 2.849035775224e+00 1.210045030940e-04 2.757361782291e+01
2 2 1 1.09667570 48.16034715 1.72562695 1.24941902 3.44699513 2.741638504442e-05 3.172244314902e+04 2.533212033849e+00 1.473929124158e-04 2.713889246851e+01
2 3 1 1.09667570 48.16034715 1.72562695 1.24941902 3.44699513 2.639888200951e-05 3.108996202121e+04 2.328226034420e+00 1.664225708587e-04 2.749518219425e+01
2 4 1 1.09667570 48.16034715 1.72562695 1.24941902 3.44699513 2.541757782207e-05 3.045087836056e+04 2.308018547186e+00 1.751709170158e-04 2.856183936947e+01
2 5 1 1.09667570 48.16034715 1.72562695 1.24941902 3.44699513 2.447247651009e-05 2.982438767828e+04 2.382706757193e+00 1.727956187957e-04 3.014094305659e+01
2 6 1 1.09667570 48.16034715 1.72562695 1.24941902 3.44699513 2.356358195299e-05 2.919008327843e+04 2.392615418140e+00 1.604333154595e-04 3.168550616598e+01
2 7 1 1.09667570 48.16034715 1.72562695 1.24941902 3.44699513 2.269089788153e-05 2.854677531990e+04 2.254689150869e+00 1.407083331928e-04 3.307910178319e+01
2 8 1 1.09667570 48.16034715 1.72562695 1.24941902 3.44699513 2.185442787787e-05 2.787742033597e+04 2.029236268182e+00 1.170147609464e-04 3.407134451122e+01
2 9 1 1.09667570 48.16034715 1.72562695 1.24941902 3.44699513 2.105417537551e-05 2.720693861852e+04 1.855570598274e+00 9.276877390250e-05 3.435617228699e+01
2 10 1 1.09667570 48.16034715 1.72562695 1.24941902 3.44699513 2.029014365928e-05 2.654570449687e+04 1.823366220159e+00 7.080612724854e-05 3.406986291689e+01
2 11 1 1.09667570 48.16034715 1.72562695 1.24941902 3.44699513 1.956233586534e-05 2.589446379621e+04 1.896778509123e+00 5.303486072043e-05 3.312336421930e+01
2 12 1 1.09667570 48.16034715 1.72562695 1.24941902 3.44699513 1.887075498116e-05 2.525551050656e+04 1.953142933033e+00 4.036870811581e-05 3.152428631187e+01
2 13 1 1.09667570 48.16034715 1.72562695 1.24941902 3.44699513 1.821540384549e-05 2.462284800134e+04 1.894097278952e+00 3.288860059678e-05 2.958380212948e+01
2 14 1 1.09667570 48.16034715 1.72562695 1.24941902 3.44699513 1.759628514840e-05 2.401438927997e+04 1.727903513257e+00 3.012907376960e-05 2.741315516962e+01
2 15 1 1.09667570 48.16034715 1.72562695 1.24941902 3.44699513 1.701340143121e-05 2.341610506102e+04 1.554458447049e+00 3.137385709499e-05 2.512358136737e+01
2 16 1 1.09667570 48.16034715 1.72562695 1.24941902 3.44699513 1.646675508651e-05 2.284671665409e+04 1.473255567428e+00 3.586857445342e-05 2.291551119102e+01
2 17 1 1.09667570 48.16034715 1.72562695 1.24941902 3.44699513 1.595634835814e-05 2.230998350218e+04 1.498898863077e+00 4.290609569217e-05 2.080820473689e+01
2 18 1 1.09667570 48.16034715 1.72562695 1.24941902 3.44699513 1.548218334119e-05 2.182031268459e+04 1.555808726834e+00 5.179391682726e-05 1.882803130430e+01
2 19 1 1.09667570 48.16034715 1.72562695 1.24941902 3.44699513 1.504426198200e-05 2.137679380314e+04 1.550708690063e+00 6.175565345760e-05 1.720005546254e+01
2 20 1 1.09667570 48.16034715 1.72562695 1.24941902 3.44699513 1.464258607812e-05 2.097604606808e+04 1.455104645506e+00 7.183839441009e-05 1.599226580241e+01
2 21 1 1.09667570 48.16034715 1.72562695 1.24941902 3.44699513 1.427715727833e-05 2.062979651018e+04 1.326124900952e+00 8.089066656751e-05 1.525707845866e+01
2 22 1 1.09667570 48.16034715 1.72562695 1.24941902 3.44699513 1.394797708262e-05 2.032774148056e+04 1.251557034614e+00 8.764687668569e-05 1.512804630412e+01
2 23 1 1.09667570 48.16034715 1.72562695 1.24941902 3.44699513 1.365504684219e-05 2.008003525331e+04 1.270807761623e+00 9.091412264650e-05 1.544754327814e+01
2 24 1 1.09667570 48.16034715 1.72562695 1.24941902 3.44699513 1.339836775945e-05 1.987566648900e+04 1.341429823887e+00 8.981925137861e-05 1.614046321995e+01
2 25 1 1.09667570 48.16034715 1.72562695 1.24941902 3.44699513 1.317794088800e-05 1.972052162728e+04 1.378396609239e+00 8.404933052132e-05 1.716019357366e+01
2 26 1 1.09667570 48.16034715 1.72562695 1.24941902 3.44699513 1.299376713264e-05 1.960831839257e+04 1.329616965918e+00 7.401396792546e-05 1.824315926450e+01
2 27 1 1.09667570 48.16034715 1.72562695 1.24941902 3.44699513 1.284584724935e-05 1.953566345737e+04 1.221252573521e+00 6.087382536203e-05 1.933148836796e+01
2 28 1 1.09667570 48.16034715 1.72562695 1.24941902 3.44699513 1.273418184531e-05 1.950022763256e+04 1.134271255810e+00 4.641131959876e-05 2.034800779926e+01
2 29 1 1.09667570 48.16034715 1.72562695 1.24941902 3.44699513 1.265877137887e-05 1.948044893132e+04 1.133758247324e+00 3.275819181046e-05 2.114321774675e+01
2 30 1 1.09667570 48.16034715 1.72562695 1.24941902 3.44699513 1.261961615958e-05 1.949152333940e+04 1.212878451950e+00 2.203037723642e-05 2.178500119313e+01
2 31 1 1.09667570 48.16034715 1.72562695 1.24941902 3.44699513 1.261671634816e-05 1.953838760409e+04 1.300017473308e+00 1.594464981562e-05 2.226522250441e+01
2 32 1 1.09667570 48.16034715 1.72562695 1.24941902 3.44699513 1.265007195651e-05 1.963719868483e+04 1.322571196659e+00 1.549821309151e-05 2.246354419416e+01
2 33 1 1.09667570 48.16034715 1.72562695 1.24941902 3.44699513 1.271968284772e-05 1.975495854150e+04 1.271480915570e+00 2.078030581540e-05 2.236185409223e+01
2 34 1 1.09667570 48.16034715 1.72562695 1.24941902 3.44699513 1.282554873605e-05 1.987822762946e+04 1.209486593820e+00 3.095682703308e-05 2.191359863557e+01
2 35 1 1.09667570 48.16034715 1.72562695 1.24941902 3.44699513 1.296766918694e-05 2.001141395929e+04 1.214783721399e+00 4.443135402303e-05 2.103140612753e+01
2 36 1 1.09667570 48.16034715 1.72562695 1.24941902 3.44699513 1.314604361704e-05 2.016145831833e+04 1.308934374419e+00 5.914728581095e-05 1.987282642909e+01
2 37 1 1.09667570 48.16034715 1.72562695 1.24941902 3.44699513 1.336067129415e-05 2.033270044116e+04 1.433618506715e+00 7.296511663081e-05 1.862014000034e+01
2 38 1 1.09667570 48.16034715 1.72562695 1.24941902 3.44699513 1.361155133729e-05 2.051507519649e+04 1.499628639683e+00 8.403337203476e-05 1.735011460761e+01
2 39 1 1.09667570 48.16034715 1.72562695 1.24941902 3.44699513 1.389868271665e-05 2.072883903469e+04 1.467357620393e+00 9.107554317354e-05 1.634507198773e+01
2 40 1 1.09667570 48.16034715 1.72562695 1.24941902 3.44699513 1.422206425364e-05 2.096544601933e+04 1.387058619262e+00 9.353793855468e-05 1.573170813433e+01
2 41 1 1.09667570 48.16034715 1.72562695 1.24941902 3.44699513 1.458169462085e-05 2.122207018521e+04 1.359291781923e+00 9.157947575428e-05 1.553993142707e+01
2 42 1 1.09667570 48.16034715 1.72562695 1.24941902 3.44699513 1.497757234209e-05 2.149700771263e+04 1.446348615195e+00 8.592494080957e-05 1.596591760020e+01
2 43 1 1.09667570 48.16034715 1.72562695 1.24941902 3.44699513 1.540969579239e-05 2.180291735718e+04 1.612696364895e+00 7.763724572038e-05 1.693257865875e+01
2 44 1 1.09667570 48.16034715 1.72562695 1.24941902 3.44699513 1.587806319798e-05 2.215218353164e+04 1.751515369154e+00 6.788188760783e-05 1.838369501697e+01
2 45 1 1.09667570 48.16034715 1.72562695 1.24941902 3.44699513 1.638267263634e-05 2.252592980889e+04 1.779032533092e+00 5.775237219310e-05 2.037121584165e+01
2 46 1 1.09667570 48.16034715 1.72562695 1.24941902 3.44699513 1.692352203617e-05 2.293682012875e+04 1.713866588682e+00 4.819924338581e-05 2.273191816047e+01
2 47 1 1.09667570 48.16034715 1.72562695 1.24941902 3.44699513 1.750060917742e-05 2.337775438636e+04 1.665999438476e+00 4.006477745464e-05 2.542485243929e+01
2 48 1 1.09667570 48.16034715 1.72562695 1.24941902 3.44699513 1.811393169130e-05 2.386827758684e+04 1.738703231730e+00 3.418285860462e-05 2.839940980571e+01
2 49 1 1.09667570 48.16034715 1.72562695 1.24941902 3.44699513 1.876348706026e-05 2.439186987965e+04 1.929192897551e+00 3.147343963754e-05 3.133087715345e+01
2 50 1 1.09667570 48.16034715 1.72562695 1.24941902 3.44699513 1.944927261806e-05 2.495530516099e+04 2.122409212741e+00 3.295509117152e-05 3.394557040000e+01
2 51 1 1.09667570 48.16034715 1.72562695 1.24941902 3.44699513 2.017128554971e-05 2.556335991707e+04 2.192097437305e+00 3.962240073377e-05 3.606010298379e+01
2 52 1 1.09667570 48.16034715 1.72562695 1.24941902 3.44699513 2.092952289153e-05 2.622345466670e+04 2.122199138084e+00 5.218297095629e-05 3.734862335719e+01
2 53 1 1.09667570 48.16034715 1.72562695 1.24941902 3.44699513 2.172398153115e-05 2.693941048406e+04 2.034054561540e+00 7.070794703133e-05 3.774055813750e+01
2 54 1 1.09667570 48.16034715 1.72562695 1.24941902 3.44699513 2.255465820751e-05 2.768234181167e+04 2.084376740082e+00 9.430109149982e-05 3.741066851757e+01
2 55 1 1.09667570 48.16034715 1.72562695 1.24941902 3.44699513 2.342154951091e-05 2.844755667332e+04 2.319489642178e+00 1.209151246668e-04 3.626789561497e+01
2 56 1 1.09667570 48.16034715 1.72562695 1.24941902 3.44699513 2.432465188296e-05 2.922424106071e+04 2.621191890057e+00 1.474275549308e-04 3.457738003449e+01
2 57 1 1.09667570 48.16034715 1.72562695 1.24941902 3.44699513 2.526396161666e-05 3.002515754707e+04 2.804262203123e+00 1.700303777752e-04 3.275167409432e+01
2 58 1 1.09667570 48.16034715 1.72562695 1.24941902 3.44699513 2.623947485638e-05 3.084069801455e+04 2.785793006633e+00 1.849012403200e-04 3.088887824429e+01
2 59 1 1.09667570 48.16034715 1.72562695 1.24941902 3.44699513 2.725118759789e-05 3.165580329082e+04 2.670733271921e+00 1.890315858372e-04 2.949743303177e+01
2 60 1 1.09667570 48.16034715 1.72562695 1.24941902 3.44699513 2.829909568836e-05 3.247356412438e+04 2.664937788052e+00 1.810184207476e-04 2.887242998452e+01
2 61 1 1.09667570 48.16034715 1.72562695 1.24941902 3.44699513 2.938319482639e-05 3.327408580935e+04 2.884960367372e+00 1.616053910587e-04 2.901736542887e+01
2 62 1 1.09667570 48.16034715 1.72562695 1.24941902 3.44699513 3.050348056203e-05 3.406679277025e+04 3.238732845079e+00 1.337983182616e-04 3.028359386733e+01
2 63 1 1.09667570 48.16034715 1.72562695 1.24941902 3.44699513 3.165994829678e-05 3.482937801890e+04 3.497567035820e+00 1.024752101360e-04 3.270684942965e+01
4 0 1 1.24040950 8.25320206 2.14437703 1.37908234 3.41693672 7.336369522893e-05 9.646649031098e+02 6.615256556256e+00 5.657816400705e-05 4.499722901771e+01
4 1 1 1.24040950 8.25320206 2.14437703 1.37908234 3.41693672 7.065771501430e-05 9.368672747295e+02 6.371749474210e+00 3.746054972857e-05 4.353460529649e+01
4 2 1 1.24040950 8.25320206 2.14437703 1.37908234 3.41693672 6.804136983303e-05 9.132021692879e+02 6.192589959087e+00 2.183845292088e-05 4.195961157870e+01
4 3 1 1.24040950 8.25320206 2.14437703 1.37908234 3.41693672 6.551467310696e-05 8.884677611344e+02 6.005430822077e+00 1.052118604480e-05 4.037764327793e+01
4 4 1 1.24040950 8.25320206 2.14437703 1.37908234 3.41693672 6.307763779796e-05 8.562945090639e+02 5.761921035147e+00 3.804119861228e-06 3.879059706613e+01
4 5 1 1.24040950 8.25320206 2.14437703 1.37908234 3.41693672 6.073027640800e-05 8.230473341226e+02 5.515048768882e+00 1.487969431266e-06 3.736851064596e+01
4 6 1 1.24040950 8.25320206 2.14437703 1.37908234 3.41693672 5.847260097896e-05 7.952869397895e+02 5.336852915570e+00 2.965294716245e-06 3.608439381285e+01
4 7 1 1.24040950 8.25320206 2.14437703 1.37908234 3.41693672 5.630462309269e-05 7.745209898717e+02 5.210419893659e+00 7.353964111822e-06 3.475581695171e+01
4 8 1 1.24040950 8.25320206 2.14437703 1.37908234 3.41693672 5.422635387086e-05 7.581081373651e+02 5.069419657464e+00 1.365130169366e-05 3.349446633041e+01
4 9 1 1.24040950 8.25320206 2.14437703 1.37908234 3.41693672 5.223780397496e-05 7.387699177507e+02 4.903964600166e+00 2.088183812765e-05 3.242256113531e+01
4 10 1 1.24040950 8.25320206 2.14437703 1.37908234 3.41693672 5.033898360621e-05 7.139153824133e+02 4.752765302101e+00 2.821568336532e-05 3.136162831682e+01
4 11 1 1.24040950 8.25320206 2.14437703 1.37908234 3.41693672 4.852990250550e-05 6.883558695496e+02 4.615574756931e+00 3.504231759244e-05 3.022661236054e+01
4 12 1 1.24040950 8.25320206 2.14437703 1.37908234 3.41693672 4.681056995339e-05 6.656134292219e+02 4.452637885632e+00 4.099426152549e-05 2.911912304058e+01
4 13 1 1.24040950 8.25320206 2.14437703 1.37908234 3.41693672 4.518099477002e-05 6.477833836933e+02 4.265197341095e+00 4.592466744991e-05 2.800451202120e+01
4 14 1 1.24040950 8.25320206 2.14437703 1.37908234 3.41693672 4.364118531508e-05 6.335048545380e+02 4.101603438471e+00 4.985061507210e-05 2.683744199617e+01
4 15 1 1.24040950 8.25320206 2.14437703 1.37908234 3.41693672 4.219114948775e-05 6.168002914149e+02 3.974961189691e+00 5.287857729865e-05 2.572658862903e+01
4 16 1 1.24040950 8.25320206 2.14437703 1.37908234 3.41693672 4.083089472670e-05 5.992409470627e+02 3.843603325607e+00 5.512962213674e-05 2.470272718371e+01
4 17 1 1.24040950 8.25320206 2.14437703 1.37908234 3.41693672 3.956042800999e-05 5.804375950813e+02 3.692930628879e+00 5.667964558860e-05 2.372702140950e+01
4 18 1 1.24040950 8.25320206 2.14437703 1.37908234 3.41693672 3.837975585510e-05 5.622628466078e+02 3.572343496705e+00 5.752509730866e-05 2.287511194190e+01
4 19 1 1.24040950 8.25320206 2.14437703 1.37908234 3.41693672 3.728888431885e-05 5.476746951042e+02 3.517566961558e+00 5.757845455936e-05 2.216273478994e+01
4 20 1 1.24040950 8.25320206 2.14437703 1.37908234 3.41693672 3.628781899739e-05 5.349836217280e+02 3.490261484441e+00 5.669141705204e-05 2.147099746714e+01
4 21 1 1.24040950 8.25320206 2.14437703 1.37908234 3.41693672 3.537656502615e-05 5.257863813511e+02 3.437527617998e+00 5.469858362499e-05 2.080403231501e+01
4 22 1 1.24040950 8.25320206 2.14437703 1.37908234 3.41693672 3.455512707987e-05 5.175756310474e+02 3.368611407243e+00 5.147103805238e-05 2.025465180277e+01
4 23 1 1.24040950 8.25320206 2.14437703 1.37908234 3.41693672 3.382350937249e-05 5.073394073128e+02 3.323132138661e+00 4.696818056097e-05 1.977550680841e+01
4 24 1 1.24040950 8.25320206 2.14437703 1.37908234 3.41693672 3.318171565720e-05 4.958912178129e+02 3.295197135941e+00 4.127721568108e-05 1.929240271023e+01
4 25 1 1.24040950 8.25320206 2.14437703 1.37908234 3.41693672 3.262974922638e-05 4.856712090239e+02 3.245373250307e+00 3.463250667512e-05 1.882705857856e+01
4 26 1 1.24040950 8.25320206 2.14437703 1.37908234 3.41693672 3.216761291162e-05 4.800224429826e+02 3.170816593554e+00 2.741086697248e-05 1.836129604391e+01
4 27 1 1.24040950 8.25320206 2.14437703 1.37908234 3.41693672 3.179530908366e-05 4.798597991115e+02 3.106226003147e+00 2.010304077027e-05 1.786095219105e+01
4 28 1 1.24040950 8.25320206 2.14437703 1.37908234 3.41693672 3.151283965242e-05 4.791689085841e+02 3.060052604281e+00 1.326545003814e-05 1.741269366829e+01
4 29 1 1.24040950 8.25320206 2.14437703 1.37908234 3.41693672 3.132020606695e-05 4.747213360184e+02 3.007536986393e+00 7.459230995837e-06 1.712443561475e+01
4 30 1 1.24040950 8.25320206 2.14437703 1.37908234 3.41693672 3.121740931546e-05 4.690593046111e+02 2.955167319224e+00 3.185328248877e-06 1.705954576282e+01
4 31 1 1.24040950 8.25320206 2.14437703 1.37908234 3.41693672 3.120444992530e-05 4.659233936065e+02 2.954793927354e+00 8.248395255076e-07 1.732953475779e+01
4 32 1 1.24040950 8.25320206 2.14437703 1.37908234 3.41693672 3.128132796295e-05 4.711626696772e+02 3.028368164006e+00 5.929605304319e-07 1.797386687031e+01
4 33 1 1.24040950 8.25320206 2.14437703 1.37908234 3.41693672 3.144804303403e-05 4.801968670188e+02 3.125218883769e+00 2.512949030102e-06 1.880672739060e+01
4 34 1 1.24040950 8.25320206 2.14437703 1.37908234 3.41693672 3.170459428328e-05 4.877623558806e+02 3.187876501133e+00 6.413780170641e-06 1.961868270682e+01
4 35 1 1.24040950 8.25320206 2.14437703 1.37908234 3.41693672 3.205098039462e-05 4.925566791631e+02 3.222597932589e+00 1.195193190238e-05 2.034943208980e+01
4 36 1 1.24040950 8.25320206 2.14437703 1.37908234 3.41693672 3.248719959108e-05 4.949201867434e+02 3.265616136153e+00 1.865439400175e-05 2.096334171069e+01
4 37 1 1.24040950 8.25320206 2.14437703 1.37908234 3.41693672 3.301324963487e-05 5.004984151500e+02 3.313585300568e+00 2.597693963082e-05 2.144200457027e+01
4 38 1 1.24040950 8.25320206 2.14437703 1.37908234 3.41693672 3.362912782737e-05 5.096197429307e+02 3.339334754755e+00 3.336934598739e-05 2.188325714774e+01
4 39 1 1.24040950 8.25320206 2.14437703 1.37908234 3.41693672 3.433483100913e-05 5.206596707376e+02 3.355541290610e+00 4.033798224269e-05 2.236691975999e+01
4 40 1 1.24040950 8.25320206 2.14437703 1.37908234 3.41693672 3.513035555990e-05 5.330925474684e+02 3.403635969610e+00 4.649629409973e-05 2.288160963335e+01
4 41 1 1.24040950 8.25320206 2.14437703 1.37908234 3.41693672 3.601569739867e-05 5.454559589832e+02 3.484789166272e+00 5.159534451933e-05 2.347406001578e+01
4 42 1 1.24040950 8.25320206 2.14437703 1.37908234 3.41693672 3.699085198366e-05 5.568559345064e+02 3.561377522502e+00 5.552963707599e-05 2.418514491108e+01
4 43 1 1.24040950 8.25320206 2.14437703 1.37908234 3.41693672 3.805581431233e-05 5.684437991844e+02 3.633098271335e+00 5.831760638170e-05 2.491622053804e+01
4 44 1 1.24040950 8.25320206 2.14437703 1.37908234 3.41693672 3.921057892145e-05 5.798889365135e+02 3.749863823074e+00 6.006080467055e-05 2.563769581014e+01
4 45 1 1.24040950 8.25320206 2.14437703 1.37908234 3.41693672 4.045513988711e-05 5.948561202060e+02 3.927671988646e+00 6.089014582017e-05 2.646643379650e+01
4 46 1 1.24040950 8.25320206 2.14437703 1.37908234 3.41693672 4.178949082473e-05 6.147509673659e+02 4.110622892630e+00 6.091071766111e-05 2.738511798924e+01
4 47 1 1.24040950 8.25320206 2.14437703 1.37908234 3.41693672 4.321362488912e-05 6.343657860903e+02 4.252316821842e+00 6.015786699875e-05 2.827215934313e+01
4 48 1 1.24040950 8.25320206 2.14437703 1.37908234 3.41693672 4.472753477450e-05 6.521833083830e+02 4.382666752312e+00 5.857600331709e-05 2.914918733314e+01
4 49 1 1.24040950 8.25320206 2.14437703 1.37908234 3.41693672 4.633121271455e-05 6.648184583835e+02 4.546863846753e+00 5.602779090393e-05 3.003140876276e+01
4 50 1 1.24040950 8.25320206 2.14437703 1.37908234 3.41693672 4.802465048243e-05 6.778267627636e+02 4.724151673885e+00 5.233555347830e-05 3.082999433560e+01
4 51 1 1.24040950 8.25320206 2.14437703 1.37908234 3.41693672 4.980783939085e-05 6.979168968506e+02 4.867447625279e+00 4.734974586422e-05 3.159585031001e+01
4 52 1 1.24040950 8.25320206 2.14437703 1.37908234 3.41693672 5.168077029207e-05 7.236382889285e+02 4.989289251137e+00 4.103256649547e-05 3.242807971661e+01
4 53 1 1.24040950 8.25320206 2.14437703 1.37908234 3.41693672 5.364343357801e-05 7.517160627669e+02 5.139557847761e+00 3.353964155447e-05 3.326290775976e+01
4 54 1 1.24040950 8.25320206 2.14437703 1.37908234 3.41693672 5.569581918023e-05 7.749519293917e+02 5.319959945136e+00 2.528049826230e-05 3.414173509145e+01
4 55 1 1.24040950 8.25320206 2.14437703 1.37908234 3.41693672 5.783791657006e-05 7.925606587658e+02 5.495656669382e+00 1.694009778335e-05 3.522529937353e+01
4 56 1 1.24040950 8.25320206 2.14437703 1.37908234 3.41693672 6.006971475857e-05 8.118551678216e+02 5.680667316321e+00 9.449161781266e-06 3.639391782121e+01
4 57 1 1.24040950 8.25320206 2.14437703 1.37908234 3.41693672 6.239120229668e-05 8.383482822347e+02 5.927568818431e+00 3.899738467912e-06 3.748063116536e+01
4 58 1 1.24040950 8.25320206 2.14437703 1.37908234 3.41693672 6.480236727522e-05 8.723904765919e+02 6.224937404421e+00 1.412992331472e-06 3.864536629098e+01
4 59 1 1.24040950 8.25320206 2.14437703 1.37908234 3.41693672 6.730319732495e-05 9.098284691652e+02 6.491332520514e+00 2.976603256092e-06 3.994380484813e+01
4 60 1 1.24040950 8.25320206 2.14437703 1.37908234 3.41693672 6.989367961667e-05 9.417159223881e+02 6.698773078606e+00 9.277278926218e-06 4.115887444759e+01
4 61 1 1.24040950 8.25320206 2.14437703 1.37908234 3.41693672 7.257380086126e-05 9.689105137391e+02 6.922399223471e+00 2.055782514334e-05 4.226912885978e+01
4 62 1 1.24040950 8.25320206 2.14437703 1.37908234 3.41693672 7.534354730976e-05 9.961209116260e+02 7.225831040484e+00 3.652676567611e-05 4.332497383256e+01
4 63 1 1.24040950 8.25320206 2.14437703 1.37908234 3.41693672 7.820290475342e-05 1.026952924014e+03 7.569083588910e+00 5.634143959317e-05 4.423720037044e+01
11 0 1 1.36713380 5.26698932 2.45977000 1.59513662 4.73958889 4.332006624432e-05 2.128675444300e+02 1.089912184430e+01 6.438027092201e-04 1.459838117557e+02
11 1 1 1.36713380 5.26698932 2.45977000 1.59513662 4.73958889 4.172114390369e-05 2.041811205981e+02 1.057572165881e+01 7.273511527959e-04 1.402318593057e+02
11 2 1 1.36713380 5.26698932 2.45977000 1.59513662 4.73958889 4.017525041999e-05 1.955315285612e+02 9.983714537327e+00 7.923338795511e-04 1.343563775401e+02
11 3 1 1.36713380 5.26698932 2.45977000 1.59513662 4.73958889 3.868239497983e-05 1.879951296688e+02 9.514951109673e+00 8.297879862501e-04 1.288597158332e+02
11 4 1 1.36713380 5.26698932 2.45977000 1.59513662 4.73958889 3.724258645464e-05 1.810453167621e+02 9.396308434332e+00 8.356770691330e-04 1.240184172303e+02
11 5 1 1.36713380 5.26698932 2.45977000 1.59513662 4.73958889 3.585583340063e-05 1.752128688736e+02 9.467657294338e+00 8.111135499667e-04 1.194760798796e+02
11 6 1 1.36713380 5.26698932 2.45977000 1.59513662 4.73958889 3.452214405871e-05 1.696177753838e+02 9.249107952687e+00 7.615887574068e-04 1.151055627312e+02
11 7 1 1.36713380 5.26698932 2.45977000 1.59513662 4.73958889 3.324152635446e-05 1.630960135708e+02 8.533959814997e+00 6.954759387966e-04 1.108428421014e+02
11 8 1 1.36713380 5.26698932 2.45977000 1.59513662 4.73958889 3.201398789805e-05 1.566248482564e+02 7.550878153124e+00 6.222079228174e-04 1.068889232374e+02
11 9 1 1.36713380 5.26698932 2.45977000 1.59513662 4.73958889 3.083953598427e-05 1.506590745118e+02 6.855291582309e+00 5.505573058661e-04 1.034963502763e+02
11 10 1 1.36713380 5.26698932 2.45977000 1.59513662 4.73958889 2.971817759240e-05 1.451021898557e+02 6.731504987493e+00 4.873668887023e-04 1.004630718736e+02
11 11 1 1.36713380 5.26698932 2.45977000 1.59513662 4.73958889 2.864991938623e-05 1.409679165637e+02 7.054639731419e+00 4.369229599416e-04 9.776952408127e+01
11 12 1 1.36713380 5.26698932 2.45977000 1.59513662 4.73958889 2.763476771396e-05 1.377865973152e+02 7.430066487307e+00 4.009816068308e-04 9.527189705291e+01
11 13 1 1.36713380 5.26698932 2.45977000 1.59513662 4.73958889 2.667272860826e-05 1.344006169490e+02 7.469064793306e+00 3.792983499961e-04 9.283723376924e+01
11 14 1 1.36713380 5.26698932 2.45977000 1.59513662 4.73958889 2.576380778611e-05 1.309487709014e+02 7.088567153094e+00 3.704125340374e-04 9.066299741025e+01
11 15 1 1.36713380 5.26698932 2.45977000 1.59513662 4.73958889 2.490801064888e-05 1.269176016449e+02 6.488520264827e+00 3.724181733737e-04 8.868822029097e+01
11 16 1 1.36713380 5.26698932 2.45977000 1.59513662 4.73958889 2.410534228221e-05 1.220786761269e+02 6.043310405781e+00 3.835074865380e-04 8.687563373336e+01
11 17 1 1.36713380 5.26698932 2.45977000 1.59513662 4.73958889 2.335580745604e-05 1.180381270414e+02 5.864428592986e+00 4.021781667957e-04 8.501282335178e+01
11 18 1 1.36713380 5.26698932 2.45977000 1.59513662 4.73958889 2.265941062455e-05 1.150532469550e+02 5.802317134426e+00 4.271159945207e-04 8.281036926005e+01
11 19 1 1.36713380 5.26698932 2.45977000 1.59513662 4.73958889 2.201615592615e-05 1.124553214023e+02 5.641642527005e+00 4.568660181148e-04 8.046374761927e+01
11 20 1 1.36713380 5.26698932 2.45977000 1.59513662 4.73958889 2.142604718344e-05 1.104722156588e+02 5.350870120308e+00 4.894626160155e-04 7.805081126619e+01
11 21 1 1.36713380 5.26698932 2.45977000 1.59513662 4.73958889 2.088908790319e-05 1.083296173879e+02 5.088881577427e+00 5.221904740270e-04 7.566680151363e+01
11 22 1 1.36713380 5.26698932 2.45977000 1.59513662 4.73958889 2.040528127634e-05 1.053694116583e+02 5.009197520274e+00 5.515998973980e-04 7.345121314747e+01
11 23 1 1.36713380 5.26698932 2.45977000 1.59513662 4.73958889 1.997463017795e-05 1.027035277622e+02 5.198809591596e+00 5.738186083884e-04 7.135525348583e+01
11 24 1 1.36713380 5.26698932 2.45977000 1.59513662 4.73958889 1.959713716722e-05 1.006348753880e+02 5.505980207655e+00 5.851125409640e-04 6.954616231010e+01
11 25 1 1.36713380 5.26698932 2.45977000 1.59513662 4.73958889 1.927280448742e-05 9.916869360231e+01 5.665679972414e+00 5.825740975596e-04 6.795768492286e+01
11 26 1 1.36713380 5.26698932 2.45977000 1.59513662 4.73958889 1.900163406593e-05 9.878891916546e+01 5.468469118800e+00 5.647756369965e-04 6.642956650769e+01
11 27 1 1.36713380 5.26698932 2.45977000 1.59513662 4.73958889 1.878362751422e-05 9.841322433781e+01 5.007189479935e+00 5.322266415742e-04 6.500938437221e+01
11 28 1 1.36713380 5.26698932 2.45977000 1.59513662 4.73958889 1.861878612780e-05 9.717986871295e+01 4.582094346472e+00 4.875126526923e-04 6.363260941821e+01
11 29 1 1.36713380 5.26698932 2.45977000 1.59513662 4.73958889 1.850711088627e-05 9.591563354533e+01 4.411976353388e+00 4.350616156865e-04 6.256792290289e+01
11 30 1 1.36713380 5.26698932 2.45977000 1.59513662 4.73958889 1.844860245325e-05 9.488280954827e+01 4.536376270535e+00 3.805624622884e-04 6.219339670945e+01
11 31 1 1.36713380 5.26698932 2.45977000 1.59513662 4.73958889 1.844326117646e-05 9.475931812829e+01 4.791434104056e+00 3.301340681019e-04 6.273790211092e+01
11 32 1 1.36713380 5.26698932 2.45977000 1.59513662 4.73958889 1.849108708761e-05 9.646287574063e+01 4.998113554475e+00 2.893950113856e-04 6.431686479261e+01
11 33 1 1.36713380 5.26698932 2.45977000 1.59513662 4.73958889 1.859207990251e-05 9.865929984195e+01 5.030640841761e+00 2.626057151157e-04 6.643487429317e+01
11 34 1 1.36713380 5.26698932 2.45977000 1.59513662 4.73958889 1.874623902100e-05 1.001466134595e+02 4.981628922567e+00 2.520409470511e-04 6.856273453404e+01
11 35 1 1.36713380 5.26698932 2.45977000 1.59513662 4.73958889 1.895356352697e-05 1.012860409787e+02 5.042514782756e+00 2.577054165188e-04 7.043879214834e+01
11 36 1 1.36713380 5.26698932 2.45977000 1.59513662 4.73958889 1.921405218837e-05 1.019417104547e+02 5.267199940094e+00 2.774374912399e-04 7.192375189219e+01
11 37 1 1.36713380 5.26698932 2.45977000 1.59513662 4.73958889 1.952770345723e-05 1.028515179931e+02 5.497141228167e+00 3.073694083390e-04 7.328683905466e+01
11 38 1 1.36713380 5.26698932 2.45977000 1.59513662 4.73958889 1.989451546965e-05 1.051726264752e+02 5.497372459701e+00 3.426423737143e-04 7.466424918035e+01
11 39 1 1.36713380 5.26698932 2.45977000 1.59513662 4.73958889 2.031448604580e-05 1.080576787026e+02 5.263474849409e+00 3.782264351745e-04 7.613160198093e+01
11 40 1 1.36713380 5.26698932 2.45977000 1.59513662 4.73958889 2.078761268997e-05 1.108450781123e+02 4.971122980201e+00 4.096789421949e-04 7.779594154367e+01
11 41 1 1.36713380 5.26698932 2.45977000 1.59513662 4.73958889 2.131389259057e-05 1.136346503217e+02 4.917204293207e+00 4.336962161487e-04 7.942011375935e+01
11 42 1 1.36713380 5.26698932 2.45977000 1.59513662 4.73958889 2.189332262013e-05 1.157352355337e+02 5.271372507375e+00 4.483670252279e-04 8.099807649947e+01
11 43 1 1.36713380 5.26698932 2.45977000 1.59513662 4.73958889 2.252589933532e-05 1.178119668341e+02 5.938833758640e+00 4.531117068513e-04 8.253437619927e+01
11 44 1 1.36713380 5.26698932 2.45977000 1.59513662 4.73958889 2.321161897700e-05 1.210499959886e+02 6.566227347644e+00 4.483693201533e-04 8.393347158250e+01
11 45 1 1.36713380 5.26698932 2.45977000 1.59513662 4.73958889 2.395047747021e-05 1.248780306236e+02 6.806716402543e+00 4.351569028188e-04 8.532665644151e+01
11 46 1 1.36713380 5.26698932 2.45977000 1.59513662 4.73958889 2.474247042423e-05 1.291798215004e+02 6.700881848210e+00 4.146525710335e-04 8.670619899079e+01
11 47 1 1.36713380 5.26698932 2.45977000 1.59513662 4.73958889 2.558759313255e-05 1.338684725059e+02 6.541555249539e+00 3.879386281541e-04 8.836705481842e+01
11 48 1 1.36713380 5.26698932 2.45977000 1.59513662 4.73958889 2.648584057295e-05 1.375332022490e+02 6.629488787503e+00 3.559842151262e-04 9.061031520278e+01
11 49 1 1.36713380 5.26698932 2.45977000 1.59513662 4.73958889 2.743720740751e-05 1.405764993598e+02 6.943092173222e+00 3.198634828682e-04 9.327778074021e+01
11 50 1 1.36713380 5.26698932 2.45977000 1.59513662 4.73958889 2.844168798265e-05 1.443747587128e+02 7.274082151919e+00 2.811180338461e-04 9.632908357563e+01
11 51 1 1.36713380 5.26698932 2.45977000 1.59513662 4.73958889 2.949927632914e-05 1.487738764213e+02 7.410298063151e+00 2.421079113865e-04 9.959544755467e+01
11 52 1 1.36713380 5.26698932 2.45977000 1.59513662 4.73958889 3.060996616216e-05 1.542417621099e+02 7.354771265098e+00 2.061758262492e-04 1.030980078970e+02
11 53 1 1.36713380 5.26698932 2.45977000 1.59513662 4.73958889 3.177375088134e-05 1.611070057260e+02 7.442126173389e+00 1.774853124100e-04 1.070553379630e+02
11 54 1 1.36713380 5.26698932 2.45977000 1.59513662 4.73958889 3.299062357077e-05 1.679089761064e+02 7.999918156559e+00 1.604800073555e-04 1.113374524191e+02
11 55 1 1.36713380 5.26698932 2.45977000 1.59513662 4.73958889 3.426057699906e-05 1.743465980683e+02 9.036891836475e+00 1.590272850730e-04 1.159792537886e+02
11 56 1 1.36713380 5.26698932 2.45977000 1.59513662 4.73958889 3.558360361941e-05 1.807135538293e+02 1.001518692212e+01 1.754229066409e-04 1.207683623820e+02
11 57 1 1.36713380 5.26698932 2.45977000 1.59513662 4.73958889 3.695969556960e-05 1.863413479694e+02 1.041192573954e+01 2.095094896049e-04 1.254131312457e+02
11 58 1 1.36713380 5.26698932 2.45977000 1.59513662 4.73958889 3.838884467206e-05 1.922767900531e+02 1.012975858827e+01 2.581733292861e-04 1.301227193784e+02
11 59 1 1.36713380 5.26698932 2.45977000 1.59513662 4.73958889 3.987104243396e-05 1.996793945601e+02 9.602764445907e+00 3.154207551818e-04 1.350032110485e+02
11 60 1 1.36713380 5.26698932 2.45977000 1.59513662 4.73958889 4.140628004719e-05 2.074359090758e+02 9.439877804334e+00 3.731071857986e-04 1.401913616252e+02
11 61 1 1.36713380 5.26698932 2.45977000 1.59513662 4.73958889 4.299454838844e-05 2.152524252303e+02 9.922326103703e+00 4.222295873413e-04 1.454187836977e+02
11 62 1 1.36713380 5.26698932 2.45977000 1.59513662 4.73958889 4.463583801928e-05 2.228111418411e+02 1.089629965604e+01 4.545388977341e-04 1.501265423676e+02
11 63 1 1.36713380 5.26698932 2.45977000 1.59513662 4.73958889 4.633013918620e-05 2.286595925647e+02 1.176766973121e+01 4.641268350525e-04 1.544511425522e+02
26 0 1 1.20459225 10.76472766 1.99463653 1.38972817 4.22474849 3.434359942098e-05 2.219720218334e+03 5.356198951236e+00 6.665625002423e-05 9.130110443095e+01
26 1 1 1.20459225 10.76472766 1.99463653 1.38972817 4.22474849 3.307676811435e-05 2.149391250791e+03 4.940890565312e+00 8.323321313183e-05 9.373970706060e+01
26 2 1 1.20459225 10.76472766 1.99463653 1.38972817 4.22474849 3.185198763562e-05 2.084144840125e+03 4.372904744346e+00 1.046721482346e-04 9.587453548853e+01
26 3 1 1.20459225 10.76472766 1.99463653 1.38972817 4.22474849 3.066926387930e-05 2.016574381151e+03 3.969214129248e+00 1.292804465697e-04 9.737520174558e+01
26 4 1 1.20459225 10.76472766 1.99463653 1.38972817 4.22474849 2.952860253751e-05 1.950892089738e+03 3.871109920789e+00 1.531020564476e-04 9.812884065437e+01
26 5 1 1.20459225 10.76472766 1.99463653 1.38972817 4.22474849 2.843000909992e-05 1.887782736074e+03 3.941161705531e+00 1.707105277552e-04 9.793483992257e+01
26 6 1 1.20459225 10.76472766 1.99463653 1.38972817 4.22474849 2.737348885375e-05 1.828586701047e+03 3.918710920137e+00 1.769363499994e-04 9.631345494336e+01
26 7 1 1.20459225 10.76472766 1.99463653 1.38972817 4.22474849 2.635904688371e-05 1.774769045654e+03 3.695385311781e+00 1.688032522813e-04 9.331608062745e+01
26 8 1 1.20459225 10.76472766 1.99463653 1.38972817 4.22474849 2.538668807204e-05 1.718265944598e+03 3.361174442093e+00 1.468426336427e-04 8.903745279014e+01
26 9 1 1.20459225 10.76472766 1.99463653 1.38972817 4.22474849 2.445641709842e-05 1.662228736500e+03 3.128783987546e+00 1.152098431646e-04 8.389386927309e+01
26 10 1 1.20459225 10.76472766 1.99463653 1.38972817 4.22474849 2.356823843997e-05 1.609003200060e+03 3.115961372544e+00 8.051847743637e-05 7.828681359377e+01
26 11 1 1.20459225 10.76472766 1.99463653 1.38972817 4.22474849 2.272215637125e-05 1.561436183640e+03 3.275500018184e+00 4.982408797015e-05 7.227253481820e+01
26 12 1 1.20459225 10.76472766 1.99463653 1.38972817 4.22474849 2.191817496419e-05 1.520144046225e+03 3.427063400508e+00 2.851372909116e-05 6.617284263519e+01
26 13 1 1.20459225 10.76472766 1.99463653 1.38972817 4.22474849 2.115629808814e-05 1.479039005224e+03 3.399033722317e+00 1.886942898020e-05 6.013723032812e+01
26 14 1 1.20459225 10.76472766 1.99463653 1.38972817 4.22474849 2.043652940979e-05 1.438475392388e+03 3.178469033394e+00 1.978306180603e-05 5.441430673669e+01
26 15 1 1.20459225 10.76472766 1.99463653 1.38972817 4.22474849 1.975887239318e-05 1.399406032590e+03 2.906287476828e+00 2.763926052135e-05 4.927111643737e+01
26 16 1 1.20459225 10.76472766 1.99463653 1.38972817 4.22474849 1.912333029968e-05 1.361268818223e+03 2.780055249800e+00 3.794345638505e-05 4.479679294567e+01
26 17 1 1.20459225 10.76472766 1.99463653 1.38972817 4.22474849 1.852990618796e-05 1.327655278537e+03 2.845779603108e+00 4.702422685694e-05 4.130171380925e+01
26 18 1 1.20459225 10.76472766 1.99463653 1.38972817 4.22474849 1.797860291402e-05 1.294784681385e+03 2.969961337530e+00 5.316619539737e-05 3.884685472147e+01
26 19 1 1.20459225 10.76472766 1.99463653 1.38972817 4.22474849 1.746942313111e-05 1.264104840378e+03 2.953617177955e+00 5.680190652441e-05 3.741529335423e+01
26 20 1 1.20459225 10.76472766 1.99463653 1.38972817 4.22474849 1.700236928977e-05 1.235834721288e+03 2.734346475413e+00 5.978585553011e-05 3.690591138299e+01
26 21 1 1.20459225 10.76472766 1.99463653 1.38972817 4.22474849 1.657744363780e-05 1.210351418882e+03 2.447928155241e+00 6.413072643277e-05 3.709838609310e+01
26 22 1 1.20459225 10.76472766 1.99463653 1.38972817 4.22474849 1.619464822024e-05 1.190069732163e+03 2.277939202423e+00 7.077107398844e-05 3.799136678596e+01
26 23 1 1.20459225 10.76472766 1.99463653 1.38972817 4.22474849 1.585398487938e-05 1.171022816945e+03 2.296312909259e+00 7.887459468548e-05 3.940230163987e+01
26 24 1 1.20459225 10.76472766 1.99463653 1.38972817 4.22474849 1.555545525473e-05 1.152870746158e+03 2.392211074755e+00 8.597816385577e-05 4.116697915365e+01
26 25 1 1.20459225 10.76472766 1.99463653 1.38972817 4.22474849 1.529906078302e-05 1.136757953690e+03 2.413412618936e+00 8.888875234558e-05 4.309047039722e+01
26 26 1 1.20459225 10.76472766 1.99463653 1.38972817 4.22474849 1.508480269822e-05 1.123807422323e+03 2.291620141427e+00 8.498939256987e-05 4.490245047731e+01
26 27 1 1.20459225 10.76472766 1.99463653 1.38972817 4.22474849 1.491268203148e-05 1.116442822341e+03 2.095628618270e+00 7.343648226465e-05 4.655944861747e+01
26 28 1 1.20459225 10.76472766 1.99463653 1.38972817 4.22474849 1.478269961118e-05 1.110713079986e+03 1.954353866280e+00 5.577643695440e-05 4.791417839982e+01
26 29 1 1.20459225 10.76472766 1.99463653 1.38972817 4.22474849 1.469485606288e-05 1.103618997641e+03 1.947413375006e+00 3.572418110407e-05 4.901913929855e+01
26 30 1 1.20459225 10.76472766 1.99463653 1.38972817 4.22474849 1.464915180934e-05 1.098278735738e+03 2.065114729606e+00 1.815088131534e-05 5.003978874995e+01
26 31 1 1.20459225 10.76472766 1.99463653 1.38972817 4.22474849 1.464558707052e-05 1.097203816909e+03 2.205880301078e+00 7.613640784190e-06 5.101691320069e+01
26 32 1 1.20459225 10.76472766 1.99463653 1.38972817 4.22474849 1.468416186360e-05 1.105544829727e+03 2.270717701211e+00 6.926298859847e-06 5.200072678409e+01
26 33 1 1.20459225 10.76472766 1.99463653 1.38972817 4.22474849 1.476487600290e-05 1.116882636011e+03 2.226981050802e+00 1.626191077890e-05 5.266137277091e+01
26 34 1 1.20459225 10.76472766 1.99463653 1.38972817 4.22474849 1.488772909999e-05 1.126666123202e+03 2.159830394299e+00 3.309802908452e-05 5.271120977772e+01
26 35 1 1.20459225 10.76472766 1.99463653 1.38972817 4.22474849 1.505272056359e-05 1.135857378801e+03 2.195743888272e+00 5.302733851272e-05 5.204321615881e+01
26 36 1 1.20459225 10.76472766 1.99463653 1.38972817 4.22474849 1.525984959967e-05 1.146719182438e+03 2.377645632088e+00 7.115734845837e-05 5.063303083176e+01
26 37 1 1.20459225 10.76472766 1.99463653 1.38972817 4.22474849 1.550911521136e-05 1.164006291376e+03 2.608305901148e+00 8.361733060318e-05 4.878153769326e+01
26 38 1 1.20459225 10.76472766 1.99463653 1.38972817 4.22474849 1.580051619902e-05 1.184304709954e+03 2.717363647597e+00 8.865238347779e-05 4.667146332655e+01
26 39 1 1.20459225 10.76472766 1.99463653 1.38972817 4.22474849 1.613405116022e-05 1.205024177569e+03 2.648538332460e+00 8.693137123293e-05 4.458035808236e+01
26 40 1 1.20459225 10.76472766 1.99463653 1.38972817 4.22474849 1.650971848975e-05 1.227105883786e+03 2.508576886824e+00 8.098057730023e-05 4.282024349054e+01
26 41 1 1.20459225 10.76472766 1.99463653 1.38972817 4.22474849 1.692751637964e-05 1.250788825617e+03 2.486056982700e+00 7.397909428470e-05 4.150714148930e+01
26 42 1 1.20459225 10.76472766 1.99463653 1.38972817 4.22474849 1.738744281913e-05 1.279474923521e+03 2.651271448585e+00 6.839617117107e-05 4.087396059292e+01
26 43 1 1.20459225 10.76472766 1.99463653 1.38972817 4.22474849 1.788949559475e-05 1.311420239273e+03 2.893914202472e+00 6.501849040336e-05 4.098923111226e+01
26 44 1 1.20459225 10.76472766 1.99463653 1.38972817 4.22474849 1.843367229025e-05 1.343743281641e+03 3.034384362926e+00 6.277107350683e-05 4.204845677570e+01
26 45 1 1.20459225 10.76472766 1.99463653 1.38972817 4.22474849 1.901997028667e-05 1.378331513632e+03 2.983448770430e+00 5.942345042411e-05 4.424576005911e+01
26 46 1 1.20459225 10.76472766 1.99463653 1.38972817 4.22474849 1.964838676231e-05 1.413533141627e+03 2.834226146158e+00 5.290664271453e-05 4.749898030913e+01
26 47 1 1.20459225 10.76472766 1.99463653 1.38972817 4.22474849 2.031891869280e-05 1.452225615468e+03 2.750590562897e+00 4.269066913232e-05 5.177503877559e+01
26 48 1 1.20459225 10.76472766 1.99463653 1.38972817 4.22474849 2.103156285106e-05 1.493191854486e+03 2.852222292859e+00 3.060596847130e-05 5.681012454753e+01
26 49 1 1.20459225 10.76472766 1.99463653 1.38972817 4.22474849 2.178631580733e-05 1.534191382223e+03 3.100240400552e+00 2.067861435017e-05 6.250542133699e+01
26 50 1 1.20459225 10.76472766 1.99463653 1.38972817 4.22474849 2.258317392921e-05 1.578214383238e+03 3.342987226652e+00 1.793091396740e-05 6.876303990093e+01
26 51 1 1.20459225 10.76472766 1.99463653 1.38972817 4.22474849 2.342213338164e-05 1.623568690698e+03 3.431204132150e+00 2.653240866072e-05 7.526713456745e+01
26 52 1 1.20459225 10.76472766 1.99463653 1.38972817 4.22474849 2.430319012696e-05 1.675256099736e+03 3.350687115924e+00 4.799445599478e-05 8.191823676112e+01
26 53 1 1.20459225 10.76472766 1.99463653 1.38972817 4.22474849 2.522633992488e-05 1.732418223486e+03 3.280517991168e+00 8.014578385260e-05 8.835801945642e+01
26 54 1 1.20459225 10.76472766 1.99463653 1.38972817 4.22474849 2.619157833257e-05 1.789470739163e+03 3.435260594357e+00 1.173682921552e-04 9.433461785365e+01
26 55 1 1.20459225 10.76472766 1.99463653 1.38972817 4.22474849 2.719890070458e-05 1.845963441762e+03 3.886971936787e+00 1.520984330394e-04 9.949951212750e+01
26 56 1 1.20459225 10.76472766 1.99463653 1.38972817 4.22474849 2.824830219300e-05 1.900934945142e+03 4.429780089941e+00 1.770939710073e-04 1.033016669092e+02
26 57 1 1.20459225 10.76472766 1.99463653 1.38972817 4.22474849 2.933977774732e-05 1.960236499912e+03 4.768688930595e+00 1.876391261790e-04 1.057658161188e+02
26 58 1 1.20459225 10.76472766 1.99463653 1.38972817 4.22474849 3.047332211461e-05 2.025834675281e+03 4.781877994868e+00 1.828606448915e-04 1.069157421593e+02
26 59 1 1.20459225 10.76472766 1.99463653 1.38972817 4.22474849 3.164892983943e-05 2.090720949445e+03 4.659890912156e+00 1.656698058166e-04 1.070287274532e+02
26 60 1 1.20459225 10.76472766 1.99463653 1.38972817 4.22474849 3.286659526393e-05 2.157754847944e+03 4.737169439963e+00 1.414002693308e-04 1.062915599705e+02
26 61 1 1.20459225 10.76472766 1.99463653 1.38972817 4.22474849 3.412631252783e-05 2.222877281274e+03 5.139912730273e+00 1.157489733449e-04 1.045181157306e+02
26 62 1 1.20459225 10.76472766 1.99463653 1.38972817 4.22474849 3.542807556847e-05 2.292009473150e+03 5.689172304029e+00 9.291232655066e-05 1.020278827341e+02
26 63 1 1.20459225 10.76472766 1.99463653 1.38972817 4.22474849 3.677187812083e-05 2.365943973083e+03 6.029135844376e+00 7.470719728108e-05 9.906112252173e+01
28 0 1 1.49884879 3.41838617 3.15128784 1.54634034 2.66041401 7.954574832004e-01 4.096722176897e+01 3.078606848802e+01 2.370546111601e-04 1.541856161580e+01
28 1 1 1.49884879 3.41838617 3.15128784 1.54634034 2.66041401 8.035506705514e-01 4.075600640074e+01 2.922731940856e+01 2.351023729263e-04 1.460332878811e+01
28 2 1 1.49884879 3.41838617 3.15128784 1.54634034 2.66041401 8.096408330425e-01 4.095998004355e+01 2.807531772713e+01 2.281292476893e-04 1.394034340560e+01
28 3 1 1.49884879 3.41838617 3.15128784 1.54634034 2.66041401 8.132221830302e-01 4.023417136225e+01 2.727886295908e+01 2.171079000547e-04 1.351170720607e+01
28 4 1 1.49884879 3.41838617 3.15128784 1.54634034 2.66041401 8.136645054800e-01 3.792109438817e+01 2.659837104063e+01 2.032090216170e-04 1.306860116422e+01
28 5 1 1.49884879 3.41838617 3.15128784 1.54634034 2.66041401 8.103141962469e-01 3.511866809390e+01 2.581405491143e+01 1.876251844035e-04 1.249282305632e+01
28 6 1 1.49884879 3.41838617 3.15128784 1.54634034 2.66041401 8.026873153906e-01 3.337831150391e+01 2.460666031037e+01 1.714060166214e-04 1.197836332520e+01
28 7 1 1.49884879 3.41838617 3.15128784 1.54634034 2.66041401 7.906668004468e-01 3.294465400190e+01 2.331706701445e+01 1.553326100976e-04 1.161462237470e+01
28 8 1 1.49884879 3.41838617 3.15128784 1.54634034 2.66041401 7.746118237618e-01 3.313567271188e+01 2.252059831739e+01 1.398512670882e-04 1.122533169891e+01
28 9 1 1.49884879 3.41838617 3.15128784 1.54634034 2.66041401 7.553284835858e-01 3.288644850003e+01 2.204457807985e+01 1.250754483297e-04 1.075344778376e+01
28 10 1 1.49884879 3.41838617 3.15128784 1.54634034 2.66041401 7.339146380035e-01 3.141317551639e+01 2.157146875242e+01 1.108522947375e-04 1.039673676853e+01
28 11 1 1.49884879 3.41838617 3.15128784 1.54634034 2.66041401 7.115444909605e-01 2.922796117559e+01 2.097368831720e+01 9.687868224487e-05 1.025443207090e+01
28 12 1 1.49884879 3.41838617 3.15128784 1.54634034 2.66041401 6.892758505604e-01 2.745267166705e+01 2.008252856521e+01 8.284343655111e-05 1.015358546860e+01
28 13 1 1.49884879 3.41838617 3.15128784 1.54634034 2.66041401 6.679409983991e-01 2.662353211203e+01 1.917561351869e+01 6.856842063055e-05 9.925172129975e+00
28 14 1 1.49884879 3.41838617 3.15128784 1.54634034 2.66041401 6.481371824861e-01 2.665884531970e+01 1.863023544795e+01 5.412218510880e-05 9.652765807551e+00
28 15 1 1.49884879 3.41838617 3.15128784 1.54634034 2.66041401 6.302896852526e-01 2.671996917579e+01 1.822019414081e+01 3.988531921883e-05 9.496711617719e+00
28 16 1 1.49884879 3.41838617 3.15128784 1.54634034 2.66041401 6.147381563578e-01 2.591754553564e+01 1.774476377559e+01 2.655538313382e-05 9.383627052987e+00
28 17 1 1.49884879 3.41838617 3.15128784 1.54634034 2.66041401 6.018001390275e-01 2.448605906716e+01 1.724347818330e+01 1.508967798063e-05 9.125555868344e+00
28 18 1 1.49884879 3.41838617 3.15128784 1.54634034 2.66041401 5.917861354483e-01 2.310246158476e+01 1.661276199250e+01 6.594298907145e-06 8.778119836497e+00
28 19 1 1.49884879 3.41838617 3.15128784 1.54634034 2.66041401 5.849647451527e-01 2.224277181795e+01 1.602227380115e+01 2.176275454619e-06 8.536092004367e+00
28 20 1 1.49884879 3.41838617 3.15128784 1.54634034 2.66041401 5.814942517605e-01 2.217048698418e+01 1.575649056919e+01 2.780931369493e-06 8.359206837695e+00
28 21 1 1.49884879 3.41838617 3.15128784 1.54634034 2.66041401 5.813453886243e-01 2.236500100768e+01 1.561595284159e+01 9.038296046202e-06 8.078180112099e+00
28 22 1 1.49884879 3.41838617 3.15128784 1.54634034 2.66041401 5.842408716384e-01 2.200034529642e+01 1.540294816257e+01 2.114051451266e-05 7.745588307627e+00
28 23 1 1.49884879 3.41838617 3.15128784 1.54634034 2.66041401 5.896334182701e-01 2.100740091284e+01 1.512555053295e+01 3.876733131303e-05 7.539522039958e+00
28 24 1 1.49884879 3.41838617 3.15128784 1.54634034 2.66041401 5.967361238542e-01 1.981357470336e+01 1.469304525557e+01 6.106985047871e-05 7.451349345951e+00
28 25 1 1.49884879 3.41838617 3.15128784 1.54634034 2.66041401 6.046066384191e-01 1.900400545465e+01 1.430433942201e+01 8.671505404711e-05 7.320083187748e+00
28 26 1 1.49884879 3.41838617 3.15128784 1.54634034 2.66041401 6.122705273371e-01 1.904452243226e+01 1.427105739359e+01 1.139861086254e-04 7.089590472410e+00
28 27 1 1.49884879 3.41838617 3.15128784 1.54634034 2.66041401 6.188540662422e-01 1.954522609775e+01 1.436743714563e+01 1.409272067087e-04 6.869985877555e+00
28 28 1 1.49884879 3.41838617 3.15128784 1.54634034 2.66041401 6.236896080757e-01 1.977872401273e+01 1.430493898418e+01 1.655171718663e-04 6.741140760603e+00
28 29 1 1.49884879 3.41838617 3.15128784 1.54634034 2.66041401 6.263632064443e-01 1.944499699207e+01 1.410315584398e+01 1.858535696947e-04 6.628789461322e+00
28 30 1 1.49884879 3.41838617 3.15128784 1.54634034 2.66041401 6.266942730005e-01 1.861972798300e+01 1.380914999289e+01 2.003285896165e-04 6.500323592553e+00
28 31 1 1.49884879 3.41838617 3.15128784 1.54634034 2.66041401 6.246633484600e-01 1.804337221255e+01 1.369378725808e+01 2.077792772616e-04 6.523626301354e+00
28 32 1 1.49884879 3.41838617 3.15128784 1.54634034 2.66041401 6.203248263438e-01 1.848482432586e+01 1.400650786431e+01 2.075974828300e-04 6.801683529333e+00
28 33 1 1.49884879 3.41838617 3.15128784 1.54634034 2.66041401 6.137463955400e-01 1.957858426073e+01 1.439894960151e+01 1.997888054610e-04 7.146803791714e+00
28 34 1 1.49884879 3.41838617 3.15128784 1.54634034 2.66041401 6.050029090555e-01 2.051228808985e+01 1.453018013253e+01 1.849745372717e-04 7.365105556606e+00
28 35 1 1.49884879 3.41838617 3.15128784 1.54634034 2.66041401 5.942254735296e-01 2.090755464562e+01 1.451945358527e+01 1.643358473806e-04 7.521402936856e+00
28 36 1 1.49884879 3.41838617 3.15128784 1.54634034 2.66041401 5.816794117598e-01 2.066730022045e+01 1.450179182373e+01 1.395048927519e-04 7.721194629777e+00
28 37 1 1.49884879 3.41838617 3.15128784 1.54634034 2.66041401 5.678301461253e-01 2.029628309593e+01 1.467442808490e+01 1.124128447114e-04 7.895887648327e+00
28 38 1 1.49884879 3.41838617 3.15128784 1.54634034 2.66041401 5.533604220863e-01 2.058645717688e+01 1.517799879106e+01 8.510953946673e-05 7.967104436024e+00
28 39 1 1.49884879 3.41838617 3.15128784 1.54634034 2.66041401 5.391226984280e-01 2.160341759023e+01 1.565633614159e+01 5.957307782640e-05 8.027726344907e+00
28 40 1 1.49884879 3.41838617 3.15128784 1.54634034 2.66041401 5.260366523777e-01 2.291749409461e+01 1.587266371107e+01 3.752965955847e-05 8.221206107245e+00
28 41 1 1.49884879 3.41838617 3.15128784 1.54634034 2.66041401 5.149616437565e-01 2.389338244543e+01 1.607086976575e+01 2.030374695197e-05 8.508664060269e+00
28 42 1 1.49884879 3.41838617 3.15128784 1.54634034 2.66041401 5.065802154868e-01 2.399881873287e+01 1.636179028447e+01 8.715997187973e-06 8.703288769770e+00
28 43 1 1.49884879 3.41838617 3.15128784 1.54634034 2.66041401 5.013213191510e-01 2.365547091183e+01 1.681740120226e+01 3.041274756777e-06 8.779267344899e+00
28 44 1 1.49884879 3.41838617 3.15128784 1.54634034 2.66041401 4.993368861165e-01 2.371814141387e+01 1.755427391052e+01 3.031835503219e-06 8.924087712233e+00
28 45 1 1.49884879 3.41838617 3.15128784 1.54634034 2.66041401 5.005298653583e-01 2.453972468769e+01 1.826464910925e+01 8.002258575828e-06 9.177564914887e+00
28 46 1 1.49884879 3.41838617 3.15128784 1.54634034 2.66041401 5.046202530915e-01 2.606808156452e+01 1.873448727500e+01 1.696403695651e-05 9.350221285373e+00
28 47 1 1.49884879 3.41838617 3.15128784 1.54634034 2.66041401 5.112283672426e-01 2.762144395613e+01 1.920999984679e+01 2.879026468854e-05 9.418413447738e+00
28 48 1 1.49884879 3.41838617 3.15128784 1.54634034 2.66041401 5.199506145110e-01 2.825884677081e+01 1.976660222217e+01 4.238589968543e-05 9.598939564724e+00
28 49 1 1.49884879 3.41838617 3.15128784 1.54634034 2.66041401 5.304030022008e-01 2.816166813036e+01 2.045837076560e+01 5.683767965114e-05 9.946866257562e+00
28 50 1 1.49884879 3.41838617 3.15128784 1.54634034 2.66041401 5.422149311337e-01 2.825213573294e+01 2.142681639286e+01 7.152045974469e-05 1.027696764643e+01
28 51 1 1.49884879 3.41838617 3.15128784 1.54634034 2.66041401 5.549730061890e-01 2.917291930950e+01 2.230741564844e+01 8.614338537326e-05 1.053331584634e+01
28 52 1 1.49884879 3.41838617 3.15128784 1.54634034 2.66041401 5.681388787069e-01 3.111007663940e+01 2.282794376143e+01 1.007290505676e-04 1.090731284865e+01
28 53 1 1.49884879 3.41838617 3.15128784 1.54634034 2.66041401 5.809861139693e-01 3.323368666857e+01 2.335593062597e+01 1.155301266816e-04 1.151604437124e+01
28 54 1 1.49884879 3.41838617 3.15128784 1.54634034 2.66041401 5.926048184992e-01 3.437685871719e+01 2.413370097624e+01 1.308989722970e-04 1.218625591414e+01
28 55 1 1.49884879 3.41838617 3.15128784 1.54634034 2.66041401 6.020006931917e-01 3.447615585699e+01 2.523519191408e+01 1.471344638998e-04 1.271433878248e+01
28 56 1 1.49884879 3.41838617 3.15128784 1.54634034 2.66041401 6.082723574510e-01 3.434842826535e+01 2.666157608926e+01 1.643350174601e-04 1.319599452172e+01
28 57 1 1.49884879 3.41838617 3.15128784 1.54634034 2.66041401 6.108068303924e-01 3.508877349957e+01 2.785149546575e+01 1.822864390642e-04 1.382310305458e+01
28 58 1 1.49884879 3.41838617 3.15128784 1.54634034 2.66041401 6.094130150061e-01 3.738114696965e+01 2.851900626020e+01 2.004076700720e-04 1.449340973375e+01
28 59 1 1.49884879 3.41838617 3.15128784 1.54634034 2.66041401 6.043324650626e-01 4.031294549292e+01 2.922917419204e+01 2.177674813678e-04 1.501663525282e+01
28 60 1 1.49884879 3.41838617 3.15128784 1.54634034 2.66041401 5.961201762624e-01 4.226587505849e+01 3.030639973925e+01 2.331724124712e-04 1.553429577570e+01
28 61 1 1.49884879 3.41838617 3.15128784 1.54634034 2.66041401 5.854495537973e-01 4.285714302280e+01 3.169365693709e+01 2.453130478624e-04 1.627454164177e+01
28 62 1 1.49884879 3.41838617 3.15128784 1.54634034 2.66041401 5.729319779157e-01 4.278065884068e+01 3.327857771186e+01 2.529445761591e-04 1.708609849494e+01
28 63 1 1.49884879 3.41838617 3.15128784 1.54634034 2.66041401 5.590317685833e-01 4.326027023031e+01 3.452894613232e+01 2.550707059901e-04 1.766726902579e+01
