# environment=00296 local_bs=0 gain_scale=4.400550347377e-13
# ue subcarrier serving_bs phi0 phi1 phi2 phi3 phi4 gain0 gain1 gain2 gain3 gain4
4 0 0 2.89647842 0.84921153 1.36403555 0.95930582 1.53563380 4.485511563742e+01 2.690759541136e-03 6.172592012466e-02 3.412108707184e-04 3.231766027352e+00
4 1 0 2.89647842 0.84921153 1.36403555 0.95930582 1.53563380 3.667870987088e+01 7.509210944855e-03 6.022291884284e-02 2.125221862426e-04 3.953747080795e+00
4 2 0 2.89647842 0.84921153 1.36403555 0.95930582 1.53563380 3.254087490248e+01 1.605281947157e-02 5.870491526614e-02 3.287832738649e-04 4.187002213016e+00
4 3 0 2.89647842 0.84921153 1.36403555 0.95930582 1.53563380 3.023691670123e+01 2.154198056146e-02 5.696850338956e-02 5.007907948370e-04 3.459462142378e+00
4 4 0 2.89647842 0.84921153 1.36403555 0.95930582 1.53563380 3.091239431801e+01 1.964053610638e-02 5.549482478530e-02 3.631868137709e-04 2.697766431956e+00
4 5 0 2.89647842 0.84921153 1.36403555 0.95930582 1.53563380 3.443184251358e+01 1.262374608616e-02 5.127812141904e-02 4.246926309016e-04 2.759272085213e+00
4 6 0 2.89647842 0.84921153 1.36403555 0.95930582 1.53563380 3.691891441935e+01 5.269568771418e-03 4.902364455068e-02 7.470398597180e-04 3.313359998792e+00
4 7 0 2.89647842 0.84921153 1.36403555 0.95930582 1.53563380 4.087872843901e+01 2.053215166236e-03 4.350307523602e-02 6.029960800162e-04 3.455188530966e+00
4 8 0 2.89647842 0.84921153 1.36403555 0.95930582 1.53563380 4.025632107935e+01 4.790779395040e-03 4.057349300885e-02 5.698046135093e-04 2.858771678792e+00
4 9 0 2.89647842 0.84921153 1.36403555 0.95930582 1.53563380 4.043656638438e+01 1.059012022202e-02 3.799665865009e-02 9.066462911458e-04 2.227596743185e+00
4 10 0 2.89647842 0.84921153 1.36403555 0.95930582 1.53563380 3.547755837835e+01 1.521523320549e-02 3.648230078120e-02 8.815481965773e-04 2.321330987951e+00
4 11 0 2.89647842 0.84921153 1.36403555 0.95930582 1.53563380 3.228753063534e+01 1.537805361316e-02 3.717774310800e-02 7.466805916395e-04 2.834988889410e+00
4 12 0 2.89647842 0.84921153 1.36403555 0.95930582 1.53563380 2.616401123776e+01 1.055448604350e-02 3.782713476595e-02 9.350043927408e-04 2.911696396283e+00
4 13 0 2.89647842 0.84921153 1.36403555 0.95930582 1.53563380 2.337575802935e+01 4.513642028376e-03 3.814660579125e-02 1.100367771005e-03 2.335560887954e+00
4 14 0 2.89647842 0.84921153 1.36403555 0.95930582 1.53563380 2.047154964696e+01 1.347617661849e-03 3.859208517793e-02 9.370209745307e-04 1.852565755587e+00
4 15 0 2.89647842 0.84921153 1.36403555 0.95930582 1.53563380 2.096113059716e+01 2.547605514445e-03 3.771188631299e-02 8.961847746444e-04 2.010704606018e+00
4 16 0 2.89647842 0.84921153 1.36403555 0.95930582 1.53563380 2.226129753792e+01 6.878053175800e-03 3.546001780557e-02 1.155870966112e-03 2.433437637412e+00
4 17 0 2.89647842 0.84921153 1.36403555 0.95930582 1.53563380 2.471475218818e+01 1.070338954724e-02 3.531061128607e-02 1.101531293078e-03 2.465725508160e+00
4 18 0 2.89647842 0.84921153 1.36403555 0.95930582 1.53563380 2.720054876204e+01 1.140021200788e-02 3.216158202850e-02 8.447860043809e-04 1.983222380219e+00
4 19 0 2.89647842 0.84921153 1.36403555 0.95930582 1.53563380 2.818832462772e+01 8.865420033841e-03 3.172917856203e-02 1.076443535029e-03 1.592371743121e+00
4 20 0 2.89647842 0.84921153 1.36403555 0.95930582 1.53563380 2.875198994333e+01 4.500342589334e-03 3.102008185057e-02 1.139617386846e-03 1.751302539156e+00
4 21 0 2.89647842 0.84921153 1.36403555 0.95930582 1.53563380 2.658363190782e+01 1.253181535173e-03 2.892031373021e-02 8.400934453331e-04 2.150887159095e+00
4 22 0 2.89647842 0.84921153 1.36403555 0.95930582 1.53563380 2.478209850017e+01 1.266106301006e-03 3.007069013709e-02 9.102917098424e-04 2.177151062584e+00
4 23 0 2.89647842 0.84921153 1.36403555 0.95930582 1.53563380 2.078343424727e+01 4.129981233210e-03 2.864113666045e-02 1.039934320535e-03 1.738843080327e+00
4 24 0 2.89647842 0.84921153 1.36403555 0.95930582 1.53563380 1.878587315577e+01 7.884828842438e-03 2.854670482828e-02 8.614884904845e-04 1.415055696062e+00
4 25 0 2.89647842 0.84921153 1.36403555 0.95930582 1.53563380 1.606040564546e+01 9.659414312033e-03 2.942966344470e-02 7.418411510932e-04 1.620710227650e+00
4 26 0 2.89647842 0.84921153 1.36403555 0.95930582 1.53563380 1.635959454390e+01 8.147874644889e-03 2.786545219003e-02 8.631370421302e-04 1.991486276870e+00
4 27 0 2.89647842 0.84921153 1.36403555 0.95930582 1.53563380 1.664488813063e+01 4.797942650321e-03 2.759383834233e-02 8.483704918168e-04 1.979499999241e+00
4 28 0 2.89647842 0.84921153 1.36403555 0.95930582 1.53563380 1.918593476125e+01 1.704436924893e-03 2.718033934147e-02 6.374498451129e-04 1.598278713274e+00
4 29 0 2.89647842 0.84921153 1.36403555 0.95930582 1.53563380 2.114900336665e+01 8.798484745462e-04 2.370840882038e-02 6.605665115630e-04 1.371104777415e+00
4 30 0 2.89647842 0.84921153 1.36403555 0.95930582 1.53563380 2.354481809315e+01 2.976068844618e-03 2.447629474808e-02 7.942108695913e-04 1.582040183644e+00
4 31 0 2.89647842 0.84921153 1.36403555 0.95930582 1.53563380 2.464195362479e+01 6.427054600729e-03 2.222829748950e-02 5.774335992764e-04 1.915180633230e+00
4 32 0 2.89647842 0.84921153 1.36403555 0.95930582 1.53563380 2.469545149711e+01 9.145242294510e-03 2.234766831931e-02 5.109203385738e-04 1.941772771939e+00
4 33 0 2.89647842 0.84921153 1.36403555 0.95930582 1.53563380 2.365496449333e+01 9.156126172610e-03 2.460925688895e-02 6.859986343584e-04 1.596573884726e+00
4 34 0 2.89647842 0.84921153 1.36403555 0.95930582 1.53563380 2.123813895078e+01 6.142851922953e-03 2.395140754509e-02 5.507831311586e-04 1.374084103724e+00
4 35 0 2.89647842 0.84921153 1.36403555 0.95930582 1.53563380 1.929148367124e+01 2.533363548184e-03 2.760900020655e-02 4.318479787547e-04 1.639658408998e+00
4 36 0 2.89647842 0.84921153 1.36403555 0.95930582 1.53563380 1.674834627902e+01 9.176233914160e-04 2.799184225788e-02 5.535981190032e-04 2.043141897422e+00
4 37 0 2.89647842 0.84921153 1.36403555 0.95930582 1.53563380 1.670756041242e+01 2.553871050991e-03 2.844769880454e-02 5.553295917453e-04 2.028058611711e+00
4 38 0 2.89647842 0.84921153 1.36403555 0.95930582 1.53563380 1.661212397634e+01 6.619902377201e-03 3.011139959335e-02 4.136384249492e-04 1.639124014217e+00
4 39 0 2.89647842 0.84921153 1.36403555 0.95930582 1.53563380 1.966800198116e+01 1.017836668782e-02 2.924461136484e-02 4.493136455978e-04 1.487639216901e+00
4 40 0 2.89647842 0.84921153 1.36403555 0.95930582 1.53563380 2.188094137837e+01 1.101516594326e-02 2.954633479041e-02 5.655610186209e-04 1.847754213207e+00
4 41 0 2.89647842 0.84921153 1.36403555 0.95930582 1.53563380 2.609932862121e+01 8.618969487281e-03 3.101422621017e-02 4.583154786840e-04 2.263817297619e+00
4 42 0 2.89647842 0.84921153 1.36403555 0.95930582 1.53563380 2.805381499474e+01 4.293899963527e-03 2.993546897711e-02 3.782732522813e-04 2.218686340603e+00
4 43 0 2.89647842 0.84921153 1.36403555 0.95930582 1.53563380 3.028756229694e+01 1.447228442602e-03 3.221454287793e-02 5.824124906688e-04 1.822179814633e+00
4 44 0 2.89647842 0.84921153 1.36403555 0.95930582 1.53563380 2.962983165534e+01 2.515430728590e-03 3.295109927294e-02 5.249848925540e-04 1.691652841621e+00
4 45 0 2.89647842 0.84921153 1.36403555 0.95930582 1.53563380 2.839537780821e+01 7.136161097655e-03 3.354329962050e-02 3.655276895114e-04 2.132211979325e+00
4 46 0 2.89647842 0.84921153 1.36403555 0.95930582 1.53563380 2.567286156629e+01 1.254226649979e-02 3.690138800687e-02 5.635136057547e-04 2.622690468603e+00
4 47 0 2.89647842 0.84921153 1.36403555 0.95930582 1.53563380 2.306060953213e+01 1.458194800957e-02 3.709343320024e-02 5.837308138218e-04 2.573741994811e+00
4 48 0 2.89647842 0.84921153 1.36403555 0.95930582 1.53563380 2.203186589353e+01 1.177545858567e-02 3.955076084514e-02 4.107777386047e-04 2.092176380107e+00
4 49 0 2.89647842 0.84921153 1.36403555 0.95930582 1.53563380 2.181029371324e+01 6.494821095613e-03 4.045158143249e-02 4.970218158800e-04 1.971389125035e+00
4 50 0 2.89647842 0.84921153 1.36403555 0.95930582 1.53563380 2.535995272863e+01 2.366767550925e-03 3.993473118269e-02 6.210042662749e-04 2.553635896358e+00
4 51 0 2.89647842 0.84921153 1.36403555 0.95930582 1.53563380 2.839333305076e+01 2.813801365879e-03 3.963660749589e-02 4.894541407629e-04 3.126923113075e+00
4 52 0 2.89647842 0.84921153 1.36403555 0.95930582 1.53563380 3.496262656432e+01 8.077637387023e-03 3.888664089769e-02 4.271523431775e-04 3.004318072072e+00
4 53 0 2.89647842 0.84921153 1.36403555 0.95930582 1.53563380 3.819723342874e+01 1.467255999290e-02 3.822904863813e-02 6.075233861376e-04 2.458801328793e+00
4 54 0 2.89647842 0.84921153 1.36403555 0.95930582 1.53563380 4.327527507139e+01 1.852559643324e-02 3.991645869463e-02 5.929036343627e-04 2.396052153381e+00
4 55 0 2.89647842 0.84921153 1.36403555 0.95930582 1.53563380 4.290212881457e+01 1.644985279366e-02 4.266282782041e-02 3.767561989869e-04 3.067491792191e+00
4 56 0 2.89647842 0.84921153 1.36403555 0.95930582 1.53563380 4.319888743032e+01 9.481049059244e-03 4.584749337369e-02 5.877301519516e-04 3.719464192812e+00
4 57 0 2.89647842 0.84921153 1.36403555 0.95930582 1.53563380 3.890028662498e+01 3.284783256907e-03 5.167049824392e-02 6.733200077141e-04 3.580190115215e+00
4 58 0 2.89647842 0.84921153 1.36403555 0.95930582 1.53563380 3.613784606335e+01 2.521106743359e-03 5.395353305777e-02 4.021488247004e-04 2.934293880418e+00
4 59 0 2.89647842 0.84921153 1.36403555 0.95930582 1.53563380 3.284688475886e+01 8.361084883730e-03 5.844903038775e-02 5.719972417730e-04 2.869484663847e+00
4 60 0 2.89647842 0.84921153 1.36403555 0.95930582 1.53563380 3.243408741028e+01 1.714980043571e-02 5.985644611532e-02 7.488376313214e-04 3.757028003953e+00
4 61 0 2.89647842 0.84921153 1.36403555 0.95930582 1.53563380 3.539780450916e+01 2.233212091064e-02 6.174003828637e-02 5.460306269796e-04 4.501163945156e+00
4 62 0 2.89647842 0.84921153 1.36403555 0.95930582 1.53563380 3.979098271052e+01 2.091887051981e-02 6.329875149628e-02 5.941579796924e-04 4.203408753215e+00
4 63 0 2.89647842 0.84921153 1.36403555 0.95930582 1.53563380 4.848162314846e+01 1.378488155115e-02 6.486680602897e-02 8.856564567207e-04 3.439579668576e+00
6 0 0 8.03759393 1.15168754 2.41081368 1.51631000 1.24396814 2.148406914351e+03 1.603272718358e-04 1.171670285713e-02 3.990122287153e-04 1.572045715234e+00
6 1 0 8.03759393 1.15168754 2.41081368 1.51631000 1.24396814 2.038727339657e+03 1.670055231558e-04 4.437261130516e-03 1.432836711116e-03 1.070804368686e+00
6 2 0 8.03759393 1.15168754 2.41081368 1.51631000 1.24396814 1.915145487115e+03 1.843003825342e-04 6.868150266227e-03 7.136499994011e-04 1.006579603892e+00
6 3 0 8.03759393 1.15168754 2.41081368 1.51631000 1.24396814 1.803612587730e+03 1.405024113209e-04 1.091312609924e-02 1.482360107128e-04 1.258693502974e+00
6 4 0 8.03759393 1.15168754 2.41081368 1.51631000 1.24396814 1.668617464454e+03 1.575978489269e-04 2.277521130215e-03 9.782853863627e-04 1.379362315479e+00
6 5 0 8.03759393 1.15168754 2.41081368 1.51631000 1.24396814 1.552414573752e+03 1.614546010378e-04 9.506730926981e-03 9.767154005658e-04 1.141331753994e+00
6 6 0 8.03759393 1.15168754 2.41081368 1.51631000 1.24396814 1.432512331094e+03 1.250077355664e-04 8.195625919192e-03 1.364488784607e-04 7.555892802545e-01
6 7 0 8.03759393 1.15168754 2.41081368 1.51631000 1.24396814 1.318038550601e+03 1.471205660567e-04 2.159470964775e-03 5.700786102757e-04 6.020425696254e-01
6 8 0 8.03759393 1.15168754 2.41081368 1.51631000 1.24396814 1.224120223740e+03 1.399679323083e-04 1.128521627733e-02 1.074427028747e-03 7.666942610676e-01
6 9 0 8.03759393 1.15168754 2.41081368 1.51631000 1.24396814 1.125242956414e+03 1.127954953282e-04 3.833469875720e-03 2.852988911311e-04 9.808173278789e-01
6 10 0 8.03759393 1.15168754 2.41081368 1.51631000 1.24396814 1.050740558916e+03 1.356382395977e-04 4.780462424544e-03 2.535352126053e-04 9.490692836558e-01
6 11 0 8.03759393 1.15168754 2.41081368 1.51631000 1.24396814 9.800308142127e+02 1.206667118316e-04 9.758417634910e-03 8.931677656713e-04 6.993975789160e-01
6 12 0 8.03759393 1.15168754 2.41081368 1.51631000 1.24396814 9.207439304443e+02 1.028659024716e-04 1.365508117659e-03 5.386730755094e-04 5.277558937950e-01
6 13 0 8.03759393 1.15168754 2.41081368 1.51631000 1.24396814 8.818261232172e+02 1.236404471812e-04 7.121191728040e-03 7.949168024894e-05 6.329876717465e-01
6 14 0 8.03759393 1.15168754 2.41081368 1.51631000 1.24396814 8.429517300151e+02 1.037985963376e-04 6.181042602408e-03 6.898260121812e-04 8.758308260134e-01
6 15 0 8.03759393 1.15168754 2.41081368 1.51631000 1.24396814 8.256004494676e+02 9.457269217451e-05 1.673943637023e-03 7.273625532843e-04 9.693220977827e-01
6 16 0 8.03759393 1.15168754 2.41081368 1.51631000 1.24396814 8.119386852403e+02 1.116340866619e-04 7.464956181466e-03 1.011017984757e-04 8.245659098680e-01
6 17 0 8.03759393 1.15168754 2.41081368 1.51631000 1.24396814 8.065457891538e+02 8.930593069812e-05 3.316132001610e-03 4.113185915622e-04 6.348315838941e-01
6 18 0 8.03759393 1.15168754 2.41081368 1.51631000 1.24396814 8.164500744662e+02 8.761099845634e-05 2.836224454557e-03 7.618108909600e-04 6.437687045812e-01
6 19 0 8.03759393 1.15168754 2.41081368 1.51631000 1.24396814 8.233870729498e+02 9.993609226325e-05 6.443755255317e-03 2.762244384698e-04 8.646447415271e-01
6 20 0 8.03759393 1.15168754 2.41081368 1.51631000 1.24396814 8.464239232060e+02 7.710791798051e-05 2.045077906673e-03 1.720984993382e-04 1.067378474395e+00
6 21 0 8.03759393 1.15168754 2.41081368 1.51631000 1.24396814 8.676554372494e+02 8.182389461635e-05 3.704418660091e-03 7.391695301684e-04 1.038104504159e+00
6 22 0 8.03759393 1.15168754 2.41081368 1.51631000 1.24396814 8.907264989071e+02 8.870313113775e-05 5.324238790886e-03 4.744293527661e-04 8.375365128967e-01
6 23 0 8.03759393 1.15168754 2.41081368 1.51631000 1.24396814 9.211010445227e+02 6.722073713247e-05 1.515943460519e-03 9.003785278898e-05 7.180354655371e-01
6 24 0 8.03759393 1.15168754 2.41081368 1.51631000 1.24396814 9.412369960882e+02 7.702597180895e-05 4.545394122023e-03 5.422790935249e-04 8.411587690793e-01
6 25 0 8.03759393 1.15168754 2.41081368 1.51631000 1.24396814 9.712136155790e+02 7.807428216683e-05 4.363395029462e-03 6.271235768042e-04 1.085900993709e+00
6 26 0 8.03759393 1.15168754 2.41081368 1.51631000 1.24396814 9.922420053713e+02 5.971160562693e-05 1.318546165370e-03 1.532336642888e-04 1.197197938799e+00
6 27 0 8.03759393 1.15168754 2.41081368 1.51631000 1.24396814 1.012022296776e+03 7.295329707182e-05 5.670575840927e-03 3.084352513196e-04 1.063765236910e+00
6 28 0 8.03759393 1.15168754 2.41081368 1.51631000 1.24396814 1.033329904355e+03 6.828180014873e-05 2.946246037044e-03 7.227874080850e-04 8.587109508695e-01
6 29 0 8.03759393 1.15168754 2.41081368 1.51631000 1.24396814 1.040798825192e+03 5.458791843309e-05 2.239635065974e-03 3.047425008363e-04 8.238306696944e-01
6 30 0 8.03759393 1.15168754 2.41081368 1.51631000 1.24396814 1.055732494138e+03 6.932586580609e-05 6.095616618917e-03 1.584152901620e-04 1.007472238442e+00
6 31 0 8.03759393 1.15168754 2.41081368 1.51631000 1.24396814 1.057957136709e+03 5.966347219381e-05 1.363441000884e-03 6.153141011598e-04 1.208546734075e+00
6 32 0 8.03759393 1.15168754 2.41081368 1.51631000 1.24396814 1.060267110887e+03 5.172157651804e-05 4.301111444191e-03 5.010767593772e-04 1.212223009042e+00
6 33 0 8.03759393 1.15168754 2.41081368 1.51631000 1.24396814 1.061060581712e+03 6.594617329039e-05 4.907904529140e-03 1.091896677680e-04 1.012215771944e+00
6 34 0 8.03759393 1.15168754 2.41081368 1.51631000 1.24396814 1.048608662554e+03 5.259384567381e-05 1.150488666979e-03 4.351018687457e-04 8.351633185796e-01
6 35 0 8.03759393 1.15168754 2.41081368 1.51631000 1.24396814 1.042888302578e+03 5.085098193952e-05 5.661702006539e-03 6.685050755803e-04 8.827271376884e-01
6 36 0 8.03759393 1.15168754 2.41081368 1.51631000 1.24396814 1.022176770831e+03 6.276440262069e-05 3.017217260606e-03 1.873158622539e-04 1.098691139506e+00
6 37 0 8.03759393 1.15168754 2.41081368 1.51631000 1.24396814 1.004198762938e+03 4.738933226896e-05 2.473082497503e-03 2.585130668814e-04 1.224662235851e+00
6 38 0 8.03759393 1.15168754 2.41081368 1.51631000 1.24396814 9.842098913037e+02 5.165046404657e-05 5.473649638382e-03 6.511914334623e-04 1.103129840920e+00
6 39 0 8.03759393 1.15168754 2.41081368 1.51631000 1.24396814 9.557473491048e+02 5.987487230514e-05 2.122397193295e-03 3.820595444824e-04 8.557768152168e-01
6 40 0 8.03759393 1.15168754 2.41081368 1.51631000 1.24396814 9.371754534726e+02 4.424353381779e-05 3.676435273609e-03 1.159757137380e-04 7.450211526506e-01
6 41 0 8.03759393 1.15168754 2.41081368 1.51631000 1.24396814 9.073081062837e+02 5.382604458812e-05 4.886462628206e-03 5.629881563784e-04 8.803196440203e-01
6 42 0 8.03759393 1.15168754 2.41081368 1.51631000 1.24396814 8.867653692831e+02 5.744335899066e-05 2.234762722026e-03 5.951833028790e-04 1.083135437230e+00
6 43 0 8.03759393 1.15168754 2.41081368 1.51631000 1.24396814 8.684505592082e+02 4.323531328886e-05 4.404543513688e-03 1.116233166223e-04 1.094911062110e+00
6 44 0 8.03759393 1.15168754 2.41081368 1.51631000 1.24396814 8.494207972203e+02 5.717731268211e-05 4.751122577890e-03 4.012911984149e-04 8.708847021465e-01
6 45 0 8.03759393 1.15168754 2.41081368 1.51631000 1.24396814 8.473980476275e+02 5.560490249925e-05 2.407020457063e-03 6.846452573495e-04 6.418776518274e-01
6 46 0 8.03759393 1.15168754 2.41081368 1.51631000 1.24396814 8.406825795712e+02 4.441807579796e-05 5.517789672364e-03 2.688859737570e-04 6.423203627326e-01
6 47 0 8.03759393 1.15168754 2.41081368 1.51631000 1.24396814 8.501230910563e+02 6.156641001638e-05 4.479701474552e-03 1.988922090765e-04 8.530041484238e-01
6 48 0 8.03759393 1.15168754 2.41081368 1.51631000 1.24396814 8.670807627285e+02 5.441151352738e-05 2.873484646346e-03 7.405687949588e-04 9.989379422835e-01
6 49 0 8.03759393 1.15168754 2.41081368 1.51631000 1.24396814 8.885352974554e+02 4.793588727762e-05 6.956448477307e-03 5.091214437858e-04 8.807331611419e-01
6 50 0 8.03759393 1.15168754 2.41081368 1.51631000 1.24396814 9.343523645454e+02 6.678507674011e-05 3.679462197989e-03 1.162711936513e-04 6.191013040760e-01
6 51 0 8.03759393 1.15168754 2.41081368 1.51631000 1.24396814 9.794192319661e+02 5.390782833018e-05 4.382969855578e-03 6.425863655913e-04 5.330047084330e-01
6 52 0 8.03759393 1.15168754 2.41081368 1.51631000 1.24396814 1.046966098080e+03 5.405442140498e-05 7.716600145113e-03 7.410316440612e-04 7.317170768038e-01
6 53 0 8.03759393 1.15168754 2.41081368 1.51631000 1.24396814 1.125700192424e+03 7.240539699134e-05 2.907413575613e-03 1.923286293773e-04 9.919338560014e-01
6 54 0 8.03759393 1.15168754 2.41081368 1.51631000 1.24396814 1.208489318759e+03 5.433183174621e-05 6.969404280766e-03 4.281996205419e-04 1.013126345792e+00
6 55 0 8.03759393 1.15168754 2.41081368 1.51631000 1.24396814 1.318931245681e+03 6.301263001492e-05 7.104132991879e-03 1.002815127005e-03 7.966026084905e-01
6 56 0 8.03759393 1.15168754 2.41081368 1.51631000 1.24396814 1.422261371006e+03 7.776797212852e-05 3.317391598646e-03 4.210138264656e-04 6.540469708737e-01
6 57 0 8.03759393 1.15168754 2.41081368 1.51631000 1.24396814 1.548044878622e+03 5.630959780952e-05 9.244567210415e-03 2.729723675519e-04 8.617911105506e-01
6 58 0 8.03759393 1.15168754 2.41081368 1.51631000 1.24396814 1.676182355010e+03 7.472631045278e-05 5.574343839687e-03 1.019923020636e-03 1.288812075416e+00
6 59 0 8.03759393 1.15168754 2.41081368 1.51631000 1.24396814 1.796575715411e+03 8.221139588799e-05 5.585806989230e-03 7.994310706681e-04 1.531987981418e+00
6 60 0 8.03759393 1.15168754 2.41081368 1.51631000 1.24396814 1.936650185963e+03 6.084847525200e-05 9.616495778288e-03 2.012710087680e-04 1.383986917671e+00
6 61 0 8.03759393 1.15168754 2.41081368 1.51631000 1.24396814 2.049076618045e+03 8.853309787342e-05 5.011219628511e-03 8.514634337963e-04 1.136036091297e+00
6 62 0 8.03759393 1.15168754 2.41081368 1.51631000 1.24396814 2.177308447739e+03 8.547071007445e-05 7.853112955148e-03 1.284694235858e-03 1.265249465440e+00
6 63 0 8.03759393 1.15168754 2.41081368 1.51631000 1.24396814 2.289638550902e+03 6.903022904928e-05 9.101429915742e-03 3.373986014306e-04 1.859479142027e+00
7 0 0 2.29131925 0.93538723 1.52621206 1.00926315 2.20552655 1.609876110792e+01 1.755918231302e-01 3.528804442608e+00 1.012323063011e-01 1.478832249788e+01
7 1 0 2.29131925 0.93538723 1.52621206 1.00926315 2.20552655 1.646293157948e+01 1.544145395858e-01 2.778816890761e+00 2.098195736838e-01 1.489239003607e+01
7 2 0 2.29131925 0.93538723 1.52621206 1.00926315 2.20552655 1.938671026503e+01 1.931375697687e-01 2.957338827957e+00 3.180198645331e-01 1.624399191296e+01
7 3 0 2.29131925 0.93538723 1.52621206 1.00926315 2.20552655 1.966357674435e+01 2.671081636551e-01 3.404053648307e+00 2.237385345503e-01 1.476928771442e+01
7 4 0 2.29131925 0.93538723 1.52621206 1.00926315 2.20552655 2.019356762028e+01 3.303637186860e-01 2.719835497742e+00 8.996601167682e-02 1.096612384245e+01
7 5 0 2.29131925 0.93538723 1.52621206 1.00926315 2.20552655 1.976280230734e+01 3.482914440657e-01 2.317129049923e+00 1.425253171719e-01 1.168596371806e+01
7 6 0 2.29131925 0.93538723 1.52621206 1.00926315 2.20552655 1.736543842314e+01 3.164948774024e-01 2.947257253838e+00 2.602881308365e-01 1.433342229284e+01
7 7 0 2.29131925 0.93538723 1.52621206 1.00926315 2.20552655 1.635252335452e+01 2.468272180453e-01 2.778759160165e+00 2.209857791100e-01 1.303408286478e+01
7 8 0 2.29131925 0.93538723 1.52621206 1.00926315 2.20552655 1.282035050040e+01 1.797412022959e-01 2.063419606869e+00 9.471671912943e-02 1.092089106904e+01
7 9 0 2.29131925 0.93538723 1.52621206 1.00926315 2.20552655 1.181637204173e+01 1.489032112574e-01 2.380016295179e+00 9.325206397797e-02 1.045255742409e+01
7 10 0 2.29131925 0.93538723 1.52621206 1.00926315 2.20552655 9.268575256342e+00 1.718611253167e-01 2.734816322926e+00 1.965465669177e-01 9.908284520868e+00
7 11 0 2.29131925 0.93538723 1.52621206 1.00926315 2.20552655 9.074690192580e+00 2.333663286338e-01 2.150396012971e+00 2.079637859202e-01 1.064365406269e+01
7 12 0 2.29131925 0.93538723 1.52621206 1.00926315 2.20552655 8.422200621547e+00 2.936611326474e-01 1.939980916175e+00 1.053234688830e-01 1.184962261476e+01
7 13 0 2.29131925 0.93538723 1.52621206 1.00926315 2.20552655 9.237098318630e+00 3.150960801943e-01 2.369507600598e+00 6.208968678879e-02 9.845944995627e+00
7 14 0 2.29131925 0.93538723 1.52621206 1.00926315 2.20552655 1.019101955530e+01 2.946454168785e-01 2.185027128153e+00 1.390079812112e-01 7.594302488862e+00
7 15 0 2.29131925 0.93538723 1.52621206 1.00926315 2.20552655 1.108227918268e+01 2.402656619395e-01 1.741794283438e+00 1.869003015383e-01 8.888248632893e+00
7 16 0 2.29131925 0.93538723 1.52621206 1.00926315 2.20552655 1.264471838047e+01 1.789275974889e-01 1.875099284820e+00 1.136671561454e-01 1.007195709937e+01
7 17 0 2.29131925 0.93538723 1.52621206 1.00926315 2.20552655 1.239821860032e+01 1.452337878943e-01 2.033251308657e+00 4.669706465266e-02 8.996161210157e+00
7 18 0 2.29131925 0.93538723 1.52621206 1.00926315 2.20552655 1.329464610164e+01 1.574915190817e-01 1.787519457481e+00 9.320089934293e-02 8.229182454469e+00
7 19 0 2.29131925 0.93538723 1.52621206 1.00926315 2.20552655 1.175238644689e+01 2.014057515654e-01 1.604708424629e+00 1.562391999787e-01 7.562556133466e+00
7 20 0 2.29131925 0.93538723 1.52621206 1.00926315 2.20552655 1.127652615846e+01 2.556004832439e-01 1.755744015993e+00 1.175743408651e-01 7.032448366239e+00
7 21 0 2.29131925 0.93538723 1.52621206 1.00926315 2.20552655 9.424987160061e+00 2.869720414778e-01 1.835476189264e+00 4.236278942150e-02 8.440097508557e+00
7 22 0 2.29131925 0.93538723 1.52621206 1.00926315 2.20552655 8.123511425035e+00 2.754684868997e-01 1.578240031405e+00 5.849322723975e-02 9.031666617901e+00
7 23 0 2.29131925 0.93538723 1.52621206 1.00926315 2.20552655 7.065775294775e+00 2.296617057856e-01 1.453535188877e+00 1.264605917692e-01 6.970273300742e+00
7 24 0 2.29131925 0.93538723 1.52621206 1.00926315 2.20552655 6.088214516869e+00 1.790886510828e-01 1.708578814237e+00 1.141102276523e-01 6.093415719271e+00
7 25 0 2.29131925 0.93538723 1.52621206 1.00926315 2.20552655 6.339729768466e+00 1.466394228008e-01 1.694714684938e+00 4.398568383283e-02 7.387466532044e+00
7 26 0 2.29131925 0.93538723 1.52621206 1.00926315 2.20552655 6.185162013311e+00 1.483053256272e-01 1.340681176213e+00 3.696311024062e-02 7.733012461469e+00
7 27 0 2.29131925 0.93538723 1.52621206 1.00926315 2.20552655 7.552488123872e+00 1.796059267518e-01 1.473884345470e+00 9.563375689667e-02 7.367558951421e+00
7 28 0 2.29131925 0.93538723 1.52621206 1.00926315 2.20552655 7.863167743129e+00 2.264882620376e-01 1.738222706643e+00 1.092285769229e-01 7.119085641284e+00
7 29 0 2.29131925 0.93538723 1.52621206 1.00926315 2.20552655 9.489391725005e+00 2.623357750329e-01 1.417010344581e+00 5.023921294358e-02 6.149543239229e+00
7 30 0 2.29131925 0.93538723 1.52621206 1.00926315 2.20552655 9.775887381608e+00 2.668702733631e-01 1.253816138486e+00 2.460698955846e-02 6.210713039326e+00
7 31 0 2.29131925 0.93538723 1.52621206 1.00926315 2.20552655 1.052206936112e+01 2.393693899230e-01 1.633851510605e+00 7.267138177737e-02 7.957250985442e+00
7 32 0 2.29131925 0.93538723 1.52621206 1.00926315 2.20552655 1.055816572038e+01 1.957122573216e-01 1.642815771610e+00 1.042175244566e-01 8.000287397310e+00
7 33 0 2.29131925 0.93538723 1.52621206 1.00926315 2.20552655 9.824711588337e+00 1.545288687341e-01 1.284172552799e+00 6.083031323562e-02 6.223231060672e+00
7 34 0 2.29131925 0.93538723 1.52621206 1.00926315 2.20552655 9.563705620719e+00 1.434850881161e-01 1.523853566483e+00 1.962716222243e-02 6.219273696647e+00
7 35 0 2.29131925 0.93538723 1.52621206 1.00926315 2.20552655 7.884082847437e+00 1.692463150545e-01 1.834500732978e+00 5.733995919635e-02 7.275055215062e+00
7 36 0 2.29131925 0.93538723 1.52621206 1.00926315 2.20552655 7.568780306977e+00 2.184820202270e-01 1.506254549397e+00 1.036940918781e-01 7.544273251294e+00
7 37 0 2.29131925 0.93538723 1.52621206 1.00926315 2.20552655 6.189948498497e+00 2.670440630401e-01 1.423944019732e+00 7.442921601916e-02 7.945679540084e+00
7 38 0 2.29131925 0.93538723 1.52621206 1.00926315 2.20552655 6.454441145250e+00 2.901222514406e-01 1.791962615018e+00 2.227780433040e-02 7.579889935132e+00
7 39 0 2.29131925 0.93538723 1.52621206 1.00926315 2.20552655 6.309957398669e+00 2.717891856347e-01 1.775882956551e+00 4.620460482230e-02 6.282757157004e+00
7 40 0 2.29131925 0.93538723 1.52621206 1.00926315 2.20552655 7.527489789486e+00 2.228843784289e-01 1.538126978261e+00 1.073075980150e-01 7.304006108149e+00
7 41 0 2.29131925 0.93538723 1.52621206 1.00926315 2.20552655 8.704734105284e+00 1.718684149839e-01 1.695631398647e+00 9.284731618190e-02 9.474729694609e+00
7 42 0 2.29131925 0.93538723 1.52621206 1.00926315 2.20552655 1.016348285857e+01 1.550074174243e-01 1.953902082629e+00 3.183684348957e-02 8.774700081671e+00
7 43 0 2.29131925 0.93538723 1.52621206 1.00926315 2.20552655 1.202455935968e+01 1.816447669220e-01 1.855486193961e+00 3.921876432700e-02 7.360179444180e+00
7 44 0 2.29131925 0.93538723 1.52621206 1.00926315 2.20552655 1.244531126838e+01 2.385451759575e-01 1.710850902487e+00 1.073362803301e-01 7.978087467428e+00
7 45 0 2.29131925 0.93538723 1.52621206 1.00926315 2.20552655 1.394443291148e+01 3.008501049739e-01 1.939445562328e+00 1.177261247707e-01 8.724786320164e+00
7 46 0 2.29131925 0.93538723 1.52621206 1.00926315 2.20552655 1.290546085767e+01 3.367051676506e-01 2.224710956755e+00 5.173319293898e-02 9.554054030896e+00
7 47 0 2.29131925 0.93538723 1.52621206 1.00926315 2.20552655 1.319223610709e+01 3.239392261717e-01 2.025291591830e+00 3.366994071411e-02 1.063778260731e+01
7 48 0 2.29131925 0.93538723 1.52621206 1.00926315 2.20552655 1.152603666497e+01 2.763453348838e-01 1.917389626237e+00 1.070573132596e-01 9.415544802103e+00
7 49 0 2.29131925 0.93538723 1.52621206 1.00926315 2.20552655 1.074211310840e+01 2.202968104815e-01 2.435853522549e+00 1.456644349697e-01 8.096519275519e+00
7 50 0 2.29131925 0.93538723 1.52621206 1.00926315 2.20552655 9.730581764120e+00 1.878583410029e-01 2.538561746419e+00 8.230680020897e-02 1.051571250915e+01
7 51 0 2.29131925 0.93538723 1.52621206 1.00926315 2.20552655 9.010278334354e+00 2.071437362872e-01 2.049625468623e+00 3.382612216534e-02 1.269642966101e+01
7 52 0 2.29131925 0.93538723 1.52621206 1.00926315 2.20552655 9.681666927082e+00 2.778889131135e-01 2.339720075403e+00 1.002447318195e-01 1.135299687804e+01
7 53 0 2.29131925 0.93538723 1.52621206 1.00926315 2.20552655 1.001334888752e+01 3.600302828752e-01 2.951194279306e+00 1.759173498402e-01 1.054588984616e+01
7 54 0 2.29131925 0.93538723 1.52621206 1.00926315 2.20552655 1.275904101389e+01 4.133873483159e-01 2.501163365873e+00 1.257003495175e-01 1.118011883850e+01
7 55 0 2.29131925 0.93538723 1.52621206 1.00926315 2.20552655 1.395906651326e+01 4.148913034579e-01 2.284493868500e+00 4.185574052924e-02 1.172053690193e+01
7 56 0 2.29131925 0.93538723 1.52621206 1.00926315 2.20552655 1.781347387273e+01 3.646878348404e-01 3.196539499135e+00 9.113434283639e-02 1.403837794111e+01
7 57 0 2.29131925 0.93538723 1.52621206 1.00926315 2.20552655 1.886606501811e+01 2.907717741591e-01 3.255518025007e+00 2.026747743301e-01 1.536534344384e+01
7 58 0 2.29131925 0.93538723 1.52621206 1.00926315 2.20552655 2.140684817506e+01 2.380086997137e-01 2.602767421324e+00 1.783079764152e-01 1.238301131124e+01
7 59 0 2.29131925 0.93538723 1.52621206 1.00926315 2.20552655 2.158504176416e+01 2.428829382114e-01 3.199779658380e+00 6.305452346797e-02 1.175326006892e+01
7 60 0 2.29131925 0.93538723 1.52621206 1.00926315 2.20552655 2.090241774183e+01 3.186885385134e-01 3.858264513302e+00 8.095357926133e-02 1.599087031476e+01
7 61 0 2.29131925 0.93538723 1.52621206 1.00926315 2.20552655 2.030557810759e+01 4.284206801031e-01 3.312647766283e+00 2.161989549171e-01 1.741868899620e+01
7 62 0 2.29131925 0.93538723 1.52621206 1.00926315 2.20552655 1.720775128203e+01 5.151661514197e-01 3.233400280382e+00 2.356511053322e-01 1.587720347764e+01
7 63 0 2.29131925 0.93538723 1.52621206 1.00926315 2.20552655 1.680686160894e+01 5.365013096645e-01 4.085319224570e+00 1.059830356989e-01 1.576684243415e+01
9 0 0 2.90233060 0.80077107 1.25488350 0.91769854 1.32555849 4.915229679273e+01 5.301516379750e-03 7.795311641740e-03 7.971841999014e-04 1.760709853447e+00
9 1 0 2.90233060 0.80077107 1.25488350 0.91769854 1.32555849 4.039420197004e+01 3.522730538702e-03 7.219179538020e-03 4.871355053646e-04 2.256778056482e+00
9 2 0 2.90233060 0.80077107 1.25488350 0.91769854 1.32555849 3.475412033142e+01 6.327157849664e-03 7.647335739502e-03 4.886762872710e-04 2.420365854019e+00
9 3 0 2.90233060 0.80077107 1.25488350 0.91769854 1.32555849 3.113182089144e+01 1.103098241697e-02 7.370364233035e-03 6.293439736968e-04 1.973407825170e+00
9 4 0 2.90233060 0.80077107 1.25488350 0.91769854 1.32555849 2.949103315958e+01 1.338606338043e-02 7.815996404225e-03 4.745525752650e-04 1.479665043402e+00
9 5 0 2.90233060 0.80077107 1.25488350 0.91769854 1.32555849 3.247312857939e+01 1.185947552258e-02 7.498132983569e-03 3.001686053685e-04 1.483931775911e+00
9 6 0 2.90233060 0.80077107 1.25488350 0.91769854 1.32555849 3.428491262740e+01 7.851621724848e-03 7.371536628414e-03 3.999935421202e-04 1.874331723641e+00
9 7 0 2.90233060 0.80077107 1.25488350 0.91769854 1.32555849 3.897972028589e+01 3.820732393931e-03 6.627502274155e-03 4.149925946934e-04 2.010085876894e+00
9 8 0 2.90233060 0.80077107 1.25488350 0.91769854 1.32555849 4.000387781336e+01 2.513997878344e-03 5.826381718828e-03 1.772162957276e-04 1.633235141237e+00
9 9 0 2.90233060 0.80077107 1.25488350 0.91769854 1.32555849 4.025860160968e+01 4.432533808780e-03 5.437023115487e-03 2.330510091665e-04 1.220199211317e+00
9 10 0 2.90233060 0.80077107 1.25488350 0.91769854 1.32555849 3.775884273881e+01 7.721489139656e-03 4.725380744388e-03 2.997420393130e-04 1.259315313862e+00
9 11 0 2.90233060 0.80077107 1.25488350 0.91769854 1.32555849 3.298351170824e+01 9.836185484656e-03 5.082291413758e-03 1.285517116963e-04 1.601154626701e+00
9 12 0 2.90233060 0.80077107 1.25488350 0.91769854 1.32555849 2.906022618336e+01 8.815288302131e-03 5.026276261241e-03 1.376385849823e-04 1.675442912693e+00
9 13 0 2.90233060 0.80077107 1.25488350 0.91769854 1.32555849 2.378657232424e+01 5.510787165337e-03 5.309813594980e-03 2.232409277556e-04 1.325237314883e+00
9 14 0 2.90233060 0.80077107 1.25488350 0.91769854 1.32555849 2.194300718848e+01 2.552928161059e-03 5.460226965577e-03 1.380043353086e-04 1.013748056666e+00
9 15 0 2.90233060 0.80077107 1.25488350 0.91769854 1.32555849 2.031338401173e+01 1.716813461880e-03 5.275154733689e-03 1.119106371021e-04 1.099664783274e+00
9 16 0 2.90233060 0.80077107 1.25488350 0.91769854 1.32555849 2.169670237859e+01 3.317004015742e-03 4.845979293404e-03 2.187853591709e-04 1.389735698278e+00
9 17 0 2.90233060 0.80077107 1.25488350 0.91769854 1.32555849 2.393651812673e+01 5.804360087548e-03 4.789199240719e-03 2.168782409789e-04 1.416880800730e+00
9 18 0 2.90233060 0.80077107 1.25488350 0.91769854 1.32555849 2.602922450066e+01 7.197871523967e-03 4.123526759652e-03 1.300558659792e-04 1.103588820837e+00
9 19 0 2.90233060 0.80077107 1.25488350 0.91769854 1.32555849 2.855875514775e+01 6.699853393654e-03 4.023332902424e-03 2.640065047545e-04 8.618897903283e-01
9 20 0 2.90233060 0.80077107 1.25488350 0.91769854 1.32555849 2.801489853010e+01 4.473622484759e-03 4.002218972374e-03 3.342036102690e-04 9.762249264998e-01
9 21 0 2.90233060 0.80077107 1.25488350 0.91769854 1.32555849 2.789646050717e+01 2.046297163080e-03 3.440909602563e-03 1.960239669293e-04 1.232314156747e+00
9 22 0 2.90233060 0.80077107 1.25488350 0.91769854 1.32555849 2.461889841486e+01 1.254108113853e-03 3.931956725435e-03 2.988462290485e-04 1.242089798087e+00
9 23 0 2.90233060 0.80077107 1.25488350 0.91769854 1.32555849 2.218017907909e+01 2.466728862643e-03 3.526771402986e-03 4.225519887333e-04 9.656811274464e-01
9 24 0 2.90233060 0.80077107 1.25488350 0.91769854 1.32555849 1.891815334320e+01 4.751789885115e-03 3.726139078120e-03 3.158426529697e-04 7.686859822484e-01
9 25 0 2.90233060 0.80077107 1.25488350 0.91769854 1.32555849 1.671164960916e+01 6.246118558002e-03 4.079233864050e-03 3.040476925617e-04 8.991246108149e-01
9 26 0 2.90233060 0.80077107 1.25488350 0.91769854 1.32555849 1.639395848964e+01 5.743615396755e-03 3.850159263907e-03 4.510103545370e-04 1.132436556957e+00
9 27 0 2.90233060 0.80077107 1.25488350 0.91769854 1.32555849 1.656816378384e+01 3.891621894192e-03 4.014638496187e-03 4.421748930104e-04 1.135024439461e+00
9 28 0 2.90233060 0.80077107 1.25488350 0.91769854 1.32555849 1.925074763708e+01 1.961146148182e-03 4.093883387999e-03 3.199428726942e-04 8.932861926522e-01
9 29 0 2.90233060 0.80077107 1.25488350 0.91769854 1.32555849 2.100655345194e+01 1.261875755182e-03 3.243299004158e-03 4.037474684256e-04 7.415172201150e-01
9 30 0 2.90233060 0.80077107 1.25488350 0.91769854 1.32555849 2.373052646544e+01 2.365673761333e-03 3.596677105182e-03 5.219156152591e-04 8.758940364834e-01
9 31 0 2.90233060 0.80077107 1.25488350 0.91769854 1.32555849 2.472916920276e+01 4.413438603075e-03 2.990910437525e-03 3.477072049531e-04 1.094323310020e+00
9 32 0 2.90233060 0.80077107 1.25488350 0.91769854 1.32555849 2.478275974746e+01 6.087847926755e-03 3.023453236414e-03 3.326106053976e-04 1.108729047328e+00
9 33 0 2.90233060 0.80077107 1.25488350 0.91769854 1.32555849 2.383850803872e+01 6.078962698232e-03 3.618463784499e-03 4.930969990249e-04 8.852812022657e-01
9 34 0 2.90233060 0.80077107 1.25488350 0.91769854 1.32555849 2.108505197281e+01 4.201957200646e-03 3.287763366982e-03 3.734641360855e-04 7.465641024273e-01
9 35 0 2.90233060 0.80077107 1.25488350 0.91769854 1.32555849 1.937243362834e+01 2.087030764519e-03 4.184605214021e-03 2.716592134152e-04 9.155628474766e-01
9 36 0 2.90233060 0.80077107 1.25488350 0.91769854 1.32555849 1.673544835301e+01 1.384314542256e-03 4.081791303184e-03 3.728570293242e-04 1.166017157912e+00
9 37 0 2.90233060 0.80077107 1.25488350 0.91769854 1.32555849 1.677635644671e+01 2.721464628981e-03 3.961373505013e-03 3.756468159614e-04 1.157184672412e+00
9 38 0 2.90233060 0.80077107 1.25488350 0.91769854 1.32555849 1.733175299028e+01 5.255645163264e-03 4.210945189590e-03 2.339196479247e-04 9.089492449076e-01
9 39 0 2.90233060 0.80077107 1.25488350 0.91769854 1.32555849 1.970417330212e+01 7.048676043269e-03 3.849383150802e-03 2.392361225468e-04 8.011550850718e-01
9 40 0 2.90233060 0.80077107 1.25488350 0.91769854 1.32555849 2.327976487931e+01 7.010708388180e-03 3.695479434741e-03 3.312376295748e-04 1.032061831627e+00
9 41 0 2.90233060 0.80077107 1.25488350 0.91769854 1.32555849 2.589295456691e+01 5.199106180088e-03 4.103220657917e-03 2.177102277833e-04 1.307669109704e+00
9 42 0 2.90233060 0.80077107 1.25488350 0.91769854 1.32555849 2.944489351221e+01 2.790906456616e-03 3.610672391828e-03 1.384959863512e-04 1.275051584125e+00
9 43 0 2.90233060 0.80077107 1.25488350 0.91769854 1.32555849 2.954014325652e+01 1.887688555486e-03 4.210129946798e-03 2.693431032812e-04 9.995887791483e-01
9 44 0 2.90233060 0.80077107 1.25488350 0.91769854 1.32555849 2.993977868940e+01 3.455597139383e-03 4.225802303913e-03 1.958070214940e-04 9.077382262226e-01
9 45 0 2.90233060 0.80077107 1.25488350 0.91769854 1.32555849 2.713490221154e+01 6.672583823562e-03 4.358119927816e-03 9.951762593527e-05 1.201798493391e+00
9 46 0 2.90233060 0.80077107 1.25488350 0.91769854 1.32555849 2.487163685995e+01 9.350957062546e-03 5.080977794575e-03 2.030716081886e-04 1.518691994671e+00
9 47 0 2.90233060 0.80077107 1.25488350 0.91769854 1.32555849 2.268271644598e+01 9.210904239408e-03 5.146021840314e-03 1.979157967285e-04 1.461356326746e+00
9 48 0 2.90233060 0.80077107 1.25488350 0.91769854 1.32555849 2.138956941361e+01 6.515946801597e-03 5.630912025278e-03 1.077271195270e-04 1.149854961090e+00
9 49 0 2.90233060 0.80077107 1.25488350 0.91769854 1.32555849 2.342705662477e+01 3.577595681745e-03 5.824090970208e-03 1.723849504964e-04 1.079878493433e+00
9 50 0 2.90233060 0.80077107 1.25488350 0.91769854 1.32555849 2.556697092842e+01 2.712905199871e-03 5.654423796917e-03 2.639579491112e-04 1.437502008085e+00
9 51 0 2.90233060 0.80077107 1.25488350 0.91769854 1.32555849 3.146551737872e+01 5.048667354674e-03 5.367304332348e-03 1.663870518526e-04 1.791695553157e+00
9 52 0 2.90233060 0.80077107 1.25488350 0.91769854 1.32555849 3.584184067135e+01 9.083955696292e-03 5.418361689248e-03 1.858049929517e-04 1.695044659578e+00
9 53 0 2.90233060 0.80077107 1.25488350 0.91769854 1.32555849 4.073637343623e+01 1.210194339326e-02 5.050598023562e-03 3.860447701587e-04 1.353615493954e+00
9 54 0 2.90233060 0.80077107 1.25488350 0.91769854 1.32555849 4.320589945454e+01 1.213392306628e-02 5.837895553379e-03 2.922376384642e-04 1.322153937628e+00
9 55 0 2.90233060 0.80077107 1.25488350 0.91769854 1.32555849 4.233199605564e+01 8.731090984748e-03 6.240886153425e-03 2.377122210857e-04 1.748434778949e+00
9 56 0 2.90233060 0.80077107 1.25488350 0.91769854 1.32555849 4.107820748826e+01 4.600756544770e-03 7.116638855305e-03 5.051676857383e-04 2.134693149086e+00
9 57 0 2.90233060 0.80077107 1.25488350 0.91769854 1.32555849 3.602568175039e+01 3.482235076707e-03 7.895963915880e-03 4.696345085941e-04 1.996389226943e+00
9 58 0 2.90233060 0.80077107 1.25488350 0.91769854 1.32555849 3.421004107769e+01 6.675932537762e-03 8.015372972728e-03 3.508271098303e-04 1.604271718670e+00
9 59 0 2.90233060 0.80077107 1.25488350 0.91769854 1.32555849 3.140879594172e+01 1.239552299717e-02 8.371021315651e-03 5.337750019615e-04 1.589701759588e+00
9 60 0 2.90233060 0.80077107 1.25488350 0.91769854 1.32555849 3.339451903261e+01 1.617310521532e-02 7.881109647696e-03 6.833406104471e-04 2.146567620111e+00
9 61 0 2.90233060 0.80077107 1.25488350 0.91769854 1.32555849 3.782383677280e+01 1.511963798136e-02 8.208717716820e-03 5.143668640612e-04 2.612132306157e+00
9 62 0 2.90233060 0.80077107 1.25488350 0.91769854 1.32555849 4.409721928460e+01 1.057408261024e-02 7.734908000912e-03 5.091825837122e-04 2.365588730577e+00
9 63 0 2.90233060 0.80077107 1.25488350 0.91769854 1.32555849 5.348380310896e+01 5.786880620360e-03 8.366066400466e-03 8.192273477188e-04 1.857238381183e+00
10 0 0 2.00548367 0.72065870 1.06300764 0.80548788 1.27002871 1.252351461964e+01 2.491987080469e-03 1.146040010729e-02 3.884584991623e-04 1.548274527835e+00
10 1 0 2.00548367 0.72065870 1.06300764 0.80548788 1.27002871 9.507139864452e+00 6.386041987573e-03 1.122642073174e-02 2.185001309430e-04 1.973145136789e+00
10 2 0 2.00548367 0.72065870 1.06300764 0.80548788 1.27002871 8.198584237732e+00 1.092273592463e-02 1.097217833286e-02 3.440800077282e-04 2.039955230295e+00
10 3 0 2.00548367 0.72065870 1.06300764 0.80548788 1.27002871 6.681813673927e+00 1.251042328147e-02 1.095398585690e-02 4.781720518417e-04 1.610295254241e+00
10 4 0 2.00548367 0.72065870 1.06300764 0.80548788 1.27002871 6.633680197899e+00 1.003257608190e-02 1.050412820568e-02 3.189374406398e-04 1.211265278505e+00
10 5 0 2.00548367 0.72065870 1.06300764 0.80548788 1.27002871 7.301915358838e+00 5.659219431381e-03 9.765195871982e-03 3.591262527982e-04 1.281011585498e+00
10 6 0 2.00548367 0.72065870 1.06300764 0.80548788 1.27002871 8.206548902631e+00 2.213809785559e-03 9.325594754337e-03 5.405267711811e-04 1.660740321131e+00
10 7 0 2.00548367 0.72065870 1.06300764 0.80548788 1.27002871 9.766640264694e+00 1.643132495394e-03 7.771258591954e-03 4.509859270997e-04 1.716064265894e+00
10 8 0 2.00548367 0.72065870 1.06300764 0.80548788 1.27002871 1.000264341720e+01 4.094450172414e-03 7.199359826119e-03 3.851879182913e-04 1.318176238550e+00
10 9 0 2.00548367 0.72065870 1.06300764 0.80548788 1.27002871 1.060013262988e+01 7.370151424818e-03 6.544139340991e-03 5.254509682029e-04 9.896070337741e-01
10 10 0 2.00548367 0.72065870 1.06300764 0.80548788 1.27002871 9.272214672122e+00 9.006645577798e-03 6.048006750279e-03 5.543466847459e-04 1.101604839786e+00
10 11 0 2.00548367 0.72065870 1.06300764 0.80548788 1.27002871 8.635389993040e+00 8.141306931336e-03 6.707527521050e-03 4.323921441971e-04 1.401682776365e+00
10 12 0 2.00548367 0.72065870 1.06300764 0.80548788 1.27002871 6.610338105755e+00 5.280365988249e-03 6.676145832433e-03 4.419859135731e-04 1.411941073906e+00
10 13 0 2.00548367 0.72065870 1.06300764 0.80548788 1.27002871 5.827185137682e+00 2.181118006813e-03 7.158448708247e-03 5.766439666273e-04 1.097136910300e+00
10 14 0 2.00548367 0.72065870 1.06300764 0.80548788 1.27002871 4.545553701533e+00 9.434798857270e-04 7.498625520405e-03 4.723128621494e-04 8.358746396891e-01
10 15 0 2.00548367 0.72065870 1.06300764 0.80548788 1.27002871 4.620850816744e+00 2.069346025280e-03 7.040804885032e-03 3.498268397951e-04 9.384697844499e-01
10 16 0 2.00548367 0.72065870 1.06300764 0.80548788 1.27002871 4.782523319114e+00 4.437839864976e-03 6.976196128840e-03 4.978964285578e-04 1.198334216569e+00
10 17 0 2.00548367 0.72065870 1.06300764 0.80548788 1.27002871 5.621717705872e+00 6.424111192377e-03 6.605363298729e-03 4.603783025839e-04 1.197896055203e+00
10 18 0 2.00548367 0.72065870 1.06300764 0.80548788 1.27002871 6.500015403922e+00 6.530307741081e-03 6.058006372988e-03 2.871199463142e-04 9.234550836737e-01
10 19 0 2.00548367 0.72065870 1.06300764 0.80548788 1.27002871 6.986501146290e+00 4.585069840415e-03 5.923448637167e-03 3.554292982851e-04 7.206613046714e-01
10 20 0 2.00548367 0.72065870 1.06300764 0.80548788 1.27002871 7.376632939146e+00 2.101666066910e-03 5.764637104666e-03 3.849665852450e-04 8.295584428993e-01
10 21 0 2.00548367 0.72065870 1.06300764 0.80548788 1.27002871 6.802292170837e+00 6.737801556778e-04 5.356242603547e-03 2.470016279895e-04 1.048156895851e+00
10 22 0 2.00548367 0.72065870 1.06300764 0.80548788 1.27002871 6.399320073773e+00 9.867263212068e-04 5.582243799130e-03 2.204898252467e-04 1.044184020120e+00
10 23 0 2.00548367 0.72065870 1.06300764 0.80548788 1.27002871 5.117539905724e+00 2.763255049958e-03 5.475405120080e-03 2.720953924212e-04 8.139391920871e-01
10 24 0 2.00548367 0.72065870 1.06300764 0.80548788 1.27002871 4.536619835877e+00 4.645500082061e-03 5.215653174116e-03 2.081902954832e-04 6.454089684262e-01
10 25 0 2.00548367 0.72065870 1.06300764 0.80548788 1.27002871 3.537840903217e+00 5.256371583513e-03 5.871552241511e-03 1.333939203031e-04 7.605330987436e-01
10 26 0 2.00548367 0.72065870 1.06300764 0.80548788 1.27002871 3.635816850657e+00 4.395139967338e-03 5.205340506091e-03 1.632230073009e-04 9.673822583749e-01
10 27 0 2.00548367 0.72065870 1.06300764 0.80548788 1.27002871 3.628091071406e+00 2.641895787435e-03 5.290216913657e-03 1.696724106349e-04 9.595878424937e-01
10 28 0 2.00548367 0.72065870 1.06300764 0.80548788 1.27002871 4.491477877119e+00 9.904139216250e-04 5.294444162488e-03 8.972506550059e-05 7.456360756172e-01
10 29 0 2.00548367 0.72065870 1.06300764 0.80548788 1.27002871 5.100185949673e+00 6.098746424450e-04 4.075061576593e-03 9.501194807132e-05 6.202397513172e-01
10 30 0 2.00548367 0.72065870 1.06300764 0.80548788 1.27002871 5.918414073559e+00 1.751950667950e-03 4.528445720239e-03 1.462502904868e-04 7.436247713274e-01
10 31 0 2.00548367 0.72065870 1.06300764 0.80548788 1.27002871 6.270223573052e+00 3.597660816079e-03 3.737467604335e-03 7.545515021653e-05 9.291990076091e-01
10 32 0 2.00548367 0.72065870 1.06300764 0.80548788 1.27002871 6.284752684148e+00 5.078656977485e-03 3.774475348659e-03 7.461118343935e-05 9.448033215650e-01
10 33 0 2.00548367 0.72065870 1.06300764 0.80548788 1.27002871 5.945232298351e+00 5.164873176507e-03 4.557284940776e-03 1.448309973339e-04 7.487183927103e-01
10 34 0 2.00548367 0.72065870 1.06300764 0.80548788 1.27002871 5.108600286369e+00 3.613971813737e-03 4.129535754058e-03 9.376513107998e-05 6.197255016460e-01
10 35 0 2.00548367 0.72065870 1.06300764 0.80548788 1.27002871 4.506082488973e+00 1.608774328593e-03 5.406358699976e-03 8.603733059774e-05 7.658465323046e-01
10 36 0 2.00548367 0.72065870 1.06300764 0.80548788 1.27002871 3.641261880273e+00 6.286868816902e-04 5.374512378091e-03 1.639092464974e-04 9.906704658427e-01
10 37 0 2.00548367 0.72065870 1.06300764 0.80548788 1.27002871 3.731410188561e+00 1.362373811464e-03 5.343820203607e-03 1.563766575378e-04 9.887498367480e-01
10 38 0 2.00548367 0.72065870 1.06300764 0.80548788 1.27002871 3.676748551252e+00 3.544267930517e-03 6.035767831749e-03 1.234682626103e-04 7.740081155738e-01
10 39 0 2.00548367 0.72065870 1.06300764 0.80548788 1.27002871 4.757938584998e+00 5.752045076832e-03 5.367000301201e-03 1.940933974306e-04 6.766739225493e-01
10 40 0 2.00548367 0.72065870 1.06300764 0.80548788 1.27002871 5.386193553166e+00 6.352937036302e-03 5.691823507986e-03 2.527024035295e-04 8.507244658977e-01
10 41 0 2.00548367 0.72065870 1.06300764 0.80548788 1.27002871 6.749929198591e+00 5.074100499110e-03 5.797953826911e-03 1.983152832976e-04 1.094848001024e+00
10 42 0 2.00548367 0.72065870 1.06300764 0.80548788 1.27002871 7.210355141218e+00 2.866904217750e-03 5.584594780483e-03 2.199918592286e-04 1.092978696014e+00
10 43 0 2.00548367 0.72065870 1.06300764 0.80548788 1.27002871 7.791114047852e+00 1.177095723396e-03 6.043641766529e-03 3.482904551170e-04 8.617074366596e-01
10 44 0 2.00548367 0.72065870 1.06300764 0.80548788 1.27002871 7.358160923377e+00 1.427076886677e-03 6.200565819316e-03 3.128644776130e-04 7.655290038184e-01
10 45 0 2.00548367 0.72065870 1.06300764 0.80548788 1.27002871 6.745497141064e+00 3.709359416725e-03 6.379604150242e-03 2.435773804385e-04 9.897643631735e-01
10 46 0 2.00548367 0.72065870 1.06300764 0.80548788 1.27002871 5.843122404865e+00 6.506298042443e-03 6.978458673788e-03 4.076447731783e-04 1.274901100430e+00
10 47 0 2.00548367 0.72065870 1.06300764 0.80548788 1.27002871 4.946548299252e+00 8.113158693582e-03 7.370726023890e-03 4.304724934735e-04 1.253209019077e+00
10 48 0 2.00548367 0.72065870 1.06300764 0.80548788 1.27002871 4.890599676660e+00 7.451005592376e-03 7.468869319721e-03 2.869438696299e-04 9.869643289539e-01
10 49 0 2.00548367 0.72065870 1.06300764 0.80548788 1.27002871 4.858401188948e+00 4.701694020488e-03 7.945851272251e-03 4.084665327617e-04 9.062900787621e-01
10 50 0 2.00548367 0.72065870 1.06300764 0.80548788 1.27002871 6.297222501119e+00 1.909271158307e-03 7.570605393926e-03 4.936860689678e-04 1.182772399993e+00
10 51 0 2.00548367 0.72065870 1.06300764 0.80548788 1.27002871 7.205072846406e+00 1.350436612049e-03 7.066274904281e-03 3.607910337128e-04 1.512259827677e+00
10 52 0 2.00548367 0.72065870 1.06300764 0.80548788 1.27002871 9.409655340724e+00 3.563088115971e-03 7.096388548869e-03 3.633287836171e-04 1.481046388176e+00
10 53 0 2.00548367 0.72065870 1.06300764 0.80548788 1.27002871 1.009528563853e+01 7.372870358679e-03 6.398589964012e-03 4.800540988087e-04 1.156904730399e+00
10 54 0 2.00548367 0.72065870 1.06300764 0.80548788 1.27002871 1.139920624957e+01 1.029276286013e-02 6.971807624444e-03 4.396564437320e-04 1.080103151074e+00
10 55 0 2.00548367 0.72065870 1.06300764 0.80548788 1.27002871 1.063078664257e+01 9.958643653836e-03 7.664251088886e-03 3.180348402244e-04 1.447580575463e+00
10 56 0 2.00548367 0.72065870 1.06300764 0.80548788 1.27002871 1.023033843663e+01 6.663263399515e-03 8.290977701076e-03 4.095738386812e-04 1.825122302881e+00
10 57 0 2.00548367 0.72065870 1.06300764 0.80548788 1.27002871 8.590625062927e+00 2.963031305649e-03 9.960711026894e-03 4.827945276457e-04 1.732588366098e+00
10 58 0 2.00548367 0.72065870 1.06300764 0.80548788 1.27002871 7.632355443424e+00 1.358649893488e-03 1.037772059020e-02 3.067781409388e-04 1.383658870532e+00
10 59 0 2.00548367 0.72065870 1.06300764 0.80548788 1.27002871 7.069999701284e+00 3.256993869832e-03 1.118993349378e-02 3.216591205841e-04 1.317414784568e+00
10 60 0 2.00548367 0.72065870 1.06300764 0.80548788 1.27002871 7.182695333513e+00 7.706947894259e-03 1.164264446339e-02 4.883212810608e-04 1.733824938748e+00
10 61 0 2.00548367 0.72065870 1.06300764 0.80548788 1.27002871 8.968123497122e+00 1.150698273960e-02 1.165399362227e-02 3.314905625710e-04 2.197083697887e+00
10 62 0 2.00548367 0.72065870 1.06300764 0.80548788 1.27002871 1.045931360100e+01 1.228239277296e-02 1.194620046298e-02 2.661531282399e-04 2.092377518722e+00
10 63 0 2.00548367 0.72065870 1.06300764 0.80548788 1.27002871 1.374436673623e+01 9.746001515748e-03 1.217872981465e-02 4.835882200163e-04 1.639972132547e+00
20 0 0 6.36491851 1.00969609 1.79521548 1.36824316 1.02162827 7.488351401031e+02 1.951423747919e-05 7.285019766108e-04 1.749025404401e-04 9.228390403905e-01
20 1 0 6.36491851 1.00969609 1.79521548 1.36824316 1.02162827 7.499622331827e+02 2.658176589532e-05 2.350413984611e-03 4.333406401343e-04 6.711053281571e-01
20 2 0 6.36491851 1.00969609 1.79521548 1.36824316 1.02162827 7.450766489197e+02 2.990809553486e-05 2.720644789369e-03 2.617038025752e-04 6.291883321010e-01
20 3 0 6.36491851 1.00969609 1.79521548 1.36824316 1.02162827 7.382789245650e+02 1.667475420600e-05 3.086916792574e-04 1.254342525228e-04 8.040138946257e-01
20 4 0 6.36491851 1.00969609 1.79521548 1.36824316 1.02162827 7.391069157777e+02 2.598026197901e-05 3.741781137407e-03 3.017791135932e-04 9.496783857747e-01
20 5 0 6.36491851 1.00969609 1.79521548 1.36824316 1.02162827 7.302322703621e+02 2.473909129336e-05 1.478263416628e-03 3.077763627734e-04 8.800596236919e-01
20 6 0 6.36491851 1.00969609 1.79521548 1.36824316 1.02162827 7.227198346070e+02 1.502437824616e-05 1.154132639888e-03 1.199141826622e-04 6.637448858001e-01
20 7 0 6.36491851 1.00969609 1.79521548 1.36824316 1.02162827 7.213038442401e+02 2.472465058736e-05 4.151815830720e-03 1.906733757394e-04 5.394469811842e-01
20 8 0 6.36491851 1.00969609 1.79521548 1.36824316 1.02162827 7.096936693293e+02 2.016558199033e-05 1.821109788678e-04 3.276694781566e-04 6.234180237939e-01
20 9 0 6.36491851 1.00969609 1.79521548 1.36824316 1.02162827 7.037227139240e+02 1.414874993741e-05 2.948203452838e-03 1.384857863262e-04 7.860649155657e-01
20 10 0 6.36491851 1.00969609 1.79521548 1.36824316 1.02162827 6.996939363430e+02 2.296398972771e-05 2.522621466113e-03 1.244207880767e-04 8.101772200485e-01
20 11 0 6.36491851 1.00969609 1.79521548 1.36824316 1.02162827 6.852872182524e+02 1.637570168394e-05 2.685179689651e-04 2.605232282330e-04 6.566341957725e-01
20 12 0 6.36491851 1.00969609 1.79521548 1.36824316 1.02162827 6.805104630547e+02 1.371838929247e-05 3.464707996813e-03 1.985805332954e-04 4.961851643085e-01
20 13 0 6.36491851 1.00969609 1.79521548 1.36824316 1.02162827 6.744077793894e+02 2.093210351052e-05 6.970598131212e-04 7.780851105574e-05 4.949678762483e-01
20 14 0 6.36491851 1.00969609 1.79521548 1.36824316 1.02162827 6.601557414460e+02 1.337230850773e-05 1.305926309877e-03 2.097659628630e-04 6.218323495511e-01
20 15 0 6.36491851 1.00969609 1.79521548 1.36824316 1.02162827 6.567903779996e+02 1.355340066543e-05 2.160182449206e-03 2.356273963477e-04 7.014088837946e-01
20 16 0 6.36491851 1.00969609 1.79521548 1.36824316 1.02162827 6.474821742615e+02 1.881829840208e-05 2.420914491047e-04 8.306078594588e-05 6.284768834090e-01
20 17 0 6.36491851 1.00969609 1.79521548 1.36824316 1.02162827 6.344408347010e+02 1.108746055884e-05 1.515121388710e-03 1.473083090808e-04 4.772649223761e-01
20 18 0 6.36491851 1.00969609 1.79521548 1.36824316 1.02162827 6.333580812526e+02 1.358463916589e-05 1.107215426172e-03 2.264825706143e-04 4.077913777794e-01
20 19 0 6.36491851 1.00969609 1.79521548 1.36824316 1.02162827 6.226205179490e+02 1.672499364453e-05 5.152220519195e-04 1.351538254284e-04 4.756377974355e-01
20 20 0 6.36491851 1.00969609 1.79521548 1.36824316 1.02162827 6.120440795097e+02 9.472547291035e-06 1.053466162843e-03 8.492749567965e-05 5.804400176266e-01
20 21 0 6.36491851 1.00969609 1.79521548 1.36824316 1.02162827 6.116811162697e+02 1.377455787410e-05 1.172900491592e-03 2.241712589309e-04 5.815298494321e-01
20 22 0 6.36491851 1.00969609 1.79521548 1.36824316 1.02162827 6.001167243485e+02 1.470167916898e-05 3.222966125065e-04 1.752455565947e-04 4.685155155773e-01
20 23 0 6.36491851 1.00969609 1.79521548 1.36824316 1.02162827 5.942400465671e+02 8.521467885266e-06 1.359839195691e-03 7.492335831166e-05 3.626030300176e-01
20 24 0 6.36491851 1.00969609 1.79521548 1.36824316 1.02162827 5.950883062350e+02 1.406310118975e-05 1.115607984539e-03 1.736640765687e-04 3.773134694058e-01
20 25 0 6.36491851 1.00969609 1.79521548 1.36824316 1.02162827 5.833691629855e+02 1.280172186333e-05 3.204311452712e-04 2.031827496917e-04 4.778315610254e-01
20 26 0 6.36491851 1.00969609 1.79521548 1.36824316 1.02162827 5.817691383030e+02 8.241493662365e-06 2.122995089518e-03 1.021890289624e-04 5.350812849939e-01
20 27 0 6.36491851 1.00969609 1.79521548 1.36824316 1.02162827 5.832540266826e+02 1.436334626041e-05 3.576543188781e-04 1.128264857194e-04 4.741802343785e-01
20 28 0 6.36491851 1.00969609 1.79521548 1.36824316 1.02162827 5.737310572031e+02 1.111536764231e-05 1.156078909786e-03 2.285798107393e-04 3.664158909673e-01
20 29 0 6.36491851 1.00969609 1.79521548 1.36824316 1.02162827 5.772701000654e+02 8.612687608458e-06 1.912675319057e-03 1.348475339189e-04 3.333500749394e-01
20 30 0 6.36491851 1.00969609 1.79521548 1.36824316 1.02162827 5.782421321977e+02 1.459127330332e-05 4.758010939483e-05 8.774095003515e-05 4.118126053089e-01
20 31 0 6.36491851 1.00969609 1.79521548 1.36824316 1.02162827 5.711449986872e+02 9.765190189417e-06 2.022153312415e-03 1.918777248250e-04 5.072900428905e-01
20 32 0 6.36491851 1.00969609 1.79521548 1.36824316 1.02162827 5.796279536415e+02 9.567356943991e-06 8.273472941633e-04 1.833691819954e-04 5.099178285380e-01
20 33 0 6.36491851 1.00969609 1.79521548 1.36824316 1.02162827 5.807205367642e+02 1.470001603529e-05 5.489868076924e-04 8.323710341239e-05 4.163083949079e-01
20 34 0 6.36491851 1.00969609 1.79521548 1.36824316 1.02162827 5.775359856255e+02 8.876936299746e-06 1.906246565600e-03 1.449137607176e-04 3.420061131445e-01
20 35 0 6.36491851 1.00969609 1.79521548 1.36824316 1.02162827 5.893481177038e+02 1.099828332192e-05 2.214325526363e-04 2.246895537641e-04 3.834558579957e-01
20 36 0 6.36491851 1.00969609 1.79521548 1.36824316 1.02162827 5.894079484417e+02 1.469679981809e-05 1.134637880936e-03 1.023170404851e-04 5.037557952665e-01
20 37 0 6.36491851 1.00969609 1.79521548 1.36824316 1.02162827 5.912178209146e+02 8.547121680973e-06 1.186179448878e-03 1.100749565220e-04 5.675227163211e-01
20 38 0 6.36491851 1.00969609 1.79521548 1.36824316 1.02162827 6.060242271419e+02 1.278779721566e-05 3.365127729510e-04 2.055039034987e-04 5.051668164508e-01
20 39 0 6.36491851 1.00969609 1.79521548 1.36824316 1.02162827 6.052206075277e+02 1.463401458985e-05 1.211765493692e-03 1.607293362858e-04 3.993226677152e-01
20 40 0 6.36491851 1.00969609 1.79521548 1.36824316 1.02162827 6.116084055324e+02 8.826263119641e-06 8.950031037777e-04 7.534066748014e-05 3.897096666533e-01
20 41 0 6.36491851 1.00969609 1.79521548 1.36824316 1.02162827 6.269037944065e+02 1.484108479141e-05 5.347591815902e-04 1.841607951901e-04 5.051546622795e-01
20 42 0 6.36491851 1.00969609 1.79521548 1.36824316 1.02162827 6.257985094332e+02 1.457767141866e-05 1.172954008054e-03 2.139575841725e-04 6.242926803169e-01
20 43 0 6.36491851 1.00969609 1.79521548 1.36824316 1.02162827 6.376812392275e+02 9.730485633980e-06 1.058195414310e-03 7.852212531216e-05 6.180668435778e-01
20 44 0 6.36491851 1.00969609 1.79521548 1.36824316 1.02162827 6.516955878724e+02 1.710169896848e-05 4.785229072078e-04 1.474646729914e-04 5.006979649956e-01
20 45 0 6.36491851 1.00969609 1.79521548 1.36824316 1.02162827 6.498361967987e+02 1.457028471627e-05 1.646997039542e-03 2.246448634013e-04 4.246637180370e-01
20 46 0 6.36491851 1.00969609 1.79521548 1.36824316 1.02162827 6.657532480395e+02 1.128091697477e-05 9.479025592176e-04 1.355552705991e-04 5.003692342639e-01
20 47 0 6.36491851 1.00969609 1.79521548 1.36824316 1.02162827 6.770807837370e+02 1.952951475045e-05 7.667105840171e-04 9.273932686183e-05 6.639630356425e-01
20 48 0 6.36491851 1.00969609 1.79521548 1.36824316 1.02162827 6.763584630060e+02 1.461846985658e-05 2.264242589093e-03 2.464341509954e-04 7.333750726730e-01
20 49 0 6.36491851 1.00969609 1.79521548 1.36824316 1.02162827 6.950261373954e+02 1.354691155076e-05 3.855483044729e-04 1.983755616225e-04 6.336713783614e-01
20 50 0 6.36491851 1.00969609 1.79521548 1.36824316 1.02162827 7.009774323091e+02 2.204202237670e-05 1.773216877340e-03 8.356200801754e-05 4.927111249466e-01
20 51 0 6.36491851 1.00969609 1.79521548 1.36824316 1.02162827 7.015888454019e+02 1.473228309371e-05 2.054009508674e-03 2.186483061002e-04 5.058605416100e-01
20 52 0 6.36491851 1.00969609 1.79521548 1.36824316 1.02162827 7.217424726034e+02 1.664969436216e-05 3.538492826697e-04 2.596782751501e-04 6.827373695431e-01
20 53 0 6.36491851 1.00969609 1.79521548 1.36824316 1.02162827 7.227280633527e+02 2.445575532611e-05 2.697872569654e-03 1.225145766669e-04 8.344819428706e-01
20 54 0 6.36491851 1.00969609 1.79521548 1.36824316 1.02162827 7.254989189660e+02 1.501045582543e-05 1.106762466993e-03 1.626021465062e-04 7.892678782215e-01
20 55 0 6.36491851 1.00969609 1.79521548 1.36824316 1.02162827 7.433491285534e+02 2.069350111595e-05 1.117430390951e-03 3.437049398507e-04 6.175567696774e-01
20 56 0 6.36491851 1.00969609 1.79521548 1.36824316 1.02162827 7.387440429776e+02 2.648790459953e-05 2.702937781251e-03 1.853309958437e-04 5.441155937981e-01
20 57 0 6.36491851 1.00969609 1.79521548 1.36824316 1.02162827 7.453674829007e+02 1.571732095924e-05 6.664590690006e-04 1.441682929503e-04 6.933379800279e-01
20 58 0 6.36491851 1.00969609 1.79521548 1.36824316 1.02162827 7.599158485393e+02 2.564143651337e-05 1.858883646620e-03 3.369550728406e-04 9.206580613950e-01
20 59 0 6.36491851 1.00969609 1.79521548 1.36824316 1.02162827 7.503913148227e+02 2.785551867015e-05 2.236456395573e-03 3.053601616636e-04 9.805641365015e-01
20 60 0 6.36491851 1.00969609 1.79521548 1.36824316 1.02162827 7.592672941292e+02 1.727548573860e-05 8.424476470500e-04 1.394027215993e-04 8.106001305570e-01
20 61 0 6.36491851 1.00969609 1.79521548 1.36824316 1.02162827 7.681107161659e+02 3.121323652086e-05 2.272402839626e-03 3.012407199988e-04 6.387735294541e-01
20 62 0 6.36491851 1.00969609 1.79521548 1.36824316 1.02162827 7.571732554026e+02 2.844015470855e-05 2.097782723715e-03 4.521965401316e-04 7.142546482261e-01
20 63 0 6.36491851 1.00969609 1.79521548 1.36824316 1.02162827 7.691663350251e+02 2.013854628294e-05 1.028701790450e-03 1.810512186242e-04 9.968277631119e-01
27 0 0 5.14681678 1.04260590 1.97084990 1.23383345 1.54987768 3.688038215044e+02 2.147580631489e-02 3.833829328810e-02 1.988769115260e-03 5.238177734455e+00
27 1 0 5.14681678 1.04260590 1.97084990 1.23383345 1.54987768 3.877312624260e+02 1.032878319455e-02 3.768146030045e-02 1.440587784385e-03 5.398426146385e+00
27 2 0 5.14681678 1.04260590 1.97084990 1.23383345 1.54987768 3.907608932089e+02 6.247374008543e-03 3.714251984312e-02 1.236300572739e-03 4.473921498244e+00
27 3 0 5.14681678 1.04260590 1.97084990 1.23383345 1.54987768 3.902733520067e+02 1.106048489591e-02 3.723748115581e-02 1.688799179647e-03 3.465652428977e+00
27 4 0 5.14681678 1.04260590 1.97084990 1.23383345 1.54987768 3.763645584170e+02 1.960376384285e-02 3.805126374211e-02 1.313001109495e-03 3.136510015654e+00
27 5 0 5.14681678 1.04260590 1.97084990 1.23383345 1.54987768 3.525596153305e+02 2.518358411423e-02 3.648027331080e-02 8.172706110505e-04 3.232341816003e+00
27 6 0 5.14681678 1.04260590 1.97084990 1.23383345 1.54987768 3.267312776947e+02 2.259412867144e-02 3.683154810142e-02 1.210382976791e-03 2.946405751571e+00
27 7 0 5.14681678 1.04260590 1.97084990 1.23383345 1.54987768 2.918629894449e+02 1.376126186770e-02 3.220033141692e-02 1.065550455401e-03 2.236966924202e+00
27 8 0 5.14681678 1.04260590 1.97084990 1.23383345 1.54987768 2.669504381352e+02 6.255870642379e-03 3.048061228726e-02 6.076605115114e-04 1.939229932012e+00
27 9 0 5.14681678 1.04260590 1.97084990 1.23383345 1.54987768 2.383513859680e+02 4.868257666902e-03 2.716220320050e-02 7.329286256623e-04 2.556991944965e+00
27 10 0 5.14681678 1.04260590 1.97084990 1.23383345 1.54987768 2.257444585619e+02 9.736394054708e-03 2.503951944988e-02 8.646679728512e-04 3.550661707638e+00
27 11 0 5.14681678 1.04260590 1.97084990 1.23383345 1.54987768 2.153413493153e+02 1.620383163803e-02 2.547205380419e-02 5.229021301765e-04 3.928103485917e+00
27 12 0 5.14681678 1.04260590 1.97084990 1.23383345 1.54987768 2.179727282120e+02 1.933953400802e-02 2.529702268000e-02 4.729321572891e-04 3.330573194633e+00
27 13 0 5.14681678 1.04260590 1.97084990 1.23383345 1.54987768 2.247673848578e+02 1.592336948973e-02 2.602563278458e-02 7.890251833503e-04 2.453614930440e+00
27 14 0 5.14681678 1.04260590 1.97084990 1.23383345 1.54987768 2.337996221336e+02 8.932440419258e-03 2.692017282272e-02 5.395006531222e-04 2.060085738991e+00
27 15 0 5.14681678 1.04260590 1.97084990 1.23383345 1.54987768 2.452985120264e+02 4.033474311183e-03 2.535881679078e-02 4.297142645716e-04 2.126250933465e+00
27 16 0 5.14681678 1.04260590 1.97084990 1.23383345 1.54987768 2.475735745257e+02 4.279183607504e-03 2.470140721899e-02 7.865726782109e-04 2.098823007047e+00
27 17 0 5.14681678 1.04260590 1.97084990 1.23383345 1.54987768 2.508568288556e+02 8.840627018876e-03 2.321047560148e-02 6.918012024560e-04 1.753356504957e+00
27 18 0 5.14681678 1.04260590 1.97084990 1.23383345 1.54987768 2.403114940726e+02 1.378268330955e-02 2.114207536228e-02 5.220855400485e-04 1.471320237405e+00
27 19 0 5.14681678 1.04260590 1.97084990 1.23383345 1.54987768 2.311947330090e+02 1.535471890499e-02 2.052395274751e-02 7.958358021847e-04 1.750580186974e+00
27 20 0 5.14681678 1.04260590 1.97084990 1.23383345 1.54987768 2.118646361470e+02 1.168906504355e-02 1.949520677865e-02 9.795606236782e-04 2.480799481671e+00
27 21 0 5.14681678 1.04260590 1.97084990 1.23383345 1.54987768 1.955823442877e+02 6.134130836188e-03 1.851792376588e-02 6.920747210949e-04 2.928256057905e+00
27 22 0 5.14681678 1.04260590 1.97084990 1.23383345 1.54987768 1.775989076538e+02 2.997376325556e-03 1.871516677586e-02 8.178581383266e-04 2.647031827740e+00
27 23 0 5.14681678 1.04260590 1.97084990 1.23383345 1.54987768 1.640575416421e+02 4.292554796096e-03 1.860630128022e-02 1.215914177505e-03 1.971726842665e+00
27 24 0 5.14681678 1.04260590 1.97084990 1.23383345 1.54987768 1.572473257174e+02 8.633867893702e-03 1.816795141982e-02 9.142192402260e-04 1.523556351061e+00
27 25 0 5.14681678 1.04260590 1.97084990 1.23383345 1.54987768 1.537360891607e+02 1.266674515836e-02 2.029181383628e-02 8.554957563853e-04 1.527115031339e+00
27 26 0 5.14681678 1.04260590 1.97084990 1.23383345 1.54987768 1.604396978076e+02 1.321100049637e-02 1.877298942474e-02 1.220484437852e-03 1.647398329177e+00
27 27 0 5.14681678 1.04260590 1.97084990 1.23383345 1.54987768 1.663203973979e+02 9.361492223905e-03 2.001915377973e-02 1.173676384826e-03 1.532675371394e+00
27 28 0 5.14681678 1.04260590 1.97084990 1.23383345 1.54987768 1.797619128733e+02 4.708536831776e-03 1.931345262627e-02 8.833669862396e-04 1.332253022796e+00
27 29 0 5.14681678 1.04260590 1.97084990 1.23383345 1.54987768 1.882662949873e+02 2.774295763479e-03 1.708432165024e-02 1.077860773174e-03 1.464333558592e+00
27 30 0 5.14681678 1.04260590 1.97084990 1.23383345 1.54987768 1.985855578479e+02 4.977731170704e-03 1.744600744419e-02 1.323259188425e-03 2.005484645569e+00
27 31 0 5.14681678 1.04260590 1.97084990 1.23383345 1.54987768 2.026667195197e+02 9.484579057262e-03 1.563106951211e-02 9.315785302454e-04 2.524419457506e+00
27 32 0 5.14681678 1.04260590 1.97084990 1.23383345 1.54987768 2.030815327733e+02 1.312132308503e-02 1.576735618626e-02 8.985729975948e-04 2.541030794669e+00
27 33 0 5.14681678 1.04260590 1.97084990 1.23383345 1.54987768 1.995464895482e+02 1.277019142212e-02 1.755064419073e-02 1.247788955934e-03 2.006000973950e+00
27 34 0 5.14681678 1.04260590 1.97084990 1.23383345 1.54987768 1.894768993610e+02 8.476369828349e-03 1.729597923440e-02 9.807398024743e-04 1.445153728361e+00
27 35 0 5.14681678 1.04260590 1.97084990 1.23383345 1.54987768 1.811619429566e+02 4.211928182742e-03 1.972524714246e-02 7.498768636249e-04 1.346890310785e+00
27 36 0 5.14681678 1.04260590 1.97084990 1.23383345 1.54987768 1.677899485057e+02 3.284436102333e-03 2.035834040902e-02 9.888487272253e-04 1.588661291793e+00
27 37 0 5.14681678 1.04260590 1.97084990 1.23383345 1.54987768 1.627482759336e+02 6.659546728152e-03 1.930800284920e-02 1.004988836525e-03 1.702996598648e+00
27 38 0 5.14681678 1.04260590 1.97084990 1.23383345 1.54987768 1.572450749375e+02 1.187202212567e-02 2.092729125205e-02 6.563348363617e-04 1.568768578335e+00
27 39 0 5.14681678 1.04260590 1.97084990 1.23383345 1.54987768 1.625443366893e+02 1.535711386058e-02 1.877767866065e-02 7.087809651728e-04 1.577306713166e+00
27 40 0 5.14681678 1.04260590 1.97084990 1.23383345 1.54987768 1.712102999375e+02 1.384795937611e-02 1.943017576028e-02 9.638152880867e-04 2.090351902170e+00
27 41 0 5.14681678 1.04260590 1.97084990 1.23383345 1.54987768 1.864160312148e+02 8.622100101959e-03 1.952885846329e-02 5.974861262213e-04 2.819156314796e+00
27 42 0 5.14681678 1.04260590 1.97084990 1.23383345 1.54987768 2.060427151722e+02 4.409326197084e-03 1.938030030288e-02 5.328449752726e-04 3.059806092907e+00
27 43 0 5.14681678 1.04260590 1.97084990 1.23383345 1.54987768 2.232370785673e+02 4.744530232010e-03 2.048915815996e-02 8.072734770381e-04 2.537984161914e+00
27 44 0 5.14681678 1.04260590 1.97084990 1.23383345 1.54987768 2.438351341197e+02 9.893839996396e-03 2.154706924780e-02 6.223983640259e-04 1.812796370258e+00
27 45 0 5.14681678 1.04260590 1.97084990 1.23383345 1.54987768 2.529411912245e+02 1.630235453564e-02 2.229285174997e-02 4.358912963724e-04 1.558387283267e+00
27 46 0 5.14681678 1.04260590 1.97084990 1.23383345 1.54987768 2.636759832374e+02 1.946973150218e-02 2.460231164622e-02 6.665579491141e-04 1.874999667427e+00
27 47 0 5.14681678 1.04260590 1.97084990 1.23383345 1.54987768 2.595616950070e+02 1.612818975496e-02 2.616956905805e-02 7.430528116320e-04 2.244561536319e+00
27 48 0 5.14681678 1.04260590 1.97084990 1.23383345 1.54987768 2.566222004727e+02 9.399283238007e-03 2.699569742580e-02 4.213699932427e-04 2.250297776480e+00
27 49 0 5.14681678 1.04260590 1.97084990 1.23383345 1.54987768 2.448226564182e+02 5.296851463962e-03 2.868594858287e-02 6.531417522595e-04 2.193226790099e+00
27 50 0 5.14681678 1.04260590 1.97084990 1.23383345 1.54987768 2.359885974677e+02 7.653511573283e-03 2.764004636474e-02 8.994416494020e-04 2.675009368238e+00
27 51 0 5.14681678 1.04260590 1.97084990 1.23383345 1.54987768 2.303998352093e+02 1.534289791419e-02 2.699512139554e-02 5.586449218079e-04 3.616486952583e+00
27 52 0 5.14681678 1.04260590 1.97084990 1.23383345 1.54987768 2.288219859171e+02 2.314758021663e-02 2.712569849435e-02 7.010991723221e-04 4.176488212631e+00
27 53 0 5.14681678 1.04260590 1.97084990 1.23383345 1.54987768 2.411603313212e+02 2.527209711306e-02 2.668804440278e-02 1.078872033457e-03 3.727372592890e+00
27 54 0 5.14681678 1.04260590 1.97084990 1.23383345 1.54987768 2.548819819726e+02 1.905451480706e-02 2.912947671629e-02 8.995226601487e-04 2.681675844120e+00
27 55 0 5.14681678 1.04260590 1.97084990 1.23383345 1.54987768 2.859339069215e+02 1.047113648046e-02 3.253066982278e-02 7.791977765317e-04 2.075013201561e+00
27 56 0 5.14681678 1.04260590 1.97084990 1.23383345 1.54987768 3.129812216138e+02 7.136610898839e-03 3.449598787813e-02 1.291809940381e-03 2.433541461964e+00
27 57 0 5.14681678 1.04260590 1.97084990 1.23383345 1.54987768 3.506550884131e+02 1.269172342608e-02 3.940328198813e-02 1.393373946011e-03 3.155037338905e+00
27 58 0 5.14681678 1.04260590 1.97084990 1.23383345 1.54987768 3.786928287716e+02 2.355733689917e-02 3.887924054282e-02 9.441065580234e-04 3.460562343013e+00
27 59 0 5.14681678 1.04260590 1.97084990 1.23383345 1.54987768 4.030424004727e+02 3.243665419475e-02 4.074493732874e-02 1.472658794018e-03 3.420459298636e+00
27 60 0 5.14681678 1.04260590 1.97084990 1.23383345 1.54987768 4.163980151833e+02 3.209403700135e-02 3.973926096330e-02 1.813597687847e-03 3.748636655497e+00
27 61 0 5.14681678 1.04260590 1.97084990 1.23383345 1.54987768 4.140708141027e+02 2.189961633148e-02 3.975129660992e-02 1.290830265688e-03 4.791862852214e+00
27 62 0 5.14681678 1.04260590 1.97084990 1.23383345 1.54987768 4.092243198457e+02 1.168041429343e-02 4.034464552066e-02 1.507210982869e-03 5.801270394257e+00
27 63 0 5.14681678 1.04260590 1.97084990 1.23383345 1.54987768 3.876330681200e+02 1.044262191313e-02 4.095552653748e-02 2.032533853185e-03 5.615091083125e+00
28 0 0 1.77324353 0.70842255 1.02789149 0.77820559 1.34553095 7.986489273651e+00 1.155143967691e-02 1.330718756425e-01 2.044362868440e-03 2.155619472169e+00
28 1 0 1.77324353 0.70842255 1.02789149 0.77820559 1.34553095 5.896150424419e+00 1.543792639170e-02 1.301111090419e-01 1.898475931057e-03 2.589216891720e+00
28 2 0 1.77324353 0.70842255 1.02789149 0.77820559 1.34553095 5.109240126912e+00 1.493275075733e-02 1.260447419632e-01 1.926018390098e-03 2.446389437597e+00
28 3 0 1.77324353 0.70842255 1.02789149 0.77820559 1.34553095 3.877935020380e+00 1.059387463668e-02 1.207931501511e-01 2.109379597259e-03 1.845569583012e+00
28 4 0 1.77324353 0.70842255 1.02789149 0.77820559 1.34553095 4.091051846490e+00 4.340389151133e-03 1.173894426730e-01 1.828967552207e-03 1.503615500036e+00
28 5 0 1.77324353 0.70842255 1.02789149 0.77820559 1.34553095 4.236652568437e+00 4.434366426449e-04 1.104331817288e-01 1.630151197139e-03 1.789955181435e+00
28 6 0 1.77324353 0.70842255 1.02789149 0.77820559 1.34553095 5.319118344556e+00 1.144257204735e-03 1.044810428892e-01 1.898451383680e-03 2.164839724949e+00
28 7 0 1.77324353 0.70842255 1.02789149 0.77820559 1.34553095 5.816170400688e+00 5.280746491384e-03 9.895990449516e-02 1.711351132673e-03 2.033827021101e+00
28 8 0 1.77324353 0.70842255 1.02789149 0.77820559 1.34553095 6.638579989507e+00 1.018422374160e-02 9.263374191438e-02 1.401568271019e-03 1.535083982103e+00
28 9 0 1.77324353 0.70842255 1.02789149 0.77820559 1.34553095 6.339305187897e+00 1.304253387713e-02 8.971091843246e-02 1.470333710433e-03 1.259627112999e+00
28 10 0 1.77324353 0.70842255 1.02789149 0.77820559 1.34553095 6.248907507515e+00 1.157370145561e-02 8.710745843023e-02 1.518444052166e-03 1.490553873677e+00
28 11 0 1.77324353 0.70842255 1.02789149 0.77820559 1.34553095 5.101326866958e+00 6.800224463207e-03 8.553966931132e-02 1.203534654679e-03 1.807540747345e+00
28 12 0 1.77324353 0.70842255 1.02789149 0.77820559 1.34553095 4.437920886475e+00 1.995497954411e-03 8.537931328695e-02 1.028094618516e-03 1.707100622920e+00
28 13 0 1.77324353 0.70842255 1.02789149 0.77820559 1.34553095 3.288324477264e+00 1.202472242925e-04 8.340215349923e-02 1.222194206908e-03 1.281646820768e+00
28 14 0 1.77324353 0.70842255 1.02789149 0.77820559 1.34553095 2.917876389298e+00 1.635894810695e-03 8.188946095675e-02 9.650231700823e-04 1.072281854187e+00
28 15 0 1.77324353 0.70842255 1.02789149 0.77820559 1.34553095 2.615074556828e+00 5.464663649618e-03 7.932487847411e-02 7.156367085002e-04 1.254522137053e+00
28 16 0 1.77324353 0.70842255 1.02789149 0.77820559 1.34553095 2.984725120637e+00 9.119130646199e-03 7.567471563196e-02 8.196267713181e-04 1.525261238941e+00
28 17 0 1.77324353 0.70842255 1.02789149 0.77820559 1.34553095 3.423570445038e+00 9.846969361950e-03 7.363143606724e-02 6.989764110908e-04 1.455784099113e+00
28 18 0 1.77324353 0.70842255 1.02789149 0.77820559 1.34553095 4.060676359157e+00 7.316077306163e-03 6.994806621840e-02 5.016587702464e-04 1.105542483573e+00
28 19 0 1.77324353 0.70842255 1.02789149 0.77820559 1.34553095 4.405884114971e+00 3.710499762029e-03 6.793134816769e-02 4.487469151980e-04 9.196897933136e-01
28 20 0 1.77324353 0.70842255 1.02789149 0.77820559 1.34553095 4.628809856280e+00 8.439558308828e-04 6.652792262593e-02 4.270048555205e-04 1.092780370602e+00
28 21 0 1.77324353 0.70842255 1.02789149 0.77820559 1.34553095 4.337750995418e+00 1.436308504366e-04 6.332577454487e-02 3.349483554819e-04 1.327938305418e+00
28 22 0 1.77324353 0.70842255 1.02789149 0.77820559 1.34553095 3.979677938776e+00 2.047810211931e-03 6.365021476842e-02 1.976951117824e-04 1.271264207073e+00
28 23 0 1.77324353 0.70842255 1.02789149 0.77820559 1.34553095 3.229906998356e+00 5.078582223399e-03 6.154985358994e-02 2.001193481791e-04 9.934280651854e-01
28 24 0 1.77324353 0.70842255 1.02789149 0.77820559 1.34553095 2.707723015259e+00 7.049506787070e-03 6.013353645970e-02 1.756836931833e-04 8.308813063599e-01
28 25 0 1.77324353 0.70842255 1.02789149 0.77820559 1.34553095 2.189633056683e+00 7.056597754919e-03 6.134716941801e-02 6.846492069884e-05 9.749075178892e-01
28 26 0 1.77324353 0.70842255 1.02789149 0.77820559 1.34553095 2.094148703775e+00 5.347121353278e-03 5.783903204755e-02 5.364303679479e-05 1.213176069484e+00
28 27 0 1.77324353 0.70842255 1.02789149 0.77820559 1.34553095 2.269281252515e+00 2.645875999505e-03 5.813036378540e-02 4.181660952470e-05 1.189877086562e+00
28 28 0 1.77324353 0.70842255 1.02789149 0.77820559 1.34553095 2.677777552148e+00 4.026422069481e-04 5.677871272299e-02 1.869867808060e-05 9.285634493013e-01
28 29 0 1.77324353 0.70842255 1.02789149 0.77820559 1.34553095 3.236269148477e+00 2.907528909290e-04 5.263376496358e-02 9.798891627134e-08 7.867736505687e-01
28 30 0 1.77324353 0.70842255 1.02789149 0.77820559 1.34553095 3.673769689581e+00 2.169672461769e-03 5.388931376895e-02 1.027867650934e-05 9.424581768545e-01
28 31 0 1.77324353 0.70842255 1.02789149 0.77820559 1.34553095 3.971178872918e+00 4.727917977036e-03 5.080843889404e-02 2.864595924153e-07 1.162403368396e+00
28 32 0 1.77324353 0.70842255 1.02789149 0.77820559 1.34553095 3.980510616324e+00 6.883883479072e-03 5.072775432733e-02 4.738023400348e-05 1.179434257723e+00
28 33 0 1.77324353 0.70842255 1.02789149 0.77820559 1.34553095 3.691251498144e+00 7.231957572905e-03 5.350913903243e-02 5.627239674542e-05 9.446509593746e-01
28 34 0 1.77324353 0.70842255 1.02789149 0.77820559 1.34553095 3.242817996079e+00 5.128136599909e-03 5.202000433538e-02 4.332337227847e-05 7.872667071079e-01
28 35 0 1.77324353 0.70842255 1.02789149 0.77820559 1.34553095 2.680368515465e+00 2.072410443987e-03 5.597427771380e-02 1.213267861013e-04 9.557493270291e-01
28 36 0 1.77324353 0.70842255 1.02789149 0.77820559 1.34553095 2.270219405418e+00 1.925091956624e-04 5.701520393143e-02 1.750594880807e-04 1.227058022231e+00
28 37 0 1.77324353 0.70842255 1.02789149 0.77820559 1.34553095 2.146733570658e+00 5.541271865398e-04 5.655558251323e-02 1.973339664086e-04 1.240241832403e+00
28 38 0 1.77324353 0.70842255 1.02789149 0.77820559 1.34553095 2.275079573234e+00 3.136501508284e-03 5.983309736202e-02 2.117595309074e-04 1.002175693560e+00
28 39 0 1.77324353 0.70842255 1.02789149 0.77820559 1.34553095 2.862073406652e+00 6.723989744774e-03 5.837029901846e-02 3.728186209302e-04 8.580183134810e-01
28 40 0 1.77324353 0.70842255 1.02789149 0.77820559 1.34553095 3.398984275687e+00 8.975482597461e-03 5.962559501365e-02 4.194103598056e-04 1.031384167501e+00
28 41 0 1.77324353 0.70842255 1.02789149 0.77820559 1.34553095 4.218829973653e+00 8.079789152951e-03 6.146847044380e-02 3.910808521805e-04 1.351014909421e+00
28 42 0 1.77324353 0.70842255 1.02789149 0.77820559 1.34553095 4.571059191770e+00 4.960032330205e-03 6.091805732721e-02 5.585121862736e-04 1.398364233013e+00
28 43 0 1.77324353 0.70842255 1.02789149 0.77820559 1.34553095 4.918352168310e+00 1.722927394151e-03 6.390419385966e-02 6.780287641516e-04 1.128463638550e+00
28 44 0 1.77324353 0.70842255 1.02789149 0.77820559 1.34553095 4.616208361898e+00 1.449137216650e-04 6.506022306060e-02 6.884422070914e-04 9.596849162858e-01
28 45 0 1.77324353 0.70842255 1.02789149 0.77820559 1.34553095 4.252355466964e+00 1.636973868384e-03 6.685961750966e-02 7.261838377802e-04 1.189176328113e+00
28 46 0 1.77324353 0.70842255 1.02789149 0.77820559 1.34553095 3.510055991100e+00 5.753868408409e-03 7.035600233443e-02 9.300920072685e-04 1.562733266360e+00
28 47 0 1.77324353 0.70842255 1.02789149 0.77820559 1.34553095 3.096619631463e+00 9.542550824569e-03 7.217544344004e-02 1.076050119008e-03 1.610824292754e+00
28 48 0 1.77324353 0.70842255 1.02789149 0.77820559 1.34553095 2.731618431370e+00 1.075731212973e-02 7.558889210747e-02 9.239735797618e-04 1.323146676500e+00
28 49 0 1.77324353 0.70842255 1.02789149 0.77820559 1.34553095 3.161967021399e+00 8.901038299115e-03 7.791448350277e-02 1.141983925563e-03 1.124490793019e+00
28 50 0 1.77324353 0.70842255 1.02789149 0.77820559 1.34553095 3.577592876558e+00 5.014043691286e-03 7.908323920819e-02 1.442482546191e-03 1.396477126455e+00
28 51 0 1.77324353 0.70842255 1.02789149 0.77820559 1.34553095 4.862755601151e+00 1.203699483195e-03 8.078552729025e-02 1.195203995650e-03 1.852722364307e+00
28 52 0 1.77324353 0.70842255 1.02789149 0.77820559 1.34553095 5.540547635469e+00 3.064425413205e-04 8.066753722681e-02 1.318311944661e-03 1.919580408778e+00
28 53 0 1.77324353 0.70842255 1.02789149 0.77820559 1.34553095 6.783943443172e+00 3.240003030620e-03 8.202367373629e-02 1.641704623643e-03 1.564616364186e+00
28 54 0 1.77324353 0.70842255 1.02789149 0.77820559 1.34553095 6.814294035893e+00 8.102389445115e-03 8.452325654177e-02 1.566927301021e-03 1.348365569025e+00
28 55 0 1.77324353 0.70842255 1.02789149 0.77820559 1.34553095 7.068150390410e+00 1.210600617057e-02 8.730354706425e-02 1.447138308329e-03 1.671781433098e+00
28 56 0 1.77324353 0.70842255 1.02789149 0.77820559 1.34553095 6.094379838792e+00 1.342256520423e-02 9.358091594614e-02 1.709426751374e-03 2.207708889779e+00
28 57 0 1.77324353 0.70842255 1.02789149 0.77820559 1.34553095 5.522581622730e+00 1.045080864333e-02 9.885346001502e-02 1.895342071727e-03 2.310677951548e+00
28 58 0 1.77324353 0.70842255 1.02789149 0.77820559 1.34553095 4.400967819441e+00 4.896204766972e-03 1.045883204562e-01 1.587004424121e-03 1.873532684574e+00
28 59 0 1.77324353 0.70842255 1.02789149 0.77820559 1.34553095 4.366176639167e+00 6.917500051691e-04 1.112695463772e-01 1.714411821547e-03 1.624602324180e+00
28 60 0 1.77324353 0.70842255 1.02789149 0.77820559 1.34553095 4.234828046996e+00 6.020125721067e-04 1.142477030004e-01 1.987355417040e-03 2.007153903226e+00
28 61 0 1.77324353 0.70842255 1.02789149 0.77820559 1.34553095 5.634831085527e+00 4.844900936046e-03 1.193561393790e-01 1.768471528464e-03 2.640584377597e+00
28 62 0 1.77324353 0.70842255 1.02789149 0.77820559 1.34553095 6.474104028941e+00 1.186697665041e-02 1.230605632917e-01 1.697076307124e-03 2.771010688571e+00
28 63 0 1.77324353 0.70842255 1.02789149 0.77820559 1.34553095 8.691530326291e+00 1.743625877471e-02 1.258237742347e-01 1.805791110274e-03 2.269121784741e+00
29 0 0 3.88383302 1.16936350 2.44261881 1.37341756 1.68063466 1.065912342360e+02 2.977762740493e-02 6.486573960868e-01 2.909043044973e-04 6.029628143710e+00
29 1 0 3.88383302 1.16936350 2.44261881 1.37341756 1.68063466 9.660709324022e+01 1.198991795630e-02 6.273780142552e-01 1.874524043623e-04 4.723161427647e+00
29 2 0 3.88383302 1.16936350 2.44261881 1.37341756 1.68063466 9.645270866743e+01 7.437730753502e-03 6.075669418655e-01 1.864887516874e-04 4.067882508755e+00
29 3 0 3.88383302 1.16936350 2.44261881 1.37341756 1.68063466 9.356666985255e+01 1.790406330018e-02 5.901063936991e-01 2.400425724661e-04 4.563380345128e+00
29 4 0 3.88383302 1.16936350 2.44261881 1.37341756 1.68063466 9.859705179959e+01 3.386148407319e-02 5.659707616124e-01 3.418222443712e-04 5.323551975883e+00
29 5 0 3.88383302 1.16936350 2.44261881 1.37341756 1.68063466 1.001637263465e+02 4.075999403013e-02 5.413529453125e-01 1.152624732238e-03 5.205082507867e+00
29 6 0 3.88383302 1.16936350 2.44261881 1.37341756 1.68063466 1.072106497197e+02 3.373317316576e-02 5.089061527620e-01 1.730740683403e-03 4.216856778469e+00
29 7 0 3.88383302 1.16936350 2.44261881 1.37341756 1.68063466 1.092148018053e+02 1.910428599446e-02 4.748164545031e-01 1.716318840281e-03 3.386237150292e+00
29 8 0 3.88383302 1.16936350 2.44261881 1.37341756 1.68063466 1.147704737285e+02 6.857809314472e-03 4.425416867328e-01 2.621429867699e-03 3.497305361950e+00
29 9 0 3.88383302 1.16936350 2.44261881 1.37341756 1.68063466 1.141747295611e+02 6.081191923588e-03 4.193910592286e-01 3.859606330516e-03 4.194171496747e+00
29 10 0 3.88383302 1.16936350 2.44261881 1.37341756 1.68063466 1.161236922168e+02 1.590023227064e-02 4.018869352649e-01 4.167911724634e-03 4.478054187849e+00
29 11 0 3.88383302 1.16936350 2.44261881 1.37341756 1.68063466 1.118926063557e+02 2.733443624463e-02 3.988416020011e-01 4.387886157376e-03 3.857498191532e+00
29 12 0 3.88383302 1.16936350 2.44261881 1.37341756 1.68063466 1.099231042627e+02 3.036795917770e-02 3.973146794215e-01 5.896019335809e-03 3.016338258076e+00
29 13 0 3.88383302 1.16936350 2.44261881 1.37341756 1.68063466 1.025087082840e+02 2.390057164981e-02 3.966293099077e-01 6.939235273229e-03 2.829791068861e+00
29 14 0 3.88383302 1.16936350 2.44261881 1.37341756 1.68063466 9.751609853987e+01 1.215088444529e-02 3.958401725956e-01 6.468956639156e-03 3.313855169971e+00
29 15 0 3.88383302 1.16936350 2.44261881 1.37341756 1.68063466 8.819025109212e+01 4.180446932022e-03 3.849790014351e-01 7.520439031918e-03 3.696164840518e+00
29 16 0 3.88383302 1.16936350 2.44261881 1.37341756 1.68063466 8.171811224009e+01 5.605648617287e-03 3.734764090005e-01 9.040714611200e-03 3.449549428980e+00
29 17 0 3.88383302 1.16936350 2.44261881 1.37341756 1.68063466 7.239730136132e+01 1.435356349852e-02 3.594308447870e-01 8.694566323314e-03 2.771050870297e+00
29 18 0 3.88383302 1.16936350 2.44261881 1.37341756 1.68063466 6.640845782369e+01 2.240025712003e-02 3.444328584143e-01 8.760368433707e-03 2.349279578222e+00
29 19 0 3.88383302 1.16936350 2.44261881 1.37341756 1.68063466 5.930152616846e+01 2.380818969487e-02 3.306442590690e-01 9.987500143805e-03 2.578728872203e+00
29 20 0 3.88383302 1.16936350 2.44261881 1.37341756 1.68063466 5.571184414723e+01 1.760815518941e-02 3.239039192521e-01 1.056300428655e-02 3.078291420744e+00
29 21 0 3.88383302 1.16936350 2.44261881 1.37341756 1.68063466 5.237439960319e+01 8.064364908950e-03 3.095271772814e-01 9.638644208194e-03 3.153305125239e+00
29 22 0 3.88383302 1.16936350 2.44261881 1.37341756 1.68063466 5.216448023434e+01 3.057090665827e-03 3.078358837745e-01 1.008620572330e-02 2.666141544858e+00
29 23 0 3.88383302 1.16936350 2.44261881 1.37341756 1.68063466 5.267020996260e+01 5.835808837404e-03 3.017364881509e-01 1.124182776215e-02 2.165673432716e+00
29 24 0 3.88383302 1.16936350 2.44261881 1.37341756 1.68063466 5.532803854759e+01 1.365232672433e-02 2.940806552603e-01 1.018686422781e-02 2.191951761565e+00
29 25 0 3.88383302 1.16936350 2.44261881 1.37341756 1.68063466 5.837962921701e+01 1.998851251427e-02 2.991823510787e-01 9.684281591085e-03 2.644507721812e+00
29 26 0 3.88383302 1.16936350 2.44261881 1.37341756 1.68063466 6.234074841422e+01 2.051167848581e-02 2.856543192709e-01 1.046884296997e-02 2.920843531081e+00
29 27 0 3.88383302 1.16936350 2.44261881 1.37341756 1.68063466 6.613899222631e+01 1.399276338090e-02 2.839422479434e-01 1.017416920107e-02 2.641720278027e+00
29 28 0 3.88383302 1.16936350 2.44261881 1.37341756 1.68063466 6.978575554959e+01 6.047909458675e-03 2.746164976882e-01 8.943851169312e-03 2.139897818452e+00
29 29 0 3.88383302 1.16936350 2.44261881 1.37341756 1.68063466 7.280756926713e+01 2.913479029366e-03 2.572775737221e-01 8.788016913702e-03 1.978942365030e+00
29 30 0 3.88383302 1.16936350 2.44261881 1.37341756 1.68063466 7.504511067277e+01 6.832789849321e-03 2.546643628323e-01 9.196213759779e-03 2.308078869754e+00
29 31 0 3.88383302 1.16936350 2.44261881 1.37341756 1.68063466 7.628584165432e+01 1.453660201699e-02 2.433618324036e-01 7.915535285734e-03 2.722223366829e+00
29 32 0 3.88383302 1.16936350 2.44261881 1.37341756 1.68063466 7.647400680797e+01 2.053778102009e-02 2.435848045987e-01 6.855663084645e-03 2.757766409581e+00
29 33 0 3.88383302 1.16936350 2.44261881 1.37341756 1.68063466 7.545214924980e+01 1.978583991781e-02 2.547899390667e-01 7.251714401665e-03 2.348855396809e+00
29 34 0 3.88383302 1.16936350 2.44261881 1.37341756 1.68063466 7.336336846790e+01 1.261041593083e-02 2.576161109306e-01 6.455874099310e-03 1.999370760970e+00
29 35 0 3.88383302 1.16936350 2.44261881 1.37341756 1.68063466 7.030783334263e+01 5.374596486681e-03 2.754991846384e-01 5.111066712163e-03 2.195164779190e+00
29 36 0 3.88383302 1.16936350 2.44261881 1.37341756 1.68063466 6.650022974435e+01 3.559171329056e-03 2.848274714551e-01 4.805479538724e-03 2.756794639103e+00
29 37 0 3.88383302 1.16936350 2.44261881 1.37341756 1.68063466 6.261396998432e+01 9.034065602919e-03 2.872349321609e-01 4.629584621410e-03 3.021919709177e+00
29 38 0 3.88383302 1.16936350 2.44261881 1.37341756 1.68063466 5.865306508197e+01 1.801970213140e-02 3.011757595140e-01 3.557110733956e-03 2.700969342735e+00
29 39 0 3.88383302 1.16936350 2.44261881 1.37341756 1.68063466 5.592936678038e+01 2.397973720052e-02 2.962542289848e-01 2.610307040034e-03 2.229177347727e+00
29 40 0 3.88383302 1.16936350 2.44261881 1.37341756 1.68063466 5.378561272060e+01 2.135496796538e-02 3.046342714710e-01 2.702446454424e-03 2.232275806423e+00
29 41 0 3.88383302 1.16936350 2.44261881 1.37341756 1.68063466 5.415601372995e+01 1.300175414656e-02 3.107710985599e-01 2.066421782419e-03 2.790194441096e+00
29 42 0 3.88383302 1.16936350 2.44261881 1.37341756 1.68063466 5.510951274904e+01 5.471145005721e-03 3.128338381696e-01 1.146499936478e-03 3.303196153385e+00
29 43 0 3.88383302 1.16936350 2.44261881 1.37341756 1.68063466 5.945880492520e+01 5.204655013309e-03 3.276084917946e-01 1.036704847597e-03 3.210636692738e+00
29 44 0 3.88383302 1.16936350 2.44261881 1.37341756 1.68063466 6.351569979443e+01 1.341796286292e-02 3.345792939476e-01 8.230990365813e-04 2.706953908883e+00
29 45 0 3.88383302 1.16936350 2.44261881 1.37341756 1.68063466 7.135965357480e+01 2.485625138953e-02 3.490244916599e-01 3.310134643982e-04 2.495387023678e+00
29 46 0 3.88383302 1.16936350 2.44261881 1.37341756 1.68063466 7.751988591181e+01 3.013322663493e-02 3.646509576310e-01 1.259983777463e-04 2.973956820349e+00
29 47 0 3.88383302 1.16936350 2.44261881 1.37341756 1.68063466 8.743823522810e+01 2.508883939936e-02 3.792717959967e-01 1.420669350267e-04 3.736168311375e+00
29 48 0 3.88383302 1.16936350 2.44261881 1.37341756 1.68063466 9.414691947341e+01 1.434797068456e-02 3.911443510772e-01 8.069412840325e-06 3.999542408488e+00
29 49 0 3.88383302 1.16936350 2.44261881 1.37341756 1.68063466 1.042735988859e+02 6.127622289667e-03 4.021885368616e-01 1.309377054520e-04 3.484605042768e+00
29 50 0 3.88383302 1.16936350 2.44261881 1.37341756 1.68063466 1.095532920516e+02 8.486708726280e-03 4.023722698967e-01 2.608098259271e-04 2.944116069722e+00
29 51 0 3.88383302 1.16936350 2.44261881 1.37341756 1.68063466 1.177481077876e+02 2.118343958009e-02 4.027571915635e-01 2.432839580601e-04 3.232587672751e+00
29 52 0 3.88383302 1.16936350 2.44261881 1.37341756 1.68063466 1.194985138853e+02 3.524567729126e-02 4.037656248392e-01 7.770707896389e-04 4.176638082874e+00
29 53 0 3.88383302 1.16936350 2.44261881 1.37341756 1.68063466 1.238196193936e+02 3.883043319921e-02 4.066470263540e-01 1.247615125339e-03 4.750194110010e+00
29 54 0 3.88383302 1.16936350 2.44261881 1.37341756 1.68063466 1.208582145806e+02 3.032803369490e-02 4.248877711033e-01 1.293450665126e-03 4.401168784656e+00
29 55 0 3.88383302 1.16936350 2.44261881 1.37341756 1.68063466 1.208288401579e+02 1.570947403672e-02 4.485659361304e-01 1.774269286057e-03 3.691684588017e+00
29 56 0 3.88383302 1.16936350 2.44261881 1.37341756 1.68063466 1.140742233810e+02 7.509032369647e-03 4.820918068407e-01 2.992316197165e-03 3.666485915717e+00
29 57 0 3.88383302 1.16936350 2.44261881 1.37341756 1.68063466 1.117488292085e+02 1.443777311455e-02 5.169658243839e-01 3.212053052460e-03 4.639614269223e+00
29 58 0 3.88383302 1.16936350 2.44261881 1.37341756 1.68063466 1.042349398917e+02 3.315061381139e-02 5.500140003515e-01 3.233045287474e-03 5.681600261159e+00
29 59 0 3.88383302 1.16936350 2.44261881 1.37341756 1.68063466 1.035290425225e+02 4.874174421490e-02 5.750708685272e-01 5.042304144449e-03 5.705004435228e+00
29 60 0 3.88383302 1.16936350 2.44261881 1.37341756 1.68063466 9.891922682623e+01 4.971778991644e-02 5.993847108752e-01 5.732855828853e-03 4.843642889057e+00
29 61 0 3.88383302 1.16936350 2.44261881 1.37341756 1.68063466 1.034540337481e+02 3.557521316126e-02 6.171116890896e-01 5.515717184643e-03 4.355466764777e+00
29 62 0 3.88383302 1.16936350 2.44261881 1.37341756 1.68063466 1.042360942117e+02 1.641336445459e-02 6.370033765871e-01 6.867228860972e-03 5.109002841647e+00
29 63 0 3.88383302 1.16936350 2.44261881 1.37341756 1.68063466 1.157165241718e+02 1.021327842485e-02 6.586709322263e-01 8.618759830858e-03 6.489102988983e+00
