# environment=00266 local_bs=1 gain_scale=7.867052304359e-14
# ue subcarrier serving_bs phi0 phi1 phi2 phi3 phi4 gain0 gain1 gain2 gain3 gain4
1 0 1 1.41097579 1.69170405 0.88763949 2.53762509 0.88601966 1.006717799747e-01 2.749046446863e+01 2.022122739291e+00 1.049205311171e-01 1.588117995968e-02
1 1 1 1.41097579 1.69170405 0.88763949 2.53762509 0.88601966 3.177787332961e-01 2.642723093539e+01 1.944161192098e+00 1.128887875146e-01 9.724675256640e-03
1 2 1 1.41097579 1.69170405 0.88763949 2.53762509 0.88601966 6.479043485505e-01 2.570464256492e+01 1.869419929520e+00 8.943762756980e-02 7.474992581754e-03
1 3 1 1.41097579 1.69170405 0.88763949 2.53762509 0.88601966 9.345902741575e-01 2.463520195972e+01 1.790296438256e+00 8.093487646364e-02 1.200824243872e-02
1 4 1 1.41097579 1.69170405 0.88763949 2.53762509 0.88601966 1.048129262461e+00 2.352525527338e+01 1.745015427346e+00 8.378267665385e-02 1.969459616001e-02
1 5 1 1.41097579 1.69170405 0.88763949 2.53762509 0.88601966 9.583192593136e-01 2.248299111323e+01 1.711820508396e+00 1.085370441573e-01 2.126202494913e-02
1 6 1 1.41097579 1.69170405 0.88763949 2.53762509 0.88601966 7.098609054825e-01 2.131805319718e+01 1.658964345099e+00 9.670395683066e-02 1.569710582962e-02
1 7 1 1.41097579 1.69170405 0.88763949 2.53762509 0.88601966 3.932381369747e-01 2.046411572315e+01 1.591053737632e+00 7.130648470719e-02 1.058669738406e-02
1 8 1 1.41097579 1.69170405 0.88763949 2.53762509 0.88601966 1.372326512857e-01 1.994401422920e+01 1.500573919531e+00 7.435191789171e-02 9.888502572941e-03
1 9 1 1.41097579 1.69170405 0.88763949 2.53762509 0.88601966 4.648568216284e-02 1.904430378941e+01 1.415065371595e+00 9.992023066833e-02 1.320934147096e-02
1 10 1 1.41097579 1.69170405 0.88763949 2.53762509 0.88601966 1.375026977591e-01 1.803211253492e+01 1.367172447589e+00 9.524319959962e-02 1.610365859084e-02
1 11 1 1.41097579 1.69170405 0.88763949 2.53762509 0.88601966 3.528427124407e-01 1.733398979346e+01 1.323512791139e+00 6.828891934012e-02 1.258130141441e-02
1 12 1 1.41097579 1.69170405 0.88763949 2.53762509 0.88601966 5.934470818223e-01 1.646429082347e+01 1.266395796185e+00 6.857064937761e-02 5.533164355940e-03
1 13 1 1.41097579 1.69170405 0.88763949 2.53762509 0.88601966 7.427345372015e-01 1.584526245484e+01 1.216427999209e+00 8.058567943980e-02 2.372466611765e-03
1 14 1 1.41097579 1.69170405 0.88763949 2.53762509 0.88601966 7.295959562777e-01 1.577499530625e+01 1.181572939265e+00 8.764998943347e-02 3.272037530492e-03
1 15 1 1.41097579 1.69170405 0.88763949 2.53762509 0.88601966 5.736562610583e-01 1.549081326023e+01 1.161280070513e+00 6.815307886586e-02 4.724451939362e-03
1 16 1 1.41097579 1.69170405 0.88763949 2.53762509 0.88601966 3.496035751945e-01 1.509207860067e+01 1.133820654334e+00 6.007248637931e-02 5.043134158039e-03
1 17 1 1.41097579 1.69170405 0.88763949 2.53762509 0.88601966 1.425768059978e-01 1.480426188022e+01 1.082434641350e+00 6.331819436953e-02 3.519213653521e-03
1 18 1 1.41097579 1.69170405 0.88763949 2.53762509 0.88601966 3.376837727444e-02 1.432420438887e+01 1.031725143484e+00 7.228588734886e-02 1.225409804080e-03
1 19 1 1.41097579 1.69170405 0.88763949 2.53762509 0.88601966 6.535442948361e-02 1.391793312265e+01 9.966753556006e-01 6.531616544426e-02 2.453645542094e-04
1 20 1 1.41097579 1.69170405 0.88763949 2.53762509 0.88601966 2.110935628607e-01 1.359147784168e+01 9.670892613853e-01 5.479408234396e-02 1.024888392052e-03
1 21 1 1.41097579 1.69170405 0.88763949 2.53762509 0.88601966 4.034113522007e-01 1.318614921987e+01 9.382929365346e-01 4.819903816259e-02 2.849494516355e-03
1 22 1 1.41097579 1.69170405 0.88763949 2.53762509 0.88601966 5.662378844552e-01 1.289263965615e+01 9.142517945753e-01 5.306013767331e-02 5.129643787923e-03
1 23 1 1.41097579 1.69170405 0.88763949 2.53762509 0.88601966 6.274156213455e-01 1.255574686423e+01 9.062530491295e-01 6.537787244946e-02 6.605873069396e-03
1 24 1 1.41097579 1.69170405 0.88763949 2.53762509 0.88601966 5.551532384942e-01 1.221865781899e+01 9.134788345588e-01 5.043276528411e-02 5.538540065971e-03
1 25 1 1.41097579 1.69170405 0.88763949 2.53762509 0.88601966 3.870021926981e-01 1.206538088628e+01 9.204842745553e-01 3.376625984792e-02 3.156293195793e-03
1 26 1 1.41097579 1.69170405 0.88763949 2.53762509 0.88601966 1.968522710278e-01 1.199254234093e+01 9.173793469255e-01 4.704101647304e-02 3.115427627197e-03
1 27 1 1.41097579 1.69170405 0.88763949 2.53762509 0.88601966 5.334715805120e-02 1.198568575899e+01 8.964194902443e-01 6.167667337406e-02 5.730085779981e-03
1 28 1 1.41097579 1.69170405 0.88763949 2.53762509 0.88601966 1.099521796546e-02 1.181835029281e+01 8.695370428108e-01 3.930365642018e-02 8.264918263213e-03
1 29 1 1.41097579 1.69170405 0.88763949 2.53762509 0.88601966 8.991269949177e-02 1.158620188720e+01 8.589616954491e-01 3.448756884623e-02 8.408542543944e-03
1 30 1 1.41097579 1.69170405 0.88763949 2.53762509 0.88601966 2.542599609742e-01 1.142384387107e+01 8.568358174134e-01 4.557193362073e-02 4.829974098588e-03
1 31 1 1.41097579 1.69170405 0.88763949 2.53762509 0.88601966 4.374127141998e-01 1.137106994152e+01 8.637129779552e-01 4.389210328960e-02 1.099129075912e-03
1 32 1 1.41097579 1.69170405 0.88763949 2.53762509 0.88601966 5.744947687497e-01 1.191814920362e+01 8.939476793087e-01 4.379138856048e-02 3.465062771648e-03
1 33 1 1.41097579 1.69170405 0.88763949 2.53762509 0.88601966 6.085178436695e-01 1.257011627364e+01 9.277465159215e-01 4.551234458293e-02 9.650443433457e-03
1 34 1 1.41097579 1.69170405 0.88763949 2.53762509 0.88601966 5.154616993129e-01 1.282870258636e+01 9.549890291008e-01 3.521722247138e-02 1.221562235676e-02
1 35 1 1.41097579 1.69170405 0.88763949 2.53762509 0.88601966 3.358887310964e-01 1.305552230335e+01 9.859494358927e-01 4.074280549549e-02 1.021988104823e-02
1 36 1 1.41097579 1.69170405 0.88763949 2.53762509 0.88601966 1.500958669334e-01 1.322858038161e+01 1.003890964131e+00 6.322180366123e-02 6.899289150540e-03
1 37 1 1.41097579 1.69170405 0.88763949 2.53762509 0.88601966 3.106082347688e-02 1.338538271668e+01 1.004110840743e+00 4.806804331120e-02 5.276818942602e-03
1 38 1 1.41097579 1.69170405 0.88763949 2.53762509 0.88601966 2.938259815119e-02 1.381111018483e+01 1.009451574935e+00 3.514389201023e-02 7.412403654961e-03
1 39 1 1.41097579 1.69170405 0.88763949 2.53762509 0.88601966 1.556574739548e-01 1.436703994582e+01 1.031566528115e+00 5.321797260670e-02 1.009090922182e-02
1 40 1 1.41097579 1.69170405 0.88763949 2.53762509 0.88601966 3.586481169896e-01 1.475237745088e+01 1.075131964427e+00 6.870469386887e-02 8.499459289213e-03
1 41 1 1.41097579 1.69170405 0.88763949 2.53762509 0.88601966 5.535260460895e-01 1.518637092908e+01 1.132345229111e+00 5.536678111796e-02 4.141725999345e-03
1 42 1 1.41097579 1.69170405 0.88763949 2.53762509 0.88601966 6.681035079135e-01 1.566578182883e+01 1.185542490566e+00 5.050711826499e-02 1.106020652669e-03
1 43 1 1.41097579 1.69170405 0.88763949 2.53762509 0.88601966 6.539676940320e-01 1.601784831429e+01 1.233684873468e+00 5.843066545741e-02 6.292250619325e-04
1 44 1 1.41097579 1.69170405 0.88763949 2.53762509 0.88601966 5.045054626950e-01 1.658489472928e+01 1.284128327253e+00 6.977213897691e-02 2.012284749854e-03
1 45 1 1.41097579 1.69170405 0.88763949 2.53762509 0.88601966 2.845673854140e-01 1.713045771531e+01 1.341921032235e+00 7.648896898403e-02 3.432328879656e-03
1 46 1 1.41097579 1.69170405 0.88763949 2.53762509 0.88601966 1.005370123669e-01 1.748999754301e+01 1.394587920741e+00 6.657827058397e-02 3.332991415305e-03
1 47 1 1.41097579 1.69170405 0.88763949 2.53762509 0.88601966 3.584289248667e-02 1.814667477853e+01 1.424466198384e+00 6.399854099998e-02 2.116473519332e-03
1 48 1 1.41097579 1.69170405 0.88763949 2.53762509 0.88601966 1.263919736240e-01 1.871613714503e+01 1.457572219648e+00 7.349551775113e-02 9.965161313995e-04
1 49 1 1.41097579 1.69170405 0.88763949 2.53762509 0.88601966 3.488535428057e-01 1.927839816924e+01 1.520747393629e+00 9.327363579691e-02 6.376425069503e-04
1 50 1 1.41097579 1.69170405 0.88763949 2.53762509 0.88601966 6.097591063839e-01 2.052334161048e+01 1.598765058729e+00 8.499535699944e-02 1.987155882278e-03
1 51 1 1.41097579 1.69170405 0.88763949 2.53762509 0.88601966 7.941645037589e-01 2.181548262031e+01 1.676185018694e+00 7.280284108445e-02 6.227228341126e-03
1 52 1 1.41097579 1.69170405 0.88763949 2.53762509 0.88601966 8.332660195400e-01 2.287872459653e+01 1.741996314373e+00 7.329954610569e-02 1.080390093997e-02
1 53 1 1.41097579 1.69170405 0.88763949 2.53762509 0.88601966 7.116273703146e-01 2.404882208087e+01 1.810733337260e+00 1.019510857413e-01 1.073439395094e-02
1 54 1 1.41097579 1.69170405 0.88763949 2.53762509 0.88601966 4.656008160555e-01 2.496114545292e+01 1.912211838466e+00 1.059565924282e-01 7.453877433029e-03
1 55 1 1.41097579 1.69170405 0.88763949 2.53762509 0.88601966 2.010040650941e-01 2.577854588015e+01 2.007589202641e+00 7.820342539376e-02 6.862963213999e-03
1 56 1 1.41097579 1.69170405 0.88763949 2.53762509 0.88601966 4.844024141465e-02 2.680396836301e+01 2.062130318874e+00 7.613082167376e-02 1.066660142324e-02
1 57 1 1.41097579 1.69170405 0.88763949 2.53762509 0.88601966 8.240679404475e-02 2.809277499569e+01 2.109875238124e+00 1.041745833574e-01 1.707322689727e-02
1 58 1 1.41097579 1.69170405 0.88763949 2.53762509 0.88601966 3.030441254612e-01 2.951484969101e+01 2.165366428582e+00 1.152791022570e-01 2.083107692596e-02
1 59 1 1.41097579 1.69170405 0.88763949 2.53762509 0.88601966 6.417864397395e-01 3.043740069927e+01 2.246409390657e+00 8.793435372197e-02 1.667898656007e-02
1 60 1 1.41097579 1.69170405 0.88763949 2.53762509 0.88601966 9.597727142009e-01 3.147850452937e+01 2.370117937773e+00 8.604334505123e-02 1.024927439750e-02
1 61 1 1.41097579 1.69170405 0.88763949 2.53762509 0.88601966 1.116369477275e+00 3.259056747564e+01 2.487385488181e+00 9.645428652127e-02 1.095351926789e-02
1 62 1 1.41097579 1.69170405 0.88763949 2.53762509 0.88601966 1.059837360367e+00 3.351515564179e+01 2.591786924569e+00 1.207460411912e-01 1.848896255419e-02
1 63 1 1.41097579 1.69170405 0.88763949 2.53762509 0.88601966 8.221937311526e-01 3.501675775599e+01 2.722513132260e+00 1.108917341050e-01 2.658503713812e-02
8 0 1 0.80029169 0.87740523 1.21993211 1.25367308 0.65363614 1.476431756522e-02 9.073031272905e-01 3.978495850196e-02 2.469696668253e-03 7.106475012444e-03
8 1 1 0.80029169 0.87740523 1.21993211 1.25367308 0.65363614 1.445760338405e-02 8.901022423686e-01 3.389970945728e-02 2.062285868841e-03 6.912509835501e-03
8 2 1 0.80029169 0.87740523 1.21993211 1.25367308 0.65363614 1.448698843168e-02 8.645104586068e-01 2.773269731464e-02 1.506795948759e-03 6.718247891221e-03
8 3 1 0.80029169 0.87740523 1.21993211 1.25367308 0.65363614 1.467533596202e-02 8.363189847848e-01 3.016068375535e-02 1.897597661804e-03 6.137766606835e-03
8 4 1 0.80029169 0.87740523 1.21993211 1.25367308 0.65363614 1.430041539123e-02 8.126338708109e-01 4.790452468080e-02 2.264936884378e-03 5.151589164196e-03
8 5 1 0.80029169 0.87740523 1.21993211 1.25367308 0.65363614 1.292573162209e-02 7.962876303021e-01 5.565348952372e-02 1.663234856090e-03 4.101094282513e-03
8 6 1 0.80029169 0.87740523 1.21993211 1.25367308 0.65363614 1.104433938799e-02 7.842970087134e-01 5.030990142572e-02 1.061080319447e-03 3.031818172677e-03
8 7 1 0.80029169 0.87740523 1.21993211 1.25367308 0.65363614 9.649560750907e-03 7.711559583897e-01 5.286259140831e-02 1.445825756196e-03 2.136413080473e-03
8 8 1 0.80029169 0.87740523 1.21993211 1.25367308 0.65363614 9.230063675396e-03 7.537670232724e-01 5.103321413961e-02 2.074773947913e-03 1.967193187090e-03
8 9 1 0.80029169 0.87740523 1.21993211 1.25367308 0.65363614 9.381298945329e-03 7.337728777974e-01 3.960846805098e-02 2.111696607457e-03 2.498448278024e-03
8 10 1 0.80029169 0.87740523 1.21993211 1.25367308 0.65363614 9.386972397365e-03 7.155805325565e-01 3.885444163188e-02 2.144628126678e-03 3.235007532453e-03
8 11 1 0.80029169 0.87740523 1.21993211 1.25367308 0.65363614 8.949881292965e-03 7.021149367174e-01 4.057277080587e-02 2.760143586067e-03 4.152737322262e-03
8 12 1 0.80029169 0.87740523 1.21993211 1.25367308 0.65363614 8.240920371036e-03 6.921091929616e-01 3.604850072945e-02 3.283980280622e-03 5.206595848822e-03
8 13 1 0.80029169 0.87740523 1.21993211 1.25367308 0.65363614 7.433164002529e-03 6.812046070800e-01 4.191241121122e-02 3.073656418852e-03 5.834135704081e-03
8 14 1 0.80029169 0.87740523 1.21993211 1.25367308 0.65363614 6.479487828398e-03 6.657862126244e-01 5.240669725600e-02 2.596457704969e-03 5.941887155950e-03
8 15 1 0.80029169 0.87740523 1.21993211 1.25367308 0.65363614 5.384504952361e-03 6.462085450348e-01 5.292732260659e-02 2.332545307572e-03 5.953682149081e-03
8 16 1 0.80029169 0.87740523 1.21993211 1.25367308 0.65363614 4.454022151743e-03 6.266917005030e-01 5.151070603037e-02 1.944037279991e-03 5.689386981573e-03
8 17 1 0.80029169 0.87740523 1.21993211 1.25367308 0.65363614 4.058074596553e-03 6.120163241345e-01 5.020005054282e-02 1.219572019842e-03 4.857710899244e-03
8 18 1 0.80029169 0.87740523 1.21993211 1.25367308 0.65363614 4.173678130431e-03 6.037651156548e-01 4.566759417961e-02 6.211371368998e-04 4.017723505910e-03
8 19 1 0.80029169 0.87740523 1.21993211 1.25367308 0.65363614 4.325508005453e-03 5.991267251275e-01 4.296558677481e-02 3.930004220367e-04 3.607868036408e-03
8 20 1 0.80029169 0.87740523 1.21993211 1.25367308 0.65363614 4.044007939249e-03 5.931054892146e-01 3.826180166864e-02 2.329280097633e-04 3.284639855615e-03
8 21 1 0.80029169 0.87740523 1.21993211 1.25367308 0.65363614 3.307035791356e-03 5.822508465420e-01 3.035333802088e-02 1.164121676166e-04 2.979441843980e-03
8 22 1 0.80029169 0.87740523 1.21993211 1.25367308 0.65363614 2.478451809789e-03 5.669490416985e-01 2.848504058671e-02 3.628662880852e-04 2.965914082060e-03
8 23 1 0.80029169 0.87740523 1.21993211 1.25367308 0.65363614 1.890284169016e-03 5.506580958965e-01 2.856325620560e-02 7.917558275666e-04 2.927146153861e-03
8 24 1 0.80029169 0.87740523 1.21993211 1.25367308 0.65363614 1.587675128628e-03 5.369959568085e-01 2.496812830000e-02 9.129528628780e-04 2.546462933856e-03
8 25 1 0.80029169 0.87740523 1.21993211 1.25367308 0.65363614 1.449460442575e-03 5.272184515154e-01 2.534341332924e-02 9.127651856334e-04 2.245379712554e-03
8 26 1 0.80029169 0.87740523 1.21993211 1.25367308 0.65363614 1.403683187257e-03 5.201012416846e-01 2.920948827117e-02 1.313126646269e-03 2.239984362594e-03
8 27 1 0.80029169 0.87740523 1.21993211 1.25367308 0.65363614 1.430601898126e-03 5.141101601132e-01 3.084454823188e-02 1.809506393083e-03 2.185521629263e-03
8 28 1 0.80029169 0.87740523 1.21993211 1.25367308 0.65363614 1.433165502280e-03 5.098101152025e-01 3.277326164393e-02 1.688854173719e-03 2.133023730449e-03
8 29 1 0.80029169 0.87740523 1.21993211 1.25367308 0.65363614 1.257751273660e-03 5.102925421540e-01 3.252788184915e-02 1.216551325187e-03 2.332023139135e-03
8 30 1 0.80029169 0.87740523 1.21993211 1.25367308 0.65363614 8.925023650650e-04 5.190892568112e-01 2.494765609912e-02 1.268525423556e-03 2.464277837304e-03
8 31 1 0.80029169 0.87740523 1.21993211 1.25367308 0.65363614 5.584054853052e-04 5.371802226962e-01 1.615266270821e-02 1.741767603107e-03 2.346318306206e-03
8 32 1 0.80029169 0.87740523 1.21993211 1.25367308 0.65363614 5.121163665836e-04 5.615451265750e-01 1.530285139967e-02 1.748625433744e-03 2.366144282986e-03
8 33 1 0.80029169 0.87740523 1.21993211 1.25367308 0.65363614 7.696069887259e-04 5.865608827864e-01 2.309255392425e-02 1.294806469424e-03 2.512743033961e-03
8 34 1 0.80029169 0.87740523 1.21993211 1.25367308 0.65363614 1.090917178302e-03 6.073156662386e-01 3.094042255178e-02 1.274104662520e-03 2.390196261027e-03
8 35 1 0.80029169 0.87740523 1.21993211 1.25367308 0.65363614 1.243947621762e-03 6.223774418233e-01 3.172555583296e-02 1.775150139040e-03 2.189107848635e-03
8 36 1 0.80029169 0.87740523 1.21993211 1.25367308 0.65363614 1.219563727644e-03 6.339639486638e-01 2.976523402292e-02 1.893059932881e-03 2.224987965167e-03
8 37 1 0.80029169 0.87740523 1.21993211 1.25367308 0.65363614 1.163311501540e-03 6.455137118276e-01 2.802552718618e-02 1.362185448187e-03 2.242319606629e-03
8 38 1 0.80029169 0.87740523 1.21993211 1.25367308 0.65363614 1.177010034000e-03 6.587237477887e-01 2.393182965343e-02 9.327917500788e-04 2.205398775806e-03
8 39 1 0.80029169 0.87740523 1.21993211 1.25367308 0.65363614 1.281227853854e-03 6.725174512262e-01 2.286296942191e-02 9.263427712522e-04 2.475014046123e-03
8 40 1 0.80029169 0.87740523 1.21993211 1.25367308 0.65363614 1.538899009609e-03 6.847674662604e-01 2.611383322893e-02 7.960879741393e-04 2.829287002037e-03
8 41 1 0.80029169 0.87740523 1.21993211 1.25367308 0.65363614 2.066221549269e-03 6.952230645680e-01 2.603557953020e-02 3.493087701231e-04 2.852464390368e-03
8 42 1 0.80029169 0.87740523 1.21993211 1.25367308 0.65363614 2.830299641223e-03 7.069530188684e-01 2.739151697134e-02 1.088949108486e-04 2.883425787750e-03
8 43 1 0.80029169 0.87740523 1.21993211 1.25367308 0.65363614 3.521412617369e-03 7.247518786457e-01 3.486290855302e-02 2.618131833223e-04 3.229891986368e-03
8 44 1 0.80029169 0.87740523 1.21993211 1.25367308 0.65363614 3.788432072245e-03 7.515416485625e-01 3.973774506182e-02 4.530528976595e-04 3.598617526516e-03
8 45 1 0.80029169 0.87740523 1.21993211 1.25367308 0.65363614 3.646975260051e-03 7.857072381744e-01 4.253553201911e-02 7.022999533964e-04 4.076073294406e-03
8 46 1 0.80029169 0.87740523 1.21993211 1.25367308 0.65363614 3.548588179804e-03 8.218230209814e-01 4.690957530809e-02 1.345706201193e-03 5.004036729325e-03
8 47 1 0.80029169 0.87740523 1.21993211 1.25367308 0.65363614 3.952004765059e-03 8.545635295966e-01 4.806102057708e-02 2.128380213640e-03 5.890403027664e-03
8 48 1 0.80029169 0.87740523 1.21993211 1.25367308 0.65363614 4.871487369510e-03 8.828499130138e-01 4.950446774672e-02 2.531696523318e-03 6.164023473559e-03
8 49 1 0.80029169 0.87740523 1.21993211 1.25367308 0.65363614 5.937400822484e-03 9.108241647945e-01 4.936102580066e-02 2.761043463085e-03 6.155576217525e-03
8 50 1 0.80029169 0.87740523 1.21993211 1.25367308 0.65363614 6.853636873715e-03 9.446595250590e-01 3.894064076675e-02 3.205181072859e-03 6.034056362751e-03
8 51 1 0.80029169 0.87740523 1.21993211 1.25367308 0.65363614 7.631109659910e-03 9.876648154029e-01 3.261371146628e-02 3.397881075072e-03 5.344463613016e-03
8 52 1 0.80029169 0.87740523 1.21993211 1.25367308 0.65363614 8.329491852462e-03 1.037727560045e+00 3.712934057808e-02 2.844698472597e-03 4.217382577993e-03
8 53 1 0.80029169 0.87740523 1.21993211 1.25367308 0.65363614 8.778490768455e-03 1.089348402861e+00 3.566864727686e-02 2.199044526415e-03 3.251182513702e-03
8 54 1 0.80029169 0.87740523 1.21993211 1.25367308 0.65363614 8.802318284178e-03 1.138654885917e+00 3.604664120071e-02 2.168284752227e-03 2.471768147106e-03
8 55 1 0.80029169 0.87740523 1.21993211 1.25367308 0.65363614 8.690564606387e-03 1.187076180222e+00 4.706383877862e-02 2.151204320136e-03 1.913359616364e-03
8 56 1 0.80029169 0.87740523 1.21993211 1.25367308 0.65363614 9.147315974976e-03 1.240287010732e+00 4.881817345924e-02 1.540069589482e-03 2.102935886829e-03
8 57 1 0.80029169 0.87740523 1.21993211 1.25367308 0.65363614 1.055737939600e-02 1.303054731490e+00 4.602402687114e-02 1.207292133327e-03 3.034230477446e-03
8 58 1 0.80029169 0.87740523 1.21993211 1.25367308 0.65363614 1.241635749959e-02 1.374412187362e+00 5.155270255037e-02 1.903515340268e-03 4.119562605436e-03
8 59 1 0.80029169 0.87740523 1.21993211 1.25367308 0.65363614 1.374143050165e-02 1.447709500700e+00 4.468950457173e-02 2.554176445656e-03 5.189022865365e-03
8 60 1 0.80029169 0.87740523 1.21993211 1.25367308 0.65363614 1.407970524816e-02 1.516108978309e+00 2.706727814613e-02 2.138339400551e-03 6.193922506500e-03
8 61 1 0.80029169 0.87740523 1.21993211 1.25367308 0.65363614 1.390511821383e-02 1.579166179618e+00 2.346877228241e-02 1.682286060315e-03 6.761427472451e-03
8 62 1 0.80029169 0.87740523 1.21993211 1.25367308 0.65363614 1.393547235907e-02 1.644617368819e+00 2.853990331672e-02 2.221801328170e-03 6.943404307746e-03
8 63 1 0.80029169 0.87740523 1.21993211 1.25367308 0.65363614 1.430303317190e-02 1.723080548643e+00 3.412444845133e-02 2.595974113986e-03 7.163233094428e-03
9 0 1 1.06558753 1.25500254 1.08185899 2.11503881 0.81790990 5.973647522978e-02 5.957459279639e+00 4.494589503291e+00 2.768692226211e-01 6.061283966311e-03
9 1 1 1.06558753 1.25500254 1.08185899 2.11503881 0.81790990 5.640574787543e-02 7.605642737535e+00 4.244706885418e+00 6.284815676908e-01 6.252895302616e-03
9 2 1 1.06558753 1.25500254 1.08185899 2.11503881 0.81790990 5.551304266790e-02 5.496594512618e+00 4.097474145013e+00 4.746465072590e-01 8.160250597389e-03
9 3 1 1.06558753 1.25500254 1.08185899 2.11503881 0.81790990 5.724075059551e-02 6.755763156999e+00 4.050395354705e+00 7.877777662295e-02 1.124506085927e-02
9 4 1 1.06558753 1.25500254 1.08185899 2.11503881 0.81790990 5.912525456585e-02 5.292454857078e+00 4.153636686233e+00 7.277769597330e-02 1.293697324008e-02
9 5 1 1.06558753 1.25500254 1.08185899 2.11503881 0.81790990 5.864022487413e-02 6.002669299248e+00 4.228861458982e+00 3.649889292079e-01 1.074277058796e-02
9 6 1 1.06558753 1.25500254 1.08185899 2.11503881 0.81790990 5.570727658050e-02 5.175136503324e+00 4.116609429612e+00 4.035310175724e-01 6.519236224164e-03
9 7 1 1.06558753 1.25500254 1.08185899 2.11503881 0.81790990 5.264785351073e-02 5.376673403598e+00 3.943840534950e+00 1.193660290209e-01 3.936561108552e-03
9 8 1 1.06558753 1.25500254 1.08185899 2.11503881 0.81790990 5.176332973772e-02 5.247804209043e+00 3.754964135027e+00 4.052184292327e-02 3.186523378615e-03
9 9 1 1.06558753 1.25500254 1.08185899 2.11503881 0.81790990 5.306596247119e-02 4.693879107834e+00 3.587111859375e+00 3.269736768441e-01 3.081909488640e-03
9 10 1 1.06558753 1.25500254 1.08185899 2.11503881 0.81790990 5.439212615490e-02 5.128299436465e+00 3.462007484293e+00 5.340405097340e-01 4.442245377268e-03
9 11 1 1.06558753 1.25500254 1.08185899 2.11503881 0.81790990 5.365378702370e-02 4.150717931403e+00 3.269444678050e+00 3.330250468186e-01 7.006085288523e-03
9 12 1 1.06558753 1.25500254 1.08185899 2.11503881 0.81790990 5.089318934622e-02 5.051269699829e+00 3.006539323042e+00 4.448332480246e-02 8.097944085945e-03
9 13 1 1.06558753 1.25500254 1.08185899 2.11503881 0.81790990 4.813253337516e-02 3.685040839685e+00 2.746523627490e+00 7.606442031053e-02 6.749305466356e-03
9 14 1 1.06558753 1.25500254 1.08185899 2.11503881 0.81790990 4.728896919773e-02 4.932470763052e+00 2.538244514230e+00 2.814575248315e-01 4.442419449641e-03
9 15 1 1.06558753 1.25500254 1.08185899 2.11503881 0.81790990 4.830539440170e-02 3.488516359212e+00 2.412601816157e+00 2.735515987191e-01 2.229717805235e-03
9 16 1 1.06558753 1.25500254 1.08185899 2.11503881 0.81790990 4.931442208190e-02 4.701282897603e+00 2.354492671654e+00 6.547435934126e-02 7.828758847279e-04
9 17 1 1.06558753 1.25500254 1.08185899 2.11503881 0.81790990 4.856450194870e-02 3.342195470936e+00 2.314557384188e+00 2.347543916721e-02 1.034199434130e-03
9 18 1 1.06558753 1.25500254 1.08185899 2.11503881 0.81790990 4.613324014657e-02 4.477940389132e+00 2.280972379768e+00 2.073867129657e-01 2.514868553313e-03
9 19 1 1.06558753 1.25500254 1.08185899 2.11503881 0.81790990 4.376813230446e-02 3.398932796725e+00 2.302448862538e+00 3.034948408379e-01 3.492067775580e-03
9 20 1 1.06558753 1.25500254 1.08185899 2.11503881 0.81790990 4.310557777073e-02 4.092619367153e+00 2.345058153906e+00 1.534082596009e-01 3.361046452754e-03
9 21 1 1.06558753 1.25500254 1.08185899 2.11503881 0.81790990 4.408210363331e-02 3.426619025786e+00 2.349694572955e+00 2.506187364014e-02 2.857291733942e-03
9 22 1 1.06558753 1.25500254 1.08185899 2.11503881 0.81790990 4.507414410660e-02 3.693308683179e+00 2.321524819339e+00 1.400073155221e-01 2.287675001520e-03
9 23 1 1.06558753 1.25500254 1.08185899 2.11503881 0.81790990 4.455218428509e-02 3.450206726598e+00 2.255043468183e+00 3.056145604453e-01 1.369831895776e-03
9 24 1 1.06558753 1.25500254 1.08185899 2.11503881 0.81790990 4.257691694523e-02 3.228019441507e+00 2.187556437224e+00 2.472113523780e-01 4.935974236009e-04
9 25 1 1.06558753 1.25500254 1.08185899 2.11503881 0.81790990 4.068967861208e-02 3.577655989453e+00 2.128933584224e+00 5.431744082320e-02 5.255874840742e-04
9 26 1 1.06558753 1.25500254 1.08185899 2.11503881 0.81790990 4.036207900811e-02 2.979249342021e+00 2.043907069034e+00 1.911460292899e-02 1.433542620327e-03
9 27 1 1.06558753 1.25500254 1.08185899 2.11503881 0.81790990 4.155936091660e-02 3.633018068581e+00 1.953862583022e+00 1.415314854689e-01 2.523658773722e-03
9 28 1 1.06558753 1.25500254 1.08185899 2.11503881 0.81790990 4.281183918001e-02 2.724396823746e+00 1.867919367757e+00 1.813368452518e-01 3.499487977288e-03
9 29 1 1.06558753 1.25500254 1.08185899 2.11503881 0.81790990 4.268779839544e-02 3.674085976595e+00 1.803723764168e+00 6.867096332082e-02 3.801593752878e-03
9 30 1 1.06558753 1.25500254 1.08185899 2.11503881 0.81790990 4.120374126739e-02 2.629833386838e+00 1.790442040223e+00 1.841542906157e-02 2.517489421281e-03
9 31 1 1.06558753 1.25500254 1.08185899 2.11503881 0.81790990 3.979581007667e-02 3.672546301819e+00 1.841370189513e+00 1.442726376673e-01 5.580341968853e-04
9 32 1 1.06558753 1.25500254 1.08185899 2.11503881 0.81790990 3.989501192162e-02 2.799859979311e+00 1.967239542343e+00 2.593535022632e-01 3.333335114286e-04
9 33 1 1.06558753 1.25500254 1.08185899 2.11503881 0.81790990 4.151022320429e-02 3.849744958413e+00 2.121792341787e+00 1.791528141755e-01 2.057819809296e-03
9 34 1 1.06558753 1.25500254 1.08185899 2.11503881 0.81790990 4.321167640368e-02 3.085697197150e+00 2.266072185224e+00 3.790364655070e-02 3.473722248036e-03
9 35 1 1.06558753 1.25500254 1.08185899 2.11503881 0.81790990 4.353884739551e-02 3.832312902002e+00 2.380801225412e+00 8.037497087022e-02 3.434318846513e-03
9 36 1 1.06558753 1.25500254 1.08185899 2.11503881 0.81790990 4.245641185026e-02 3.404238081104e+00 2.453234933615e+00 2.295838914773e-01 2.622280110712e-03
9 37 1 1.06558753 1.25500254 1.08185899 2.11503881 0.81790990 4.141545792007e-02 3.763522671337e+00 2.501031042780e+00 2.206199987783e-01 1.551018439435e-03
9 38 1 1.06558753 1.25500254 1.08185899 2.11503881 0.81790990 4.192998199156e-02 3.684026004364e+00 2.519619089337e+00 5.252939024088e-02 5.325644245351e-04
9 39 1 1.06558753 1.25500254 1.08185899 2.11503881 0.81790990 4.405134469943e-02 3.702003320510e+00 2.540620928959e+00 2.197569793975e-02 3.196334517588e-04
9 40 1 1.06558753 1.25500254 1.08185899 2.11503881 0.81790990 4.626542271908e-02 4.127087444241e+00 2.573776942415e+00 1.926696404339e-01 1.064711422901e-03
9 41 1 1.06558753 1.25500254 1.08185899 2.11503881 0.81790990 4.696492277323e-02 3.676241324847e+00 2.579567598700e+00 2.853380145480e-01 1.951477046642e-03
9 42 1 1.06558753 1.25500254 1.08185899 2.11503881 0.81790990 4.607298616767e-02 4.385689073440e+00 2.587082346063e+00 1.441276428068e-01 2.523156384803e-03
9 43 1 1.06558753 1.25500254 1.08185899 2.11503881 0.81790990 4.518208529599e-02 3.663378211607e+00 2.619286005990e+00 2.728263386297e-02 3.029304226711e-03
9 44 1 1.06558753 1.25500254 1.08185899 2.11503881 0.81790990 4.599999422034e-02 4.661897320004e+00 2.715363090242e+00 1.787362429052e-01 3.213307406295e-03
9 45 1 1.06558753 1.25500254 1.08185899 2.11503881 0.81790990 4.860303327336e-02 3.709080589799e+00 2.897580473943e+00 3.847913287138e-01 2.327406059848e-03
9 46 1 1.06558753 1.25500254 1.08185899 2.11503881 0.81790990 5.126999295209e-02 4.903748249740e+00 3.091281577370e+00 3.141423979549e-01 8.662690943759e-04
9 47 1 1.06558753 1.25500254 1.08185899 2.11503881 0.81790990 5.215057352991e-02 4.039177389663e+00 3.294718214437e+00 6.609405052138e-02 5.119491725535e-04
9 48 1 1.06558753 1.25500254 1.08185899 2.11503881 0.81790990 5.115687153842e-02 5.179822604874e+00 3.552659494225e+00 5.010221991455e-02 1.815716386061e-03
9 49 1 1.06558753 1.25500254 1.08185899 2.11503881 0.81790990 5.014486341031e-02 4.387108987186e+00 3.844344266373e+00 2.727711294681e-01 3.943759301473e-03
9 50 1 1.06558753 1.25500254 1.08185899 2.11503881 0.81790990 5.110024235679e-02 5.432415503214e+00 4.108380457274e+00 3.386204950025e-01 6.223724930789e-03
9 51 1 1.06558753 1.25500254 1.08185899 2.11503881 0.81790990 5.408571163013e-02 4.980927245899e+00 4.292330288466e+00 1.145873512855e-01 7.546302859655e-03
9 52 1 1.06558753 1.25500254 1.08185899 2.11503881 0.81790990 5.706007567416e-02 5.643527715859e+00 4.378111344799e+00 1.996501405371e-02 6.428118917987e-03
9 53 1 1.06558753 1.25500254 1.08185899 2.11503881 0.81790990 5.786872515906e-02 5.550575821034e+00 4.404197024328e+00 3.037439478718e-01 3.874100825993e-03
9 54 1 1.06558753 1.25500254 1.08185899 2.11503881 0.81790990 5.646924399409e-02 5.907089024126e+00 4.494613493993e+00 5.665559337196e-01 2.536557513234e-03
9 55 1 1.06558753 1.25500254 1.08185899 2.11503881 0.81790990 5.509205984730e-02 6.174350784787e+00 4.634877495300e+00 3.940178820780e-01 2.638064595425e-03
9 56 1 1.06558753 1.25500254 1.08185899 2.11503881 0.81790990 5.604489409630e-02 6.024404042361e+00 4.732177180252e+00 6.973981581195e-02 3.371417769860e-03
9 57 1 1.06558753 1.25500254 1.08185899 2.11503881 0.81790990 5.930900770722e-02 6.838124299170e+00 4.799043429238e+00 1.580829753752e-01 5.900050232214e-03
9 58 1 1.06558753 1.25500254 1.08185899 2.11503881 0.81790990 6.242376210587e-02 6.457954336242e+00 4.792485760731e+00 5.039711491674e-01 9.980654557070e-03
9 59 1 1.06558753 1.25500254 1.08185899 2.11503881 0.81790990 6.291518849811e-02 7.579609986464e+00 4.868409514089e+00 5.080542750262e-01 1.200876450229e-02
9 60 1 1.06558753 1.25500254 1.08185899 2.11503881 0.81790990 6.087727939766e-02 6.837635345817e+00 5.225262068641e+00 1.346952245595e-01 1.023993696786e-02
9 61 1 1.06558753 1.25500254 1.08185899 2.11503881 0.81790990 5.901249713166e-02 8.291050834998e+00 5.703241758142e+00 5.029313674701e-02 7.173818414772e-03
9 62 1 1.06558753 1.25500254 1.08185899 2.11503881 0.81790990 5.994388512563e-02 7.292105325552e+00 6.209512239554e+00 4.331655123162e-01 5.357311528448e-03
9 63 1 1.06558753 1.25500254 1.08185899 2.11503881 0.81790990 6.346402274150e-02 8.678948010786e+00 6.722416867976e+00 6.384510664889e-01 5.320775189506e-03
11 0 1 1.73784510 2.26921641 0.81477908 2.91680404 0.97275428 7.786125688202e-01 9.234838539374e+01 4.135795787762e+00 6.436305881720e+00 7.402275142887e-03
11 1 1 1.73784510 2.26921641 0.81477908 2.91680404 0.97275428 7.533251082360e-01 8.949667355230e+01 4.148680574465e+00 6.358236803786e+00 3.838380541398e-03
11 2 1 1.73784510 2.26921641 0.81477908 2.91680404 0.97275428 3.418721891805e-01 8.596280450252e+01 4.175856443091e+00 5.845816966784e+00 7.575421244182e-03
11 3 1 1.73784510 2.26921641 0.81477908 2.91680404 0.97275428 1.608988837772e-02 8.278601147004e+01 4.210536087398e+00 5.537099804743e+00 9.480822928208e-03
11 4 1 1.73784510 2.26921641 0.81477908 2.91680404 0.97275428 2.001020004685e-01 8.028373371714e+01 4.238871783193e+00 5.445235780891e+00 7.730210522554e-03
11 5 1 1.73784510 2.26921641 0.81477908 2.91680404 0.97275428 6.354270378491e-01 7.787283958200e+01 4.248308272474e+00 5.095509166320e+00 1.084162766044e-02
11 6 1 1.73784510 2.26921641 0.81477908 2.91680404 0.97275428 7.421855504580e-01 7.509549420453e+01 4.234929565896e+00 4.654017973705e+00 1.398177633549e-02
11 7 1 1.73784510 2.26921641 0.81477908 2.91680404 0.97275428 4.351437647295e-01 7.198943954983e+01 4.205299986090e+00 4.498888860699e+00 9.566159473948e-03
11 8 1 1.73784510 2.26921641 0.81477908 2.91680404 0.97275428 6.666391672249e-02 7.026686209290e+01 4.172096740529e+00 4.292839298620e+00 6.788366435324e-03
11 9 1 1.73784510 2.26921641 0.81477908 2.91680404 0.97275428 6.193786841728e-02 6.782494139580e+01 4.146790957294e+00 3.880237416315e+00 9.521730608648e-03
11 10 1 1.73784510 2.26921641 0.81477908 2.91680404 0.97275428 4.002981960605e-01 6.459831298238e+01 4.134098337046e+00 3.637434122196e+00 7.863875592460e-03
11 11 1 1.73784510 2.26921641 0.81477908 2.91680404 0.97275428 5.977116349138e-01 6.195633846402e+01 4.131177383202e+00 3.575287471589e+00 3.990803421527e-03
11 12 1 1.73784510 2.26921641 0.81477908 2.91680404 0.97275428 4.337000413622e-01 5.947532588596e+01 4.131152814098e+00 3.273398352907e+00 6.032138726328e-03
11 13 1 1.73784510 2.26921641 0.81477908 2.91680404 0.97275428 1.207949004619e-01 5.785478973181e+01 4.127973783673e+00 3.043364985693e+00 7.611761562101e-03
11 14 1 1.73784510 2.26921641 0.81477908 2.91680404 0.97275428 1.428628984815e-02 5.585338578801e+01 4.119456889474e+00 3.029041234796e+00 4.804837937593e-03
11 15 1 1.73784510 2.26921641 0.81477908 2.91680404 0.97275428 2.381131803728e-01 5.410732801359e+01 4.107286940940e+00 2.913611493331e+00 5.191964937284e-03
11 16 1 1.73784510 2.26921641 0.81477908 2.91680404 0.97275428 4.616676597877e-01 5.289508323329e+01 4.095026603716e+00 2.716146580295e+00 7.991929804080e-03
11 17 1 1.73784510 2.26921641 0.81477908 2.91680404 0.97275428 3.960683867540e-01 5.145990597141e+01 4.086141717919e+00 2.708668153688e+00 6.737078243196e-03
11 18 1 1.73784510 2.26921641 0.81477908 2.91680404 0.97275428 1.460930693784e-01 5.037924333081e+01 4.083276692252e+00 2.725589665372e+00 5.387492083140e-03
11 19 1 1.73784510 2.26921641 0.81477908 2.91680404 0.97275428 5.769097743564e-03 4.909263811050e+01 4.088491621259e+00 2.592996129815e+00 7.632097161557e-03
11 20 1 1.73784510 2.26921641 0.81477908 2.91680404 0.97275428 1.574921857792e-01 4.801946558442e+01 4.103307971773e+00 2.528546621827e+00 7.384387450054e-03
11 21 1 1.73784510 2.26921641 0.81477908 2.91680404 0.97275428 3.922734088227e-01 4.687008617416e+01 4.127869214565e+00 2.613973692643e+00 3.605332045673e-03
11 22 1 1.73784510 2.26921641 0.81477908 2.91680404 0.97275428 3.928193950509e-01 4.568597942688e+01 4.159764558485e+00 2.534233666198e+00 3.247776816572e-03
11 23 1 1.73784510 2.26921641 0.81477908 2.91680404 0.97275428 1.809244703942e-01 4.462377857385e+01 4.193876177344e+00 2.423900434592e+00 5.310103098805e-03
11 24 1 1.73784510 2.26921641 0.81477908 2.91680404 0.97275428 8.956860575826e-03 4.358336443887e+01 4.224157695200e+00 2.479875466597e+00 4.495602984118e-03
11 25 1 1.73784510 2.26921641 0.81477908 2.91680404 0.97275428 9.069913239843e-02 4.287821960822e+01 4.246777457963e+00 2.470457018466e+00 5.137954552893e-03
11 26 1 1.73784510 2.26921641 0.81477908 2.91680404 0.97275428 3.307391795142e-01 4.151599821563e+01 4.262708916898e+00 2.345502949682e+00 9.727164025998e-03
11 27 1 1.73784510 2.26921641 0.81477908 2.91680404 0.97275428 4.072927687714e-01 4.041437636753e+01 4.277774640073e+00 2.334670958965e+00 1.025450872112e-02
11 28 1 1.73784510 2.26921641 0.81477908 2.91680404 0.97275428 2.413026761891e-01 3.991703540803e+01 4.299597509518e+00 2.385582703011e+00 6.366173745893e-03
11 29 1 1.73784510 2.26921641 0.81477908 2.91680404 0.97275428 3.729953151125e-02 3.966078095272e+01 4.332983271918e+00 2.305909282013e+00 5.736517777178e-03
11 30 1 1.73784510 2.26921641 0.81477908 2.91680404 0.97275428 3.432962241728e-02 3.935572482301e+01 4.376514978369e+00 2.234942695873e+00 5.376026939935e-03
11 31 1 1.73784510 2.26921641 0.81477908 2.91680404 0.97275428 2.573941773339e-01 3.907978252689e+01 4.422624165819e+00 2.324196687834e+00 1.560577995212e-03
11 32 1 1.73784510 2.26921641 0.81477908 2.91680404 0.97275428 4.175725183869e-01 4.059390591827e+01 4.461340836878e+00 2.322470467804e+00 1.458319744193e-03
11 33 1 1.73784510 2.26921641 0.81477908 2.91680404 0.97275428 3.165232365534e-01 4.212038496925e+01 4.485611866673e+00 2.237318446135e+00 5.176182523941e-03
11 34 1 1.73784510 2.26921641 0.81477908 2.91680404 0.97275428 9.194355478981e-02 4.284322371749e+01 4.495031360714e+00 2.318219391147e+00 5.566083398305e-03
11 35 1 1.73784510 2.26921641 0.81477908 2.91680404 0.97275428 5.514666115003e-03 4.388205227115e+01 4.495761643843e+00 2.395447005348e+00 6.291171297621e-03
11 36 1 1.73784510 2.26921641 0.81477908 2.91680404 0.97275428 1.864735437840e-01 4.508004989094e+01 4.496760424550e+00 2.343084264203e+00 1.037012700564e-02
11 37 1 1.73784510 2.26921641 0.81477908 2.91680404 0.97275428 4.141530534063e-01 4.643178461115e+01 4.504665952779e+00 2.363168564911e+00 9.971167510083e-03
11 38 1 1.73784510 2.26921641 0.81477908 2.91680404 0.97275428 3.877494810449e-01 4.696677804955e+01 4.520397601111e+00 2.491799042188e+00 5.341038896703e-03
11 39 1 1.73784510 2.26921641 0.81477908 2.91680404 0.97275428 1.588469170202e-01 4.765024350248e+01 4.539297953674e+00 2.494684384363e+00 4.666085490075e-03
11 40 1 1.73784510 2.26921641 0.81477908 2.91680404 0.97275428 4.577087025743e-03 4.873181238979e+01 4.554352273624e+00 2.444342570722e+00 5.452750990851e-03
11 41 1 1.73784510 2.26921641 0.81477908 2.91680404 0.97275428 1.276571807118e-01 4.968641608981e+01 4.560219092526e+00 2.563911472066e+00 3.230713906278e-03
11 42 1 1.73784510 2.26921641 0.81477908 2.91680404 0.97275428 3.949200717310e-01 5.084319021049e+01 4.555635127821e+00 2.640224763336e+00 3.468549593085e-03
11 43 1 1.73784510 2.26921641 0.81477908 2.91680404 0.97275428 4.457479430695e-01 5.184567719451e+01 4.543180185083e+00 2.553322961869e+00 7.290225039683e-03
11 44 1 1.73784510 2.26921641 0.81477908 2.91680404 0.97275428 2.270258832720e-01 5.324483655244e+01 4.527255992978e+00 2.634286395220e+00 7.558308877191e-03
11 45 1 1.73784510 2.26921641 0.81477908 2.91680404 0.97275428 2.023441436479e-02 5.458851020098e+01 4.512069641619e+00 2.771926104717e+00 5.314113315994e-03
11 46 1 1.73784510 2.26921641 0.81477908 2.91680404 0.97275428 9.050688629255e-02 5.624494530775e+01 4.500846618622e+00 2.752910211469e+00 6.790417416401e-03
11 47 1 1.73784510 2.26921641 0.81477908 2.91680404 0.97275428 3.973634118038e-01 5.809860347054e+01 4.496074643035e+00 2.778721485712e+00 8.117468405670e-03
11 48 1 1.73784510 2.26921641 0.81477908 2.91680404 0.97275428 5.432757286558e-01 6.009421475215e+01 4.499607026673e+00 2.997717696429e+00 5.234457038649e-03
11 49 1 1.73784510 2.26921641 0.81477908 2.91680404 0.97275428 3.359795484276e-01 6.274857874504e+01 4.511811068840e+00 3.114939939293e+00 4.898151899465e-03
11 50 1 1.73784510 2.26921641 0.81477908 2.91680404 0.97275428 5.395176580478e-02 6.482654194121e+01 4.530309608824e+00 3.146042253651e+00 7.836876691215e-03
11 51 1 1.73784510 2.26921641 0.81477908 2.91680404 0.97275428 5.591941084412e-02 6.757246500585e+01 4.549925986841e+00 3.409407794341e+00 6.137151249145e-03
11 52 1 1.73784510 2.26921641 0.81477908 2.91680404 0.97275428 4.158322345633e-01 7.059420880928e+01 4.565010662725e+00 3.725827589817e+00 3.965980092173e-03
11 53 1 1.73784510 2.26921641 0.81477908 2.91680404 0.97275428 7.129535913310e-01 7.337399218550e+01 4.573433744606e+00 3.793082437552e+00 7.925183266072e-03
11 54 1 1.73784510 2.26921641 0.81477908 2.91680404 0.97275428 5.488232740468e-01 7.587901861130e+01 4.579598841159e+00 4.072777160935e+00 9.523968753741e-03
11 55 1 1.73784510 2.26921641 0.81477908 2.91680404 0.97275428 1.532957369102e-01 7.740683747335e+01 4.593653854747e+00 4.510104930125e+00 6.676846080625e-03
11 56 1 1.73784510 2.26921641 0.81477908 2.91680404 0.97275428 1.175985146368e-02 8.050687235423e+01 4.626272510273e+00 4.712006956543e+00 9.700925890631e-03
11 57 1 1.73784510 2.26921641 0.81477908 2.91680404 0.97275428 3.480424578997e-01 8.383562427397e+01 4.681673518387e+00 4.888067535226e+00 1.432833534266e-02
11 58 1 1.73784510 2.26921641 0.81477908 2.91680404 0.97275428 8.072256598661e-01 8.632419165085e+01 4.753481788208e+00 5.363110342478e+00 1.102644473031e-02
11 59 1 1.73784510 2.26921641 0.81477908 2.91680404 0.97275428 7.820297320546e-01 8.939400258408e+01 4.826829405585e+00 5.705857136641e+00 7.835582962858e-03
11 60 1 1.73784510 2.26921641 0.81477908 2.91680404 0.97275428 3.276417149615e-01 9.299515357271e+01 4.886161930656e+00 5.796391749323e+00 9.626822566042e-03
11 61 1 1.73784510 2.26921641 0.81477908 2.91680404 0.97275428 1.311389366589e-02 9.709418026508e+01 4.924149555878e+00 6.137343793013e+00 7.511503373343e-03
11 62 1 1.73784510 2.26921641 0.81477908 2.91680404 0.97275428 2.119894778508e-01 1.004174699064e+02 4.945900870794e+00 6.658358212311e+00 3.643323780624e-03
11 63 1 1.73784510 2.26921641 0.81477908 2.91680404 0.97275428 7.321894495459e-01 1.040175918393e+02 4.965476831453e+00 6.715356263729e+00 7.445516310726e-03
14 0 1 3.27061919 11.53321829 0.65291961 2.04485900 1.16763559 3.495148557651e+02 2.917651073602e+04 1.617820151638e-03 1.341935682462e-01 6.495755615443e+00
14 1 1 3.27061919 11.53321829 0.65291961 2.04485900 1.16763559 3.364389022754e+02 2.826588915040e+04 1.373807144964e-03 1.336724500991e-01 5.785806373328e+00
14 2 1 3.27061919 11.53321829 0.65291961 2.04485900 1.16763559 3.274897520849e+02 2.736986378698e+04 1.073292006492e-03 1.573226841273e-01 5.245460493161e+00
14 3 1 3.27061919 11.53321829 0.65291961 2.04485900 1.16763559 3.149626730163e+02 2.649329026661e+04 7.354430395286e-04 1.639797337903e-01 4.936911714250e+00
14 4 1 3.27061919 11.53321829 0.65291961 2.04485900 1.16763559 3.045537443060e+02 2.568129620050e+04 4.518812493911e-04 1.967659364220e-01 4.747401305656e+00
14 5 1 3.27061919 11.53321829 0.65291961 2.04485900 1.16763559 2.951601054054e+02 2.489709901340e+04 2.670827045135e-04 2.229429744078e-01 4.736511516684e+00
14 6 1 3.27061919 11.53321829 0.65291961 2.04485900 1.16763559 2.848338924224e+02 2.412430595402e+04 1.462054395018e-04 2.245604379329e-01 4.814371429724e+00
14 7 1 3.27061919 11.53321829 0.65291961 2.04485900 1.16763559 2.771589962785e+02 2.341016349057e+04 5.658988258082e-05 2.342183727369e-01 5.053485603184e+00
14 8 1 3.27061919 11.53321829 0.65291961 2.04485900 1.16763559 2.662457616861e+02 2.270253092902e+04 1.960589420971e-05 2.073564289688e-01 5.264981916872e+00
14 9 1 3.27061919 11.53321829 0.65291961 2.04485900 1.16763559 2.578289398007e+02 2.202667749563e+04 6.043014576304e-05 1.677704176279e-01 5.575607955596e+00
14 10 1 3.27061919 11.53321829 0.65291961 2.04485900 1.16763559 2.494204500892e+02 2.136196897249e+04 1.535131114212e-04 1.394104843557e-01 5.760875012609e+00
14 11 1 3.27061919 11.53321829 0.65291961 2.04485900 1.16763559 2.412052653206e+02 2.073902858082e+04 2.565638569812e-04 1.002362757629e-01 5.921718012931e+00
14 12 1 3.27061919 11.53321829 0.65291961 2.04485900 1.16763559 2.344334907236e+02 2.017001748949e+04 3.720309831953e-04 8.019546342764e-02 5.837697419082e+00
14 13 1 3.27061919 11.53321829 0.65291961 2.04485900 1.16763559 2.259775844933e+02 1.963803910716e+04 5.299539620121e-04 7.158236664074e-02 5.709969691926e+00
14 14 1 3.27061919 11.53321829 0.65291961 2.04485900 1.16763559 2.193639538566e+02 1.913044758266e+04 7.177075705299e-04 6.525356493509e-02 5.364857251207e+00
14 15 1 3.27061919 11.53321829 0.65291961 2.04485900 1.16763559 2.121378308503e+02 1.865540995298e+04 8.729237656555e-04 7.962798396301e-02 5.018319235169e+00
14 16 1 3.27061919 11.53321829 0.65291961 2.04485900 1.16763559 2.060537413859e+02 1.818289244137e+04 9.586712402323e-04 9.191972977170e-02 4.533221529647e+00
14 17 1 3.27061919 11.53321829 0.65291961 2.04485900 1.16763559 2.008201028856e+02 1.772626483654e+04 1.008431038689e-03 1.116772723885e-01 4.130092884738e+00
14 18 1 3.27061919 11.53321829 0.65291961 2.04485900 1.16763559 1.950199031230e+02 1.730378975038e+04 1.069893501406e-03 1.348666911805e-01 3.683921090394e+00
14 19 1 3.27061919 11.53321829 0.65291961 2.04485900 1.16763559 1.899767485629e+02 1.691373582868e+04 1.128861640646e-03 1.393063408173e-01 3.332411072769e+00
14 20 1 3.27061919 11.53321829 0.65291961 2.04485900 1.16763559 1.847943867453e+02 1.656217241224e+04 1.125496748306e-03 1.387490681005e-01 2.985926194787e+00
14 21 1 3.27061919 11.53321829 0.65291961 2.04485900 1.16763559 1.810585352618e+02 1.626033268871e+04 1.038895022010e-03 1.310384511127e-01 2.787474571813e+00
14 22 1 3.27061919 11.53321829 0.65291961 2.04485900 1.16763559 1.775401959161e+02 1.598843306826e+04 9.173588339267e-04 1.084535278151e-01 2.645270229102e+00
14 23 1 3.27061919 11.53321829 0.65291961 2.04485900 1.16763559 1.743369337150e+02 1.575424226833e+04 8.138685687285e-04 9.423433732680e-02 2.648754809930e+00
14 24 1 3.27061919 11.53321829 0.65291961 2.04485900 1.16763559 1.712932745212e+02 1.554836765915e+04 7.223947658397e-04 8.286109540139e-02 2.730835538897e+00
14 25 1 3.27061919 11.53321829 0.65291961 2.04485900 1.16763559 1.686938257983e+02 1.535042608529e+04 6.023894274187e-04 6.823025545384e-02 2.915096531845e+00
14 26 1 3.27061919 11.53321829 0.65291961 2.04485900 1.16763559 1.669416543184e+02 1.517697072095e+04 4.478838028051e-04 6.922399130584e-02 3.106408995371e+00
14 27 1 3.27061919 11.53321829 0.65291961 2.04485900 1.16763559 1.654199047105e+02 1.500825021576e+04 3.001106993798e-04 6.596202634352e-02 3.302452088673e+00
14 28 1 3.27061919 11.53321829 0.65291961 2.04485900 1.16763559 1.650064106904e+02 1.488400071608e+04 1.935271827415e-04 7.001569476083e-02 3.467915267158e+00
14 29 1 3.27061919 11.53321829 0.65291961 2.04485900 1.16763559 1.640799043786e+02 1.478325085671e+04 1.201114557777e-04 8.467733020661e-02 3.616852172109e+00
14 30 1 3.27061919 11.53321829 0.65291961 2.04485900 1.16763559 1.639605363089e+02 1.472087006543e+04 5.900417135011e-05 8.686729343887e-02 3.739735204474e+00
14 31 1 3.27061919 11.53321829 0.65291961 2.04485900 1.16763559 1.641239295145e+02 1.470738984564e+04 1.704062571592e-05 9.894644479613e-02 3.839863168293e+00
14 32 1 3.27061919 11.53321829 0.65291961 2.04485900 1.16763559 1.650443184937e+02 1.479217657739e+04 1.692294900424e-05 9.849579727229e-02 3.933338718871e+00
14 33 1 3.27061919 11.53321829 0.65291961 2.04485900 1.16763559 1.671058609118e+02 1.490225599267e+04 5.830010806228e-05 8.613932468594e-02 3.956944841482e+00
14 34 1 3.27061919 11.53321829 0.65291961 2.04485900 1.16763559 1.681577884909e+02 1.503455458639e+04 1.188714106828e-04 8.401809245032e-02 3.897669324388e+00
14 35 1 3.27061919 11.53321829 0.65291961 2.04485900 1.16763559 1.706679763080e+02 1.516839121660e+04 1.937270443019e-04 6.954417217611e-02 3.731550823495e+00
14 36 1 3.27061919 11.53321829 0.65291961 2.04485900 1.16763559 1.727958444258e+02 1.532318330489e+04 3.048274349907e-04 6.662411854755e-02 3.507191212984e+00
14 37 1 3.27061919 11.53321829 0.65291961 2.04485900 1.16763559 1.760471075435e+02 1.550463811883e+04 4.586587845390e-04 7.075276756755e-02 3.224341978532e+00
14 38 1 3.27061919 11.53321829 0.65291961 2.04485900 1.16763559 1.801563413539e+02 1.568723511874e+04 6.184546786625e-04 7.065729628703e-02 2.972493575336e+00
14 39 1 3.27061919 11.53321829 0.65291961 2.04485900 1.16763559 1.834831943271e+02 1.590564086341e+04 7.433955302749e-04 8.723024927940e-02 2.780126328448e+00
14 40 1 3.27061919 11.53321829 0.65291961 2.04485900 1.16763559 1.886006964572e+02 1.616285714487e+04 8.424702871261e-04 9.969336414448e-02 2.704653940275e+00
14 41 1 3.27061919 11.53321829 0.65291961 2.04485900 1.16763559 1.923100537598e+02 1.646238865875e+04 9.572831206672e-04 1.157001107331e-01 2.729684222921e+00
14 42 1 3.27061919 11.53321829 0.65291961 2.04485900 1.16763559 1.978030821793e+02 1.680380523430e+04 1.090025565051e-03 1.396951992019e-01 2.859937453597e+00
14 43 1 3.27061919 11.53321829 0.65291961 2.04485900 1.16763559 2.039132947040e+02 1.719229782537e+04 1.182743490083e-03 1.469644796353e-01 3.109233880183e+00
14 44 1 3.27061919 11.53321829 0.65291961 2.04485900 1.16763559 2.095857272859e+02 1.760472561059e+04 1.187199422953e-03 1.469663233503e-01 3.446839192806e+00
14 45 1 3.27061919 11.53321829 0.65291961 2.04485900 1.16763559 2.167859974189e+02 1.804853289123e+04 1.129143451727e-03 1.410337035596e-01 3.876813375381e+00
14 46 1 3.27061919 11.53321829 0.65291961 2.04485900 1.16763559 2.221060931549e+02 1.851307173863e+04 1.070876086458e-03 1.159603828980e-01 4.351342585499e+00
14 47 1 3.27061919 11.53321829 0.65291961 2.04485900 1.16763559 2.300054344919e+02 1.898605218694e+04 1.022537398742e-03 9.558812386164e-02 4.897475745260e+00
14 48 1 3.27061919 11.53321829 0.65291961 2.04485900 1.16763559 2.377294808874e+02 1.948292974140e+04 9.311948107682e-04 8.289418428470e-02 5.368877630202e+00
14 49 1 3.27061919 11.53321829 0.65291961 2.04485900 1.16763559 2.455783893505e+02 2.000990258441e+04 7.644777493056e-04 6.877428621436e-02 5.798720727734e+00
14 50 1 3.27061919 11.53321829 0.65291961 2.04485900 1.16763559 2.548435678092e+02 2.058085919815e+04 5.655523032856e-04 7.660116385208e-02 6.067401920893e+00
14 51 1 3.27061919 11.53321829 0.65291961 2.04485900 1.16763559 2.622551067678e+02 2.120418493315e+04 3.999453543387e-04 8.653941143997e-02 6.246731850930e+00
14 52 1 3.27061919 11.53321829 0.65291961 2.04485900 1.16763559 2.721767307273e+02 2.186128236531e+04 2.774059489357e-04 1.095679945976e-01 6.238879985535e+00
14 53 1 3.27061919 11.53321829 0.65291961 2.04485900 1.16763559 2.813304763941e+02 2.255518508865e+04 1.653042274119e-04 1.521532526007e-01 6.153371535379e+00
14 54 1 3.27061919 11.53321829 0.65291961 2.04485900 1.16763559 2.919067544920e+02 2.326704627037e+04 6.412939013342e-05 1.823534137840e-01 5.963867912258e+00
14 55 1 3.27061919 11.53321829 0.65291961 2.04485900 1.16763559 3.034288973033e+02 2.396775231685e+04 2.054148434204e-05 2.241841486486e-01 5.776172181221e+00
14 56 1 3.27061919 11.53321829 0.65291961 2.04485900 1.16763559 3.131230252435e+02 2.472342074403e+04 5.961240439462e-05 2.502796963562e-01 5.526072240861e+00
14 57 1 3.27061919 11.53321829 0.65291961 2.04485900 1.16763559 3.250230810274e+02 2.550333252149e+04 1.531626499459e-04 2.379959659145e-01 5.309159985005e+00
14 58 1 3.27061919 11.53321829 0.65291961 2.04485900 1.16763559 3.365284957242e+02 2.631408399157e+04 2.812604701630e-04 2.353117832783e-01 5.151631194066e+00
14 59 1 3.27061919 11.53321829 0.65291961 2.04485900 1.16763559 3.500970811087e+02 2.714654203476e+04 4.812607175553e-04 2.062926729488e-01 5.103469138869e+00
14 60 1 3.27061919 11.53321829 0.65291961 2.04485900 1.16763559 3.638196973191e+02 2.802110691430e+04 7.870530743859e-04 1.728839158309e-01 5.211228524747e+00
14 61 1 3.27061919 11.53321829 0.65291961 2.04485900 1.16763559 3.767173046105e+02 2.890195147348e+04 1.145994224352e-03 1.666599208012e-01 5.544834254270e+00
14 62 1 3.27061919 11.53321829 0.65291961 2.04485900 1.16763559 3.912713616812e+02 2.979896001468e+04 1.461972526861e-03 1.422910069579e-01 6.145642171136e+00
14 63 1 3.27061919 11.53321829 0.65291961 2.04485900 1.16763559 4.056517503979e+02 3.066369240834e+04 1.722223208667e-03 1.450752877683e-01 6.908810947548e+00
24 0 1 2.00861566 6.84602263 0.71163641 2.85082489 1.46021276 5.189419922113e+01 5.395311914834e+03 1.858746950784e-02 1.987448639455e+02 1.701771134816e+01
24 1 1 2.00861566 6.84602263 0.71163641 2.85082489 1.46021276 5.016295734239e+01 5.091238333331e+03 1.780668450183e-02 1.927449310479e+02 1.640674205080e+01
24 2 1 2.00861566 6.84602263 0.71163641 2.85082489 1.46021276 4.854092017168e+01 4.817393745758e+03 2.002383693548e-02 1.896655061257e+02 1.581564756048e+01
24 3 1 2.00861566 6.84602263 0.71163641 2.85082489 1.46021276 4.655943837793e+01 4.679203647788e+03 2.119333689978e-02 1.884188460586e+02 1.551950906149e+01
24 4 1 2.00861566 6.84602263 0.71163641 2.85082489 1.46021276 4.491078173735e+01 4.728425816111e+03 1.898977799223e-02 1.878748458041e+02 1.503274848614e+01
24 5 1 2.00861566 6.84602263 0.71163641 2.85082489 1.46021276 4.330732670029e+01 4.916456250900e+03 1.578053495342e-02 1.849275596092e+02 1.458219232604e+01
24 6 1 2.00861566 6.84602263 0.71163641 2.85082489 1.46021276 4.157255157857e+01 5.112270580203e+03 1.493557279400e-02 1.807717507454e+02 1.393186364265e+01
24 7 1 2.00861566 6.84602263 0.71163641 2.85082489 1.46021276 4.028869598316e+01 5.160291012994e+03 1.623545283197e-02 1.734609755916e+02 1.330629162274e+01
24 8 1 2.00861566 6.84602263 0.71163641 2.85082489 1.46021276 3.894713116824e+01 4.966263612481e+03 1.682177481047e-02 1.638788316828e+02 1.296598113207e+01
24 9 1 2.00861566 6.84602263 0.71163641 2.85082489 1.46021276 3.760575043130e+01 4.541593893623e+03 1.549465001718e-02 1.544298926862e+02 1.244807644923e+01
24 10 1 2.00861566 6.84602263 0.71163641 2.85082489 1.46021276 3.660661944293e+01 4.007338383033e+03 1.381798406401e-02 1.444397194763e+02 1.191276585088e+01
24 11 1 2.00861566 6.84602263 0.71163641 2.85082489 1.46021276 3.538012846143e+01 3.532050777751e+03 1.323738836576e-02 1.367801170717e+02 1.136887639711e+01
24 12 1 2.00861566 6.84602263 0.71163641 2.85082489 1.46021276 3.421119394290e+01 3.251941607460e+03 1.325242133291e-02 1.315697865799e+02 1.089401246128e+01
24 13 1 2.00861566 6.84602263 0.71163641 2.85082489 1.46021276 3.322398944170e+01 3.204287225635e+03 1.293361707936e-02 1.284022251612e+02 1.069277240264e+01
24 14 1 2.00861566 6.84602263 0.71163641 2.85082489 1.46021276 3.197626487331e+01 3.324491121130e+03 1.249215240408e-02 1.276430956054e+02 1.043136274634e+01
24 15 1 2.00861566 6.84602263 0.71163641 2.85082489 1.46021276 3.092044943168e+01 3.489115099322e+03 1.237507075214e-02 1.275636117955e+02 1.010781982874e+01
24 16 1 2.00861566 6.84602263 0.71163641 2.85082489 1.46021276 2.998364455701e+01 3.586635923481e+03 1.208215019312e-02 1.272722316522e+02 9.791953548431e+00
24 17 1 2.00861566 6.84602263 0.71163641 2.85082489 1.46021276 2.891136756049e+01 3.569546093600e+03 1.109572991254e-02 1.261007076946e+02 9.470906754182e+00
24 18 1 2.00861566 6.84602263 0.71163641 2.85082489 1.46021276 2.816518723241e+01 3.455431155600e+03 1.016107840160e-02 1.230489213532e+02 9.249585977280e+00
24 19 1 2.00861566 6.84602263 0.71163641 2.85082489 1.46021276 2.747306786167e+01 3.309153225765e+03 1.032743161183e-02 1.186906653591e+02 8.981786303365e+00
24 20 1 2.00861566 6.84602263 0.71163641 2.85082489 1.46021276 2.675047279694e+01 3.184395778652e+03 1.112888967226e-02 1.131532682411e+02 8.749630022242e+00
24 21 1 2.00861566 6.84602263 0.71163641 2.85082489 1.46021276 2.634117905103e+01 3.101609137479e+03 1.104662599006e-02 1.073659605727e+02 8.604742242412e+00
24 22 1 2.00861566 6.84602263 0.71163641 2.85082489 1.46021276 2.584879839965e+01 3.034146960843e+03 9.762085108782e-03 1.026889581423e+02 8.462556550799e+00
24 23 1 2.00861566 6.84602263 0.71163641 2.85082489 1.46021276 2.536733097693e+01 2.938024069839e+03 8.705335483040e-03 9.882542426141e+01 8.327627755135e+00
24 24 1 2.00861566 6.84602263 0.71163641 2.85082489 1.46021276 2.509888333416e+01 2.791404838248e+03 9.008132023708e-03 9.742489841626e+01 8.095715985287e+00
24 25 1 2.00861566 6.84602263 0.71163641 2.85082489 1.46021276 2.465770614171e+01 2.617547072868e+03 9.952401386222e-03 9.752061697977e+01 7.979719194175e+00
24 26 1 2.00861566 6.84602263 0.71163641 2.85082489 1.46021276 2.431460016366e+01 2.480520810506e+03 1.010174863258e-02 9.838495372630e+01 7.781815719037e+00
24 27 1 2.00861566 6.84602263 0.71163641 2.85082489 1.46021276 2.412862398555e+01 2.449072336653e+03 9.245042140152e-03 1.009177632795e+02 7.757779954727e+00
24 28 1 2.00861566 6.84602263 0.71163641 2.85082489 1.46021276 2.380909528169e+01 2.551857374134e+03 8.423204854839e-03 1.018483303965e+02 7.737434448674e+00
24 29 1 2.00861566 6.84602263 0.71163641 2.85082489 1.46021276 2.372338872973e+01 2.759286435980e+03 8.420549785765e-03 1.027588356347e+02 7.582565240901e+00
24 30 1 2.00861566 6.84602263 0.71163641 2.85082489 1.46021276 2.375660772435e+01 2.989563559734e+03 9.001090089082e-03 1.027014793064e+02 7.501926801951e+00
24 31 1 2.00861566 6.84602263 0.71163641 2.85082489 1.46021276 2.373098530449e+01 3.143580301100e+03 9.498750070351e-03 1.004446789665e+02 7.341089553355e+00
24 32 1 2.00861566 6.84602263 0.71163641 2.85082489 1.46021276 2.399902341800e+01 3.157469385506e+03 9.510744219980e-03 9.914817434243e+01 7.597842483807e+00
24 33 1 2.00861566 6.84602263 0.71163641 2.85082489 1.46021276 2.427406062252e+01 3.020510943992e+03 9.038968271560e-03 9.668731711803e+01 7.795039697785e+00
24 34 1 2.00861566 6.84602263 0.71163641 2.85082489 1.46021276 2.451839694625e+01 2.800118905062e+03 8.503985540672e-03 9.533864079836e+01 7.863892941916e+00
24 35 1 2.00861566 6.84602263 0.71163641 2.85082489 1.46021276 2.500969310503e+01 2.591706339729e+03 8.591708275438e-03 9.581736359548e+01 7.925286191119e+00
24 36 1 2.00861566 6.84602263 0.71163641 2.85082489 1.46021276 2.537161359683e+01 2.488744654615e+03 9.509026227996e-03 9.680992687492e+01 7.914465454463e+00
24 37 1 2.00861566 6.84602263 0.71163641 2.85082489 1.46021276 2.575577810723e+01 2.527414757736e+03 1.040409574005e-02 1.003688816002e+02 8.127363108693e+00
24 38 1 2.00861566 6.84602263 0.71163641 2.85082489 1.46021276 2.633977026668e+01 2.676873751523e+03 1.022543801285e-02 1.042599810588e+02 8.271211803305e+00
24 39 1 2.00861566 6.84602263 0.71163641 2.85082489 1.46021276 2.675855371242e+01 2.870561917850e+03 9.274117372153e-03 1.088830660487e+02 8.432092463715e+00
24 40 1 2.00861566 6.84602263 0.71163641 2.85082489 1.46021276 2.734553080084e+01 3.036788595885e+03 9.067907601034e-03 1.133490276407e+02 8.587609526492e+00
24 41 1 2.00861566 6.84602263 0.71163641 2.85082489 1.46021276 2.811790697226e+01 3.153798716994e+03 1.026982099219e-02 1.166850385054e+02 8.692298673500e+00
24 42 1 2.00861566 6.84602263 0.71163641 2.85082489 1.46021276 2.877409025779e+01 3.237031412114e+03 1.161523776109e-02 1.194173367316e+02 8.893738647543e+00
24 43 1 2.00861566 6.84602263 0.71163641 2.85082489 1.46021276 2.973536008775e+01 3.332777947741e+03 1.165135297516e-02 1.204553373282e+02 9.145450924980e+00
24 44 1 2.00861566 6.84602263 0.71163641 2.85082489 1.46021276 3.078901161432e+01 3.466692551906e+03 1.082335353207e-02 1.215650289350e+02 9.470592934145e+00
24 45 1 2.00861566 6.84602263 0.71163641 2.85082489 1.46021276 3.174339253748e+01 3.625161931455e+03 1.074320230178e-02 1.221134386056e+02 9.714596487648e+00
24 46 1 2.00861566 6.84602263 0.71163641 2.85082489 1.46021276 3.301176792449e+01 3.748796424485e+03 1.180601631065e-02 1.236749380486e+02 1.004112915966e+01
24 47 1 2.00861566 6.84602263 0.71163641 2.85082489 1.46021276 3.417757152752e+01 3.772148901580e+03 1.284937488943e-02 1.268422045510e+02 1.038968300538e+01
24 48 1 2.00861566 6.84602263 0.71163641 2.85082489 1.46021276 3.526080957688e+01 3.670116498351e+03 1.314207516258e-02 1.312384106113e+02 1.070691758240e+01
24 49 1 2.00861566 6.84602263 0.71163641 2.85082489 1.46021276 3.661706733822e+01 3.496120498947e+03 1.328838032844e-02 1.381190138662e+02 1.103191877510e+01
24 50 1 2.00861566 6.84602263 0.71163641 2.85082489 1.46021276 3.774461467813e+01 3.372911651655e+03 1.378648188287e-02 1.455620064968e+02 1.134665834358e+01
24 51 1 2.00861566 6.84602263 0.71163641 2.85082489 1.46021276 3.894983404569e+01 3.430031490726e+03 1.412693763960e-02 1.542229913051e+02 1.188689749259e+01
24 52 1 2.00861566 6.84602263 0.71163641 2.85082489 1.46021276 4.044287364987e+01 3.741089554890e+03 1.413158572831e-02 1.620961383763e+02 1.253246578050e+01
24 53 1 2.00861566 6.84602263 0.71163641 2.85082489 1.46021276 4.172872627106e+01 4.257760221956e+03 1.482195988334e-02 1.689403366765e+02 1.299817532723e+01
24 54 1 2.00861566 6.84602263 0.71163641 2.85082489 1.46021276 4.333174336832e+01 4.842719340738e+03 1.664718139258e-02 1.747639397943e+02 1.345520543332e+01
24 55 1 2.00861566 6.84602263 0.71163641 2.85082489 1.46021276 4.516633563302e+01 5.305829676844e+03 1.798554737204e-02 1.778116583551e+02 1.380488493010e+01
24 56 1 2.00861566 6.84602263 0.71163641 2.85082489 1.46021276 4.680676365713e+01 5.517534996269e+03 1.726510300581e-02 1.813996147360e+02 1.430370681564e+01
24 57 1 2.00861566 6.84602263 0.71163641 2.85082489 1.46021276 4.885770654426e+01 5.452649287540e+03 1.593487104224e-02 1.836732826334e+02 1.497373322714e+01
24 58 1 2.00861566 6.84602263 0.71163641 2.85082489 1.46021276 5.088757463327e+01 5.219218517337e+03 1.700995601051e-02 1.870825631126e+02 1.531384739418e+01
24 59 1 2.00861566 6.84602263 0.71163641 2.85082489 1.46021276 5.269233790081e+01 4.994719753821e+03 2.048647866983e-02 1.935164489195e+02 1.575590314237e+01
24 60 1 2.00861566 6.84602263 0.71163641 2.85082489 1.46021276 5.487990705957e+01 4.932869331408e+03 2.266902552402e-02 2.007257250243e+02 1.619761056960e+01
24 61 1 2.00861566 6.84602263 0.71163641 2.85082489 1.46021276 5.680309959058e+01 5.089461405178e+03 2.125043326113e-02 2.118350779484e+02 1.682289246905e+01
24 62 1 2.00861566 6.84602263 0.71163641 2.85082489 1.46021276 5.865768581881e+01 5.393572483013e+03 1.895562363630e-02 2.245486326186e+02 1.765241533493e+01
24 63 1 2.00861566 6.84602263 0.71163641 2.85082489 1.46021276 6.094981810731e+01 5.733378825202e+03 2.001151890316e-02 2.369378017653e+02 1.830341396147e+01
26 0 1 1.46596596 1.95857906 0.89568127 3.53705703 0.98679511 1.437153158528e-01 3.914152478679e+00 1.997770627590e-02 1.923997436965e-01 2.235673879387e-03
26 1 1 1.46596596 1.95857906 0.89568127 3.53705703 0.98679511 1.342548018112e-01 4.004087340557e+00 1.967181129899e-02 1.690332127061e-01 2.978010748030e-03
26 2 1 1.46596596 1.95857906 0.89568127 3.53705703 0.98679511 1.165003651124e-01 3.977013073360e+00 1.755654483273e-02 1.536383380681e-01 3.127415040625e-03
26 3 1 1.46596596 1.95857906 0.89568127 3.53705703 0.98679511 1.044782836762e-01 3.802898938826e+00 1.433550743003e-02 1.662690305753e-01 1.707860671585e-03
26 4 1 1.46596596 1.95857906 0.89568127 3.53705703 0.98679511 1.049884000227e-01 3.663442354717e+00 1.068342795172e-02 1.588383007573e-01 4.627742049453e-04
26 5 1 1.46596596 1.95857906 0.89568127 3.53705703 0.98679511 1.118879853779e-01 3.617895747887e+00 7.508947015676e-03 1.406652041944e-01 6.742793498370e-04
26 6 1 1.46596596 1.95857906 0.89568127 3.53705703 0.98679511 1.137756769671e-01 3.619969440451e+00 5.847910568747e-03 1.363996565650e-01 1.060262628437e-03
26 7 1 1.46596596 1.95857906 0.89568127 3.53705703 0.98679511 1.060011578623e-01 3.571538772016e+00 5.242498589248e-03 1.485226640858e-01 8.116300366390e-04
26 8 1 1.46596596 1.95857906 0.89568127 3.53705703 0.98679511 9.435910229523e-02 3.454857545695e+00 5.615426273414e-03 1.290302451666e-01 9.380431194372e-04
26 9 1 1.46596596 1.95857906 0.89568127 3.53705703 0.98679511 8.763809320910e-02 3.411050650695e+00 5.808861662516e-03 1.188596693675e-01 1.548297482262e-03
26 10 1 1.46596596 1.95857906 0.89568127 3.53705703 0.98679511 8.807887923619e-02 3.383601577659e+00 5.987584037506e-03 1.276614674404e-01 1.473934808325e-03
26 11 1 1.46596596 1.95857906 0.89568127 3.53705703 0.98679511 9.005874266253e-02 3.291250418933e+00 5.738894526765e-03 1.226910693977e-01 8.057948962253e-04
26 12 1 1.46596596 1.95857906 0.89568127 3.53705703 0.98679511 8.747840214757e-02 3.101129057433e+00 5.812778314526e-03 1.074675164009e-01 5.942177177982e-04
26 13 1 1.46596596 1.95857906 0.89568127 3.53705703 0.98679511 8.082667703395e-02 2.992976755812e+00 6.188267680463e-03 1.075964571145e-01 6.635125128181e-04
26 14 1 1.46596596 1.95857906 0.89568127 3.53705703 0.98679511 7.601439753162e-02 3.071317023994e+00 7.131452973873e-03 1.128930029767e-01 3.602233082270e-04
26 15 1 1.46596596 1.95857906 0.89568127 3.53705703 0.98679511 7.686221780490e-02 3.099081288723e+00 8.424811487022e-03 1.025131378758e-01 1.517058207603e-04
26 16 1 1.46596596 1.95857906 0.89568127 3.53705703 0.98679511 8.026174648519e-02 3.167382968617e+00 9.688994297492e-03 9.143338494039e-02 4.710107529936e-04
26 17 1 1.46596596 1.95857906 0.89568127 3.53705703 0.98679511 7.967805329364e-02 3.226101995370e+00 1.096786871355e-02 1.018045573942e-01 7.255865351567e-04
26 18 1 1.46596596 1.95857906 0.89568127 3.53705703 0.98679511 7.294762752958e-02 3.240951919849e+00 1.159687526214e-02 9.607484449737e-02 7.270886784330e-04
26 19 1 1.46596596 1.95857906 0.89568127 3.53705703 0.98679511 6.531753659720e-02 3.350405935178e+00 1.202038072181e-02 8.626977921545e-02 1.059696326836e-03
26 20 1 1.46596596 1.95857906 0.89568127 3.53705703 0.98679511 6.395125545563e-02 3.444605620178e+00 1.157110340706e-02 8.620454271905e-02 1.470096381413e-03
26 21 1 1.46596596 1.95857906 0.89568127 3.53705703 0.98679511 6.976290375422e-02 3.457708117271e+00 1.078381322612e-02 9.188786442125e-02 1.100630174112e-03
26 22 1 1.46596596 1.95857906 0.89568127 3.53705703 0.98679511 7.570977379548e-02 3.441862201237e+00 9.541308628016e-03 8.361992691352e-02 3.014501373724e-04
26 23 1 1.46596596 1.95857906 0.89568127 3.53705703 0.98679511 7.386207978509e-02 3.441942567857e+00 8.256179581433e-03 7.625817535849e-02 8.576619567567e-05
26 24 1 1.46596596 1.95857906 0.89568127 3.53705703 0.98679511 6.398393140703e-02 3.422236812376e+00 7.333604449933e-03 8.463790284107e-02 3.612271351386e-04
26 25 1 1.46596596 1.95857906 0.89568127 3.53705703 0.98679511 5.438325637134e-02 3.351580015203e+00 6.635336741343e-03 8.293014015791e-02 6.016646299269e-04
26 26 1 1.46596596 1.95857906 0.89568127 3.53705703 0.98679511 5.371677244982e-02 3.280889458182e+00 6.377789845535e-03 7.296634331004e-02 1.141096205555e-03
26 27 1 1.46596596 1.95857906 0.89568127 3.53705703 0.98679511 6.200982736787e-02 3.299196728612e+00 5.844507123855e-03 7.674332526884e-02 2.082582498009e-03
26 28 1 1.46596596 1.95857906 0.89568127 3.53705703 0.98679511 7.026666963022e-02 3.332664951331e+00 5.178626281734e-03 8.117028187515e-02 2.398931297765e-03
26 29 1 1.46596596 1.95857906 0.89568127 3.53705703 0.98679511 6.937113404484e-02 3.338684340405e+00 4.027592749490e-03 7.600373146032e-02 1.574981946630e-03
26 30 1 1.46596596 1.95857906 0.89568127 3.53705703 0.98679511 5.937942677905e-02 3.320261715753e+00 2.932115329017e-03 7.025742607787e-02 5.575359294636e-04
26 31 1 1.46596596 1.95857906 0.89568127 3.53705703 0.98679511 4.970498049986e-02 3.464007446700e+00 2.195680437448e-03 7.965659889689e-02 1.371152255718e-04
26 32 1 1.46596596 1.95857906 0.89568127 3.53705703 0.98679511 4.983257011421e-02 3.889312231876e+00 2.199653180097e-03 7.966760994029e-02 1.333299152862e-04
26 33 1 1.46596596 1.95857906 0.89568127 3.53705703 0.98679511 5.983156321802e-02 4.165657627396e+00 2.937059499970e-03 7.061925985055e-02 5.545342798209e-04
26 34 1 1.46596596 1.95857906 0.89568127 3.53705703 0.98679511 7.024101827592e-02 4.238589753865e+00 4.049911124321e-03 7.715151640607e-02 1.581041974991e-03
26 35 1 1.46596596 1.95857906 0.89568127 3.53705703 0.98679511 7.148766542533e-02 4.308986202366e+00 5.216211359739e-03 8.246426820909e-02 2.404702082716e-03
26 36 1 1.46596596 1.95857906 0.89568127 3.53705703 0.98679511 6.337411640739e-02 4.417639185999e+00 5.910153329107e-03 7.810370125678e-02 2.079651283530e-03
26 37 1 1.46596596 1.95857906 0.89568127 3.53705703 0.98679511 5.511178040339e-02 4.552324062740e+00 6.474865817599e-03 7.484025428026e-02 1.140291760314e-03
26 38 1 1.46596596 1.95857906 0.89568127 3.53705703 0.98679511 5.595877908574e-02 4.592797935576e+00 6.760619895154e-03 8.560258760829e-02 6.078004291244e-04
26 39 1 1.46596596 1.95857906 0.89568127 3.53705703 0.98679511 6.601080932266e-02 4.591721147614e+00 7.501191619911e-03 8.717836899449e-02 3.570142840644e-04
26 40 1 1.46596596 1.95857906 0.89568127 3.53705703 0.98679511 7.641107969553e-02 4.635634092462e+00 8.449798911717e-03 7.891467274115e-02 7.339877724931e-05
26 41 1 1.46596596 1.95857906 0.89568127 3.53705703 0.98679511 7.852409239381e-02 4.723035256795e+00 9.784112015038e-03 8.725008921325e-02 3.176936597149e-04
26 42 1 1.46596596 1.95857906 0.89568127 3.53705703 0.98679511 7.249993824863e-02 4.801284130695e+00 1.105807862514e-02 9.588370878749e-02 1.152285532151e-03
26 43 1 1.46596596 1.95857906 0.89568127 3.53705703 0.98679511 6.653991845250e-02 4.893121030265e+00 1.189886919369e-02 8.983276580231e-02 1.512979752078e-03
26 44 1 1.46596596 1.95857906 0.89568127 3.53705703 0.98679511 6.802539213935e-02 5.094354578699e+00 1.239133412252e-02 9.062045489757e-02 1.075349049659e-03
26 45 1 1.46596596 1.95857906 0.89568127 3.53705703 0.98679511 7.607495358822e-02 5.394926180629e+00 1.199514793417e-02 1.012718785730e-01 7.425916738650e-04
26 46 1 1.46596596 1.95857906 0.89568127 3.53705703 0.98679511 8.322650584021e-02 5.605533572103e+00 1.137781154955e-02 1.069519728277e-01 7.399814795440e-04
26 47 1 1.46596596 1.95857906 0.89568127 3.53705703 0.98679511 8.395561397673e-02 5.852609285719e+00 1.004709511185e-02 9.627285560970e-02 4.628582403263e-04
26 48 1 1.46596596 1.95857906 0.89568127 3.53705703 0.98679511 8.048765316149e-02 6.189713600232e+00 8.726618851357e-03 1.087752023722e-01 1.551042343767e-04
26 49 1 1.46596596 1.95857906 0.89568127 3.53705703 0.98679511 7.967044065054e-02 6.481114120442e+00 7.345211994535e-03 1.194384634069e-01 4.175190760699e-04
26 50 1 1.46596596 1.95857906 0.89568127 3.53705703 0.98679511 8.479247930719e-02 6.927112958010e+00 6.364474482008e-03 1.135753596024e-01 7.390066372888e-04
26 51 1 1.46596596 1.95857906 0.89568127 3.53705703 0.98679511 9.186414377762e-02 7.222609471054e+00 5.977867388254e-03 1.141912117498e-01 6.533436246102e-04
26 52 1 1.46596596 1.95857906 0.89568127 3.53705703 0.98679511 9.467023815451e-02 7.282667288522e+00 5.938623448486e-03 1.305624764292e-01 8.973831783729e-04
26 53 1 1.46596596 1.95857906 0.89568127 3.53705703 0.98679511 9.266838964536e-02 7.409776392530e+00 6.213773691254e-03 1.351949767856e-01 1.618415823516e-03
26 54 1 1.46596596 1.95857906 0.89568127 3.53705703 0.98679511 9.223825656418e-02 7.658857872160e+00 6.027457984549e-03 1.260746850106e-01 1.673911742386e-03
26 55 1 1.46596596 1.95857906 0.89568127 3.53705703 0.98679511 9.927608097718e-02 7.973114365976e+00 5.804579010817e-03 1.377000041094e-01 1.025939514363e-03
26 56 1 1.46596596 1.95857906 0.89568127 3.53705703 0.98679511 1.114388834420e-01 8.170103923071e+00 5.392017496152e-03 1.578299231156e-01 9.299318262836e-04
26 57 1 1.46596596 1.95857906 0.89568127 3.53705703 0.98679511 1.195198167908e-01 8.411379243591e+00 6.037897406354e-03 1.445170997637e-01 1.193599601883e-03
26 58 1 1.46596596 1.95857906 0.89568127 3.53705703 0.98679511 1.174475318515e-01 8.795662707063e+00 7.797896551854e-03 1.498507195145e-01 7.410843744507e-04
26 59 1 1.46596596 1.95857906 0.89568127 3.53705703 0.98679511 1.100822750194e-01 9.204066554266e+00 1.117242495075e-02 1.693322266495e-01 5.197953833800e-04
26 60 1 1.46596596 1.95857906 0.89568127 3.53705703 0.98679511 1.093385812774e-01 9.508901974809e+00 1.498372128445e-02 1.762283842268e-01 1.882926368451e-03
26 61 1 1.46596596 1.95857906 0.89568127 3.53705703 0.98679511 1.216319942256e-01 9.661268278841e+00 1.834789758307e-02 1.630963034745e-01 3.377550567479e-03
26 62 1 1.46596596 1.95857906 0.89568127 3.53705703 0.98679511 1.398790985208e-01 9.921702036453e+00 2.048505475918e-02 1.802178072771e-01 3.172185651326e-03
26 63 1 1.46596596 1.95857906 0.89568127 3.53705703 0.98679511 1.494866120643e-01 1.052930152927e+01 2.077043204812e-02 2.044006005136e-01 2.386005549468e-03
27 0 1 1.75202919 4.23239647 0.76486569 3.94935918 1.46497990 2.699752235581e+01 1.260582630508e+03 2.347690344899e-02 7.633369276979e+02 2.055364361695e+01
27 1 1 1.75202919 4.23239647 0.76486569 3.94935918 1.46497990 2.592100901333e+01 1.179336724134e+03 2.238720313140e-02 7.386907978081e+02 1.705850068716e+01
27 2 1 1.75202919 4.23239647 0.76486569 3.94935918 1.46497990 2.494216702799e+01 1.133887306341e+03 2.515159898174e-02 7.099704698697e+02 1.328506233499e+01
27 3 1 1.75202919 4.23239647 0.76486569 3.94935918 1.46497990 2.405579719072e+01 1.134241527932e+03 2.667325930961e-02 6.797821038690e+02 1.452396070389e+01
27 4 1 1.75202919 4.23239647 0.76486569 3.94935918 1.46497990 2.325561099604e+01 1.163721311359e+03 2.394172586995e-02 6.502947384755e+02 1.740149709765e+01
27 5 1 1.75202919 4.23239647 0.76486569 3.94935918 1.46497990 2.253451394988e+01 1.183300811320e+03 1.989731218514e-02 6.200512177597e+02 1.640347918866e+01
27 6 1 1.75202919 4.23239647 0.76486569 3.94935918 1.46497990 2.188489015908e+01 1.159222509195e+03 1.880818394621e-02 5.962304438158e+02 1.268037342719e+01
27 7 1 1.75202919 4.23239647 0.76486569 3.94935918 1.46497990 2.129887717667e+01 1.075804124420e+03 2.043314990821e-02 5.753375510971e+02 1.134860166198e+01
27 8 1 1.75202919 4.23239647 0.76486569 3.94935918 1.46497990 2.076862151947e+01 9.474190315939e+02 2.117705265375e-02 5.588025232082e+02 1.365454666528e+01
27 9 1 1.75202919 4.23239647 0.76486569 3.94935918 1.46497990 2.028650701571e+01 8.057375204352e+02 1.951190207918e-02 5.475277368440e+02 1.488135088378e+01
27 10 1 1.75202919 4.23239647 0.76486569 3.94935918 1.46497990 1.984535007131e+01 6.876905499509e+02 1.739928855781e-02 5.347873655724e+02 1.234812279261e+01
27 11 1 1.75202919 4.23239647 0.76486569 3.94935918 1.46497990 1.943855795062e+01 6.134798570679e+02 1.666896957428e-02 5.229882300530e+02 9.848045331188e+00
27 12 1 1.75202919 4.23239647 0.76486569 3.94935918 1.46497990 1.906024814808e+01 5.830505675852e+02 1.669625204350e-02 5.089983466850e+02 1.075793641646e+01
27 13 1 1.75202919 4.23239647 0.76486569 3.94935918 1.46497990 1.870532878557e+01 5.747195522503e+02 1.629836385080e-02 4.919400711146e+02 1.277630385611e+01
27 14 1 1.75202919 4.23239647 0.76486569 3.94935918 1.46497990 1.836954162961e+01 5.631177600242e+02 1.572969321928e-02 4.747989381077e+02 1.213825340290e+01
27 15 1 1.75202919 4.23239647 0.76486569 3.94935918 1.46497990 1.804947072324e+01 5.291339132347e+02 1.556600075045e-02 4.561119290043e+02 9.381161263023e+00
27 16 1 1.75202919 4.23239647 0.76486569 3.94935918 1.46497990 1.774252072867e+01 4.734980846256e+02 1.520126887055e-02 4.383778674468e+02 8.456490957493e+00
27 17 1 1.75202919 4.23239647 0.76486569 3.94935918 1.46497990 1.744686986098e+01 4.117443539593e+02 1.398236653106e-02 4.229319745739e+02 1.024738316682e+01
27 18 1 1.75202919 4.23239647 0.76486569 3.94935918 1.46497990 1.716140275939e+01 3.676296743828e+02 1.281769454768e-02 4.097374529270e+02 1.117487839825e+01
27 19 1 1.75202919 4.23239647 0.76486569 3.94935918 1.46497990 1.688562880866e+01 3.580931253958e+02 1.300982593276e-02 4.008188195197e+02 9.326411081588e+00
27 20 1 1.75202919 4.23239647 0.76486569 3.94935918 1.46497990 1.661959132125e+01 3.855256899019e+02 1.399278487032e-02 3.945772299155e+02 7.349405367851e+00
27 21 1 1.75202919 4.23239647 0.76486569 3.94935918 1.46497990 1.636377266359e+01 4.366138987656e+02 1.388779033566e-02 3.902060855249e+02 7.952425515178e+00
27 22 1 1.75202919 4.23239647 0.76486569 3.94935918 1.46497990 1.611899990635e+01 4.891841044119e+02 1.229543602047e-02 3.873682951500e+02 9.776324460286e+00
27 23 1 1.75202919 4.23239647 0.76486569 3.94935918 1.46497990 1.588635495280e+01 5.241946828553e+02 1.098427635808e-02 3.823458523802e+02 9.515141770392e+00
27 24 1 1.75202919 4.23239647 0.76486569 3.94935918 1.46497990 1.566709240068e+01 5.336016621128e+02 1.135561334579e-02 3.776072211083e+02 7.478267536890e+00
27 25 1 1.75202919 4.23239647 0.76486569 3.94935918 1.46497990 1.546256767091e+01 5.244495270762e+02 1.251878986951e-02 3.712826405800e+02 6.729589404093e+00
27 26 1 1.75202919 4.23239647 0.76486569 3.94935918 1.46497990 1.527417722897e+01 5.132214677970e+02 1.269650256200e-02 3.632115689423e+02 8.121253403328e+00
27 27 1 1.75202919 4.23239647 0.76486569 3.94935918 1.46497990 1.510331206391e+01 5.172512981571e+02 1.163351927549e-02 3.577307828818e+02 9.263319022196e+00
27 28 1 1.75202919 4.23239647 0.76486569 3.94935918 1.46497990 1.495132499608e+01 5.456987405624e+02 1.062064972880e-02 3.505047908919e+02 8.048685382967e+00
27 29 1 1.75202919 4.23239647 0.76486569 3.94935918 1.46497990 1.481951186833e+01 5.933982780655e+02 1.062070884738e-02 3.466770715115e+02 6.452113958388e+00
27 30 1 1.75202919 4.23239647 0.76486569 3.94935918 1.46497990 1.470910623725e+01 6.453571304347e+02 1.133407472406e-02 3.460567671451e+02 7.000339738176e+00
27 31 1 1.75202919 4.23239647 0.76486569 3.94935918 1.46497990 1.462128681412e+01 6.800975079347e+02 1.194207165644e-02 3.459170023649e+02 8.545467347290e+00
27 32 1 1.75202919 4.23239647 0.76486569 3.94935918 1.46497990 1.455719659599e+01 6.848183585382e+02 1.195759604080e-02 3.515874578549e+02 8.780773055754e+00
27 33 1 1.75202919 4.23239647 0.76486569 3.94935918 1.46497990 1.451797235948e+01 6.558236315102e+02 1.138256400253e-02 3.564817089764e+02 7.235005206526e+00
27 34 1 1.75202919 4.23239647 0.76486569 3.94935918 1.46497990 1.450478294563e+01 6.072424240655e+02 1.072590596638e-02 3.624070724198e+02 6.634209421061e+00
27 35 1 1.75202919 4.23239647 0.76486569 3.94935918 1.46497990 1.451887452834e+01 5.572600277048e+02 1.083157132998e-02 3.690368708103e+02 8.266194471319e+00
27 36 1 1.75202919 4.23239647 0.76486569 3.94935918 1.46497990 1.456162082008e+01 5.265258604468e+02 1.196354293481e-02 3.724645671025e+02 9.478900038020e+00
27 37 1 1.75202919 4.23239647 0.76486569 3.94935918 1.46497990 1.463457592270e+01 5.205934029186e+02 1.307494634702e-02 3.771189804629e+02 8.518201158728e+00
27 38 1 1.75202919 4.23239647 0.76486569 3.94935918 1.46497990 1.473952727958e+01 5.340062243581e+02 1.286162790550e-02 3.799413429598e+02 7.119755512342e+00
27 39 1 1.75202919 4.23239647 0.76486569 3.94935918 1.46497990 1.487854594109e+01 5.467423056680e+02 1.169059187917e-02 3.834987716726e+02 7.821053238497e+00
27 40 1 1.75202919 4.23239647 0.76486569 3.94935918 1.46497990 1.505403113501e+01 5.410497162734e+02 1.143997072153e-02 3.881749508696e+02 9.945542464983e+00
27 41 1 1.75202919 4.23239647 0.76486569 3.94935918 1.46497990 1.526874596460e+01 5.066990091076e+02 1.293143635533e-02 3.943922117042e+02 1.014647793570e+01
27 42 1 1.75202919 4.23239647 0.76486569 3.94935918 1.46497990 1.552584096817e+01 4.519284336016e+02 1.459896506993e-02 4.044683258836e+02 8.378423316184e+00
27 43 1 1.75202919 4.23239647 0.76486569 3.94935918 1.46497990 1.582886229945e+01 3.974484701787e+02 1.464722246691e-02 4.163516880358e+02 7.897432074862e+00
27 44 1 1.75202919 4.23239647 0.76486569 3.94935918 1.46497990 1.618174145807e+01 3.683707934504e+02 1.363339236587e-02 4.327647768424e+02 1.008192656857e+01
27 45 1 1.75202919 4.23239647 0.76486569 3.94935918 1.46497990 1.658876384355e+01 3.802238921564e+02 1.355002009053e-02 4.494074258338e+02 1.196845360215e+01
27 46 1 1.75202919 4.23239647 0.76486569 3.94935918 1.46497990 1.705451394354e+01 4.305099823981e+02 1.487323848431e-02 4.666958166274e+02 1.079305186379e+01
27 47 1 1.75202919 4.23239647 0.76486569 3.94935918 1.46497990 1.758379570875e+01 5.000920486903e+02 1.616124889887e-02 4.837211872807e+02 8.915531117804e+00
27 48 1 1.75202919 4.23239647 0.76486569 3.94935918 1.46497990 1.818152761016e+01 5.625676365476e+02 1.652635344212e-02 4.975443664722e+02 9.951926986059e+00
27 49 1 1.75202919 4.23239647 0.76486569 3.94935918 1.46497990 1.885261300111e+01 5.998847233901e+02 1.672945521277e-02 5.119710343218e+02 1.286303700610e+01
27 50 1 1.75202919 4.23239647 0.76486569 3.94935918 1.46497990 1.960178768515e+01 6.125526138500e+02 1.737039045685e-02 5.238597215873e+02 1.347962274393e+01
27 51 1 1.75202919 4.23239647 0.76486569 3.94935918 1.46497990 2.043344797143e+01 6.212080719522e+02 1.779373679951e-02 5.369694671567e+02 1.113206023767e+01
27 52 1 1.75202919 4.23239647 0.76486569 3.94935918 1.46497990 2.135146392011e+01 6.562573195918e+02 1.778910559885e-02 5.510600337025e+02 1.020581892711e+01
27 53 1 1.75202919 4.23239647 0.76486569 3.94935918 1.46497990 2.235898386735e+01 7.403192275392e+02 1.865742421176e-02 5.675285792735e+02 1.313795731514e+01
27 54 1 1.75202919 4.23239647 0.76486569 3.94935918 1.46497990 2.345823758892e+01 8.748394606908e+02 2.095804087134e-02 5.894528110732e+02 1.581796541501e+01
27 55 1 1.75202919 4.23239647 0.76486569 3.94935918 1.46497990 2.465034652835e+01 1.034183732035e+03 2.263754172713e-02 6.133750057547e+02 1.452177660512e+01
27 56 1 1.75202919 4.23239647 0.76486569 3.94935918 1.46497990 2.593515029314e+01 1.177799945894e+03 2.172419728801e-02 6.434383254270e+02 1.220118704072e+01
27 57 1 1.75202919 4.23239647 0.76486569 3.94935918 1.46497990 2.731105903341e+01 1.267677822981e+03 2.006132676716e-02 6.731036052038e+02 1.349009789782e+01
27 58 1 1.75202919 4.23239647 0.76486569 3.94935918 1.46497990 2.877494129355e+01 1.289463299341e+03 2.144123433025e-02 7.019315885520e+02 1.749771025993e+01
27 59 1 1.75202919 4.23239647 0.76486569 3.94935918 1.46497990 3.032205642157e+01 1.260286818745e+03 2.582096965972e-02 7.308564915458e+02 1.850827531421e+01
27 60 1 1.75202919 4.23239647 0.76486569 3.94935918 1.46497990 3.194603960392e+01 1.219938456542e+03 2.852169091967e-02 7.533803826937e+02 1.536645607391e+01
27 61 1 1.75202919 4.23239647 0.76486569 3.94935918 1.46497990 3.363894606647e+01 1.211737138185e+03 2.668443467445e-02 7.761564268527e+02 1.439886808850e+01
27 62 1 1.75202919 4.23239647 0.76486569 3.94935918 1.46497990 3.539135897062e+01 1.255059244907e+03 2.382850041060e-02 7.973990990489e+02 1.833530771185e+01
27 63 1 1.75202919 4.23239647 0.76486569 3.94935918 1.46497990 3.719256309527e+01 1.337339635200e+03 2.527302314331e-02 8.166609490301e+02 2.191748332183e+01
29 0 1 0.54625342 0.57542939 1.09793056 0.72765605 0.48259238 1.733341515332e-01 1.805296826030e+00 3.065406653692e-02 9.053707789007e-04 2.816714913740e-03
29 1 1 0.54625342 0.57542939 1.09793056 0.72765605 0.48259238 1.662544142712e-01 1.798598923649e+00 2.391705164951e-02 1.026381732956e-03 3.823367444292e-03
29 2 1 0.54625342 0.57542939 1.09793056 0.72765605 0.48259238 1.569687137627e-01 1.818295524422e+00 1.946233809363e-02 1.113895001787e-03 5.012663564464e-03
29 3 1 0.54625342 0.57542939 1.09793056 0.72765605 0.48259238 1.484409994495e-01 1.835787827038e+00 1.123240536470e-02 7.737493043832e-04 6.307571818910e-03
29 4 1 0.54625342 0.57542939 1.09793056 0.72765605 0.48259238 1.430599295958e-01 1.846669277768e+00 8.484960118523e-03 3.709878590248e-04 7.487070329633e-03
29 5 1 0.54625342 0.57542939 1.09793056 0.72765605 0.48259238 1.411373676938e-01 1.866125958655e+00 7.843731029130e-03 2.538047921493e-04 8.243901431863e-03
29 6 1 0.54625342 0.57542939 1.09793056 0.72765605 0.48259238 1.408554585966e-01 1.867101485134e+00 1.056275147991e-02 2.190136597864e-04 8.319882038915e-03
29 7 1 0.54625342 0.57542939 1.09793056 0.72765605 0.48259238 1.395987012711e-01 1.861879016322e+00 1.378195734969e-02 9.090833906981e-05 7.631978404767e-03
29 8 1 0.54625342 0.57542939 1.09793056 0.72765605 0.48259238 1.357109694058e-01 1.875811664725e+00 1.746455522444e-02 4.505334810187e-06 6.315412158549e-03
29 9 1 0.54625342 0.57542939 1.09793056 0.72765605 0.48259238 1.295070708795e-01 1.886332264582e+00 2.163513429949e-02 7.840634907193e-06 4.668234806959e-03
29 10 1 0.54625342 0.57542939 1.09793056 0.72765605 0.48259238 1.229327231352e-01 1.900339221722e+00 1.867278551165e-02 2.871317778645e-05 3.039210265775e-03
29 11 1 0.54625342 0.57542939 1.09793056 0.72765605 0.48259238 1.181850363652e-01 1.925641270156e+00 1.625462537079e-02 1.148862840172e-04 1.720998896400e-03
29 12 1 0.54625342 0.57542939 1.09793056 0.72765605 0.48259238 1.162578988172e-01 1.931820443709e+00 1.371017408927e-02 2.564551030564e-04 8.901543665027e-04
29 13 1 0.54625342 0.57542939 1.09793056 0.72765605 0.48259238 1.163600489746e-01 1.931159897441e+00 8.836279724688e-03 2.931779506874e-04 5.989707962915e-04
29 14 1 0.54625342 0.57542939 1.09793056 0.72765605 0.48259238 1.165262161899e-01 1.940278491530e+00 6.866349763450e-03 2.677345728567e-04 7.998384265207e-04
29 15 1 0.54625342 0.57542939 1.09793056 0.72765605 0.48259238 1.149508963563e-01 1.941717015946e+00 6.956142608863e-03 3.949825388804e-04 1.380625874956e-03
29 16 1 0.54625342 0.57542939 1.09793056 0.72765605 0.48259238 1.111399479295e-01 1.952193963636e+00 9.869524313200e-03 5.769570712801e-04 2.199779865427e-03
29 17 1 0.54625342 0.57542939 1.09793056 0.72765605 0.48259238 1.061508035430e-01 1.977281256098e+00 1.171033484804e-02 5.276639031393e-04 3.116985193562e-03
29 18 1 0.54625342 0.57542939 1.09793056 0.72765605 0.48259238 1.018229136497e-01 1.988566840096e+00 1.390781879954e-02 3.449585175514e-04 4.014138508363e-03
29 19 1 0.54625342 0.57542939 1.09793056 0.72765605 0.48259238 9.955228392596e-02 1.996914417617e+00 1.724056501415e-02 3.365931189104e-04 4.799434403584e-03
29 20 1 0.54625342 0.57542939 1.09793056 0.72765605 0.48259238 9.942121037684e-02 2.008368334412e+00 1.522688111887e-02 4.319276218503e-04 5.393763584000e-03
29 21 1 0.54625342 0.57542939 1.09793056 0.72765605 0.48259238 1.002196589762e-01 2.006658517215e+00 1.210035037230e-02 3.789475096310e-04 5.712453759715e-03
29 22 1 0.54625342 0.57542939 1.09793056 0.72765605 0.48259238 1.002964953346e-01 2.013845040572e+00 9.883699487113e-03 2.683941282511e-04 5.664503217492e-03
29 23 1 0.54625342 0.57542939 1.09793056 0.72765605 0.48259238 9.865467873140e-02 2.035735892554e+00 7.010375785237e-03 2.990837186977e-04 5.183654317481e-03
29 24 1 0.54625342 0.57542939 1.09793056 0.72765605 0.48259238 9.557972463604e-02 2.049986274237e+00 4.570523772438e-03 3.657161926736e-04 4.281671405655e-03
29 25 1 0.54625342 0.57542939 1.09793056 0.72765605 0.48259238 9.242044750738e-02 2.068298146138e+00 2.702861310217e-03 3.541444737288e-04 3.090223124107e-03
29 26 1 0.54625342 0.57542939 1.09793056 0.72765605 0.48259238 9.069430153676e-02 2.087774631491e+00 3.062861604906e-03 4.175143839433e-04 1.854063187959e-03
29 27 1 0.54625342 0.57542939 1.09793056 0.72765605 0.48259238 9.111002672293e-02 2.089873581779e+00 3.032310642780e-03 5.897115882510e-04 8.624036255552e-04
29 28 1 0.54625342 0.57542939 1.09793056 0.72765605 0.48259238 9.313211905327e-02 2.096900401658e+00 2.339233658446e-03 6.371210049810e-04 3.443360066086e-04
29 29 1 0.54625342 0.57542939 1.09793056 0.72765605 0.48259238 9.535094842343e-02 2.113805309715e+00 3.088560193308e-03 5.584622323274e-04 3.816052665730e-04
29 30 1 0.54625342 0.57542939 1.09793056 0.72765605 0.48259238 9.640688696960e-02 2.125389868864e+00 2.920378093886e-03 6.423507461963e-04 8.871586790261e-04
29 31 1 0.54625342 0.57542939 1.09793056 0.72765605 0.48259238 9.587096533027e-02 2.148078971995e+00 2.342614079067e-03 8.612955975568e-04 1.661162063640e-03
29 32 1 0.54625342 0.57542939 1.09793056 0.72765605 0.48259238 9.451931183857e-02 2.174338380455e+00 2.331319862079e-03 8.626445332934e-04 2.490439299122e-03
29 33 1 0.54625342 0.57542939 1.09793056 0.72765605 0.48259238 9.382669900859e-02 2.182965213704e+00 2.924805989544e-03 6.484441953731e-04 3.232659917405e-03
29 34 1 0.54625342 0.57542939 1.09793056 0.72765605 0.48259238 9.500162983771e-02 2.193437322867e+00 3.095360784538e-03 5.750236029308e-04 3.839639895562e-03
29 35 1 0.54625342 0.57542939 1.09793056 0.72765605 0.48259238 9.818101720978e-02 2.206072661319e+00 2.413302114521e-03 6.662552535438e-04 4.316074125566e-03
29 36 1 0.54625342 0.57542939 1.09793056 0.72765605 0.48259238 1.023094639053e-01 2.210519558965e+00 3.280886911852e-03 6.224902063413e-04 4.652549083889e-03
29 37 1 0.54625342 0.57542939 1.09793056 0.72765605 0.48259238 1.057985935182e-01 2.230402190285e+00 3.383699114968e-03 4.451593070099e-04 4.786310298242e-03
29 38 1 0.54625342 0.57542939 1.09793056 0.72765605 0.48259238 1.075597569308e-01 2.257772766555e+00 3.113059812326e-03 3.811350727055e-04 4.620921263329e-03
29 39 1 0.54625342 0.57542939 1.09793056 0.72765605 0.48259238 1.077465328453e-01 2.271926207948e+00 5.132037439853e-03 3.980558125548e-04 4.092971927373e-03
29 40 1 0.54625342 0.57542939 1.09793056 0.72765605 0.48259238 1.077062516591e-01 2.290047168866e+00 7.701342366533e-03 3.314526903743e-04 3.240292347486e-03
29 41 1 0.54625342 0.57542939 1.09793056 0.72765605 0.48259238 1.091364489062e-01 2.303657699192e+00 1.066299201657e-02 2.971389731187e-04 2.224149386763e-03
29 42 1 0.54625342 0.57542939 1.09793056 0.72765605 0.48259238 1.129670440789e-01 2.303143056997e+00 1.283148084934e-02 4.104176810771e-04 1.287403266473e-03
29 43 1 0.54625342 0.57542939 1.09793056 0.72765605 0.48259238 1.186999721367e-01 2.318327637058e+00 1.605658439892e-02 4.661480874524e-04 6.699980134340e-04
29 44 1 0.54625342 0.57542939 1.09793056 0.72765605 0.48259238 1.246761594430e-01 2.341992422758e+00 1.809325911310e-02 3.648209702724e-04 5.259891696900e-04
29 45 1 0.54625342 0.57542939 1.09793056 0.72765605 0.48259238 1.291471755590e-01 2.358984406048e+00 1.449169574475e-02 3.703066408466e-04 8.800901147203e-04
29 46 1 0.54625342 0.57542939 1.09793056 0.72765605 0.48259238 1.314779164461e-01 2.387922363684e+00 1.219585669652e-02 5.616180905567e-04 1.635146253303e-03
29 47 1 0.54625342 0.57542939 1.09793056 0.72765605 0.48259238 1.326705594432e-01 2.409500427138e+00 1.027086523030e-02 6.138273510877e-04 2.615809956054e-03
29 48 1 0.54625342 0.57542939 1.09793056 0.72765605 0.48259238 1.348027198199e-01 2.411952652051e+00 7.315394822994e-03 4.184554449066e-04 3.623772468690e-03
29 49 1 0.54625342 0.57542939 1.09793056 0.72765605 0.48259238 1.396836409615e-01 2.426963289202e+00 7.280006281716e-03 2.790565053001e-04 4.486194366646e-03
29 50 1 0.54625342 0.57542939 1.09793056 0.72765605 0.48259238 1.475915850726e-01 2.444754367101e+00 9.451146629729e-03 3.052325762626e-04 5.089395819123e-03
29 51 1 0.54625342 0.57542939 1.09793056 0.72765605 0.48259238 1.569677573681e-01 2.460015730469e+00 1.470536017819e-02 2.689653240544e-04 5.393933216229e-03
29 52 1 0.54625342 0.57542939 1.09793056 0.72765605 0.48259238 1.653527817179e-01 2.497267825263e+00 1.722743542429e-02 1.195190463192e-04 5.426173104554e-03
29 53 1 0.54625342 0.57542939 1.09793056 0.72765605 0.48259238 1.710163464478e-01 2.527844885086e+00 1.970634254007e-02 2.643178499384e-05 5.245332802206e-03
29 54 1 0.54625342 0.57542939 1.09793056 0.72765605 0.48259238 1.742059696326e-01 2.539146118737e+00 2.267662380452e-02 5.264562346400e-06 4.899051246138e-03
29 55 1 0.54625342 0.57542939 1.09793056 0.72765605 0.48259238 1.771174117749e-01 2.559332221051e+00 1.809835789030e-02 7.562461263162e-06 4.395880808060e-03
29 56 1 0.54625342 0.57542939 1.09793056 0.72765605 0.48259238 1.825046436591e-01 2.569916428391e+00 1.417591727638e-02 1.062368703516e-04 3.721628443400e-03
29 57 1 0.54625342 0.57542939 1.09793056 0.72765605 0.48259238 1.917884753567e-01 2.577136311097e+00 1.074966635189e-02 2.465088777317e-04 2.899134866670e-03
29 58 1 0.54625342 0.57542939 1.09793056 0.72765605 0.48259238 2.039440520235e-01 2.613337835457e+00 8.241381476870e-03 2.884484242357e-04 2.051978932094e-03
29 59 1 0.54625342 0.57542939 1.09793056 0.72765605 0.48259238 2.160095616771e-01 2.644922553688e+00 9.207086711013e-03 4.255442366157e-04 1.413535604150e-03
29 60 1 0.54625342 0.57542939 1.09793056 0.72765605 0.48259238 2.249946650557e-01 2.664989515712e+00 1.252953888996e-02 8.698751106528e-04 1.248184624113e-03
29 61 1 0.54625342 0.57542939 1.09793056 0.72765605 0.48259238 2.299692570058e-01 2.694450438661e+00 2.171713882026e-02 1.237229211491e-03 1.713030047006e-03
29 62 1 0.54625342 0.57542939 1.09793056 0.72765605 0.48259238 2.328863085874e-01 2.700586335564e+00 2.643461573354e-02 1.137672909311e-03 2.743989976081e-03
29 63 1 0.54625342 0.57542939 1.09793056 0.72765605 0.48259238 2.374605561687e-01 2.699842177586e+00 3.363471834143e-02 1.008158730176e-03 4.052258993259e-03
