# environment=00266 local_bs=3 gain_scale=7.867052304359e-14
# ue subcarrier serving_bs phi0 phi1 phi2 phi3 phi4 gain0 gain1 gain2 gain3 gain4
0 0 3 1.13255211 1.80725888 0.97526308 6.60272490 1.56672604 4.316945137764e+00 3.444282885572e+01 2.627542660104e-01 5.758055014173e+03 2.282629918178e+01
0 1 3 1.13255211 1.80725888 0.97526308 6.60272490 1.56672604 4.176623252368e+00 3.402616337046e+01 2.672468865643e-01 5.552510351233e+03 2.189413889417e+01
0 2 3 1.13255211 1.80725888 0.97526308 6.60272490 1.56672604 4.040877851447e+00 3.525642280309e+01 2.472923227230e-01 5.234898271705e+03 2.060489511492e+01
0 3 3 1.13255211 1.80725888 0.97526308 6.60272490 1.56672604 3.909509959969e+00 3.572077247308e+01 2.227626299501e-01 4.829808212759e+03 2.031296906447e+01
0 4 3 1.13255211 1.80725888 0.97526308 6.60272490 1.56672604 3.782370070947e+00 3.542991775289e+01 2.268674522819e-01 4.401552864429e+03 1.961062054053e+01
0 5 3 1.13255211 1.80725888 0.97526308 6.60272490 1.56672604 3.659358607094e+00 3.354351271389e+01 2.443773078305e-01 3.997490360108e+03 1.836538405218e+01
0 6 3 1.13255211 1.80725888 0.97526308 6.60272490 1.56672604 3.540424596930e+00 3.042328180321e+01 2.408600701650e-01 3.656017583850e+03 1.840064894644e+01
0 7 3 1.13255211 1.80725888 0.97526308 6.60272490 1.56672604 3.425562764380e+00 2.792051430794e+01 2.191941069368e-01 3.408907162989e+03 1.784454065857e+01
0 8 3 1.13255211 1.80725888 0.97526308 6.60272490 1.56672604 3.314809280236e+00 2.529449495591e+01 2.033002671212e-01 3.265559059236e+03 1.692502239405e+01
0 9 3 1.13255211 1.80725888 0.97526308 6.60272490 1.56672604 3.208236459174e+00 2.481548098376e+01 2.021981480625e-01 3.201906485843e+03 1.643669978870e+01
0 10 3 1.13255211 1.80725888 0.97526308 6.60272490 1.56672604 3.105946706400e+00 2.517896965919e+01 2.068683623388e-01 3.221247460122e+03 1.582606991124e+01
0 11 3 1.13255211 1.80725888 0.97526308 6.60272490 1.56672604 3.008066023591e+00 2.564265474237e+01 2.023217320533e-01 3.298155763868e+03 1.472339465057e+01
0 12 3 1.13255211 1.80725888 0.97526308 6.60272490 1.56672604 2.914737375165e+00 2.640062199239e+01 1.882636145693e-01 3.389733256487e+03 1.462257615330e+01
0 13 3 1.13255211 1.80725888 0.97526308 6.60272490 1.56672604 2.826114194454e+00 2.558013176444e+01 1.830075500271e-01 3.480864929431e+03 1.457012028174e+01
0 14 3 1.13255211 1.80725888 0.97526308 6.60272490 1.56672604 2.742354276691e+00 2.415534577475e+01 1.916925274787e-01 3.532456529196e+03 1.364342792689e+01
0 15 3 1.13255211 1.80725888 0.97526308 6.60272490 1.56672604 2.663614264325e+00 2.212592821600e+01 1.942913185897e-01 3.522414206306e+03 1.329681681874e+01
0 16 3 1.13255211 1.80725888 0.97526308 6.60272490 1.56672604 2.590044882379e+00 2.026412071175e+01 1.783303998319e-01 3.441919445014e+03 1.304572199169e+01
0 17 3 1.13255211 1.80725888 0.97526308 6.60272490 1.56672604 2.521787030208e+00 1.921297688194e+01 1.574028257830e-01 3.303243572478e+03 1.238812740174e+01
0 18 3 1.13255211 1.80725888 0.97526308 6.60272490 1.56672604 2.458968783813e+00 1.896285190781e+01 1.513911624819e-01 3.113754902119e+03 1.217805728590e+01
0 19 3 1.13255211 1.80725888 0.97526308 6.60272490 1.56672604 2.401703312485e+00 1.940725490833e+01 1.627449668184e-01 2.903502306785e+03 1.206267282494e+01
0 20 3 1.13255211 1.80725888 0.97526308 6.60272490 1.56672604 2.350087667450e+00 2.001173057969e+01 1.740407021823e-01 2.682991159841e+03 1.155767524618e+01
0 21 3 1.13255211 1.80725888 0.97526308 6.60272490 1.56672604 2.304202360450e+00 2.007375744270e+01 1.701140336416e-01 2.482187345901e+03 1.119092239271e+01
0 22 3 1.13255211 1.80725888 0.97526308 6.60272490 1.56672604 2.264111618576e+00 1.962872831622e+01 1.569444667157e-01 2.312405972316e+03 1.106511502872e+01
0 23 3 1.13255211 1.80725888 0.97526308 6.60272490 1.56672604 2.229864179327e+00 1.867504826557e+01 1.472770756986e-01 2.203423157336e+03 1.073313164275e+01
0 24 3 1.13255211 1.80725888 0.97526308 6.60272490 1.56672604 2.201494477466e+00 1.740621469946e+01 1.419328551925e-01 2.160454119874e+03 1.057273133135e+01
0 25 3 1.13255211 1.80725888 0.97526308 6.60272490 1.56672604 2.179024072977e+00 1.672380349339e+01 1.383684836880e-01 2.188657303592e+03 1.061214926113e+01
0 26 3 1.13255211 1.80725888 0.97526308 6.60272490 1.56672604 2.162463176754e+00 1.624419808928e+01 1.393802275430e-01 2.273263705390e+03 1.035008431511e+01
0 27 3 1.13255211 1.80725888 0.97526308 6.60272490 1.56672604 2.151812146710e+00 1.678392779673e+01 1.465499731369e-01 2.385515020219e+03 1.022622295663e+01
0 28 3 1.13255211 1.80725888 0.97526308 6.60272490 1.56672604 2.147062850415e+00 1.716522021754e+01 1.561598415691e-01 2.496464692127e+03 1.036160992280e+01
0 29 3 1.13255211 1.80725888 0.97526308 6.60272490 1.56672604 2.148199819292e+00 1.771475760122e+01 1.579872798924e-01 2.599452051156e+03 1.015177252788e+01
0 30 3 1.13255211 1.80725888 0.97526308 6.60272490 1.56672604 2.155201151945e+00 1.807636027343e+01 1.428462554848e-01 2.679695716278e+03 9.946466075014e+00
0 31 3 1.13255211 1.80725888 0.97526308 6.60272490 1.56672604 2.168039158051e+00 1.739782291574e+01 1.226198808489e-01 2.724052797566e+03 9.750399714049e+00
0 32 3 1.13255211 1.80725888 0.97526308 6.60272490 1.56672604 2.186680767272e+00 1.715538164298e+01 1.222794124106e-01 2.750095942069e+03 1.003139872884e+01
0 33 3 1.13255211 1.80725888 0.97526308 6.60272490 1.56672604 2.211087757656e+00 1.655669060830e+01 1.420933570092e-01 2.725837741305e+03 1.037641166528e+01
0 34 3 1.13255211 1.80725888 0.97526308 6.60272490 1.56672604 2.241216883060e+00 1.634302642218e+01 1.574628101787e-01 2.652299571241e+03 1.047024414077e+01
0 35 3 1.13255211 1.80725888 0.97526308 6.60272490 1.56672604 2.277019997534e+00 1.689160763954e+01 1.564055796436e-01 2.539672907215e+03 1.027434296281e+01
0 36 3 1.13255211 1.80725888 0.97526308 6.60272490 1.56672604 2.318444285183e+00 1.766882835216e+01 1.474808684830e-01 2.415185155106e+03 1.040493779735e+01
0 37 3 1.13255211 1.80725888 0.97526308 6.60272490 1.56672604 2.365432705808e+00 1.860145806604e+01 1.402788186117e-01 2.294190576092e+03 1.073964051172e+01
0 38 3 1.13255211 1.80725888 0.97526308 6.60272490 1.56672604 2.417924759439e+00 1.950016303085e+01 1.385530585603e-01 2.229327252039e+03 1.066608028282e+01
0 39 3 1.13255211 1.80725888 0.97526308 6.60272490 1.56672604 2.475857656804e+00 1.976491133437e+01 1.413755884343e-01 2.222421414258e+03 1.094060997712e+01
0 40 3 1.13255211 1.80725888 0.97526308 6.60272490 1.56672604 2.539167958632e+00 1.976821538088e+01 1.466258710550e-01 2.284870766990e+03 1.132586255436e+01
0 41 3 1.13255211 1.80725888 0.97526308 6.60272490 1.56672604 2.607793715611e+00 1.942367462879e+01 1.570051183169e-01 2.407592528331e+03 1.149473963081e+01
0 42 3 1.13255211 1.80725888 0.97526308 6.60272490 1.56672604 2.681677104514e+00 1.926217830460e+01 1.710201247092e-01 2.584504406802e+03 1.187263736268e+01
0 43 3 1.13255211 1.80725888 0.97526308 6.60272490 1.56672604 2.760767516412e+00 1.974510766470e+01 1.749657444387e-01 2.800457271504e+03 1.237778833600e+01
0 44 3 1.13255211 1.80725888 0.97526308 6.60272490 1.56672604 2.845025012299e+00 2.050558628448e+01 1.628336937824e-01 3.040891174940e+03 1.245143475876e+01
0 45 3 1.13255211 1.80725888 0.97526308 6.60272490 1.56672604 2.934424022251e+00 2.228600558167e+01 1.507749052520e-01 3.280100821066e+03 1.272028318338e+01
0 46 3 1.13255211 1.80725888 0.97526308 6.60272490 1.56672604 3.028957128856e+00 2.376814241517e+01 1.569223081436e-01 3.489689280981e+03 1.341803686398e+01
0 47 3 1.13255211 1.80725888 0.97526308 6.60272490 1.56672604 3.128638746371e+00 2.524129810644e+01 1.784189590696e-01 3.642318111980e+03 1.369934642977e+01
0 48 3 1.13255211 1.80725888 0.97526308 6.60272490 1.56672604 3.233508486048e+00 2.605079992300e+01 1.944060067796e-01 3.722711032520e+03 1.408745339601e+01
0 49 3 1.13255211 1.80725888 0.97526308 6.60272490 1.56672604 3.343633987000e+00 2.599936736638e+01 1.911233864276e-01 3.728192708124e+03 1.487465283999e+01
0 50 3 1.13255211 1.80725888 0.97526308 6.60272490 1.56672604 3.459112992237e+00 2.606867290059e+01 1.820699774459e-01 3.669699681971e+03 1.509442132852e+01
0 51 3 1.13255211 1.80725888 0.97526308 6.60272490 1.56672604 3.580074461808e+00 2.570285311202e+01 1.877947316821e-01 3.582219990658e+03 1.525974751128e+01
0 52 3 1.13255211 1.80725888 0.97526308 6.60272490 1.56672604 3.706678539622e+00 2.653553320098e+01 2.021667295358e-01 3.476921174586e+03 1.643269830423e+01
0 53 3 1.13255211 1.80725888 0.97526308 6.60272490 1.56672604 3.839115226985e+00 2.824027210666e+01 2.060561586032e-01 3.396227651314e+03 1.715389465217e+01
0 54 3 1.13255211 1.80725888 0.97526308 6.60272490 1.56672604 3.977601663237e+00 3.025651200911e+01 2.003805142553e-01 3.377562658215e+03 1.752652862496e+01
0 55 3 1.13255211 1.80725888 0.97526308 6.60272490 1.56672604 4.122377970403e+00 3.320068782643e+01 2.011858000911e-01 3.441030478795e+03 1.830093648897e+01
0 56 3 1.13255211 1.80725888 0.97526308 6.60272490 1.56672604 4.273701682315e+00 3.522992830680e+01 2.177050655450e-01 3.608405670264e+03 1.879680731216e+01
0 57 3 1.13255211 1.80725888 0.97526308 6.60272490 1.56672604 4.431840846614e+00 3.621810928785e+01 2.398421068201e-01 3.903117077977e+03 1.905920496841e+01
0 58 3 1.13255211 1.80725888 0.97526308 6.60272490 1.56672604 4.597065957383e+00 3.674422587368e+01 2.425685027934e-01 4.285701093791e+03 2.010774520906e+01
0 59 3 1.13255211 1.80725888 0.97526308 6.60272490 1.56672604 4.769640943633e+00 3.628765006783e+01 2.239655360208e-01 4.724321083036e+03 2.114599214228e+01
0 60 3 1.13255211 1.80725888 0.97526308 6.60272490 1.56672604 4.949813501187e+00 3.641557235836e+01 2.199846347546e-01 5.176944310017e+03 2.153593600159e+01
0 61 3 1.13255211 1.80725888 0.97526308 6.60272490 1.56672604 5.137805109437e+00 3.754309258282e+01 2.448087587536e-01 5.575384329757e+03 2.271286834279e+01
0 62 3 1.13255211 1.80725888 0.97526308 6.60272490 1.56672604 5.333801116902e+00 3.977315963597e+01 2.637796735102e-01 5.896301485683e+03 2.372260433294e+01
0 63 3 1.13255211 1.80725888 0.97526308 6.60272490 1.56672604 5.537941307800e+00 4.345011789115e+01 2.584027747655e-01 6.107988061021e+03 2.438079526909e+01
6 0 3 0.58758094 0.72124326 2.22097721 1.08202822 0.86860265 4.970860018557e-03 1.238480863323e+00 9.886954960797e-01 6.734571853268e+00 2.273912009888e+00
6 1 3 0.58758094 0.72124326 2.22097721 1.08202822 0.86860265 4.806364236178e-03 1.238167706390e+00 9.609975040935e-01 6.931480410739e+00 2.065944196329e+00
6 2 3 0.58758094 0.72124326 2.22097721 1.08202822 0.86860265 4.651838841868e-03 1.209372359777e+00 9.398063402048e-01 6.979197598833e+00 1.752880916158e+00
6 3 3 0.58758094 0.72124326 2.22097721 1.08202822 0.86860265 4.506019254869e-03 1.162015541931e+00 8.943678680557e-01 6.872221276582e+00 1.547604972014e+00
6 4 3 0.58758094 0.72124326 2.22097721 1.08202822 0.86860265 4.367648134241e-03 1.086102082881e+00 8.396209192627e-01 6.562484301297e+00 1.443838799280e+00
6 5 3 0.58758094 0.72124326 2.22097721 1.08202822 0.86860265 4.235521348647e-03 9.817990585489e-01 8.112867365025e-01 6.069418938990e+00 1.366950203233e+00
6 6 3 0.58758094 0.72124326 2.22097721 1.08202822 0.86860265 4.108528081608e-03 8.509263475687e-01 8.022413759396e-01 5.465813196726e+00 1.215607164791e+00
6 7 3 0.58758094 0.72124326 2.22097721 1.08202822 0.86860265 3.985683935063e-03 7.169982410606e-01 7.938065434056e-01 4.874222548619e+00 1.067103576932e+00
6 8 3 0.58758094 0.72124326 2.22097721 1.08202822 0.86860265 3.866156286969e-03 5.992674305823e-01 7.721325301719e-01 4.348039854094e+00 1.034140141639e+00
6 9 3 0.58758094 0.72124326 2.22097721 1.08202822 0.86860265 3.749281555110e-03 5.032559280866e-01 7.587779243044e-01 3.870920871772e+00 1.005069228166e+00
6 10 3 0.58758094 0.72124326 2.22097721 1.08202822 0.86860265 3.634574401565e-03 4.213743558582e-01 7.358082876911e-01 3.448297738137e+00 9.977133342766e-01
6 11 3 0.58758094 0.72124326 2.22097721 1.08202822 0.86860265 3.521729262827e-03 3.483776891956e-01 6.918674263767e-01 3.029748423319e+00 9.040639923027e-01
6 12 3 0.58758094 0.72124326 2.22097721 1.08202822 0.86860265 3.410614895419e-03 2.843827766501e-01 6.241827802204e-01 2.619822934076e+00 9.023111059613e-01
6 13 3 0.58758094 0.72124326 2.22097721 1.08202822 0.86860265 3.301262874258e-03 2.297855702611e-01 5.840358927677e-01 2.239185503126e+00 9.193980911096e-01
6 14 3 0.58758094 0.72124326 2.22097721 1.08202822 0.86860265 3.193851163131e-03 1.843079824539e-01 5.838596030995e-01 1.851822165734e+00 9.678539500931e-01
6 15 3 0.58758094 0.72124326 2.22097721 1.08202822 0.86860265 3.088683989075e-03 1.499239296331e-01 6.032785508399e-01 1.519007309016e+00 9.700893507118e-01
6 16 3 0.58758094 0.72124326 2.22097721 1.08202822 0.86860265 2.986169294481e-03 1.339447721465e-01 5.974123519241e-01 1.302504395533e+00 9.500635481318e-01
6 17 3 0.58758094 0.72124326 2.22097721 1.08202822 0.86860265 2.886795015360e-03 1.403158335642e-01 5.714163002000e-01 1.196940515637e+00 1.003072040613e+00
6 18 3 0.58758094 0.72124326 2.22097721 1.08202822 0.86860265 2.791105347520e-03 1.692765375794e-01 5.438282546037e-01 1.236823878401e+00 1.085525647782e+00
6 19 3 0.58758094 0.72124326 2.22097721 1.08202822 0.86860265 2.699678023435e-03 2.104538216175e-01 5.236066811554e-01 1.349635187280e+00 1.152919451129e+00
6 20 3 0.58758094 0.72124326 2.22097721 1.08202822 0.86860265 2.613103442544e-03 2.596702021355e-01 5.014384039456e-01 1.485268066696e+00 1.180126038788e+00
6 21 3 0.58758094 0.72124326 2.22097721 1.08202822 0.86860265 2.531966289423e-03 3.092403153846e-01 4.821499502498e-01 1.653423528544e+00 1.154458289696e+00
6 22 3 0.58758094 0.72124326 2.22097721 1.08202822 0.86860265 2.456830051307e-03 3.661703358940e-01 4.805632289181e-01 1.803684338667e+00 1.214177298098e+00
6 23 3 0.58758094 0.72124326 2.22097721 1.08202822 0.86860265 2.388224622621e-03 4.221136588404e-01 4.841075719631e-01 1.936878923086e+00 1.249435210385e+00
6 24 3 0.58758094 0.72124326 2.22097721 1.08202822 0.86860265 2.326636972539e-03 4.815005215878e-01 4.723491403503e-01 2.101444419027e+00 1.301537868332e+00
6 25 3 0.58758094 0.72124326 2.22097721 1.08202822 0.86860265 2.272504663968e-03 5.328778815639e-01 4.445970815287e-01 2.235242195376e+00 1.271289731277e+00
6 26 3 0.58758094 0.72124326 2.22097721 1.08202822 0.86860265 2.226211858628e-03 5.913075001551e-01 4.424397554021e-01 2.446900359288e+00 1.282787618190e+00
6 27 3 0.58758094 0.72124326 2.22097721 1.08202822 0.86860265 2.188087330565e-03 6.468180860573e-01 4.699197059605e-01 2.712246135951e+00 1.337904737440e+00
6 28 3 0.58758094 0.72124326 2.22097721 1.08202822 0.86860265 2.158403944282e-03 7.050979214427e-01 4.890292655302e-01 2.963633235053e+00 1.399562702751e+00
6 29 3 0.58758094 0.72124326 2.22097721 1.08202822 0.86860265 2.137379035545e-03 7.413722310458e-01 4.513379270594e-01 3.187968995460e+00 1.375138721905e+00
6 30 3 0.58758094 0.72124326 2.22097721 1.08202822 0.86860265 2.125175161705e-03 7.684433557289e-01 3.933258930504e-01 3.351945540789e+00 1.307507019938e+00
6 31 3 0.58758094 0.72124326 2.22097721 1.08202822 0.86860265 2.121900760137e-03 7.791939334711e-01 3.810750740980e-01 3.389666450516e+00 1.290804999864e+00
6 32 3 0.58758094 0.72124326 2.22097721 1.08202822 0.86860265 2.127610361560e-03 7.915867925834e-01 4.393180810088e-01 3.433693380379e+00 1.388250312646e+00
6 33 3 0.58758094 0.72124326 2.22097721 1.08202822 0.86860265 2.142304140951e-03 7.849072879360e-01 5.007500215385e-01 3.382627428926e+00 1.475558906553e+00
6 34 3 0.58758094 0.72124326 2.22097721 1.08202822 0.86860265 2.165926742105e-03 7.687056992314e-01 5.071757939358e-01 3.272780603529e+00 1.478680935361e+00
6 35 3 0.58758094 0.72124326 2.22097721 1.08202822 0.86860265 2.198365471286e-03 7.363629420623e-01 4.681674579152e-01 3.176276116276e+00 1.413851948657e+00
6 36 3 0.58758094 0.72124326 2.22097721 1.08202822 0.86860265 2.239448109066e-03 7.102664172476e-01 4.461705236503e-01 3.078123436127e+00 1.390729070767e+00
6 37 3 0.58758094 0.72124326 2.22097721 1.08202822 0.86860265 2.288940725964e-03 6.783502163924e-01 4.650087851256e-01 2.973332339304e+00 1.391175667695e+00
6 38 3 0.58758094 0.72124326 2.22097721 1.08202822 0.86860265 2.346545996344e-03 6.434954633640e-01 4.942490227754e-01 2.889680633198e+00 1.412293247511e+00
6 39 3 0.58758094 0.72124326 2.22097721 1.08202822 0.86860265 2.411902577289e-03 5.927430085107e-01 5.057061194890e-01 2.683764584904e+00 1.355159028834e+00
6 40 3 0.58758094 0.72124326 2.22097721 1.08202822 0.86860265 2.484586148102e-03 5.412920171894e-01 5.051753532890e-01 2.430512846108e+00 1.310356356193e+00
6 41 3 0.58758094 0.72124326 2.22097721 1.08202822 0.86860265 2.564112687412e-03 4.879103262422e-01 5.182645372896e-01 2.153678487858e+00 1.272752976994e+00
6 42 3 0.58758094 0.72124326 2.22097721 1.08202822 0.86860265 2.649944497176e-03 4.418681913145e-01 5.399324487521e-01 1.849842301537e+00 1.250956106237e+00
6 43 3 0.58758094 0.72124326 2.22097721 1.08202822 0.86860265 2.741499367762e-03 3.988844627997e-01 5.650763556470e-01 1.602249542666e+00 1.222176686995e+00
6 44 3 0.58758094 0.72124326 2.22097721 1.08202822 0.86860265 2.838163120326e-03 3.719131167348e-01 5.851738740637e-01 1.436175277129e+00 1.114991581807e+00
6 45 3 0.58758094 0.72124326 2.22097721 1.08202822 0.86860265 2.939305569161e-03 3.652891463537e-01 6.097814700594e-01 1.359008596782e+00 1.051964493685e+00
6 46 3 0.58758094 0.72124326 2.22097721 1.08202822 0.86860265 3.044299727498e-03 3.866189760588e-01 6.188552984878e-01 1.442394733587e+00 1.009204998239e+00
6 47 3 0.58758094 0.72124326 2.22097721 1.08202822 0.86860265 3.152543847120e-03 4.266566133338e-01 6.146430284345e-01 1.617419025631e+00 1.026438316940e+00
6 48 3 0.58758094 0.72124326 2.22097721 1.08202822 0.86860265 3.263485648421e-03 4.796461142625e-01 6.110729971395e-01 1.852239964500e+00 1.016627590933e+00
6 49 3 0.58758094 0.72124326 2.22097721 1.08202822 0.86860265 3.376647877200e-03 5.407087970017e-01 6.480060634538e-01 2.142083421179e+00 9.449002518626e-01
6 50 3 0.58758094 0.72124326 2.22097721 1.08202822 0.86860265 3.491654131514e-03 6.165005729076e-01 7.132976163561e-01 2.440963478737e+00 9.332274333631e-01
6 51 3 0.58758094 0.72124326 2.22097721 1.08202822 0.86860265 3.608253749644e-03 7.155232246296e-01 7.726343016472e-01 2.841964525397e+00 9.481235279845e-01
6 52 3 0.58758094 0.72124326 2.22097721 1.08202822 0.86860265 3.726344450417e-03 8.378542160471e-01 7.937822201127e-01 3.351320111829e+00 1.006670013082e+00
6 53 3 0.58758094 0.72124326 2.22097721 1.08202822 0.86860265 3.845991379457e-03 9.873702873546e-01 7.957462599494e-01 3.968729182756e+00 1.012954628148e+00
6 54 3 0.58758094 0.72124326 2.22097721 1.08202822 0.86860265 3.967441246125e-03 1.158919272733e+00 8.027890936755e-01 4.698498987947e+00 1.010629633539e+00
6 55 3 0.58758094 0.72124326 2.22097721 1.08202822 0.86860265 4.091130339757e-03 1.360624009807e+00 8.169987926684e-01 5.540990021642e+00 1.101195277116e+00
6 56 3 0.58758094 0.72124326 2.22097721 1.08202822 0.86860265 4.217685390012e-03 1.560750660897e+00 8.360492382895e-01 6.377404856212e+00 1.218309256768e+00
6 57 3 0.58758094 0.72124326 2.22097721 1.08202822 0.86860265 4.347916481209e-03 1.745657186320e+00 8.669092782854e-01 7.194785397260e+00 1.372170311027e+00
6 58 3 0.58758094 0.72124326 2.22097721 1.08202822 0.86860265 4.482801536659e-03 1.876038898760e+00 9.271150684553e-01 7.790755831785e+00 1.427620282558e+00
6 59 3 0.58758094 0.72124326 2.22097721 1.08202822 0.86860265 4.623462245306e-03 1.983801745070e+00 9.867802253440e-01 8.228836935111e+00 1.576463619681e+00
6 60 3 0.58758094 0.72124326 2.22097721 1.08202822 0.86860265 4.771131694926e-03 2.057438472067e+00 1.028098323801e+00 8.470359445701e+00 1.800051124202e+00
6 61 3 0.58758094 0.72124326 2.22097721 1.08202822 0.86860265 4.927114387205e-03 2.132046769868e+00 1.045471977537e+00 8.680457324758e+00 2.073294135839e+00
6 62 3 0.58758094 0.72124326 2.22097721 1.08202822 0.86860265 5.092739720745e-03 2.166918239596e+00 1.087485718662e+00 8.770869004755e+00 2.256837336578e+00
6 63 3 0.58758094 0.72124326 2.22097721 1.08202822 0.86860265 5.269310419367e-03 2.197278840069e+00 1.139541845479e+00 8.848473205233e+00 2.366045908443e+00
10 0 3 0.95981720 1.34978213 1.23421884 3.76961311 1.24078665 1.065804580377e-02 1.023775617155e+01 1.397453981218e-01 6.665717659808e+02 6.844092356782e+00
10 1 3 0.95981720 1.34978213 1.23421884 3.76961311 1.24078665 1.184559979163e-02 1.016607883268e+01 1.546627138349e-01 6.447842705837e+02 7.406749534296e+00
10 2 3 0.95981720 1.34978213 1.23421884 3.76961311 1.24078665 9.210249503255e-03 9.731731552117e+00 1.620700904966e-01 6.171856453642e+02 8.240899098095e+00
10 3 3 0.95981720 1.34978213 1.23421884 3.76961311 1.24078665 7.051078766947e-03 9.286023409934e+00 1.558454059594e-01 5.940742601643e+02 9.225972318240e+00
10 4 3 0.95981720 1.34978213 1.23421884 3.76961311 1.24078665 7.942420000256e-03 8.942908154178e+00 1.391804462023e-01 5.703964149314e+02 9.908370589947e+00
10 5 3 0.95981720 1.34978213 1.23421884 3.76961311 1.24078665 8.335511697828e-03 8.909287872397e+00 1.256177576744e-01 5.555743517577e+02 9.442307659116e+00
10 6 3 0.95981720 1.34978213 1.23421884 3.76961311 1.24078665 8.958261874786e-03 8.324459282956e+00 1.323354735027e-01 5.428745427506e+02 8.293195587423e+00
10 7 3 0.95981720 1.34978213 1.23421884 3.76961311 1.24078665 8.401636422495e-03 7.833281317532e+00 1.405073268676e-01 5.288428617977e+02 6.912397734023e+00
10 8 3 0.95981720 1.34978213 1.23421884 3.76961311 1.24078665 8.524427335561e-03 7.530030126550e+00 1.346654183452e-01 5.118133690797e+02 5.429278752099e+00
10 9 3 0.95981720 1.34978213 1.23421884 3.76961311 1.24078665 7.636119398558e-03 7.412459957456e+00 1.346333483981e-01 4.917960736202e+02 4.829319423106e+00
10 10 3 0.95981720 1.34978213 1.23421884 3.76961311 1.24078665 5.228737512272e-03 7.281144439596e+00 1.383070983828e-01 4.735772163649e+02 5.154654369595e+00
10 11 3 0.95981720 1.34978213 1.23421884 3.76961311 1.24078665 6.041924453542e-03 7.103813770085e+00 1.279886060505e-01 4.510531909291e+02 5.887584262446e+00
10 12 3 0.95981720 1.34978213 1.23421884 3.76961311 1.24078665 6.715800551597e-03 6.994028856412e+00 1.115069051757e-01 4.327145653019e+02 6.809268989200e+00
10 13 3 0.95981720 1.34978213 1.23421884 3.76961311 1.24078665 6.596012789333e-03 6.513814277497e+00 1.032040859595e-01 4.162152039062e+02 7.261815296973e+00
10 14 3 0.95981720 1.34978213 1.23421884 3.76961311 1.24078665 6.869454834447e-03 6.311944138544e+00 1.149939608484e-01 4.071157660216e+02 6.935895111222e+00
10 15 3 0.95981720 1.34978213 1.23421884 3.76961311 1.24078665 6.395872698418e-03 6.084824274563e+00 1.388033025952e-01 3.981535687317e+02 6.105001751324e+00
10 16 3 0.95981720 1.34978213 1.23421884 3.76961311 1.24078665 5.957620208353e-03 5.910683641071e+00 1.368045038315e-01 3.912567121313e+02 4.995372461311e+00
10 17 3 0.95981720 1.34978213 1.23421884 3.76961311 1.24078665 4.405974355495e-03 5.618229089659e+00 1.058251881229e-01 3.835235267236e+02 4.060248229901e+00
10 18 3 0.95981720 1.34978213 1.23421884 3.76961311 1.24078665 4.385743428210e-03 5.565488200113e+00 8.694109376231e-02 3.732111693505e+02 3.663763649070e+00
10 19 3 0.95981720 1.34978213 1.23421884 3.76961311 1.24078665 5.681064726884e-03 5.617850160510e+00 9.626744063379e-02 3.617137554181e+02 3.841881379509e+00
10 20 3 0.95981720 1.34978213 1.23421884 3.76961311 1.24078665 5.240340958950e-03 5.372486720507e+00 1.147868276509e-01 3.481140861883e+02 4.434499802677e+00
10 21 3 0.95981720 1.34978213 1.23421884 3.76961311 1.24078665 5.464558205820e-03 5.260142628609e+00 1.182685969022e-01 3.389309659759e+02 5.131207691317e+00
10 22 3 0.95981720 1.34978213 1.23421884 3.76961311 1.24078665 5.471817731611e-03 5.099218942834e+00 1.038815381388e-01 3.296123564054e+02 5.538761958601e+00
10 23 3 0.95981720 1.34978213 1.23421884 3.76961311 1.24078665 4.676086168726e-03 5.094941668925e+00 9.701936940208e-02 3.257432603278e+02 5.500438029327e+00
10 24 3 0.95981720 1.34978213 1.23421884 3.76961311 1.24078665 3.956791410265e-03 4.872003870448e+00 1.018639950919e-01 3.220236735670e+02 4.926583196691e+00
10 25 3 0.95981720 1.34978213 1.23421884 3.76961311 1.24078665 3.578967405489e-03 4.791720844359e+00 9.530084497381e-02 3.192439282872e+02 4.029846286135e+00
10 26 3 0.95981720 1.34978213 1.23421884 3.76961311 1.24078665 4.803950151478e-03 4.704419663150e+00 8.373342037257e-02 3.141428653394e+02 3.362984810948e+00
10 27 3 0.95981720 1.34978213 1.23421884 3.76961311 1.24078665 4.928845174914e-03 4.653731734814e+00 8.912130613544e-02 3.080201369133e+02 3.113479314429e+00
10 28 3 0.95981720 1.34978213 1.23421884 3.76961311 1.24078665 4.553116225518e-03 4.808768351537e+00 1.080795987236e-01 3.049414117934e+02 3.317630632055e+00
10 29 3 0.95981720 1.34978213 1.23421884 3.76961311 1.24078665 5.124950076582e-03 4.790202922405e+00 1.202140548955e-01 2.991731922532e+02 3.906290397987e+00
10 30 3 0.95981720 1.34978213 1.23421884 3.76961311 1.24078665 4.336632779197e-03 4.720866143657e+00 1.040563178071e-01 2.963879191282e+02 4.506102781939e+00
10 31 3 0.95981720 1.34978213 1.23421884 3.76961311 1.24078665 3.626924540639e-03 4.522028974293e+00 7.280674288461e-02 2.945631172228e+02 4.881803158902e+00
10 32 3 0.95981720 1.34978213 1.23421884 3.76961311 1.24078665 3.614200527746e-03 4.739853007903e+00 7.302346942087e-02 3.017660491764e+02 5.068092694746e+00
10 33 3 0.95981720 1.34978213 1.23421884 3.76961311 1.24078665 4.372277966361e-03 4.823710618145e+00 1.045212033230e-01 3.091501256271e+02 4.728380077600e+00
10 34 3 0.95981720 1.34978213 1.23421884 3.76961311 1.24078665 5.184786626786e-03 4.742960772297e+00 1.210145449727e-01 3.147645726944e+02 4.033531446641e+00
10 35 3 0.95981720 1.34978213 1.23421884 3.76961311 1.24078665 4.614993204071e-03 4.679984193607e+00 1.095328200824e-01 3.184538605016e+02 3.412962640708e+00
10 36 3 0.95981720 1.34978213 1.23421884 3.76961311 1.24078665 5.054040679514e-03 4.757747582474e+00 9.101229479002e-02 3.214003964101e+02 3.105146750111e+00
10 37 3 0.95981720 1.34978213 1.23421884 3.76961311 1.24078665 4.914988121792e-03 4.996399437023e+00 8.595708418140e-02 3.267360784440e+02 3.419974198432e+00
10 38 3 0.95981720 1.34978213 1.23421884 3.76961311 1.24078665 3.694319252942e-03 5.048199687449e+00 9.781635451343e-02 3.282321915238e+02 4.198265480578e+00
10 39 3 0.95981720 1.34978213 1.23421884 3.76961311 1.24078665 4.084138792293e-03 5.272644896870e+00 1.041108615684e-01 3.336347671512e+02 5.043051692486e+00
10 40 3 0.95981720 1.34978213 1.23421884 3.76961311 1.24078665 4.827147389339e-03 5.260741742105e+00 9.941510982177e-02 3.398053213189e+02 5.658980610086e+00
10 41 3 0.95981720 1.34978213 1.23421884 3.76961311 1.24078665 5.716654032676e-03 5.381404522609e+00 1.078323105971e-01 3.509402719852e+02 5.773982174182e+00
10 42 3 0.95981720 1.34978213 1.23421884 3.76961311 1.24078665 5.686556309694e-03 5.529335094729e+00 1.236139477349e-01 3.617041008393e+02 5.383620654033e+00
10 43 3 0.95981720 1.34978213 1.23421884 3.76961311 1.24078665 5.495397078206e-03 5.693115316608e+00 1.197942280004e-01 3.723619463426e+02 4.752148558069e+00
10 44 3 0.95981720 1.34978213 1.23421884 3.76961311 1.24078665 5.978975689688e-03 5.750788697228e+00 9.979924513232e-02 3.822555679440e+02 4.059545664195e+00
10 45 3 0.95981720 1.34978213 1.23421884 3.76961311 1.24078665 4.596249680804e-03 5.820566324440e+00 8.994582787009e-02 3.881122645672e+02 3.845093446753e+00
10 46 3 0.95981720 1.34978213 1.23421884 3.76961311 1.24078665 4.658532333757e-03 6.274269169607e+00 1.108289768332e-01 3.958169519469e+02 4.332771058297e+00
10 47 3 0.95981720 1.34978213 1.23421884 3.76961311 1.24078665 6.261804635050e-03 6.465756347366e+00 1.442139089292e-01 4.030864145123e+02 5.299588112744e+00
10 48 3 0.95981720 1.34978213 1.23421884 3.76961311 1.24078665 6.773449259530e-03 6.709878989748e+00 1.458929268969e-01 4.167793753526e+02 6.541698293024e+00
10 49 3 0.95981720 1.34978213 1.23421884 3.76961311 1.24078665 7.293464812288e-03 6.902847303767e+00 1.202988028502e-01 4.308908710054e+02 7.528566862299e+00
10 50 3 0.95981720 1.34978213 1.23421884 3.76961311 1.24078665 6.970957188733e-03 7.278523418972e+00 1.079280613939e-01 4.512271671214e+02 7.705179668187e+00
10 51 3 0.95981720 1.34978213 1.23421884 3.76961311 1.24078665 7.166715582312e-03 7.378444748556e+00 1.171677601542e-01 4.718042169474e+02 7.176838313304e+00
10 52 3 0.95981720 1.34978213 1.23421884 3.76961311 1.24078665 6.402823617987e-03 7.451212587718e+00 1.350763681566e-01 4.913319307724e+02 6.287961677868e+00
10 53 3 0.95981720 1.34978213 1.23421884 3.76961311 1.24078665 5.553052985824e-03 7.768088717465e+00 1.455572677384e-01 5.069006553309e+02 5.369618071202e+00
10 54 3 0.95981720 1.34978213 1.23421884 3.76961311 1.24078665 8.130189745117e-03 8.006211763652e+00 1.411285462558e-01 5.197715885206e+02 5.167728953963e+00
10 55 3 0.95981720 1.34978213 1.23421884 3.76961311 1.24078665 9.038222895588e-03 8.524519709470e+00 1.417244687377e-01 5.349076836669e+02 5.987943386157e+00
10 56 3 0.95981720 1.34978213 1.23421884 3.76961311 1.24078665 8.985408076623e-03 9.009529549522e+00 1.481888814613e-01 5.461504155026e+02 7.300440322295e+00
10 57 3 0.95981720 1.34978213 1.23421884 3.76961311 1.24078665 9.518292169676e-03 9.510941087579e+00 1.390049104819e-01 5.624744635688e+02 8.954582710585e+00
10 58 3 0.95981720 1.34978213 1.23421884 3.76961311 1.24078665 8.876692199633e-03 9.481511803379e+00 1.317635118327e-01 5.806728831966e+02 1.037920161937e+01
10 59 3 0.95981720 1.34978213 1.23421884 3.76961311 1.24078665 8.482931804062e-03 9.756981751181e+00 1.462660315765e-01 6.084988079097e+02 1.070129991656e+01
10 60 3 0.95981720 1.34978213 1.23421884 3.76961311 1.24078665 7.456363917444e-03 1.029593777060e+01 1.640567984794e-01 6.335367650133e+02 1.014946609833e+01
10 61 3 0.95981720 1.34978213 1.23421884 3.76961311 1.24078665 9.837737031572e-03 1.063890552907e+01 1.705887174382e-01 6.572794017004e+02 8.958096617515e+00
10 62 3 0.95981720 1.34978213 1.23421884 3.76961311 1.24078665 1.258206905552e-02 1.083210843877e+01 1.619037254192e-01 6.777440429881e+02 7.514403218479e+00
10 63 3 0.95981720 1.34978213 1.23421884 3.76961311 1.24078665 1.133489039163e-02 1.113504551667e+01 1.457727326414e-01 6.942077626546e+02 7.013849475231e+00
16 0 3 0.84965384 1.20445907 1.09182993 2.21157505 1.69889070 1.664129066311e+00 1.003394152515e+01 3.852128870051e-03 1.169607746927e+02 3.522560297261e+01
16 1 3 0.84965384 1.20445907 1.09182993 2.21157505 1.69889070 1.599258752117e+00 8.207414621614e+00 3.324007900262e-03 1.166958605122e+02 2.777940013894e+01
16 2 3 0.84965384 1.20445907 1.09182993 2.21157505 1.69889070 1.532128895456e+00 6.413784832494e+00 1.220072734566e-03 1.115232629759e+02 2.948747295763e+01
16 3 3 0.84965384 1.20445907 1.09182993 2.21157505 1.69889070 1.494658362329e+00 5.289951641702e+00 9.768683218839e-05 1.021849630511e+02 2.946305971046e+01
16 4 3 0.84965384 1.20445907 1.09182993 2.21157505 1.69889070 1.443235787579e+00 5.434338877734e+00 1.809374193545e-03 8.918465472213e+01 2.406791347285e+01
16 5 3 0.84965384 1.20445907 1.09182993 2.21157505 1.69889070 1.385004136923e+00 6.495970231403e+00 4.115936110751e-03 7.551821959370e+01 3.001011890051e+01
16 6 3 0.84965384 1.20445907 1.09182993 2.21157505 1.69889070 1.341271074016e+00 7.654435154607e+00 5.417138908395e-03 6.303510617037e+01 2.094429710193e+01
16 7 3 0.84965384 1.20445907 1.09182993 2.21157505 1.69889070 1.297146966488e+00 8.163670127845e+00 3.898399016298e-03 5.257842099006e+01 2.823787935251e+01
16 8 3 0.84965384 1.20445907 1.09182993 2.21157505 1.69889070 1.251867389029e+00 7.504542064400e+00 9.211156334228e-04 4.492248121961e+01 2.002085879646e+01
16 9 3 0.84965384 1.20445907 1.09182993 2.21157505 1.69889070 1.205725479165e+00 6.041869239909e+00 4.051993137554e-05 4.125278832801e+01 2.491052266975e+01
16 10 3 0.84965384 1.20445907 1.09182993 2.21157505 1.69889070 1.163440530832e+00 4.676887511851e+00 1.539546216470e-03 4.217487819610e+01 2.110669889492e+01
16 11 3 0.84965384 1.20445907 1.09182993 2.21157505 1.69889070 1.131260662488e+00 3.882479639778e+00 4.280385208293e-03 4.661564476508e+01 2.017391349105e+01
16 12 3 0.84965384 1.20445907 1.09182993 2.21157505 1.69889070 1.088662225870e+00 3.875788808389e+00 4.944789924953e-03 5.360424603807e+01 2.272493729870e+01
16 13 3 0.84965384 1.20445907 1.09182993 2.21157505 1.69889070 1.045740087137e+00 4.616229799649e+00 2.602920548150e-03 6.067228599323e+01 1.648581621250e+01
16 14 3 0.84965384 1.20445907 1.09182993 2.21157505 1.69889070 1.023643488660e+00 5.504401410596e+00 7.755349080213e-04 6.636310774016e+01 2.275576417298e+01
16 15 3 0.84965384 1.20445907 1.09182993 2.21157505 1.69889070 9.897782259754e-01 6.048810708986e+00 6.540487345825e-05 6.909271938004e+01 1.484398620841e+01
16 16 3 0.84965384 1.20445907 1.09182993 2.21157505 1.69889070 9.472436201502e-01 5.801219775188e+00 6.323117364012e-04 6.869466474258e+01 2.112323634513e+01
16 17 3 0.84965384 1.20445907 1.09182993 2.21157505 1.69889070 9.310555374325e-01 4.786035213923e+00 2.542584242697e-03 6.612259097367e+01 1.514704965024e+01
16 18 3 0.84965384 1.20445907 1.09182993 2.21157505 1.69889070 9.084800384215e-01 3.711771635291e+00 3.357951374084e-03 6.144702511467e+01 1.813312926984e+01
16 19 3 0.84965384 1.20445907 1.09182993 2.21157505 1.69889070 8.697765356464e-01 2.970175133006e+00 2.545498584093e-03 5.504406004347e+01 1.651992439413e+01
16 20 3 0.84965384 1.20445907 1.09182993 2.21157505 1.69889070 8.562162582017e-01 2.867159140196e+00 8.356792148571e-04 4.735955399737e+01 1.474581987489e+01
16 21 3 0.84965384 1.20445907 1.09182993 2.21157505 1.69889070 8.445093430039e-01 3.457575029249e+00 4.868654420613e-05 3.987550310279e+01 1.845789474368e+01
16 22 3 0.84965384 1.20445907 1.09182993 2.21157505 1.69889070 8.136873494506e-01 4.262678116075e+00 1.213290358393e-03 3.339663152611e+01 1.201208335331e+01
16 23 3 0.84965384 1.20445907 1.09182993 2.21157505 1.69889070 8.015885583654e-01 4.787456101855e+00 1.735487513798e-03 2.906128436098e+01 1.857697250177e+01
16 24 3 0.84965384 1.20445907 1.09182993 2.21157505 1.69889070 7.982343290173e-01 4.792268410454e+00 1.255158563817e-03 2.764874058621e+01 1.163158195873e+01
16 25 3 0.84965384 1.20445907 1.09182993 2.21157505 1.69889070 7.783266982448e-01 4.180847899982e+00 9.981983709834e-04 2.905108486392e+01 1.729461980148e+01
16 26 3 0.84965384 1.20445907 1.09182993 2.21157505 1.69889070 7.687959564180e-01 3.258139856657e+00 5.732087895613e-04 3.271553789272e+01 1.282316779854e+01
16 27 3 0.84965384 1.20445907 1.09182993 2.21157505 1.69889070 7.706000396035e-01 2.640972599988e+00 3.736798263409e-04 3.797976062383e+01 1.469497474108e+01
16 28 3 0.84965384 1.20445907 1.09182993 2.21157505 1.69889070 7.626980877689e-01 2.542072183856e+00 7.367861007882e-04 4.294844374890e+01 1.480989305342e+01
16 29 3 0.84965384 1.20445907 1.09182993 2.21157505 1.69889070 7.584687663254e-01 3.038759590019e+00 1.744881044581e-03 4.688092534702e+01 1.237420531716e+01
16 30 3 0.84965384 1.20445907 1.09182993 2.21157505 1.69889070 7.628909751061e-01 3.777446270720e+00 1.946322386750e-03 4.965651687503e+01 1.721758221147e+01
16 31 3 0.84965384 1.20445907 1.09182993 2.21157505 1.69889070 7.659866196086e-01 4.277531145254e+00 3.899190794090e-04 5.123266952787e+01 1.025741532180e+01
16 32 3 0.84965384 1.20445907 1.09182993 2.21157505 1.69889070 7.703642980244e-01 4.547998026358e+00 3.910670024746e-04 5.304215446803e+01 1.771960118031e+01
16 33 3 0.84965384 1.20445907 1.09182993 2.21157505 1.69889070 7.764341004307e-01 4.201286897148e+00 1.907019593562e-03 5.283023299722e+01 1.142585509024e+01
16 34 3 0.84965384 1.20445907 1.09182993 2.21157505 1.69889070 7.878725567475e-01 3.390249494862e+00 1.689944469719e-03 4.951064509761e+01 1.634870757693e+01
16 35 3 0.84965384 1.20445907 1.09182993 2.21157505 1.69889070 8.035820840381e-01 2.792533272184e+00 7.401403602025e-04 4.413966277513e+01 1.311760010819e+01
16 36 3 0.84965384 1.20445907 1.09182993 2.21157505 1.69889070 8.122740835405e-01 2.667181690737e+00 4.142876272815e-04 3.769648972785e+01 1.466810916303e+01
16 37 3 0.84965384 1.20445907 1.09182993 2.21157505 1.69889070 8.286565681514e-01 3.215845587917e+00 6.254818385414e-04 3.240065540410e+01 1.623989963579e+01
16 38 3 0.84965384 1.20445907 1.09182993 2.21157505 1.69889070 8.568198405758e-01 4.106920404111e+00 1.013417341598e-03 2.925849794686e+01 1.263920707988e+01
16 39 3 0.84965384 1.20445907 1.09182993 2.21157505 1.69889070 8.708209730402e-01 4.849259083554e+00 1.220463847491e-03 2.863980529232e+01 1.872247595825e+01
16 40 3 0.84965384 1.20445907 1.09182993 2.21157505 1.69889070 8.892213737531e-01 5.179605029279e+00 1.714348078529e-03 3.089508489341e+01 1.187528596581e+01
16 41 3 0.84965384 1.20445907 1.09182993 2.21157505 1.69889070 9.287363476367e-01 4.857248301984e+00 1.196076583768e-03 3.563749225307e+01 1.986717568012e+01
16 42 3 0.84965384 1.20445907 1.09182993 2.21157505 1.69889070 9.515530108619e-01 4.078775974276e+00 5.721938796260e-05 4.208843979396e+01 1.360436350633e+01
16 43 3 0.84965384 1.20445907 1.09182993 2.21157505 1.69889070 9.708026136303e-01 3.410322751417e+00 8.988039618967e-04 4.975021117841e+01 1.876470475527e+01
16 44 3 0.84965384 1.20445907 1.09182993 2.21157505 1.69889070 1.018473098628e+00 3.291540628864e+00 2.609296150727e-03 5.766476561395e+01 1.669592116163e+01
16 45 3 0.84965384 1.20445907 1.09182993 2.21157505 1.69889070 1.052983746133e+00 3.867322728170e+00 3.415254126148e-03 6.477701223752e+01 1.730461338791e+01
16 46 3 0.84965384 1.20445907 1.09182993 2.21157505 1.69889070 1.074556096156e+00 5.085787916345e+00 2.542931645981e-03 7.048533974385e+01 2.062584422472e+01
16 47 3 0.84965384 1.20445907 1.09182993 2.21157505 1.69889070 1.126224198463e+00 6.256490516672e+00 5.887219668245e-04 7.371632842926e+01 1.572420441788e+01
16 48 3 0.84965384 1.20445907 1.09182993 2.21157505 1.69889070 1.173124048576e+00 6.745577962620e+00 9.741247061492e-05 7.325587640688e+01 2.390837550615e+01
16 49 3 0.84965384 1.20445907 1.09182993 2.21157505 1.69889070 1.201044803805e+00 6.509372758268e+00 8.849735871047e-04 6.890856563516e+01 1.591863519836e+01
16 50 3 0.84965384 1.20445907 1.09182993 2.21157505 1.69889070 1.253566918610e+00 5.604394228620e+00 2.832725294128e-03 6.232465819700e+01 2.520720244893e+01
16 51 3 0.84965384 1.20445907 1.09182993 2.21157505 1.69889070 1.310474358521e+00 4.620144461667e+00 5.230963274644e-03 5.519214104819e+01 1.885256347219e+01
16 52 3 0.84965384 1.20445907 1.09182993 2.21157505 1.69889070 1.349942344878e+00 4.256565289109e+00 4.393312393953e-03 4.934449336297e+01 2.395758377132e+01
16 53 3 0.84965384 1.20445907 1.09182993 2.21157505 1.69889070 1.403263129179e+00 4.900849779827e+00 1.506398766362e-03 4.612945794982e+01 2.386583025060e+01
16 54 3 0.84965384 1.20445907 1.09182993 2.21157505 1.69889070 1.465227093647e+00 6.567129303265e+00 2.284548140948e-05 4.612567934214e+01 2.212938938644e+01
16 55 3 0.84965384 1.20445907 1.09182993 2.21157505 1.69889070 1.520276162642e+00 8.371192499186e+00 1.103758253098e-03 4.991887721217e+01 2.868613943221e+01
16 56 3 0.84965384 1.20445907 1.09182993 2.21157505 1.69889070 1.578486560800e+00 9.263896885219e+00 4.334406663354e-03 5.690630573996e+01 2.132798199449e+01
16 57 3 0.84965384 1.20445907 1.09182993 2.21157505 1.69889070 1.640076301095e+00 9.019586064728e+00 5.810319376527e-03 6.752785239596e+01 3.243915978254e+01
16 58 3 0.84965384 1.20445907 1.09182993 2.21157505 1.69889070 1.711300823185e+00 7.871913015530e+00 4.277964116824e-03 8.108870587646e+01 2.292828884461e+01
16 59 3 0.84965384 1.20445907 1.09182993 2.21157505 1.69889070 1.781783339741e+00 6.447672848805e+00 1.787763937623e-03 9.605898226810e+01 3.297434419199e+01
16 60 3 0.84965384 1.20445907 1.09182993 2.21157505 1.69889070 1.840059481267e+00 5.849735390487e+00 8.420228161776e-05 1.090095846742e+02 2.801966027328e+01
16 61 3 0.84965384 1.20445907 1.09182993 2.21157505 1.69889070 1.923694215804e+00 6.476915509520e+00 1.438803776391e-03 1.185684307769e+02 3.116159606284e+01
16 62 3 0.84965384 1.20445907 1.09182993 2.21157505 1.69889070 2.014288655413e+00 8.323404525721e+00 3.652567544063e-03 1.240610073197e+02 3.459789688637e+01
16 63 3 0.84965384 1.20445907 1.09182993 2.21157505 1.69889070 2.071237362335e+00 1.075680402283e+01 4.124111961231e-03 1.235376562394e+02 2.967299722072e+01
17 0 3 1.26586495 1.51632652 0.95133548 2.47729497 0.86780870 9.453084310209e-02 4.146324348557e+00 2.757347567019e+00 1.271672457224e+02 1.666103468583e+00
17 1 3 1.26586495 1.51632652 0.95133548 2.47729497 0.86780870 8.410262439877e-02 3.996602333101e+00 2.707449297438e+00 1.241389671920e+02 1.624356709817e+00
17 2 3 1.26586495 1.51632652 0.95133548 2.47729497 0.86780870 7.785502262286e-02 3.773807091422e+00 2.675104006375e+00 1.208087779075e+02 1.644326174356e+00
17 3 3 1.26586495 1.51632652 0.95133548 2.47729497 0.86780870 7.761695914463e-02 3.609773503417e+00 2.609539053065e+00 1.164216382423e+02 1.605681268248e+00
17 4 3 1.26586495 1.51632652 0.95133548 2.47729497 0.86780870 8.218364917795e-02 3.353099846498e+00 2.506916465649e+00 1.121302594813e+02 1.486898276453e+00
17 5 3 1.26586495 1.51632652 0.95133548 2.47729497 0.86780870 8.869267866940e-02 3.151137246828e+00 2.390384914974e+00 1.084184921743e+02 1.346782836162e+00
17 6 3 1.26586495 1.51632652 0.95133548 2.47729497 0.86780870 9.453127381313e-02 3.032309849229e+00 2.301521978930e+00 1.051398922267e+02 1.288393116022e+00
17 7 3 1.26586495 1.51632652 0.95133548 2.47729497 0.86780870 9.823731191508e-02 2.947598562434e+00 2.263019749632e+00 1.014047686150e+02 1.292797004504e+00
17 8 3 1.26586495 1.51632652 0.95133548 2.47729497 0.86780870 9.918182336609e-02 2.872829973419e+00 2.253308636267e+00 9.706673331570e+01 1.255834713760e+00
17 9 3 1.26586495 1.51632652 0.95133548 2.47729497 0.86780870 9.703082982561e-02 2.695415376501e+00 2.247120878727e+00 9.284297108785e+01 1.158878998605e+00
17 10 3 1.26586495 1.51632652 0.95133548 2.47729497 0.86780870 9.189639581152e-02 2.578260297772e+00 2.226052547332e+00 8.959139436226e+01 1.056863954805e+00
17 11 3 1.26586495 1.51632652 0.95133548 2.47729497 0.86780870 8.497104438534e-02 2.457563853517e+00 2.158321570563e+00 8.698192589245e+01 1.029911990092e+00
17 12 3 1.26586495 1.51632652 0.95133548 2.47729497 0.86780870 7.861647786971e-02 2.325826105416e+00 2.030213384684e+00 8.397941163920e+01 1.074354457235e+00
17 13 3 1.26586495 1.51632652 0.95133548 2.47729497 0.86780870 7.528403069129e-02 2.259969987878e+00 1.869473089511e+00 8.072469074273e+01 1.071316391054e+00
17 14 3 1.26586495 1.51632652 0.95133548 2.47729497 0.86780870 7.587791656197e-02 2.125315260541e+00 1.717645515152e+00 7.828325247883e+01 1.000535974311e+00
17 15 3 1.26586495 1.51632652 0.95133548 2.47729497 0.86780870 7.894292498099e-02 2.097489520032e+00 1.605106237263e+00 7.721698200956e+01 9.490375222797e-01
17 16 3 1.26586495 1.51632652 0.95133548 2.47729497 0.86780870 8.152261617560e-02 2.068762932051e+00 1.531673464771e+00 7.557136813726e+01 9.423067373177e-01
17 17 3 1.26586495 1.51632652 0.95133548 2.47729497 0.86780870 8.114251335216e-02 1.974897183744e+00 1.467920461639e+00 7.321448696895e+01 9.698200522512e-01
17 18 3 1.26586495 1.51632652 0.95133548 2.47729497 0.86780870 7.741273850835e-02 1.991065194209e+00 1.397026438697e+00 7.091475231754e+01 9.933551966753e-01
17 19 3 1.26586495 1.51632652 0.95133548 2.47729497 0.86780870 7.208592304811e-02 1.942589808474e+00 1.320915480230e+00 6.956899217856e+01 9.577260394391e-01
17 20 3 1.26586495 1.51632652 0.95133548 2.47729497 0.86780870 6.769793829164e-02 1.926135106476e+00 1.233424191810e+00 6.842844625907e+01 9.037007518699e-01
17 21 3 1.26586495 1.51632652 0.95133548 2.47729497 0.86780870 6.597768234715e-02 1.899377621924e+00 1.146083374232e+00 6.785475292239e+01 9.004620841443e-01
17 22 3 1.26586495 1.51632652 0.95133548 2.47729497 0.86780870 6.716110779372e-02 1.804048023275e+00 1.101392815720e+00 6.698013251175e+01 9.348117040539e-01
17 23 3 1.26586495 1.51632652 0.95133548 2.47729497 0.86780870 7.038253482701e-02 1.824822596425e+00 1.117655067592e+00 6.564144021409e+01 9.554048433549e-01
17 24 3 1.26586495 1.51632652 0.95133548 2.47729497 0.86780870 7.442791821901e-02 1.841018722507e+00 1.173400881999e+00 6.430661101819e+01 9.236040781617e-01
17 25 3 1.26586495 1.51632652 0.95133548 2.47729497 0.86780870 7.810205479124e-02 1.865886862714e+00 1.240905110389e+00 6.433910127727e+01 8.728673480910e-01
17 26 3 1.26586495 1.51632652 0.95133548 2.47729497 0.86780870 8.015834928744e-02 1.869401251474e+00 1.287263349979e+00 6.441784162819e+01 8.776171474898e-01
17 27 3 1.26586495 1.51632652 0.95133548 2.47729497 0.86780870 7.934681267018e-02 1.808401791516e+00 1.286584066231e+00 6.314159660723e+01 9.208590754412e-01
17 28 3 1.26586495 1.51632652 0.95133548 2.47729497 0.86780870 7.500142392501e-02 1.755094512513e+00 1.250345916931e+00 6.187598421179e+01 9.378461278533e-01
17 29 3 1.26586495 1.51632652 0.95133548 2.47729497 0.86780870 6.786628996924e-02 1.661875832962e+00 1.202618209412e+00 6.185420923807e+01 9.019811804760e-01
17 30 3 1.26586495 1.51632652 0.95133548 2.47729497 0.86780870 6.033217550610e-02 1.637670135960e+00 1.159539270101e+00 6.171285136581e+01 8.227874949158e-01
17 31 3 1.26586495 1.51632652 0.95133548 2.47729497 0.86780870 5.553747157249e-02 1.698909439794e+00 1.152257075652e+00 6.105820738364e+01 7.893808146098e-01
17 32 3 1.26586495 1.51632652 0.95133548 2.47729497 0.86780870 5.570847103395e-02 1.850512241067e+00 1.196807477229e+00 6.138666005879e+01 8.599090696058e-01
17 33 3 1.26586495 1.51632652 0.95133548 2.47729497 0.86780870 6.085075148963e-02 2.056900484740e+00 1.254468870356e+00 6.149398508763e+01 9.266253820207e-01
17 34 3 1.26586495 1.51632652 0.95133548 2.47729497 0.86780870 6.875014313480e-02 2.148995170438e+00 1.285734068606e+00 6.139150695144e+01 9.047162441918e-01
17 35 3 1.26586495 1.51632652 0.95133548 2.47729497 0.86780870 7.627877852301e-02 2.214852826549e+00 1.291198233625e+00 6.204160059344e+01 8.472578911604e-01
17 36 3 1.26586495 1.51632652 0.95133548 2.47729497 0.86780870 8.104291329866e-02 2.228258988286e+00 1.276784267174e+00 6.306429864223e+01 8.129502152953e-01
17 37 3 1.26586495 1.51632652 0.95133548 2.47729497 0.86780870 8.226713782200e-02 2.195899530267e+00 1.255335833085e+00 6.258250171409e+01 8.322035876292e-01
17 38 3 1.26586495 1.51632652 0.95133548 2.47729497 0.86780870 8.055780868535e-02 2.251775715832e+00 1.265863576769e+00 6.262583683312e+01 8.854582222308e-01
17 39 3 1.26586495 1.51632652 0.95133548 2.47729497 0.86780870 7.710683813436e-02 2.286323111084e+00 1.334442092128e+00 6.400010684501e+01 8.958916745980e-01
17 40 3 1.26586495 1.51632652 0.95133548 2.47729497 0.86780870 7.315543663911e-02 2.412074153106e+00 1.456083716967e+00 6.574521990772e+01 8.631164506979e-01
17 41 3 1.26586495 1.51632652 0.95133548 2.47729497 0.86780870 6.997901172760e-02 2.595932357984e+00 1.613323793530e+00 6.653614946048e+01 8.575551701743e-01
17 42 3 1.26586495 1.51632652 0.95133548 2.47729497 0.86780870 6.892916070755e-02 2.664616074638e+00 1.764634996105e+00 6.758177135036e+01 9.039334410601e-01
17 43 3 1.26586495 1.51632652 0.95133548 2.47729497 0.86780870 7.097636571840e-02 2.786919367668e+00 1.864909281248e+00 6.931922402954e+01 9.716656217318e-01
17 44 3 1.26586495 1.51632652 0.95133548 2.47729497 0.86780870 7.586544242030e-02 2.890150617620e+00 1.921441301152e+00 7.168136866531e+01 9.979660420522e-01
17 45 3 1.26586495 1.51632652 0.95133548 2.47729497 0.86780870 8.171368690779e-02 3.030825101786e+00 1.967900857841e+00 7.438068795679e+01 9.791213286895e-01
17 46 3 1.26586495 1.51632652 0.95133548 2.47729497 0.86780870 8.579490409990e-02 3.253338110930e+00 2.014381492949e+00 7.711299337096e+01 9.979155914088e-01
17 47 3 1.26586495 1.51632652 0.95133548 2.47729497 0.86780870 8.627023913737e-02 3.395238500447e+00 2.073019040090e+00 7.919001008754e+01 1.074585249262e+00
17 48 3 1.26586495 1.51632652 0.95133548 2.47729497 0.86780870 8.361644518402e-02 3.625554615252e+00 2.162410456173e+00 8.110390840168e+01 1.165537062509e+00
17 49 3 1.26586495 1.51632652 0.95133548 2.47729497 0.86780870 8.050358328573e-02 3.867953491994e+00 2.264636986710e+00 8.457202734147e+01 1.235472282281e+00
17 50 3 1.26586495 1.51632652 0.95133548 2.47729497 0.86780870 8.004698197702e-02 4.125354176375e+00 2.338210711227e+00 8.876621282357e+01 1.243239627855e+00
17 51 3 1.26586495 1.51632652 0.95133548 2.47729497 0.86780870 8.372056651122e-02 4.385826468758e+00 2.360229640941e+00 9.245621079142e+01 1.248058990829e+00
17 52 3 1.26586495 1.51632652 0.95133548 2.47729497 0.86780870 9.051670769199e-02 4.595459492976e+00 2.339885555718e+00 9.549064336306e+01 1.358989435756e+00
17 53 3 1.26586495 1.51632652 0.95133548 2.47729497 0.86780870 9.786080684717e-02 4.925942328249e+00 2.321040747407e+00 9.941202894979e+01 1.512662770198e+00
17 54 3 1.26586495 1.51632652 0.95133548 2.47729497 0.86780870 1.033236691616e-01 5.144195385567e+00 2.349273197548e+00 1.038933859061e+02 1.591776557014e+00
17 55 3 1.26586495 1.51632652 0.95133548 2.47729497 0.86780870 1.056837754732e-01 5.421693172726e+00 2.431828647801e+00 1.082847454136e+02 1.602208772069e+00
17 56 3 1.26586495 1.51632652 0.95133548 2.47729497 0.86780870 1.047763393945e-01 5.720233675277e+00 2.561476651309e+00 1.115832865026e+02 1.617088627765e+00
17 57 3 1.26586495 1.51632652 0.95133548 2.47729497 0.86780870 1.008569694023e-01 6.031844060184e+00 2.728529755495e+00 1.148923577779e+02 1.715947017608e+00
17 58 3 1.26586495 1.51632652 0.95133548 2.47729497 0.86780870 9.454481695002e-02 6.633550440465e+00 2.890710767806e+00 1.187936317745e+02 1.863787699518e+00
17 59 3 1.26586495 1.51632652 0.95133548 2.47729497 0.86780870 8.745977071325e-02 7.002104524738e+00 3.005713524764e+00 1.234797042014e+02 1.929309824001e+00
17 60 3 1.26586495 1.51632652 0.95133548 2.47729497 0.86780870 8.251093746985e-02 7.403129421789e+00 3.079472004428e+00 1.280063837875e+02 1.908902496772e+00
17 61 3 1.26586495 1.51632652 0.95133548 2.47729497 0.86780870 8.281362420489e-02 7.858189259727e+00 3.148593740504e+00 1.318893437698e+02 1.903020672990e+00
17 62 3 1.26586495 1.51632652 0.95133548 2.47729497 0.86780870 8.958352355160e-02 8.170385029809e+00 3.263532946638e+00 1.359401870465e+02 1.998255233583e+00
17 63 3 1.26586495 1.51632652 0.95133548 2.47729497 0.86780870 1.007281282262e-01 8.793159992441e+00 3.453156942803e+00 1.415700223296e+02 2.188807610351e+00
19 0 3 0.87034680 1.24918590 1.05751304 2.30320149 1.78102807 1.837536910544e+00 1.212992877481e+01 5.259301196761e-03 1.369079095369e+02 3.758124641403e+01
19 1 3 0.87034680 1.24918590 1.05751304 2.30320149 1.78102807 1.792757538715e+00 9.954647152106e+00 3.840725153495e-03 1.355724108266e+02 3.538669850437e+01
19 2 3 0.87034680 1.24918590 1.05751304 2.30320149 1.78102807 1.709092538367e+00 7.609303337246e+00 6.751140251623e-04 1.281949993253e+02 3.661035123549e+01
19 3 3 0.87034680 1.24918590 1.05751304 2.30320149 1.78102807 1.665782957698e+00 6.149867335853e+00 3.378874039827e-04 1.167532231995e+02 3.103089611280e+01
19 4 3 0.87034680 1.24918590 1.05751304 2.30320149 1.78102807 1.604764583851e+00 6.223850825962e+00 2.873346560516e-03 1.034599393326e+02 3.427791060109e+01
19 5 3 0.87034680 1.24918590 1.05751304 2.30320149 1.78102807 1.545530198455e+00 7.375597701535e+00 5.147532988622e-03 8.820024191666e+01 3.020783414978e+01
19 6 3 0.87034680 1.24918590 1.05751304 2.30320149 1.78102807 1.492890523096e+00 8.598914061866e+00 4.691277211529e-03 7.332354539503e+01 3.022899890825e+01
19 7 3 0.87034680 1.24918590 1.05751304 2.30320149 1.78102807 1.448184317660e+00 9.291118955604e+00 2.243092095082e-03 6.100647357971e+01 2.947187788811e+01
19 8 3 0.87034680 1.24918590 1.05751304 2.30320149 1.78102807 1.385015915938e+00 8.951091814897e+00 4.883045770895e-04 5.306267997954e+01 2.705208818595e+01
19 9 3 0.87034680 1.24918590 1.05751304 2.30320149 1.78102807 1.346769324395e+00 7.440301622268e+00 1.033808856590e-04 4.946131507106e+01 2.788178886531e+01
19 10 3 0.87034680 1.24918590 1.05751304 2.30320149 1.78102807 1.300473433994e+00 5.574951453411e+00 1.487865766128e-03 5.069866470041e+01 2.521798400578e+01
19 11 3 0.87034680 1.24918590 1.05751304 2.30320149 1.78102807 1.246314074225e+00 4.454925890731e+00 3.697625679439e-03 5.555786776968e+01 2.622081012232e+01
19 12 3 0.87034680 1.24918590 1.05751304 2.30320149 1.78102807 1.216472772534e+00 4.434591071844e+00 3.677977681490e-03 6.275684881471e+01 2.297115957097e+01
19 13 3 0.87034680 1.24918590 1.05751304 2.30320149 1.78102807 1.168802508417e+00 5.284897487044e+00 1.899912455042e-03 7.050095254902e+01 2.478313753383e+01
19 14 3 0.87034680 1.24918590 1.05751304 2.30320149 1.78102807 1.131040365167e+00 6.345858462557e+00 5.871322541212e-04 7.705035709536e+01 2.208985571916e+01
19 15 3 0.87034680 1.24918590 1.05751304 2.30320149 1.78102807 1.097522249861e+00 6.936678182775e+00 1.206171445048e-04 8.075480400273e+01 2.195983525150e+01
19 16 3 0.87034680 1.24918590 1.05751304 2.30320149 1.78102807 1.065751436987e+00 6.749890538177e+00 8.531688456165e-04 8.034266287968e+01 2.224626416202e+01
19 17 3 0.87034680 1.24918590 1.05751304 2.30320149 1.78102807 1.025587581940e+00 5.660811611768e+00 2.133438490296e-03 7.677485541644e+01 1.952904298197e+01
19 18 3 0.87034680 1.24918590 1.05751304 2.30320149 1.78102807 1.009307450135e+00 4.340038866884e+00 2.562449148132e-03 7.099269326876e+01 2.144654778106e+01
19 19 3 0.87034680 1.24918590 1.05751304 2.30320149 1.78102807 9.730614966048e-01 3.468520192494e+00 1.748336989921e-03 6.374415853535e+01 1.865909696588e+01
19 20 3 0.87034680 1.24918590 1.05751304 2.30320149 1.78102807 9.511326896772e-01 3.320925624260e+00 3.655141619140e-04 5.516270490698e+01 1.980584406282e+01
19 21 3 0.87034680 1.24918590 1.05751304 2.30320149 1.78102807 9.336122492460e-01 3.978616915644e+00 2.750444153420e-04 4.660098188156e+01 1.833290287873e+01
19 22 3 0.87034680 1.24918590 1.05751304 2.30320149 1.78102807 9.092923171700e-01 4.934304504083e+00 1.479467044458e-03 3.927681070990e+01 1.862199019075e+01
19 23 3 0.87034680 1.24918590 1.05751304 2.30320149 1.78102807 8.935523133579e-01 5.544258725303e+00 1.811080124530e-03 3.437858977030e+01 1.777469938626e+01
19 24 3 0.87034680 1.24918590 1.05751304 2.30320149 1.78102807 8.828311174442e-01 5.521283771400e+00 1.145252977927e-03 3.282094688883e+01 1.737485523057e+01
19 25 3 0.87034680 1.24918590 1.05751304 2.30320149 1.78102807 8.673612121567e-01 4.850043066970e+00 5.953584610100e-04 3.449190499425e+01 1.826535932799e+01
19 26 3 0.87034680 1.24918590 1.05751304 2.30320149 1.78102807 8.569645481915e-01 3.770564037346e+00 3.784401288284e-04 3.854609019124e+01 1.601271191327e+01
19 27 3 0.87034680 1.24918590 1.05751304 2.30320149 1.78102807 8.579962866086e-01 3.027011029762e+00 4.609540215273e-04 4.442967439205e+01 1.813966143299e+01
19 28 3 0.87034680 1.24918590 1.05751304 2.30320149 1.78102807 8.430641200447e-01 2.944712025957e+00 1.053117554760e-03 5.021796498640e+01 1.581286390683e+01
19 29 3 0.87034680 1.24918590 1.05751304 2.30320149 1.78102807 8.497224708881e-01 3.547406402855e+00 2.106387509040e-03 5.481052538558e+01 1.734860065246e+01
19 30 3 0.87034680 1.24918590 1.05751304 2.30320149 1.78102807 8.482445585742e-01 4.442238008182e+00 1.951282006686e-03 5.807843599731e+01 1.699043180754e+01
19 31 3 0.87034680 1.24918590 1.05751304 2.30320149 1.78102807 8.499878544686e-01 5.001248439068e+00 3.424597517468e-04 5.982741775899e+01 1.592310657325e+01
19 32 3 0.87034680 1.24918590 1.05751304 2.30320149 1.78102807 8.570905856780e-01 5.262783258826e+00 3.476020243462e-04 6.181248991396e+01 1.728326423465e+01
19 33 3 0.87034680 1.24918590 1.05751304 2.30320149 1.78102807 8.693085398702e-01 4.798256094285e+00 1.935963630814e-03 6.145491184662e+01 1.658803302236e+01
19 34 3 0.87034680 1.24918590 1.05751304 2.30320149 1.78102807 8.729698132158e-01 3.835345256904e+00 2.076499411187e-03 5.755243820550e+01 1.754154504935e+01
19 35 3 0.87034680 1.24918590 1.05751304 2.30320149 1.78102807 8.933616330324e-01 3.179834536872e+00 1.060883553384e-03 5.145433188954e+01 1.600927399961e+01
19 36 3 0.87034680 1.24918590 1.05751304 2.30320149 1.78102807 9.090390939908e-01 3.112485547442e+00 4.951100860893e-04 4.424516052455e+01 1.859594922853e+01
19 37 3 0.87034680 1.24918590 1.05751304 2.30320149 1.78102807 9.215765610571e-01 3.824828360575e+00 4.070697020939e-04 3.837479765266e+01 1.677568628953e+01
19 38 3 0.87034680 1.24918590 1.05751304 2.30320149 1.78102807 9.522725844045e-01 4.839835039875e+00 6.029624643491e-04 3.471382925375e+01 1.832859955667e+01
19 39 3 0.87034680 1.24918590 1.05751304 2.30320149 1.78102807 9.699108503451e-01 5.683058147671e+00 1.138439500839e-03 3.388187546379e+01 1.853407042944e+01
19 40 3 0.87034680 1.24918590 1.05751304 2.30320149 1.78102807 9.971881635881e-01 6.003631017891e+00 1.824835993182e-03 3.643207746775e+01 1.782580877319e+01
19 41 3 0.87034680 1.24918590 1.05751304 2.30320149 1.78102807 1.028296808880e+00 5.519750010013e+00 1.504183058995e-03 4.177740064476e+01 2.028195438996e+01
19 42 3 0.87034680 1.24918590 1.05751304 2.30320149 1.78102807 1.061029948057e+00 4.580582409621e+00 2.970391970943e-04 4.909729420603e+01 1.861357179345e+01
19 43 3 0.87034680 1.24918590 1.05751304 2.30320149 1.78102807 1.087026623159e+00 3.869219928680e+00 4.032642118198e-04 5.784953364701e+01 2.096101409079e+01
19 44 3 0.87034680 1.24918590 1.05751304 2.30320149 1.78102807 1.136694303787e+00 3.821074169323e+00 1.781878702945e-03 6.680992345005e+01 1.986687969002e+01
19 45 3 0.87034680 1.24918590 1.05751304 2.30320149 1.78102807 1.164632737969e+00 4.643965922426e+00 2.584733028903e-03 7.539391567100e+01 2.225641395527e+01
19 46 3 0.87034680 1.24918590 1.05751304 2.30320149 1.78102807 1.209508222045e+00 6.102840481231e+00 2.146526980758e-03 8.231639014824e+01 2.121702975750e+01
19 47 3 0.87034680 1.24918590 1.05751304 2.30320149 1.78102807 1.258541818414e+00 7.318213585423e+00 8.514583348572e-04 8.585793353529e+01 2.302226202205e+01
19 48 3 0.87034680 1.24918590 1.05751304 2.30320149 1.78102807 1.298067816595e+00 7.827982400332e+00 1.508259349537e-04 8.482296871697e+01 2.398348963861e+01
19 49 3 0.87034680 1.24918590 1.05751304 2.30320149 1.78102807 1.349375714983e+00 7.382112998792e+00 6.610522489137e-04 8.006075085708e+01 2.293607972383e+01
19 50 3 0.87034680 1.24918590 1.05751304 2.30320149 1.78102807 1.405694769561e+00 6.168436471765e+00 2.028285034260e-03 7.334717074882e+01 2.699717143299e+01
19 51 3 0.87034680 1.24918590 1.05751304 2.30320149 1.78102807 1.454045651784e+00 5.086396261642e+00 3.865227437368e-03 6.585702835896e+01 2.406092706021e+01
19 52 3 0.87034680 1.24918590 1.05751304 2.30320149 1.78102807 1.509546163251e+00 4.936979830025e+00 3.798450063292e-03 5.928755928806e+01 2.839606771313e+01
19 53 3 0.87034680 1.24918590 1.05751304 2.30320149 1.78102807 1.581768500250e+00 6.108426453624e+00 1.465565905129e-03 5.489501716532e+01 2.718731936196e+01
19 54 3 0.87034680 1.24918590 1.05751304 2.30320149 1.78102807 1.624518935638e+00 8.028770352355e+00 1.039155991015e-04 5.433784018067e+01 2.908057882052e+01
19 55 3 0.87034680 1.24918590 1.05751304 2.30320149 1.78102807 1.705737001686e+00 9.696885781726e+00 5.781394733610e-04 5.797951120358e+01 2.989462668806e+01
19 56 3 0.87034680 1.24918590 1.05751304 2.30320149 1.78102807 1.768114337419e+00 1.053618497698e+01 2.472169760042e-03 6.634134693406e+01 3.082841660551e+01
19 57 3 0.87034680 1.24918590 1.05751304 2.30320149 1.78102807 1.835564321894e+00 1.018304116798e+01 5.016802148665e-03 7.885711120500e+01 3.322324556309e+01
19 58 3 0.87034680 1.24918590 1.05751304 2.30320149 1.78102807 1.912387473222e+00 8.624573358377e+00 5.366661556205e-03 9.390416507720e+01 3.167716868769e+01
19 59 3 0.87034680 1.24918590 1.05751304 2.30320149 1.78102807 1.996276531259e+00 6.962971554108e+00 2.901336690060e-03 1.096727512924e+02 3.686912995754e+01
19 60 3 0.87034680 1.24918590 1.05751304 2.30320149 1.78102807 2.060559507301e+00 6.605840859642e+00 2.948823658638e-04 1.252634272220e+02 3.345216602913e+01
19 61 3 0.87034680 1.24918590 1.05751304 2.30320149 1.78102807 2.159968420488e+00 7.929677195776e+00 8.184012642091e-04 1.383192791098e+02 3.938376017134e+01
19 62 3 0.87034680 1.24918590 1.05751304 2.30320149 1.78102807 2.245138324699e+00 1.044323070851e+01 4.232253950210e-03 1.448720087510e+02 3.826968295479e+01
19 63 3 0.87034680 1.24918590 1.05751304 2.30320149 1.78102807 2.321607090063e+00 1.296838826596e+01 5.597688870772e-03 1.445979041449e+02 3.863098531099e+01
23 0 3 0.54630975 0.67197206 1.32999135 0.93328577 0.92869866 2.461656968867e-01 6.770380744695e-01 1.170248265176e-01 2.750332548897e+00 2.906246651616e+00
23 1 3 0.54630975 0.67197206 1.32999135 0.93328577 0.92869866 2.379685394458e-01 6.019455663059e-01 1.225829978497e-01 2.843880448940e+00 2.806265480647e+00
23 2 3 0.54630975 0.67197206 1.32999135 0.93328577 0.92869866 2.299948188520e-01 6.029449705060e-01 1.304299270995e-01 2.796164655496e+00 2.713560770409e+00
23 3 3 0.54630975 0.67197206 1.32999135 0.93328577 0.92869866 2.222384873715e-01 6.531751719454e-01 1.237623787074e-01 2.625440713809e+00 2.530376287402e+00
23 4 3 0.54630975 0.67197206 1.32999135 0.93328577 0.92869866 2.146962427698e-01 6.984732001096e-01 9.557807409903e-02 2.440274935443e+00 2.445921245138e+00
23 5 3 0.54630975 0.67197206 1.32999135 0.93328577 0.92869866 2.073674143785e-01 6.992054044939e-01 6.547040457792e-02 2.341859722093e+00 2.376449722456e+00
23 6 3 0.54630975 0.67197206 1.32999135 0.93328577 0.92869866 2.002537739972e-01 6.556959574279e-01 3.899170674581e-02 2.344090419920e+00 2.299879464192e+00
23 7 3 0.54630975 0.67197206 1.32999135 0.93328577 0.92869866 1.933592843033e-01 5.921860420943e-01 3.178897664046e-02 2.373941135550e+00 2.205992506069e+00
23 8 3 0.54630975 0.67197206 1.32999135 0.93328577 0.92869866 1.866897988877e-01 5.313268612467e-01 4.747600250870e-02 2.351411739094e+00 2.128716735187e+00
23 9 3 0.54630975 0.67197206 1.32999135 0.93328577 0.92869866 1.802527288203e-01 4.892538259207e-01 6.873788791463e-02 2.267211299216e+00 2.112827367833e+00
23 10 3 0.54630975 0.67197206 1.32999135 0.93328577 0.92869866 1.740566907876e-01 4.779835866346e-01 8.860183052618e-02 2.173612101384e+00 2.025036746895e+00
23 11 3 0.54630975 0.67197206 1.32999135 0.93328577 0.92869866 1.681111513585e-01 4.995124222916e-01 9.816575929048e-02 2.107409131095e+00 1.943468145010e+00
23 12 3 0.54630975 0.67197206 1.32999135 0.93328577 0.92869866 1.624260808857e-01 5.396242113298e-01 9.763780037488e-02 2.047404299562e+00 1.841096572766e+00
23 13 3 0.54630975 0.67197206 1.32999135 0.93328577 0.92869866 1.570116290032e-01 5.705435746630e-01 7.852739465503e-02 1.956358807289e+00 1.867165352892e+00
23 14 3 0.54630975 0.67197206 1.32999135 0.93328577 0.92869866 1.518778317434e-01 5.640152491931e-01 5.434295848016e-02 1.842737041632e+00 1.763696199758e+00
23 15 3 0.54630975 0.67197206 1.32999135 0.93328577 0.92869866 1.470343580625e-01 5.118213847467e-01 4.197499523392e-02 1.759010454849e+00 1.716930493005e+00
23 16 3 0.54630975 0.67197206 1.32999135 0.93328577 0.92869866 1.424903011538e-01 4.364195115986e-01 4.248301918878e-02 1.742866338012e+00 1.567028819262e+00
23 17 3 0.54630975 0.67197206 1.32999135 0.93328577 0.92869866 1.382540174576e-01 3.746420768019e-01 6.352623408972e-02 1.773576688683e+00 1.557725624076e+00
23 18 3 0.54630975 0.67197206 1.32999135 0.93328577 0.92869866 1.343330138644e-01 3.492576522183e-01 8.168494151490e-02 1.786021437870e+00 1.482197527489e+00
23 19 3 0.54630975 0.67197206 1.32999135 0.93328577 0.92869866 1.307338813491e-01 3.579001024495e-01 9.335525735879e-02 1.722356089425e+00 1.521929425938e+00
23 20 3 0.54630975 0.67197206 1.32999135 0.93328577 0.92869866 1.274622712874e-01 3.817363323941e-01 1.049532893132e-01 1.577991030829e+00 1.425153740444e+00
23 21 3 0.54630975 0.67197206 1.32999135 0.93328577 0.92869866 1.245229090442e-01 3.981192015659e-01 1.042651780990e-01 1.409602552346e+00 1.460762140684e+00
23 22 3 0.54630975 0.67197206 1.32999135 0.93328577 0.92869866 1.219196381747e-01 3.927339152933e-01 8.923742421509e-02 1.295116132500e+00 1.408186526090e+00
23 23 3 0.54630975 0.67197206 1.32999135 0.93328577 0.92869866 1.196554877635e-01 3.678330255224e-01 6.500751094462e-02 1.271188807430e+00 1.412980831749e+00
23 24 3 0.54630975 0.67197206 1.32999135 0.93328577 0.92869866 1.177327550775e-01 3.361375223820e-01 4.488102964710e-02 1.303428777786e+00 1.311965360330e+00
23 25 3 0.54630975 0.67197206 1.32999135 0.93328577 0.92869866 1.161530958118e-01 3.076442470014e-01 4.660072911463e-02 1.321676419602e+00 1.343672977753e+00
23 26 3 0.54630975 0.67197206 1.32999135 0.93328577 0.92869866 1.149176147439e-01 2.893145650135e-01 6.700071360368e-02 1.285024301437e+00 1.319489075797e+00
23 27 3 0.54630975 0.67197206 1.32999135 0.93328577 0.92869866 1.140269505284e-01 2.914506413108e-01 8.765125835994e-02 1.209552639713e+00 1.315497818351e+00
23 28 3 0.54630975 0.67197206 1.32999135 0.93328577 0.92869866 1.134813496055e-01 3.192520727906e-01 9.024437161694e-02 1.139200016654e+00 1.253663333215e+00
23 29 3 0.54630975 0.67197206 1.32999135 0.93328577 0.92869866 1.132807256756e-01 3.593500152168e-01 8.140540781248e-02 1.103274959541e+00 1.281903907803e+00
23 30 3 0.54630975 0.67197206 1.32999135 0.93328577 0.92869866 1.134247028254e-01 3.874312574120e-01 6.579226902658e-02 1.104254466231e+00 1.224418989308e+00
23 31 3 0.54630975 0.67197206 1.32999135 0.93328577 0.92869866 1.139126420791e-01 3.891389642085e-01 4.805946792062e-02 1.132564820919e+00 1.210360940442e+00
23 32 3 0.54630975 0.67197206 1.32999135 0.93328577 0.92869866 1.147436528012e-01 3.675498260114e-01 4.213654477477e-02 1.181125770187e+00 1.245169907088e+00
23 33 3 0.54630975 0.67197206 1.32999135 0.93328577 0.92869866 1.159165918865e-01 3.374248390712e-01 3.690117176332e-02 1.247756359061e+00 1.326588999253e+00
23 34 3 0.54630975 0.67197206 1.32999135 0.93328577 0.92869866 1.174300549744e-01 3.191850315657e-01 3.607631996166e-02 1.329090580641e+00 1.298318775414e+00
23 35 3 0.54630975 0.67197206 1.32999135 0.93328577 0.92869866 1.192823649153e-01 3.281255901438e-01 3.980913210640e-02 1.410926507393e+00 1.334092461612e+00
23 36 3 0.54630975 0.67197206 1.32999135 0.93328577 0.92869866 1.214715633650e-01 3.599346066362e-01 4.454994695510e-02 1.465825130084e+00 1.342550962776e+00
23 37 3 0.54630975 0.67197206 1.32999135 0.93328577 0.92869866 1.239954116235e-01 3.936998300352e-01 5.609885865248e-02 1.472598517498e+00 1.355656219205e+00
23 38 3 0.54630975 0.67197206 1.32999135 0.93328577 0.92869866 1.268514066598e-01 4.131647564633e-01 6.785652800385e-02 1.447819826773e+00 1.338255140445e+00
23 39 3 0.54630975 0.67197206 1.32999135 0.93328577 0.92869866 1.300368176716e-01 4.162992753004e-01 7.085064180564e-02 1.448539544669e+00 1.413578560194e+00
23 40 3 0.54630975 0.67197206 1.32999135 0.93328577 0.92869866 1.335487475326e-01 4.050940590049e-01 6.052148875040e-02 1.525004098747e+00 1.436203716177e+00
23 41 3 0.54630975 0.67197206 1.32999135 0.93328577 0.92869866 1.373842221334e-01 3.814767913802e-01 4.636263041148e-02 1.665245583898e+00 1.449499688915e+00
23 42 3 0.54630975 0.67197206 1.32999135 0.93328577 0.92869866 1.415403089773e-01 3.563986103735e-01 4.082137997819e-02 1.795696729980e+00 1.455418360392e+00
23 43 3 0.54630975 0.67197206 1.32999135 0.93328577 0.92869866 1.460142645355e-01 3.497088760208e-01 4.783216590084e-02 1.843413012524e+00 1.514474838406e+00
23 44 3 0.54630975 0.67197206 1.32999135 0.93328577 0.92869866 1.508037078803e-01 3.757190088943e-01 6.671023466471e-02 1.798048449842e+00 1.559184069830e+00
23 45 3 0.54630975 0.67197206 1.32999135 0.93328577 0.92869866 1.559068161090e-01 4.325286158786e-01 8.305346215133e-02 1.717529612033e+00 1.592089542559e+00
23 46 3 0.54630975 0.67197206 1.32999135 0.93328577 0.92869866 1.613225351481e-01 5.013367452998e-01 9.321397460469e-02 1.680751983207e+00 1.694850315309e+00
23 47 3 0.54630975 0.67197206 1.32999135 0.93328577 0.92869866 1.670507977851e-01 5.524944366224e-01 1.127517336857e-01 1.729776166769e+00 1.769987333000e+00
23 48 3 0.54630975 0.67197206 1.32999135 0.93328577 0.92869866 1.730927393313e-01 5.630615441552e-01 1.211643111930e-01 1.841835363608e+00 1.883704004897e+00
23 49 3 0.54630975 0.67197206 1.32999135 0.93328577 0.92869866 1.794509002420e-01 5.382332763404e-01 1.181722289244e-01 1.951840944901e+00 1.872295672946e+00
23 50 3 0.54630975 0.67197206 1.32999135 0.93328577 0.92869866 1.861294044066e-01 5.104840003590e-01 1.085372980249e-01 2.012354594588e+00 1.934097329914e+00
23 51 3 0.54630975 0.67197206 1.32999135 0.93328577 0.92869866 1.931341017190e-01 5.129079920586e-01 9.182788326429e-02 2.036179015332e+00 1.939707767876e+00
23 52 3 0.54630975 0.67197206 1.32999135 0.93328577 0.92869866 2.004726639808e-01 5.561699216290e-01 9.330502432848e-02 2.070858805201e+00 2.121801523211e+00
23 53 3 0.54630975 0.67197206 1.32999135 0.93328577 0.92869866 2.081546242041e-01 6.274457618005e-01 1.062836818941e-01 2.131535982996e+00 2.112647071866e+00
23 54 3 0.54630975 0.67197206 1.32999135 0.93328577 0.92869866 2.161913509380e-01 7.024734338290e-01 1.277365833996e-01 2.180624566873e+00 2.217747496067e+00
23 55 3 0.54630975 0.67197206 1.32999135 0.93328577 0.92869866 2.245959513175e-01 7.591699358469e-01 1.493794668520e-01 2.187800879819e+00 2.222854839039e+00
23 56 3 0.54630975 0.67197206 1.32999135 0.93328577 0.92869866 2.333830990553e-01 7.851648349951e-01 1.690591586012e-01 2.190581904056e+00 2.419446007516e+00
23 57 3 0.54630975 0.67197206 1.32999135 0.93328577 0.92869866 2.425687864905e-01 7.752912684352e-01 1.664209735961e-01 2.265818427715e+00 2.434437736791e+00
23 58 3 0.54630975 0.67197206 1.32999135 0.93328577 0.92869866 2.521700029473e-01 7.322991760682e-01 1.377929910131e-01 2.438844143934e+00 2.595928161608e+00
23 59 3 0.54630975 0.67197206 1.32999135 0.93328577 0.92869866 2.622043449469e-01 6.806149518386e-01 1.136633408886e-01 2.640302961406e+00 2.628343175930e+00
23 60 3 0.54630975 0.67197206 1.32999135 0.93328577 0.92869866 2.726895670953e-01 6.665705652234e-01 9.853734438917e-02 2.763631048515e+00 2.872273592896e+00
23 61 3 0.54630975 0.67197206 1.32999135 0.93328577 0.92869866 2.836430856210e-01 7.233778832304e-01 1.049556010462e-01 2.766017515634e+00 2.901297603522e+00
23 62 3 0.54630975 0.67197206 1.32999135 0.93328577 0.92869866 2.950814493956e-01 8.371280757759e-01 1.270554541128e-01 2.720923386818e+00 3.034224087287e+00
23 63 3 0.54630975 0.67197206 1.32999135 0.93328577 0.92869866 3.070197957203e-01 9.560521075663e-01 1.350376234730e-01 2.775440919144e+00 3.049576633415e+00
25 0 3 0.94280291 1.25788767 1.35092328 3.12871701 1.05274319 1.511676238871e-03 7.425491450320e-02 1.124206032106e-01 3.291859603128e+02 4.737848244120e+00
25 1 3 0.94280291 1.25788767 1.35092328 3.12871701 1.05274319 2.349096183453e-03 6.890694968409e-02 1.161279688105e-01 3.151929695009e+02 4.540019691087e+00
25 2 3 0.94280291 1.25788767 1.35092328 3.12871701 1.05274319 3.181874518991e-03 9.311860648579e-02 1.291536141329e-01 3.023000036967e+02 4.271857755596e+00
25 3 3 0.94280291 1.25788767 1.35092328 3.12871701 1.05274319 3.189036055881e-03 1.090229878633e-01 1.312788961261e-01 2.894410294117e+02 4.088256966521e+00
25 4 3 0.94280291 1.25788767 1.35092328 3.12871701 1.05274319 2.772889269618e-03 1.063901074388e-01 1.228661388909e-01 2.780193977964e+02 4.002246264848e+00
25 5 3 0.94280291 1.25788767 1.35092328 3.12871701 1.05274319 2.705610406377e-03 8.509194463097e-02 1.149027019712e-01 2.692030702527e+02 3.845835767650e+00
25 6 3 0.94280291 1.25788767 1.35092328 3.12871701 1.05274319 2.841747741369e-03 7.433718141057e-02 1.055697629945e-01 2.607776740495e+02 3.671672167372e+00
25 7 3 0.94280291 1.25788767 1.35092328 3.12871701 1.05274319 2.464364784799e-03 7.261706341894e-02 9.702759593062e-02 2.531738612634e+02 3.554958125986e+00
25 8 3 0.94280291 1.25788767 1.35092328 3.12871701 1.05274319 1.578356384263e-03 6.149732484687e-02 9.862882294129e-02 2.436664947021e+02 3.451742076448e+00
25 9 3 0.94280291 1.25788767 1.35092328 3.12871701 1.05274319 1.003474019926e-03 5.852223665452e-02 1.022238665330e-01 2.346343358945e+02 3.326368772383e+00
25 10 3 0.94280291 1.25788767 1.35092328 3.12871701 1.05274319 1.166363583031e-03 6.404244995003e-02 1.032423355099e-01 2.262862888114e+02 3.245295389208e+00
25 11 3 0.94280291 1.25788767 1.35092328 3.12871701 1.05274319 1.554593957506e-03 7.645365654007e-02 1.007803841250e-01 2.179554183885e+02 3.215744809449e+00
25 12 3 0.94280291 1.25788767 1.35092328 3.12871701 1.05274319 1.617362144960e-03 7.536444977931e-02 9.189554647079e-02 2.093512537108e+02 3.162234891701e+00
25 13 3 0.94280291 1.25788767 1.35092328 3.12871701 1.05274319 1.576020755559e-03 5.992698181363e-02 8.761085617136e-02 2.012374785839e+02 3.034993679793e+00
25 14 3 0.94280291 1.25788767 1.35092328 3.12871701 1.05274319 1.887302471310e-03 5.093399457160e-02 9.790521855772e-02 1.947870051941e+02 2.939891930664e+00
25 15 3 0.94280291 1.25788767 1.35092328 3.12871701 1.05274319 2.344603213039e-03 5.556531828834e-02 1.014278850710e-01 1.897541332119e+02 2.848994470837e+00
25 16 3 0.94280291 1.25788767 1.35092328 3.12871701 1.05274319 2.317829413715e-03 6.408056888252e-02 8.080941078521e-02 1.858891083867e+02 2.701453257995e+00
25 17 3 0.94280291 1.25788767 1.35092328 3.12871701 1.05274319 1.722302201652e-03 5.483421237106e-02 6.397350414666e-02 1.807666537945e+02 2.601014471252e+00
25 18 3 0.94280291 1.25788767 1.35092328 3.12871701 1.05274319 1.155555294825e-03 4.329862231677e-02 6.786026758525e-02 1.760785410891e+02 2.557820503294e+00
25 19 3 0.94280291 1.25788767 1.35092328 3.12871701 1.05274319 1.023232553353e-03 4.019790981736e-02 8.254617015902e-02 1.709307853342e+02 2.483385106683e+00
25 20 3 0.94280291 1.25788767 1.35092328 3.12871701 1.05274319 1.056647362393e-03 4.679170964043e-02 9.889880026912e-02 1.657349419363e+02 2.427272538028e+00
25 21 3 0.94280291 1.25788767 1.35092328 3.12871701 1.05274319 9.082812851604e-04 5.565097429289e-02 1.002341822930e-01 1.611378251709e+02 2.409595881686e+00
25 22 3 0.94280291 1.25788767 1.35092328 3.12871701 1.05274319 7.750407756111e-04 5.296938135024e-02 7.782668268444e-02 1.572548758106e+02 2.330668834987e+00
25 23 3 0.94280291 1.25788767 1.35092328 3.12871701 1.05274319 1.039988757159e-03 5.059955462893e-02 5.986859011684e-02 1.539917839360e+02 2.256352092535e+00
25 24 3 0.94280291 1.25788767 1.35092328 3.12871701 1.05274319 1.564158839717e-03 4.692888577841e-02 5.818944494855e-02 1.510433366685e+02 2.230710746365e+00
25 25 3 0.94280291 1.25788767 1.35092328 3.12871701 1.05274319 1.808372611529e-03 4.016354790721e-02 5.923635868222e-02 1.477019885477e+02 2.201507730638e+00
25 26 3 0.94280291 1.25788767 1.35092328 3.12871701 1.05274319 1.599869624520e-03 3.338669074454e-02 6.968441311164e-02 1.459111991530e+02 2.150594239589e+00
25 27 3 0.94280291 1.25788767 1.35092328 3.12871701 1.05274319 1.330159057337e-03 3.549825014159e-02 8.385833232046e-02 1.456032644862e+02 2.099919991844e+00
25 28 3 0.94280291 1.25788767 1.35092328 3.12871701 1.05274319 1.301851771377e-03 4.806736218655e-02 8.798983320527e-02 1.461428346862e+02 2.035962276472e+00
25 29 3 0.94280291 1.25788767 1.35092328 3.12871701 1.05274319 1.290025483104e-03 5.353068083928e-02 8.716524079692e-02 1.451752904928e+02 1.977213032006e+00
25 30 3 0.94280291 1.25788767 1.35092328 3.12871701 1.05274319 9.974647972979e-04 4.748521316137e-02 7.312929908996e-02 1.440908768130e+02 1.933647113903e+00
25 31 3 0.94280291 1.25788767 1.35092328 3.12871701 1.05274319 6.285873433444e-04 3.341333892838e-02 4.543062517483e-02 1.433402369071e+02 1.932158954163e+00
25 32 3 0.94280291 1.25788767 1.35092328 3.12871701 1.05274319 6.297839018669e-04 3.354435228548e-02 4.574062571770e-02 1.456245217357e+02 2.014246305093e+00
25 33 3 0.94280291 1.25788767 1.35092328 3.12871701 1.05274319 1.004514905818e-03 4.774767148717e-02 7.346574387401e-02 1.479078148732e+02 2.115346378726e+00
25 34 3 0.94280291 1.25788767 1.35092328 3.12871701 1.05274319 1.306565242197e-03 5.377213328886e-02 8.767932354876e-02 1.492641566272e+02 2.188802996384e+00
25 35 3 0.94280291 1.25788767 1.35092328 3.12871701 1.05274319 1.325623179144e-03 4.847733946788e-02 8.959168598327e-02 1.500531139457e+02 2.235446967723e+00
25 36 3 0.94280291 1.25788767 1.35092328 3.12871701 1.05274319 1.361025038503e-03 3.619030773465e-02 8.604480497404e-02 1.517292213171e+02 2.267165597198e+00
25 37 3 0.94280291 1.25788767 1.35092328 3.12871701 1.05274319 1.644925336603e-03 3.447913371038e-02 7.155237586489e-02 1.555893425196e+02 2.284532930476e+00
25 38 3 0.94280291 1.25788767 1.35092328 3.12871701 1.05274319 1.868572384028e-03 4.154018902587e-02 6.101622059440e-02 1.602656676621e+02 2.304545585840e+00
25 39 3 0.94280291 1.25788767 1.35092328 3.12871701 1.05274319 1.624007359199e-03 4.838389048967e-02 5.998457616715e-02 1.643140633987e+02 2.320473129212e+00
25 40 3 0.94280291 1.25788767 1.35092328 3.12871701 1.05274319 1.084321208370e-03 5.243764991822e-02 6.198286935246e-02 1.680078196965e+02 2.381880120638e+00
25 41 3 0.94280291 1.25788767 1.35092328 3.12871701 1.05274319 8.104788380341e-04 5.530478689068e-02 8.133702247643e-02 1.725228967266e+02 2.452778063697e+00
25 42 3 0.94280291 1.25788767 1.35092328 3.12871701 1.05274319 9.526612981813e-04 5.803706327813e-02 1.046712080097e-01 1.773844221638e+02 2.466835187673e+00
25 43 3 0.94280291 1.25788767 1.35092328 3.12871701 1.05274319 1.112042136451e-03 4.848655803251e-02 1.033109330600e-01 1.824603090171e+02 2.511137924704e+00
25 44 3 0.94280291 1.25788767 1.35092328 3.12871701 1.05274319 1.079926839061e-03 4.164317880032e-02 8.674462964258e-02 1.875135737988e+02 2.606385215750e+00
25 45 3 0.94280291 1.25788767 1.35092328 3.12871701 1.05274319 1.222319781495e-03 4.543706417587e-02 7.156352078146e-02 1.919072667557e+02 2.673059912735e+00
25 46 3 0.94280291 1.25788767 1.35092328 3.12871701 1.05274319 1.826496293474e-03 5.816464232000e-02 6.749793200011e-02 1.972734980397e+02 2.762682923285e+00
25 47 3 0.94280291 1.25788767 1.35092328 3.12871701 1.05274319 2.464440403852e-03 6.799406991693e-02 8.559844254056e-02 2.025120963654e+02 2.910640493221e+00
25 48 3 0.94280291 1.25788767 1.35092328 3.12871701 1.05274319 2.498452204808e-03 5.873693468119e-02 1.072271935076e-01 2.090560849513e+02 2.981761255034e+00
25 49 3 0.94280291 1.25788767 1.35092328 3.12871701 1.05274319 2.014495367221e-03 5.399993876921e-02 1.032875052942e-01 2.176248652094e+02 3.036134132209e+00
25 50 3 0.94280291 1.25788767 1.35092328 3.12871701 1.05274319 1.684015658553e-03 6.367751475794e-02 9.299512469546e-02 2.268666056687e+02 3.135347758439e+00
25 51 3 0.94280291 1.25788767 1.35092328 3.12871701 1.05274319 1.729963763166e-03 7.958778780709e-02 9.791866069632e-02 2.362159265454e+02 3.198527442103e+00
25 52 3 0.94280291 1.25788767 1.35092328 3.12871701 1.05274319 1.664652012742e-03 8.029880357432e-02 1.072265622813e-01 2.444178659148e+02 3.240463886947e+00
25 53 3 0.94280291 1.25788767 1.35092328 3.12871701 1.05274319 1.249661878036e-03 6.727925488251e-02 1.098743539998e-01 2.524146334170e+02 3.374248385214e+00
25 54 3 0.94280291 1.25788767 1.35092328 3.12871701 1.05274319 1.074769079514e-03 6.215932268205e-02 1.089665758990e-01 2.611665030450e+02 3.557160044626e+00
25 55 3 0.94280291 1.25788767 1.35092328 3.12871701 1.05274319 1.691277399994e-03 6.590934701858e-02 1.047376783484e-01 2.704993240076e+02 3.713648384297e+00
25 56 3 0.94280291 1.25788767 1.35092328 3.12871701 1.05274319 2.642970490517e-03 7.750609139125e-02 1.029607702985e-01 2.788454559105e+02 3.871407782337e+00
25 57 3 0.94280291 1.25788767 1.35092328 3.12871701 1.05274319 3.049272451927e-03 7.899993104700e-02 1.124819959370e-01 2.880877740414e+02 4.069262389190e+00
25 58 3 0.94280291 1.25788767 1.35092328 3.12871701 1.05274319 2.903447679727e-03 9.078724134628e-02 1.227666015253e-01 2.994295907905e+02 4.266756805104e+00
25 59 3 0.94280291 1.25788767 1.35092328 3.12871701 1.05274319 2.975228734484e-03 1.134904507126e-01 1.312493404225e-01 3.118982419786e+02 4.390984319863e+00
25 60 3 0.94280291 1.25788767 1.35092328 3.12871701 1.05274319 3.421750077748e-03 1.154404833317e-01 1.395889087652e-01 3.265151251384e+02 4.598958222081e+00
25 61 3 0.94280291 1.25788767 1.35092328 3.12871701 1.05274319 3.414197500994e-03 9.784690247830e-02 1.367091165504e-01 3.386984072662e+02 4.892580256720e+00
25 62 3 0.94280291 1.25788767 1.35092328 3.12871701 1.05274319 2.520068313721e-03 7.235304228628e-02 1.234024128180e-01 3.512381444431e+02 5.095497823718e+00
25 63 3 0.94280291 1.25788767 1.35092328 3.12871701 1.05274319 1.620158583807e-03 7.911002389900e-02 1.203348872649e-01 3.632022448928e+02 5.272407890383e+00
28 0 3 0.77889830 1.00842911 1.76323304 1.94949674 1.03041841 3.600944203604e-03 2.813410917422e+00 1.031184962640e-02 5.381235362353e+01 4.070137847288e+00
28 1 3 0.77889830 1.00842911 1.76323304 1.94949674 1.03041841 3.747352611804e-03 2.796761712336e+00 9.958511198707e-03 5.232016485164e+01 4.791103619670e+00
28 2 3 0.77889830 1.00842911 1.76323304 1.94949674 1.03041841 3.181461768864e-03 2.772448839713e+00 1.063147163919e-02 5.048609726908e+01 5.114920318964e+00
28 3 3 0.77889830 1.00842911 1.76323304 1.94949674 1.03041841 2.611725522620e-03 2.716994051502e+00 1.009042707541e-02 4.862108026495e+01 4.846583944905e+00
28 4 3 0.77889830 1.00842911 1.76323304 1.94949674 1.03041841 2.707121683248e-03 2.648262555425e+00 1.166419448741e-02 4.607738017429e+01 3.982532776455e+00
28 5 3 0.77889830 1.00842911 1.76323304 1.94949674 1.03041841 3.113737987715e-03 2.532976102598e+00 1.005671808685e-02 4.399136531461e+01 3.114542997224e+00
28 6 3 0.77889830 1.00842911 1.76323304 1.94949674 1.03041841 3.050703676490e-03 2.361459921010e+00 7.958425245862e-03 4.241204251653e+01 2.774919094002e+00
28 7 3 0.77889830 1.00842911 1.76323304 1.94949674 1.03041841 2.492053578500e-03 2.221038424644e+00 8.650561535118e-03 4.117504948263e+01 3.003983401608e+00
28 8 3 0.77889830 1.00842911 1.76323304 1.94949674 1.03041841 2.150245046926e-03 2.165255151149e+00 1.073669943850e-02 4.033993031722e+01 3.550283508489e+00
28 9 3 0.77889830 1.00842911 1.76323304 1.94949674 1.03041841 2.372908558132e-03 2.137622870823e+00 8.882247867452e-03 3.960027039043e+01 3.909489236094e+00
28 10 3 0.77889830 1.00842911 1.76323304 1.94949674 1.03041841 2.656870779295e-03 2.089325777785e+00 6.779731811985e-03 3.874688217202e+01 3.702086629950e+00
28 11 3 0.77889830 1.00842911 1.76323304 1.94949674 1.03041841 2.450468155200e-03 2.030908152013e+00 7.084182283130e-03 3.723012032014e+01 3.103442132688e+00
28 12 3 0.77889830 1.00842911 1.76323304 1.94949674 1.03041841 1.969975752493e-03 1.964466293218e+00 6.966909144409e-03 3.572862074657e+01 2.454102232848e+00
28 13 3 0.77889830 1.00842911 1.76323304 1.94949674 1.03041841 1.827002156062e-03 1.886223807300e+00 8.866913403503e-03 3.410503489561e+01 2.089854143267e+00
28 14 3 0.77889830 1.00842911 1.76323304 1.94949674 1.03041841 2.099482700762e-03 1.813326807194e+00 9.870674477985e-03 3.222854830156e+01 2.211588597413e+00
28 15 3 0.77889830 1.00842911 1.76323304 1.94949674 1.03041841 2.252988126929e-03 1.741506366909e+00 6.141425504968e-03 3.084597402797e+01 2.614513436084e+00
28 16 3 0.77889830 1.00842911 1.76323304 1.94949674 1.03041841 1.969921750835e-03 1.656696409943e+00 3.513465771069e-03 2.998399653715e+01 2.973853124724e+00
28 17 3 0.77889830 1.00842911 1.76323304 1.94949674 1.03041841 1.604267014033e-03 1.593937273501e+00 6.330901982942e-03 2.932012124898e+01 3.036934970812e+00
28 18 3 0.77889830 1.00842911 1.76323304 1.94949674 1.03041841 1.616475192458e-03 1.584590712132e+00 8.802299952219e-03 2.881725722252e+01 2.676719409835e+00
28 19 3 0.77889830 1.00842911 1.76323304 1.94949674 1.03041841 1.886392272422e-03 1.586465667342e+00 9.381703157904e-03 2.844583960229e+01 2.102217210867e+00
28 20 3 0.77889830 1.00842911 1.76323304 1.94949674 1.03041841 1.924865678859e-03 1.555021458895e+00 6.672919676788e-03 2.785183966855e+01 1.676304327468e+00
28 21 3 0.77889830 1.00842911 1.76323304 1.94949674 1.03041841 1.618630088114e-03 1.508426804435e+00 2.286873929532e-03 2.688764931852e+01 1.618163376954e+00
28 22 3 0.77889830 1.00842911 1.76323304 1.94949674 1.03041841 1.378512650456e-03 1.465414876079e+00 3.883935858940e-03 2.609584939052e+01 1.943358213892e+00
28 23 3 0.77889830 1.00842911 1.76323304 1.94949674 1.03041841 1.503793145327e-03 1.414011227380e+00 1.001831730151e-02 2.532313492786e+01 2.385988911603e+00
28 24 3 0.77889830 1.00842911 1.76323304 1.94949674 1.03041841 1.742305676952e-03 1.363649097848e+00 1.062281772137e-02 2.432027858256e+01 2.593172190403e+00
28 25 3 0.77889830 1.00842911 1.76323304 1.94949674 1.03041841 1.688806962033e-03 1.338231520742e+00 5.668440212148e-03 2.367742799785e+01 2.447955887043e+00
28 26 3 0.77889830 1.00842911 1.76323304 1.94949674 1.03041841 1.395258023412e-03 1.330587787998e+00 2.632739920421e-03 2.326125837052e+01 2.038232921639e+00
28 27 3 0.77889830 1.00842911 1.76323304 1.94949674 1.03041841 1.278285804945e-03 1.325954337220e+00 2.404255258749e-03 2.284885175172e+01 1.622778680087e+00
28 28 3 0.77889830 1.00842911 1.76323304 1.94949674 1.03041841 1.484932758704e-03 1.323934593902e+00 6.375248910505e-03 2.259035993225e+01 1.463194939611e+00
28 29 3 0.77889830 1.00842911 1.76323304 1.94949674 1.03041841 1.677924068783e-03 1.311534094729e+00 1.314569845112e-02 2.256239433761e+01 1.606466952878e+00
28 30 3 0.77889830 1.00842911 1.76323304 1.94949674 1.03041841 1.551718097455e-03 1.283428554665e+00 1.216733815463e-02 2.260021053888e+01 1.939286883990e+00
28 31 3 0.77889830 1.00842911 1.76323304 1.94949674 1.03041841 1.293288757764e-03 1.277267366692e+00 2.181189769520e-03 2.254839113753e+01 2.244922094714e+00
28 32 3 0.77889830 1.00842911 1.76323304 1.94949674 1.03041841 1.296164217557e-03 1.314925708911e+00 2.360098535101e-03 2.301207773514e+01 2.307090328360e+00
28 33 3 0.77889830 1.00842911 1.76323304 1.94949674 1.03041841 1.563087718248e-03 1.354320842164e+00 1.243152139987e-02 2.346765317714e+01 2.099251076373e+00
28 34 3 0.77889830 1.00842911 1.76323304 1.94949674 1.03041841 1.699732767618e-03 1.361875844336e+00 1.325017076886e-02 2.381435914523e+01 1.778624129467e+00
28 35 3 0.77889830 1.00842911 1.76323304 1.94949674 1.03041841 1.512279389619e-03 1.362430826152e+00 6.297283256835e-03 2.441862454167e+01 1.576774565622e+00
28 36 3 0.77889830 1.00842911 1.76323304 1.94949674 1.03041841 1.307560994944e-03 1.379653318624e+00 2.405561463592e-03 2.511526465828e+01 1.703679244178e+00
28 37 3 0.77889830 1.00842911 1.76323304 1.94949674 1.03041841 1.433039721389e-03 1.408135395037e+00 2.834814457830e-03 2.575453387501e+01 2.092651226754e+00
28 38 3 0.77889830 1.00842911 1.76323304 1.94949674 1.03041841 1.742747437375e-03 1.449412369074e+00 5.922868819589e-03 2.643083323363e+01 2.485589804618e+00
28 39 3 0.77889830 1.00842911 1.76323304 1.94949674 1.03041841 1.806498710975e-03 1.500561018120e+00 1.088715322389e-02 2.731744214823e+01 2.628047201009e+00
28 40 3 0.77889830 1.00842911 1.76323304 1.94949674 1.03041841 1.565479971097e-03 1.536568579578e+00 1.018963365691e-02 2.793459528123e+01 2.405390681865e+00
28 41 3 0.77889830 1.00842911 1.76323304 1.94949674 1.03041841 1.439428460333e-03 1.554751725097e+00 3.999737079844e-03 2.831955087574e+01 2.004995087565e+00
28 42 3 0.77889830 1.00842911 1.76323304 1.94949674 1.03041841 1.695540138346e-03 1.577133380714e+00 2.518980592681e-03 2.894670022911e+01 1.763899410779e+00
28 43 3 0.77889830 1.00842911 1.76323304 1.94949674 1.03041841 2.023593063128e-03 1.598426423908e+00 7.060302963746e-03 2.938260579120e+01 1.872766439926e+00
28 44 3 0.77889830 1.00842911 1.76323304 1.94949674 1.03041841 1.989565773404e-03 1.614108220597e+00 9.697351498430e-03 2.966408594890e+01 2.344834002139e+00
28 45 3 0.77889830 1.00842911 1.76323304 1.94949674 1.03041841 1.708851989380e-03 1.665681686352e+00 9.197918989534e-03 3.040383772017e+01 2.938666057194e+00
28 46 3 0.77889830 1.00842911 1.76323304 1.94949674 1.03041841 1.698804500878e-03 1.768135621132e+00 6.760244162082e-03 3.146042368401e+01 3.280339671093e+00
28 47 3 0.77889830 1.00842911 1.76323304 1.94949674 1.03041841 2.090504123715e-03 1.863948693227e+00 3.811344710708e-03 3.276557168746e+01 3.216814388010e+00
28 48 3 0.77889830 1.00842911 1.76323304 1.94949674 1.03041841 2.396335755777e-03 1.919827876058e+00 6.537895434717e-03 3.429322676049e+01 2.788537704956e+00
28 49 3 0.77889830 1.00842911 1.76323304 1.94949674 1.03041841 2.236888233306e-03 1.969086899194e+00 1.046435208357e-02 3.604222364918e+01 2.291761422056e+00
28 50 3 0.77889830 1.00842911 1.76323304 1.94949674 1.03041841 1.948252451135e-03 2.027001531237e+00 9.423312196687e-03 3.728437312099e+01 2.198357656451e+00
28 51 3 0.77889830 1.00842911 1.76323304 1.94949674 1.03041841 2.102258627467e-03 2.077491685462e+00 7.437181331652e-03 3.807038422792e+01 2.653983583790e+00
28 52 3 0.77889830 1.00842911 1.76323304 1.94949674 1.03041841 2.618321353535e-03 2.129842030698e+00 7.635217349197e-03 3.900366876116e+01 3.458300083995e+00
28 53 3 0.77889830 1.00842911 1.76323304 1.94949674 1.03041841 2.842087028874e-03 2.195158827193e+00 7.325146386038e-03 3.962157437603e+01 4.182595613331e+00
28 54 3 0.77889830 1.00842911 1.76323304 1.94949674 1.03041841 2.539642229428e-03 2.269827708878e+00 9.554129013967e-03 4.031119569431e+01 4.321058369944e+00
28 55 3 0.77889830 1.00842911 1.76323304 1.94949674 1.03041841 2.301110211108e-03 2.383119245150e+00 1.136494962477e-02 4.164474378288e+01 3.848973894358e+00
28 56 3 0.77889830 1.00842911 1.76323304 1.94949674 1.03041841 2.667465130581e-03 2.547020795502e+00 9.259054268309e-03 4.343128410293e+01 3.233706549734e+00
28 57 3 0.77889830 1.00842911 1.76323304 1.94949674 1.03041841 3.267362462629e-03 2.680069005401e+00 8.575233911897e-03 4.559432022095e+01 2.901466835792e+00
28 58 3 0.77889830 1.00842911 1.76323304 1.94949674 1.03041841 3.335887887260e-03 2.720766801738e+00 1.089034575392e-02 4.778388316310e+01 3.231797324889e+00
28 59 3 0.77889830 1.00842911 1.76323304 1.94949674 1.03041841 2.899431107123e-03 2.734654181038e+00 1.259459643608e-02 5.008766990471e+01 4.111428966808e+00
28 60 3 0.77889830 1.00842911 1.76323304 1.94949674 1.03041841 2.795673279110e-03 2.789945641724e+00 1.075062342382e-02 5.160150167561e+01 4.947597538234e+00
28 61 3 0.77889830 1.00842911 1.76323304 1.94949674 1.03041841 3.405396357527e-03 2.872432418836e+00 1.129914490868e-02 5.278178042423e+01 5.355650261719e+00
28 62 3 0.77889830 1.00842911 1.76323304 1.94949674 1.03041841 4.011567075354e-03 2.992624896756e+00 1.060030659882e-02 5.425888448193e+01 5.086839974243e+00
28 63 3 0.77889830 1.00842911 1.76323304 1.94949674 1.03041841 3.853856048341e-03 3.188777595114e+00 1.132097787527e-02 5.565581344089e+01 4.300203722318e+00
