# environment=00248 local_bs=1 gain_scale=4.271002045132e-14
# ue subcarrier serving_bs phi0 phi1 phi2 phi3 phi4 gain0 gain1 gain2 gain3 gain4
5 0 1 0.67685633 1.05819658 0.51830571 0.39742957 0.59837721 9.001676089312e-01 8.991301520109e+00 7.050344035697e-01 2.231356893467e-01 7.610277976812e-01
5 1 1 0.67685633 1.05819658 0.51830571 0.39742957 0.59837721 1.186132758601e+00 8.646331814509e+00 5.951928788855e-01 3.244407258378e-01 8.804710463356e-01
5 2 1 0.67685633 1.05819658 0.51830571 0.39742957 0.59837721 8.743320818531e-01 8.243421677104e+00 4.796087876540e-01 3.078447394491e-01 1.118545439320e+00
5 3 1 0.67685633 1.05819658 0.51830571 0.39742957 0.59837721 1.090991620452e+00 7.897549572888e+00 3.762794477605e-01 2.259089450621e-01 7.571434694196e-01
5 4 1 0.67685633 1.05819658 0.51830571 0.39742957 0.59837721 8.509220422801e-01 7.574957882792e+00 2.942838092455e-01 3.002617213719e-01 6.739144442314e-01
5 5 1 0.67685633 1.05819658 0.51830571 0.39742957 0.59837721 1.000196175858e+00 7.308964916390e+00 2.399390306807e-01 3.351297277961e-01 9.738033289619e-01
5 6 1 0.67685633 1.05819658 0.51830571 0.39742957 0.59837721 8.293648063607e-01 7.116085341023e+00 2.207046086856e-01 2.426612331109e-01 7.725922593922e-01
5 7 1 0.67685633 1.05819658 0.51830571 0.39742957 0.59837721 9.164794099890e-01 6.920888705880e+00 2.368662926215e-01 2.781928870100e-01 5.396935598906e-01
5 8 1 0.67685633 1.05819658 0.51830571 0.39742957 0.59837721 8.044821947324e-01 6.757461115065e+00 2.786257873043e-01 3.473642406170e-01 7.959504528620e-01
5 9 1 0.67685633 1.05819658 0.51830571 0.39742957 0.59837721 8.371427880477e-01 6.498583244481e+00 3.324786597724e-01 2.731412038075e-01 7.659762481927e-01
5 10 1 0.67685633 1.05819658 0.51830571 0.39742957 0.59837721 7.814650382227e-01 6.239409668612e+00 3.886936319409e-01 2.610453790084e-01 4.767708458838e-01
5 11 1 0.67685633 1.05819658 0.51830571 0.39742957 0.59837721 7.628363583796e-01 5.917000190928e+00 4.376468474007e-01 3.462459571916e-01 6.287405095699e-01
5 12 1 0.67685633 1.05819658 0.51830571 0.39742957 0.59837721 7.610561041660e-01 5.663955902325e+00 4.700383942727e-01 3.099608271917e-01 7.287785779102e-01
5 13 1 0.67685633 1.05819658 0.51830571 0.39742957 0.59837721 6.904879862190e-01 5.453358907625e+00 4.861345478665e-01 2.561461891247e-01 4.627835073034e-01
5 14 1 0.67685633 1.05819658 0.51830571 0.39742957 0.59837721 7.382606598292e-01 5.324551539283e+00 4.882659722138e-01 3.352318506731e-01 4.843088390052e-01
5 15 1 0.67685633 1.05819658 0.51830571 0.39742957 0.59837721 6.268674501255e-01 5.231297551078e+00 4.725032171123e-01 3.435491172978e-01 6.592355910070e-01
5 16 1 0.67685633 1.05819658 0.51830571 0.39742957 0.59837721 7.127072436491e-01 5.119510529299e+00 4.398287530680e-01 2.672303319257e-01 4.802791625690e-01
5 17 1 0.67685633 1.05819658 0.51830571 0.39742957 0.59837721 5.728495347194e-01 4.997842200405e+00 3.964043453320e-01 3.185524135790e-01 3.856313224058e-01
5 18 1 0.67685633 1.05819658 0.51830571 0.39742957 0.59837721 6.820608120092e-01 4.813067140855e+00 3.426992251765e-01 3.674481254468e-01 5.701372044102e-01
5 19 1 0.67685633 1.05819658 0.51830571 0.39742957 0.59837721 5.249162535987e-01 4.651532023548e+00 2.811307202747e-01 2.938711246465e-01 5.017062653717e-01
5 20 1 0.67685633 1.05819658 0.51830571 0.39742957 0.59837721 6.527322971612e-01 4.467395215481e+00 2.225383720375e-01 3.025104365285e-01 3.329299514224e-01
5 21 1 0.67685633 1.05819658 0.51830571 0.39742957 0.59837721 4.817160163125e-01 4.347659245689e+00 1.759396830582e-01 3.809958986247e-01 4.789007536316e-01
5 22 1 0.67685633 1.05819658 0.51830571 0.39742957 0.59837721 6.258204411868e-01 4.239907623470e+00 1.456713806001e-01 3.268655378567e-01 5.157055046561e-01
5 23 1 0.67685633 1.05819658 0.51830571 0.39742957 0.59837721 4.409016486645e-01 4.189521932856e+00 1.352265548089e-01 2.987050392983e-01 3.230700950000e-01
5 24 1 0.67685633 1.05819658 0.51830571 0.39742957 0.59837721 5.978485847285e-01 4.157043000713e+00 1.451586737537e-01 3.774544677590e-01 3.945413967593e-01
5 25 1 0.67685633 1.05819658 0.51830571 0.39742957 0.59837721 4.074220355635e-01 4.135467701903e+00 1.706249582463e-01 3.656681202932e-01 5.106499084286e-01
5 26 1 0.67685633 1.05819658 0.51830571 0.39742957 0.59837721 5.683110878180e-01 4.112944857734e+00 2.039313673493e-01 3.070579615632e-01 3.489895079008e-01
5 27 1 0.67685633 1.05819658 0.51830571 0.39742957 0.59837721 3.814001042766e-01 4.046441812288e+00 2.401010900473e-01 3.659591079957e-01 3.337450870412e-01
5 28 1 0.67685633 1.05819658 0.51830571 0.39742957 0.59837721 5.357197506203e-01 3.981169021751e+00 2.756084163382e-01 3.993110796193e-01 4.888916787860e-01
5 29 1 0.67685633 1.05819658 0.51830571 0.39742957 0.59837721 3.597623691806e-01 3.884916619533e+00 3.049503444251e-01 3.300510016236e-01 3.951982702766e-01
5 30 1 0.67685633 1.05819658 0.51830571 0.39742957 0.59837721 5.059472963079e-01 3.849109156133e+00 3.264409079790e-01 3.544142694739e-01 2.991292230191e-01
5 31 1 0.67685633 1.05819658 0.51830571 0.39742957 0.59837721 3.412216980994e-01 3.838848663277e+00 3.419432499792e-01 4.178623713553e-01 4.550126591544e-01
5 32 1 0.67685633 1.05819658 0.51830571 0.39742957 0.59837721 4.794803489537e-01 3.906398705928e+00 3.477272841615e-01 3.708274037699e-01 4.559999370530e-01
5 33 1 0.67685633 1.05819658 0.51830571 0.39742957 0.59837721 3.244145670113e-01 3.984095569319e+00 3.389677382571e-01 3.431234215996e-01 3.025907117443e-01
5 34 1 0.67685633 1.05819658 0.51830571 0.39742957 0.59837721 4.535749916893e-01 4.064067179577e+00 3.177869603221e-01 4.292384801041e-01 4.164960047060e-01
5 35 1 0.67685633 1.05819658 0.51830571 0.39742957 0.59837721 3.138729163090e-01 4.112824204949e+00 2.863407960575e-01 4.118484886643e-01 5.107696422185e-01
5 36 1 0.67685633 1.05819658 0.51830571 0.39742957 0.59837721 4.269952732191e-01 4.121188043306e+00 2.456076891644e-01 3.504688741044e-01 3.418693923287e-01
5 37 1 0.67685633 1.05819658 0.51830571 0.39742957 0.59837721 3.098083223851e-01 4.139712163772e+00 2.032864155671e-01 4.229250283228e-01 3.840256240273e-01
5 38 1 0.67685633 1.05819658 0.51830571 0.39742957 0.59837721 3.981793837132e-01 4.152187193990e+00 1.693962334924e-01 4.546326898357e-01 5.560661430005e-01
5 39 1 0.67685633 1.05819658 0.51830571 0.39742957 0.59837721 3.095001567040e-01 4.235466682317e+00 1.497153159531e-01 3.725749909967e-01 4.190555556432e-01
5 40 1 0.67685633 1.05819658 0.51830571 0.39742957 0.59837721 3.723355326928e-01 4.330471529007e+00 1.477700593446e-01 4.109992844408e-01 3.665001259076e-01
5 41 1 0.67685633 1.05819658 0.51830571 0.39742957 0.59837721 3.120294846945e-01 4.493869931523e+00 1.653990894398e-01 4.877646256262e-01 5.762918705789e-01
5 42 1 0.67685633 1.05819658 0.51830571 0.39742957 0.59837721 3.495466065311e-01 4.649669690497e+00 2.000996924478e-01 4.094867590953e-01 5.258319934629e-01
5 43 1 0.67685633 1.05819658 0.51830571 0.39742957 0.59837721 3.163256728229e-01 4.828025463733e+00 2.450683423027e-01 4.043136461533e-01 3.816007153944e-01
5 44 1 0.67685633 1.05819658 0.51830571 0.39742957 0.59837721 3.277111457029e-01 4.977698286600e+00 2.956289007147e-01 5.004355412515e-01 5.774424363528e-01
5 45 1 0.67685633 1.05819658 0.51830571 0.39742957 0.59837721 3.267615127231e-01 5.097960201765e+00 3.507009927044e-01 4.626751874258e-01 6.475630621778e-01
5 46 1 0.67685633 1.05819658 0.51830571 0.39742957 0.59837721 3.059035208516e-01 5.205653543960e+00 4.047573771187e-01 4.035690039903e-01 4.385073098805e-01
5 47 1 0.67685633 1.05819658 0.51830571 0.39742957 0.59837721 3.427703818284e-01 5.289758724423e+00 4.508859637222e-01 5.017541044551e-01 5.626082806222e-01
5 48 1 0.67685633 1.05819658 0.51830571 0.39742957 0.59837721 2.834152947074e-01 5.446312428361e+00 4.884915070357e-01 5.152093689925e-01 7.661826202247e-01
5 49 1 0.67685633 1.05819658 0.51830571 0.39742957 0.59837721 3.605755620634e-01 5.631377339899e+00 5.134063459365e-01 4.238701627309e-01 5.494212844274e-01
5 50 1 0.67685633 1.05819658 0.51830571 0.39742957 0.59837721 2.656985968512e-01 5.929510435504e+00 5.149237210252e-01 4.887082906369e-01 5.489764991604e-01
5 51 1 0.67685633 1.05819658 0.51830571 0.39742957 0.59837721 3.792498950927e-01 6.216297190810e+00 4.913849715515e-01 5.613388934660e-01 8.516740284363e-01
5 52 1 0.67685633 1.05819658 0.51830571 0.39742957 0.59837721 2.530038873979e-01 6.520690340793e+00 4.486168172326e-01 4.646930369120e-01 7.080422449813e-01
5 53 1 0.67685633 1.05819658 0.51830571 0.39742957 0.59837721 3.969694084393e-01 6.736683784353e+00 3.907958288398e-01 4.718566669726e-01 5.620511083003e-01
5 54 1 0.67685633 1.05819658 0.51830571 0.39742957 0.59837721 2.438688291270e-01 6.912491456975e+00 3.289066014197e-01 5.931438170378e-01 8.972645374066e-01
5 55 1 0.67685633 1.05819658 0.51830571 0.39742957 0.59837721 4.177862371373e-01 7.074244387876e+00 2.797244423812e-01 5.213104194866e-01 8.994000085668e-01
5 56 1 0.67685633 1.05819658 0.51830571 0.39742957 0.59837721 2.390367594529e-01 7.257409693976e+00 2.537931814300e-01 4.652679308998e-01 6.213179599492e-01
5 57 1 0.67685633 1.05819658 0.51830571 0.39742957 0.59837721 4.396066923799e-01 7.545716239753e+00 2.558544122411e-01 6.024981809861e-01 8.913144679024e-01
5 58 1 0.67685633 1.05819658 0.51830571 0.39742957 0.59837721 2.388285382538e-01 7.856095018555e+00 2.892502354599e-01 5.865703376411e-01 1.094566195853e+00
5 59 1 0.67685633 1.05819658 0.51830571 0.39742957 0.59837721 4.578671597939e-01 8.266446485466e+00 3.536257362955e-01 4.777349673445e-01 7.567390391805e-01
5 60 1 0.67685633 1.05819658 0.51830571 0.39742957 0.59837721 2.482988993319e-01 8.619314295646e+00 4.404268933567e-01 5.909192448682e-01 8.665279398950e-01
5 61 1 0.67685633 1.05819658 0.51830571 0.39742957 0.59837721 4.727787195463e-01 9.015073086133e+00 5.398952559100e-01 6.521151745968e-01 1.251063495068e+00
5 62 1 0.67685633 1.05819658 0.51830571 0.39742957 0.59837721 2.672014096795e-01 9.317541556725e+00 6.506702584160e-01 5.125646632068e-01 9.569951402655e-01
5 63 1 0.67685633 1.05819658 0.51830571 0.39742957 0.59837721 4.819764693543e-01 9.621712131260e+00 7.664361645724e-01 5.711041507205e-01 8.457447666900e-01
8 0 1 1.22182112 3.11695882 1.06415401 0.58376466 1.37730185 1.688593491908e+01 5.685846823742e+02 1.293786532428e+01 9.277971075802e-01 2.664884400919e+01
8 1 1 1.22182112 3.11695882 1.06415401 0.58376466 1.37730185 1.359647742087e+01 5.904015444068e+02 1.174992259172e+01 6.287575313216e-01 2.547659449134e+01
8 2 1 1.22182112 3.11695882 1.06415401 0.58376466 1.37730185 1.604701202846e+01 5.704172926470e+02 1.345120302616e+01 7.428801754907e-01 2.392481811051e+01
8 3 1 1.22182112 3.11695882 1.06415401 0.58376466 1.37730185 1.297261257801e+01 5.111886814530e+02 1.062681700470e+01 9.445768532405e-01 1.869526960052e+01
8 4 1 1.22182112 3.11695882 1.06415401 0.58376466 1.37730185 1.465994623734e+01 5.155817590690e+02 7.058879147437e+00 7.900771180494e-01 2.109569562961e+01
8 5 1 1.22182112 3.11695882 1.06415401 0.58376466 1.37730185 1.289456749265e+01 5.217149637086e+02 7.430133802311e+00 5.508068875895e-01 2.701305005954e+01
8 6 1 1.22182112 3.11695882 1.06415401 0.58376466 1.37730185 1.261325146523e+01 4.685739123924e+02 6.285564974619e+00 6.244108985861e-01 2.106714081196e+01
8 7 1 1.22182112 3.11695882 1.06415401 0.58376466 1.37730185 1.280548997369e+01 4.499089202750e+02 3.577525940386e+00 8.257753609828e-01 1.404990140023e+01
8 8 1 1.22182112 3.11695882 1.06415401 0.58376466 1.37730185 1.103710431769e+01 4.699660329161e+02 4.223029600926e+00 7.060641453933e-01 1.945248601667e+01
8 9 1 1.22182112 3.11695882 1.06415401 0.58376466 1.37730185 1.244432849189e+01 4.344261737407e+02 4.882106085963e+00 4.625291139627e-01 2.289508792770e+01
8 10 1 1.22182112 3.11695882 1.06415401 0.58376466 1.37730185 9.792053277796e+00 3.979171093033e+02 3.811188088384e+00 5.202291986430e-01 1.715541426101e+01
8 11 1 1.22182112 3.11695882 1.06415401 0.58376466 1.37730185 1.148075198313e+01 4.176336820400e+02 5.415412074672e+00 6.839352879323e-01 1.458415701356e+01
8 12 1 1.22182112 3.11695882 1.06415401 0.58376466 1.37730185 9.230019255844e+00 4.034203844985e+02 7.364348032145e+00 6.066191707967e-01 1.623633162615e+01
8 13 1 1.22182112 3.11695882 1.06415401 0.58376466 1.37730185 1.026142554615e+01 3.604843069045e+02 6.453906921575e+00 4.208420484717e-01 1.608321841157e+01
8 14 1 1.22182112 3.11695882 1.06415401 0.58376466 1.37730185 9.291170754924e+00 3.687125456791e+02 6.919409451186e+00 4.649442310648e-01 1.650736208211e+01
8 15 1 1.22182112 3.11695882 1.06415401 0.58376466 1.37730185 8.921825682032e+00 3.728405602436e+02 9.037964384559e+00 6.262040027773e-01 1.607217765335e+01
8 16 1 1.22182112 3.11695882 1.06415401 0.58376466 1.37730185 9.295886773865e+00 3.350816315508e+02 7.911888874707e+00 5.524019687254e-01 1.189998668548e+01
8 17 1 1.22182112 3.11695882 1.06415401 0.58376466 1.37730185 7.962746495647e+00 3.277944587462e+02 6.297900817807e+00 3.678165352716e-01 1.236615630691e+01
8 18 1 1.22182112 3.11695882 1.06415401 0.58376466 1.37730185 9.298474767929e+00 3.419987157617e+02 7.112374975283e+00 3.888566813402e-01 1.725005747430e+01
8 19 1 1.22182112 3.11695882 1.06415401 0.58376466 1.37730185 7.450241282186e+00 3.181244187403e+02 6.226903312429e+00 5.262307507687e-01 1.500879337083e+01
8 20 1 1.22182112 3.11695882 1.06415401 0.58376466 1.37730185 8.831537397185e+00 2.978760953046e+02 3.881373986725e+00 4.813425485850e-01 9.535743119115e+00
8 21 1 1.22182112 3.11695882 1.06415401 0.58376466 1.37730185 7.329544487464e+00 3.122259047851e+02 3.732226312829e+00 3.266191498165e-01 1.181635660430e+01
8 22 1 1.22182112 3.11695882 1.06415401 0.58376466 1.37730185 8.017269960743e+00 3.063546077125e+02 3.698561904069e+00 3.515551147271e-01 1.507755070494e+01
8 23 1 1.22182112 3.11695882 1.06415401 0.58376466 1.37730185 7.606428782459e+00 2.795034289124e+02 2.255019602372e+00 4.827350666581e-01 1.250883333097e+01
8 24 1 1.22182112 3.11695882 1.06415401 0.58376466 1.37730185 7.176152902124e+00 2.866605052562e+02 2.431430291287e+00 4.609179784747e-01 1.065673741470e+01
8 25 1 1.22182112 3.11695882 1.06415401 0.58376466 1.37730185 7.719614385266e+00 2.969678838422e+02 3.381911549732e+00 3.223769621251e-01 1.117772423323e+01
8 26 1 1.22182112 3.11695882 1.06415401 0.58376466 1.37730185 6.478508043907e+00 2.717686345184e+02 2.900017866563e+00 3.335878885276e-01 1.103293278217e+01
8 27 1 1.22182112 3.11695882 1.06415401 0.58376466 1.37730185 7.710684394367e+00 2.685236937795e+02 3.576554697189e+00 4.645019004691e-01 1.229300460439e+01
8 28 1 1.22182112 3.11695882 1.06415401 0.58376466 1.37730185 6.276192401787e+00 2.883675466633e+02 5.404316511929e+00 4.409320700975e-01 1.308326225788e+01
8 29 1 1.22182112 3.11695882 1.06415401 0.58376466 1.37730185 7.478335620631e+00 2.730486812987e+02 5.239145768086e+00 2.956752644401e-01 9.661283293722e+00
8 30 1 1.22182112 3.11695882 1.06415401 0.58376466 1.37730185 6.484076795056e+00 2.598007866336e+02 4.986389071654e+00 3.000193362507e-01 9.035990427239e+00
8 31 1 1.22182112 3.11695882 1.06415401 0.58376466 1.37730185 6.966055508607e+00 2.811744531033e+02 6.508370548042e+00 4.204714324363e-01 1.366329373645e+01
8 32 1 1.22182112 3.11695882 1.06415401 0.58376466 1.37730185 7.046908084352e+00 2.808144101481e+02 6.566296240294e+00 4.356034472577e-01 1.370309422256e+01
8 33 1 1.22182112 3.11695882 1.06415401 0.58376466 1.37730185 6.675843228047e+00 2.615536425831e+02 4.965917753448e+00 3.122619940139e-01 9.019109521346e+00
8 34 1 1.22182112 3.11695882 1.06415401 0.58376466 1.37730185 7.645937377317e+00 2.775831630188e+02 5.230423761270e+00 3.225739769146e-01 9.850925953401e+00
8 35 1 1.22182112 3.11695882 1.06415401 0.58376466 1.37730185 6.498416705515e+00 2.920065196978e+02 5.349685001437e+00 4.686097983395e-01 1.339671020695e+01
8 36 1 1.22182112 3.11695882 1.06415401 0.58376466 1.37730185 8.026858397526e+00 2.742894884318e+02 3.472685523055e+00 4.725105460697e-01 1.251753223897e+01
8 37 1 1.22182112 3.11695882 1.06415401 0.58376466 1.37730185 6.748406645808e+00 2.798970401381e+02 2.900684683516e+00 3.318700404124e-01 1.128257449406e+01
8 38 1 1.22182112 3.11695882 1.06415401 0.58376466 1.37730185 8.143468432769e+00 3.045910606602e+02 3.464675521990e+00 3.236198976259e-01 1.155621292027e+01
8 39 1 1.22182112 3.11695882 1.06415401 0.58376466 1.37730185 7.453952775579e+00 2.972458933415e+02 2.486285688221e+00 4.626910163085e-01 1.104582287691e+01
8 40 1 1.22182112 3.11695882 1.06415401 0.58376466 1.37730185 7.833806396236e+00 2.903147354717e+02 2.401303656595e+00 4.936083072134e-01 1.310678495586e+01
8 41 1 1.22182112 3.11695882 1.06415401 0.58376466 1.37730185 8.224696128190e+00 3.184513198929e+02 3.974559142061e+00 3.575920800454e-01 1.576879805155e+01
8 42 1 1.22182112 3.11695882 1.06415401 0.58376466 1.37730185 7.662229272026e+00 3.277308618478e+02 3.973710596660e+00 3.487234793118e-01 1.219439669532e+01
8 43 1 1.22182112 3.11695882 1.06415401 0.58376466 1.37730185 9.119089396349e+00 3.112732265793e+02 4.252619081075e+00 5.218436621286e-01 1.012123608097e+01
8 44 1 1.22182112 3.11695882 1.06415401 0.58376466 1.37730185 7.717022652161e+00 3.347250658527e+02 6.867786359567e+00 5.645462919239e-01 1.595446774383e+01
8 45 1 1.22182112 3.11695882 1.06415401 0.58376466 1.37730185 9.683484145827e+00 3.620558327838e+02 7.596852361439e+00 4.226024274068e-01 1.818107806090e+01
8 46 1 1.22182112 3.11695882 1.06415401 0.58376466 1.37730185 8.252896939839e+00 3.445100221927e+02 6.712408523275e+00 4.045720499727e-01 1.297640528823e+01
8 47 1 1.22182112 3.11695882 1.06415401 0.58376466 1.37730185 9.969197333269e+00 3.555265807744e+02 8.442903342300e+00 5.969888097750e-01 1.269051816776e+01
8 48 1 1.22182112 3.11695882 1.06415401 0.58376466 1.37730185 9.546054327649e+00 3.972066017772e+02 9.476239337832e+00 6.461392096758e-01 1.718572413357e+01
8 49 1 1.22182112 3.11695882 1.06415401 0.58376466 1.37730185 1.008175643756e+01 3.894195401306e+02 7.249922539217e+00 4.797964085570e-01 1.766426347448e+01
8 50 1 1.22182112 3.11695882 1.06415401 0.58376466 1.37730185 1.094724137676e+01 3.845258326920e+02 6.838779658111e+00 4.297969310914e-01 1.709678287039e+01
8 51 1 1.22182112 3.11695882 1.06415401 0.58376466 1.37730185 1.017722231652e+01 4.314305169757e+02 7.695468076323e+00 6.443808711654e-01 1.726482827415e+01
8 52 1 1.22182112 3.11695882 1.06415401 0.58376466 1.37730185 1.246681220793e+01 4.428694516091e+02 5.461454046856e+00 7.399641960611e-01 1.557674350605e+01
8 53 1 1.22182112 3.11695882 1.06415401 0.58376466 1.37730185 1.072101535871e+01 4.260445660368e+02 3.956229047101e+00 5.638444547869e-01 1.851574511447e+01
8 54 1 1.22182112 3.11695882 1.06415401 0.58376466 1.37730185 1.350171285111e+01 4.647997638050e+02 5.210019298361e+00 5.183128090575e-01 2.471133541402e+01
8 55 1 1.22182112 3.11695882 1.06415401 0.58376466 1.37730185 1.172408256765e+01 5.005389878667e+02 4.518470453408e+00 7.775860147357e-01 2.055114120336e+01
8 56 1 1.22182112 3.11695882 1.06415401 0.58376466 1.37730185 1.368673958495e+01 4.824412834792e+02 3.952851087074e+00 8.683177880465e-01 1.501118664356e+01
8 57 1 1.22182112 3.11695882 1.06415401 0.58376466 1.37730185 1.342902984354e+01 5.007587468496e+02 7.016168965862e+00 6.669879050281e-01 2.289284321806e+01
8 58 1 1.22182112 3.11695882 1.06415401 0.58376466 1.37730185 1.375635854132e+01 5.577600784931e+02 8.085302366417e+00 5.816042912773e-01 2.904323355599e+01
8 59 1 1.22182112 3.11695882 1.06415401 0.58376466 1.37730185 1.526724173399e+01 5.526662207790e+02 7.783212275780e+00 8.606141275629e-01 2.238259267139e+01
8 60 1 1.22182112 3.11695882 1.06415401 0.58376466 1.37730185 1.368913081706e+01 5.457368903106e+02 1.188529604614e+01 1.027005788178e+00 2.011096210623e+01
8 61 1 1.22182112 3.11695882 1.06415401 0.58376466 1.37730185 1.692852817819e+01 6.106636948965e+02 1.467182953827e+01 7.833890451752e-01 2.563745203170e+01
8 62 1 1.22182112 3.11695882 1.06415401 0.58376466 1.37730185 1.442178116776e+01 6.329350923552e+02 1.257866168856e+01 6.785163037213e-01 2.746332420831e+01
8 63 1 1.22182112 3.11695882 1.06415401 0.58376466 1.37730185 1.828306489087e+01 6.056454652461e+02 1.393260464450e+01 9.894131276669e-01 2.867711744663e+01
23 0 1 0.63389891 0.97519552 0.49468901 0.38211568 0.56438755 1.702602861300e-01 6.504040264506e+00 5.484245492131e-01 3.897611795817e+00 5.982222405380e-01
23 1 1 0.63389891 0.97519552 0.49468901 0.38211568 0.56438755 1.015198830169e-01 6.318191646728e+00 4.536922074378e-01 4.127229511682e+00 8.903304958268e-01
23 2 1 0.63389891 0.97519552 0.49468901 0.38211568 0.56438755 1.652126071687e-01 6.046206552750e+00 3.602661883098e-01 3.790913956966e+00 7.807302896814e-01
23 3 1 0.63389891 0.97519552 0.49468901 0.38211568 0.56438755 8.854370756763e-02 5.797691263622e+00 2.823740470578e-01 3.782055741858e+00 5.003164051099e-01
23 4 1 0.63389891 0.97519552 0.49468901 0.38211568 0.56438755 1.587890495950e-01 5.517505700314e+00 2.261774850949e-01 4.076463715785e+00 6.855661265235e-01
23 5 1 0.63389891 0.97519552 0.49468901 0.38211568 0.56438755 7.720752389339e-02 5.280235068983e+00 1.957001705083e-01 3.906600515456e+00 7.685772735324e-01
23 6 1 0.63389891 0.97519552 0.49468901 0.38211568 0.56438755 1.512152654697e-01 5.088403147937e+00 1.938142307651e-01 3.703212749387e+00 4.852030093531e-01
23 7 1 0.63389891 0.97519552 0.49468901 0.38211568 0.56438755 6.885724475616e-02 4.936850981106e+00 2.170710816239e-01 3.986932557346e+00 5.051181924844e-01
23 8 1 0.63389891 0.97519552 0.49468901 0.38211568 0.56438755 1.426598827424e-01 4.840753367334e+00 2.554753204870e-01 3.987072234269e+00 6.937279233825e-01
23 9 1 0.63389891 0.97519552 0.49468901 0.38211568 0.56438755 6.146444159915e-02 4.704327730351e+00 2.992338035866e-01 3.711480240018e+00 5.045552523571e-01
23 10 1 0.63389891 0.97519552 0.49468901 0.38211568 0.56438755 1.344406999415e-01 4.565920587139e+00 3.422491460215e-01 3.855559369456e+00 3.837914143068e-01
23 11 1 0.63389891 0.97519552 0.49468901 0.38211568 0.56438755 5.487599338198e-02 4.345172898705e+00 3.765893051441e-01 4.029196168737e+00 5.807800200217e-01
23 12 1 0.63389891 0.97519552 0.49468901 0.38211568 0.56438755 1.282100017854e-01 4.144898575787e+00 3.961668760145e-01 3.771130719695e+00 5.234870864328e-01
23 13 1 0.63389891 0.97519552 0.49468901 0.38211568 0.56438755 4.851641039048e-02 3.945462755350e+00 4.037873325877e-01 3.741376897076e+00 3.283693811837e-01
23 14 1 0.63389891 0.97519552 0.49468901 0.38211568 0.56438755 1.212652281212e-01 3.820240499343e+00 4.011161913877e-01 4.008251682228e+00 4.503538302596e-01
23 15 1 0.63389891 0.97519552 0.49468901 0.38211568 0.56438755 4.356049427789e-02 3.738049077256e+00 3.841452679009e-01 3.854502376802e+00 5.147915544240e-01
23 16 1 0.63389891 0.97519552 0.49468901 0.38211568 0.56438755 1.138394233204e-01 3.674322222108e+00 3.544072902395e-01 3.680561810800e+00 3.287608497437e-01
23 17 1 0.63389891 0.97519552 0.49468901 0.38211568 0.56438755 4.056302665216e-02 3.610922787271e+00 3.170718564350e-01 3.924611343131e+00 3.397599691087e-01
23 18 1 0.63389891 0.97519552 0.49468901 0.38211568 0.56438755 1.058225558385e-01 3.499004145362e+00 2.723428197874e-01 3.933952510537e+00 4.723440547952e-01
23 19 1 0.63389891 0.97519552 0.49468901 0.38211568 0.56438755 3.791407045147e-02 3.390787330097e+00 2.227469588282e-01 3.676093469064e+00 3.560027003273e-01
23 20 1 0.63389891 0.97519552 0.49468901 0.38211568 0.56438755 9.908598015492e-02 3.250534415572e+00 1.770156471046e-01 3.818596462553e+00 2.680007958782e-01
23 21 1 0.63389891 0.97519552 0.49468901 0.38211568 0.56438755 3.547136636334e-02 3.153299627998e+00 1.417930813242e-01 3.968293342437e+00 4.082640717807e-01
23 22 1 0.63389891 0.97519552 0.49468901 0.38211568 0.56438755 9.433406901241e-02 3.060173790130e+00 1.202180572165e-01 3.726451279864e+00 3.875874539285e-01
23 23 1 0.63389891 0.97519552 0.49468901 0.38211568 0.56438755 3.308443397930e-02 3.017368162478e+00 1.146662542862e-01 3.723255951528e+00 2.429026228113e-01
23 24 1 0.63389891 0.97519552 0.49468901 0.38211568 0.56438755 8.950100046569e-02 2.991119540163e+00 1.249690831509e-01 3.941387346753e+00 3.338356672988e-01
23 25 1 0.63389891 0.97519552 0.49468901 0.38211568 0.56438755 3.189127934760e-02 2.982052893511e+00 1.466908111010e-01 3.808004536390e+00 4.016035458261e-01
23 26 1 0.63389891 0.97519552 0.49468901 0.38211568 0.56438755 8.460934982452e-02 2.973870865612e+00 1.736255006270e-01 3.667024896729e+00 2.608981131341e-01
23 27 1 0.63389891 0.97519552 0.49468901 0.38211568 0.56438755 3.207059672049e-02 2.932072354906e+00 2.022982851861e-01 3.864020636660e+00 2.726200484364e-01
23 28 1 0.63389891 0.97519552 0.49468901 0.38211568 0.56438755 7.935406984372e-02 2.886609991370e+00 2.301295379435e-01 3.883202500736e+00 3.925761686860e-01
23 29 1 0.63389891 0.97519552 0.49468901 0.38211568 0.56438755 3.231288961611e-02 2.811808839396e+00 2.527816387137e-01 3.663961885126e+00 3.051032796176e-01
23 30 1 0.63389891 0.97519552 0.49468901 0.38211568 0.56438755 7.565030149656e-02 2.782194966193e+00 2.693661006008e-01 3.768248725598e+00 2.352055216533e-01
23 31 1 0.63389891 0.97519552 0.49468901 0.38211568 0.56438755 3.267133881925e-02 2.772261908008e+00 2.817695497983e-01 3.907757218012e+00 3.628407321145e-01
23 32 1 0.63389891 0.97519552 0.49468901 0.38211568 0.56438755 7.358375701010e-02 2.825003823161e+00 2.868880669934e-01 3.726740717749e+00 3.636589881815e-01
23 33 1 0.63389891 0.97519552 0.49468901 0.38211568 0.56438755 3.324795769337e-02 2.884817968355e+00 2.805769120339e-01 3.665110520746e+00 2.377182479472e-01
23 34 1 0.63389891 0.97519552 0.49468901 0.38211568 0.56438755 7.161968897769e-02 2.942862979417e+00 2.644876758574e-01 3.895323637594e+00 3.225377593009e-01
23 35 1 0.63389891 0.97519552 0.49468901 0.38211568 0.56438755 3.525745230124e-02 2.973859034029e+00 2.402206326037e-01 3.797790892166e+00 4.113814393619e-01
23 36 1 0.63389891 0.97519552 0.49468901 0.38211568 0.56438755 6.949543277371e-02 2.971371587601e+00 2.079637162681e-01 3.620448608914e+00 2.789345831673e-01
23 37 1 0.63389891 0.97519552 0.49468901 0.38211568 0.56438755 3.866868967872e-02 2.981928825174e+00 1.734986375873e-01 3.815961108928e+00 2.880166467649e-01
23 38 1 0.63389891 0.97519552 0.49468901 0.38211568 0.56438755 6.682402798840e-02 2.991879733621e+00 1.450738182434e-01 3.873752262036e+00 4.400545043365e-01
23 39 1 0.63389891 0.97519552 0.49468901 0.38211568 0.56438755 4.218046424459e-02 3.062578331396e+00 1.274406671950e-01 3.624303744343e+00 3.556862214191e-01
23 40 1 0.63389891 0.97519552 0.49468901 0.38211568 0.56438755 6.557149144613e-02 3.142093435218e+00 1.234342836304e-01 3.715390443762e+00 2.752998666423e-01
23 41 1 0.63389891 0.97519552 0.49468901 0.38211568 0.56438755 4.606277143067e-02 3.269743587852e+00 1.348540542772e-01 3.908697754897e+00 4.361627739921e-01
23 42 1 0.63389891 0.97519552 0.49468901 0.38211568 0.56438755 6.541103961927e-02 3.384199407974e+00 1.602709760871e-01 3.678072817991e+00 4.515994865375e-01
23 43 1 0.63389891 0.97519552 0.49468901 0.38211568 0.56438755 5.050821079972e-02 3.502327806345e+00 1.946802991612e-01 3.630546363900e+00 3.059069370130e-01
23 44 1 0.63389891 0.97519552 0.49468901 0.38211568 0.56438755 6.515095622838e-02 3.594020291857e+00 2.342289670662e-01 3.875514253852e+00 4.126855084578e-01
23 45 1 0.63389891 0.97519552 0.49468901 0.38211568 0.56438755 5.706052301929e-02 3.657189536270e+00 2.780906431562e-01 3.771917676890e+00 5.430490230500e-01
23 46 1 0.63389891 0.97519552 0.49468901 0.38211568 0.56438755 6.433215067622e-02 3.728186222181e+00 3.224415786884e-01 3.575929809026e+00 3.858324584734e-01
23 47 1 0.63389891 0.97519552 0.49468901 0.38211568 0.56438755 6.526737290119e-02 3.797281492727e+00 3.618605988892e-01 3.799163489966e+00 3.855162526883e-01
23 48 1 0.63389891 0.97519552 0.49468901 0.38211568 0.56438755 6.270241366153e-02 3.946594567807e+00 3.960679661684e-01 3.850113849168e+00 6.065592939387e-01
23 49 1 0.63389891 0.97519552 0.49468901 0.38211568 0.56438755 7.357291379050e-02 4.118167038868e+00 4.226245991327e-01 3.589390509656e+00 5.136837185709e-01
23 50 1 0.63389891 0.97519552 0.49468901 0.38211568 0.56438755 6.240746086872e-02 4.355493743960e+00 4.321458972654e-01 3.687576022463e+00 3.862385154444e-01
23 51 1 0.63389891 0.97519552 0.49468901 0.38211568 0.56438755 8.249899770122e-02 4.548327261404e+00 4.214135075227e-01 3.889034501747e+00 6.208119474074e-01
23 52 1 0.63389891 0.97519552 0.49468901 0.38211568 0.56438755 6.269287932830e-02 4.717065927016e+00 3.948859441547e-01 3.661542900818e+00 6.623357107737e-01
23 53 1 0.63389891 0.97519552 0.49468901 0.38211568 0.56438755 9.211507521024e-02 4.823977857102e+00 3.542100683752e-01 3.581052595727e+00 4.457379308213e-01
23 54 1 0.63389891 0.97519552 0.49468901 0.38211568 0.56438755 6.272495234001e-02 4.918476575924e+00 3.045644541571e-01 3.869053322863e+00 5.972989210787e-01
23 55 1 0.63389891 0.97519552 0.49468901 0.38211568 0.56438755 1.045326610933e-01 5.061080204438e+00 2.592236262207e-01 3.765354413693e+00 7.967589250829e-01
23 56 1 0.63389891 0.97519552 0.49468901 0.38211568 0.56438755 6.208508674490e-02 5.240934654815e+00 2.288161027833e-01 3.519452611161e+00 5.749890819810e-01
23 57 1 0.63389891 0.97519552 0.49468901 0.38211568 0.56438755 1.183480940102e-01 5.516154827621e+00 2.184055273227e-01 3.789038507476e+00 5.599643204188e-01
23 58 1 0.63389891 0.97519552 0.49468901 0.38211568 0.56438755 6.086297339459e-02 5.772370419576e+00 2.319563011807e-01 3.860461891786e+00 8.809830233724e-01
23 59 1 0.63389891 0.97519552 0.49468901 0.38211568 0.56438755 1.320159131424e-01 6.069149737778e+00 2.712345919568e-01 3.532023913647e+00 7.705507600972e-01
23 60 1 0.63389891 0.97519552 0.49468901 0.38211568 0.56438755 6.125370642619e-02 6.285971155794e+00 3.317225373712e-01 3.661615219967e+00 5.642200538266e-01
23 61 1 0.63389891 0.97519552 0.49468901 0.38211568 0.56438755 1.462115911487e-01 6.506508455000e+00 4.057146093980e-01 3.926020423849e+00 8.899758103153e-01
23 62 1 0.63389891 0.97519552 0.49468901 0.38211568 0.56438755 6.202239239151e-02 6.671713499473e+00 4.907081781463e-01 3.597212699950e+00 9.777716266740e-01
23 63 1 0.63389891 0.97519552 0.49468901 0.38211568 0.56438755 1.606053275134e-01 6.845762680965e+00 5.831420645297e-01 3.552423274330e+00 6.477853151756e-01
29 0 1 0.83064351 5.60001641 1.09197687 0.50025985 1.03933977 4.225973208612e+00 5.164737191613e+03 9.307283800788e+00 3.520965992877e-01 7.998729825349e+00
29 1 1 0.83064351 5.60001641 1.09197687 0.50025985 1.03933977 3.598428344534e+00 4.976904429537e+03 9.746171720715e+00 3.816095622013e-01 6.209383064782e+00
29 2 1 0.83064351 5.60001641 1.09197687 0.50025985 1.03933977 2.429238894429e+00 4.822755692443e+03 1.027383342443e+01 4.499183032240e-01 6.745920362246e+00
29 3 1 0.83064351 5.60001641 1.09197687 0.50025985 1.03933977 2.835625390445e+00 4.650971198748e+03 1.057395177273e+01 4.940981149316e-01 8.353669320074e+00
29 4 1 0.83064351 5.60001641 1.09197687 0.50025985 1.03933977 3.677516070088e+00 4.505744913519e+03 1.083007030007e+01 4.868283527403e-01 8.952330209999e+00
29 5 1 0.83064351 5.60001641 1.09197687 0.50025985 1.03933977 3.028182932624e+00 4.343446382590e+03 1.074869158484e+01 4.111991402642e-01 7.628599467926e+00
29 6 1 0.83064351 5.60001641 1.09197687 0.50025985 1.03933977 2.156113350881e+00 4.211899284399e+03 1.073239595114e+01 3.174200356804e-01 5.578284749495e+00
29 7 1 0.83064351 5.60001641 1.09197687 0.50025985 1.03933977 2.634361704028e+00 4.061443039545e+03 1.033310203114e+01 2.638593525546e-01 5.049033866741e+00
29 8 1 0.83064351 5.60001641 1.09197687 0.50025985 1.03933977 3.208838682341e+00 3.938461698311e+03 9.980398596522e+00 2.852196887287e-01 6.222403273775e+00
29 9 1 0.83064351 5.60001641 1.09197687 0.50025985 1.03933977 2.531194845673e+00 3.800579850553e+03 9.366086232732e+00 3.575409040784e-01 7.247434015993e+00
29 10 1 0.83064351 5.60001641 1.09197687 0.50025985 1.03933977 1.865717371136e+00 3.689808886534e+03 8.793644868511e+00 3.998255325096e-01 6.910346123572e+00
29 11 1 0.83064351 5.60001641 1.09197687 0.50025985 1.03933977 2.367442453469e+00 3.560611844778e+03 8.091905128405e+00 3.810583603924e-01 5.374611345682e+00
29 12 1 0.83064351 5.60001641 1.09197687 0.50025985 1.03933977 2.760442651629e+00 3.464381876952e+03 7.395397156705e+00 3.167305285120e-01 4.209479684405e+00
29 13 1 0.83064351 5.60001641 1.09197687 0.50025985 1.03933977 2.093560344438e+00 3.346199092107e+03 6.672224603439e+00 2.392526099650e-01 4.495717115013e+00
29 14 1 0.83064351 5.60001641 1.09197687 0.50025985 1.03933977 1.575439982468e+00 3.257805660225e+03 5.930083028610e+00 2.014908543828e-01 5.637950650882e+00
29 15 1 0.83064351 5.60001641 1.09197687 0.50025985 1.03933977 2.070464679003e+00 3.155502617543e+03 5.327652865645e+00 2.277701656892e-01 6.090489633987e+00
29 16 1 0.83064351 5.60001641 1.09197687 0.50025985 1.03933977 2.388179063118e+00 3.076149438351e+03 4.697578961749e+00 2.787586133653e-01 5.152497275900e+00
29 17 1 0.83064351 5.60001641 1.09197687 0.50025985 1.03933977 1.773084991206e+00 2.985857311868e+03 4.243028582746e+00 3.165570225696e-01 3.848277072901e+00
29 18 1 0.83064351 5.60001641 1.09197687 0.50025985 1.03933977 1.425100657631e+00 2.918860340205e+03 3.851020605893e+00 3.105440702508e-01 3.548674642598e+00
29 19 1 0.83064351 5.60001641 1.09197687 0.50025985 1.03933977 1.931247590759e+00 2.839431877032e+03 3.700477982024e+00 2.496553065941e-01 4.270692198615e+00
29 20 1 0.83064351 5.60001641 1.09197687 0.50025985 1.03933977 2.136631757903e+00 2.782487865969e+03 3.591614369996e+00 1.904570869953e-01 5.111505224883e+00
29 21 1 0.83064351 5.60001641 1.09197687 0.50025985 1.03933977 1.549892879554e+00 2.717641556044e+03 3.683295392419e+00 1.735080850354e-01 4.945350851389e+00
29 22 1 0.83064351 5.60001641 1.09197687 0.50025985 1.03933977 1.349264641428e+00 2.670721310835e+03 3.826117422072e+00 1.877835416404e-01 3.884172688672e+00
29 23 1 0.83064351 5.60001641 1.09197687 0.50025985 1.03933977 1.873825225082e+00 2.616982706268e+03 4.108552270111e+00 2.260614554359e-01 3.111511182525e+00
29 24 1 0.83064351 5.60001641 1.09197687 0.50025985 1.03933977 1.950078655658e+00 2.583024978820e+03 4.376688722899e+00 2.628188417527e-01 3.351764318989e+00
29 25 1 0.83064351 5.60001641 1.09197687 0.50025985 1.03933977 1.375235526858e+00 2.539792148664e+03 4.699314325942e+00 2.570490119307e-01 4.240047326819e+00
29 26 1 0.83064351 5.60001641 1.09197687 0.50025985 1.03933977 1.255474552205e+00 2.517199156100e+03 4.979711002426e+00 2.178821319675e-01 4.711748227574e+00
29 27 1 0.83064351 5.60001641 1.09197687 0.50025985 1.03933977 1.774487477980e+00 2.487892820828e+03 5.250677368729e+00 1.781337544654e-01 4.074645578710e+00
29 28 1 0.83064351 5.60001641 1.09197687 0.50025985 1.03933977 1.807329891603e+00 2.474873493882e+03 5.505301654009e+00 1.559200316758e-01 3.144659656182e+00
29 29 1 0.83064351 5.60001641 1.09197687 0.50025985 1.03933977 1.269727626171e+00 2.457020346714e+03 5.678100975155e+00 1.722066360017e-01 2.920072161002e+00
29 30 1 0.83064351 5.60001641 1.09197687 0.50025985 1.03933977 1.229616822457e+00 2.457441236867e+03 5.817044626373e+00 2.085443818655e-01 3.593186645439e+00
29 31 1 0.83064351 5.60001641 1.09197687 0.50025985 1.03933977 1.746444209334e+00 2.449701418438e+03 5.897693864070e+00 2.372468531527e-01 4.411266706190e+00
29 32 1 0.83064351 5.60001641 1.09197687 0.50025985 1.03933977 1.764385223210e+00 2.462223969429e+03 5.943321110806e+00 2.465697927692e-01 4.443212934862e+00
29 33 1 0.83064351 5.60001641 1.09197687 0.50025985 1.03933977 1.250971491484e+00 2.467771643089e+03 5.868782231075e+00 2.188972573851e-01 3.605060259222e+00
29 34 1 0.83064351 5.60001641 1.09197687 0.50025985 1.03933977 1.328572396994e+00 2.488939855412e+03 5.722451497997e+00 1.771098498442e-01 2.911569972106e+00
29 35 1 0.83064351 5.60001641 1.09197687 0.50025985 1.03933977 1.887774576500e+00 2.508085198195e+03 5.555738393772e+00 1.584007077283e-01 3.214861080536e+00
29 36 1 0.83064351 5.60001641 1.09197687 0.50025985 1.03933977 1.821074262345e+00 2.541060742926e+03 5.257231693373e+00 1.764243977606e-01 4.285887149972e+00
29 37 1 0.83064351 5.60001641 1.09197687 0.50025985 1.03933977 1.280820188586e+00 2.571393505671e+03 4.980154384260e+00 2.238182998946e-01 4.808106402158e+00
29 38 1 0.83064351 5.60001641 1.09197687 0.50025985 1.03933977 1.457395260592e+00 2.615627246109e+03 4.596268199932e+00 2.679095026353e-01 4.331537572806e+00
29 39 1 0.83064351 5.60001641 1.09197687 0.50025985 1.03933977 2.071037265868e+00 2.658992628251e+03 4.342004805943e+00 2.685996584522e-01 3.455014111557e+00
29 40 1 0.83064351 5.60001641 1.09197687 0.50025985 1.03933977 1.904537896105e+00 2.712632089034e+03 4.010303607840e+00 2.356068759106e-01 3.219612752535e+00
29 41 1 0.83064351 5.60001641 1.09197687 0.50025985 1.03933977 1.350906834689e+00 2.768977036605e+03 3.884685225604e+00 1.991739025573e-01 4.109014693754e+00
29 42 1 0.83064351 5.60001641 1.09197687 0.50025985 1.03933977 1.599936805148e+00 2.835821078668e+03 3.727606277179e+00 1.748117404712e-01 5.259756924138e+00
29 43 1 0.83064351 5.60001641 1.09197687 0.50025985 1.03933977 2.231699879650e+00 2.900410586121e+03 3.819007196651e+00 2.061456063833e-01 5.352223475543e+00
29 44 1 0.83064351 5.60001641 1.09197687 0.50025985 1.03933977 2.018449150067e+00 2.980945852710e+03 3.944874285294e+00 2.818331224992e-01 4.479344449750e+00
29 45 1 0.83064351 5.60001641 1.09197687 0.50025985 1.03933977 1.501244102748e+00 3.057223821785e+03 4.302474802605e+00 3.285367203744e-01 3.667381292440e+00
29 46 1 0.83064351 5.60001641 1.09197687 0.50025985 1.03933977 1.886899549340e+00 3.147215488620e+03 4.654081353521e+00 3.263248823536e-01 4.148136030179e+00
29 47 1 0.83064351 5.60001641 1.09197687 0.50025985 1.03933977 2.546316143704e+00 3.238143668284e+03 5.223968914861e+00 2.860246747482e-01 5.607472834453e+00
29 48 1 0.83064351 5.60001641 1.09197687 0.50025985 1.03933977 2.244471035380e+00 3.337953534698e+03 5.823201081390e+00 2.295133710573e-01 6.494109334529e+00
29 49 1 0.83064351 5.60001641 1.09197687 0.50025985 1.03933977 1.717661552673e+00 3.439373720116e+03 6.543549518828e+00 2.176654098292e-01 5.924578453611e+00
29 50 1 0.83064351 5.60001641 1.09197687 0.50025985 1.03933977 2.301123188586e+00 3.551525411953e+03 7.234189236615e+00 2.720730359927e-01 4.742279055833e+00
29 51 1 0.83064351 5.60001641 1.09197687 0.50025985 1.03933977 3.030306868208e+00 3.665949334669e+03 8.040934124917e+00 3.496826223186e-01 4.480433744396e+00
29 52 1 0.83064351 5.60001641 1.09197687 0.50025985 1.03933977 2.531507815123e+00 3.786220858365e+03 8.807496014041e+00 4.166091048146e-01 5.841245637213e+00
29 53 1 0.83064351 5.60001641 1.09197687 0.50025985 1.03933977 1.952781037154e+00 3.915514784066e+03 9.572269488441e+00 4.262369943212e-01 7.502267800246e+00
29 54 1 0.83064351 5.60001641 1.09197687 0.50025985 1.03933977 2.702437780748e+00 4.044939607373e+03 1.023410165796e+01 3.631943088941e-01 7.851285776107e+00
29 55 1 0.83064351 5.60001641 1.09197687 0.50025985 1.03933977 3.441929738113e+00 4.184248910792e+03 1.083608455007e+01 2.959373525744e-01 6.463576739229e+00
29 56 1 0.83064351 5.60001641 1.09197687 0.50025985 1.03933977 2.764593682607e+00 4.328110981900e+03 1.121835219787e+01 2.870603036584e-01 5.304994410895e+00
29 57 1 0.83064351 5.60001641 1.09197687 0.50025985 1.03933977 2.262715830918e+00 4.478197165591e+03 1.152195537212e+01 3.455229765655e-01 6.180722874429e+00
29 58 1 0.83064351 5.60001641 1.09197687 0.50025985 1.03933977 3.203953889235e+00 4.629860409426e+03 1.146440177473e+01 4.432992198744e-01 8.331329832530e+00
29 59 1 0.83064351 5.60001641 1.09197687 0.50025985 1.03933977 3.855136812547e+00 4.795449195213e+03 1.133768279204e+01 5.316358601409e-01 9.595287808750e+00
29 60 1 0.83064351 5.60001641 1.09197687 0.50025985 1.03933977 3.047605002171e+00 4.955059861890e+03 1.088991865272e+01 5.480283181231e-01 8.903989339129e+00
29 61 1 0.83064351 5.60001641 1.09197687 0.50025985 1.03933977 2.703401268512e+00 5.131606875433e+03 1.055357108892e+01 4.869798184228e-01 6.997683893081e+00
29 62 1 0.83064351 5.60001641 1.09197687 0.50025985 1.03933977 3.948479476151e+00 5.306314528521e+03 9.869532822526e+00 3.977840846166e-01 6.705114896643e+00
29 63 1 0.83064351 5.60001641 1.09197687 0.50025985 1.03933977 4.542946784060e+00 5.490214531288e+03 9.495530181896e+00 3.668579437298e-01 8.797354080515e+00
