# environment=00130 local_bs=4 gain_scale=3.112771859081e-13
# ue subcarrier serving_bs phi0 phi1 phi2 phi3 phi4 gain0 gain1 gain2 gain3 gain4
5 0 4 1.49792537 1.51329862 2.42208576 1.43738788 13.75143070 5.840048401929e+00 7.193701520385e+00 3.119849995586e+01 3.781741691759e+00 1.202775794901e+04
5 1 4 1.49792537 1.51329862 2.42208576 1.43738788 13.75143070 5.205117180249e+00 6.171615810080e+00 3.006731675018e+01 3.458818880567e+00 1.167602127577e+04
5 2 4 1.49792537 1.51329862 2.42208576 1.43738788 13.75143070 4.574518213928e+00 4.063796805394e+00 2.891693623077e+01 4.148169926625e+00 1.110901504516e+04
5 3 4 1.49792537 1.51329862 2.42208576 1.43738788 13.75143070 3.970325347817e+00 2.725131122628e+00 2.806172411593e+01 4.274634620595e+00 1.074408380660e+04
5 4 4 1.49792537 1.51329862 2.42208576 1.43738788 13.75143070 3.503098847085e+00 3.182224543838e+00 2.690245980828e+01 3.313088401024e+00 1.042724209869e+04
5 5 4 1.49792537 1.51329862 2.42208576 1.43738788 13.75143070 3.148699894813e+00 4.557719249416e+00 2.598478331455e+01 2.388812156233e+00 1.034419748234e+04
5 6 4 1.49792537 1.51329862 2.42208576 1.43738788 13.75143070 3.008904287412e+00 5.230364139701e+00 2.504090143102e+01 2.354835654302e+00 1.004853508522e+04
5 7 4 1.49792537 1.51329862 2.42208576 1.43738788 13.75143070 2.963604364366e+00 4.746513863833e+00 2.402621004316e+01 2.698652047080e+00 9.607730003561e+03
5 8 4 1.49792537 1.51329862 2.42208576 1.43738788 13.75143070 2.969555722634e+00 3.945293905700e+00 2.312699413177e+01 2.524363451541e+00 9.247307704127e+03
5 9 4 1.49792537 1.51329862 2.42208576 1.43738788 13.75143070 3.081055480587e+00 3.560464509649e+00 2.229360715462e+01 1.845781993438e+00 8.980286579739e+03
5 10 4 1.49792537 1.51329862 2.42208576 1.43738788 13.75143070 3.268921063644e+00 3.481627652605e+00 2.167271306277e+01 1.401975786223e+00 8.915332548082e+03
5 11 4 1.49792537 1.51329862 2.42208576 1.43738788 13.75143070 3.384473777067e+00 3.201434084369e+00 2.100789299213e+01 1.510961517952e+00 8.678840620498e+03
5 12 4 1.49792537 1.51329862 2.42208576 1.43738788 13.75143070 3.499227745505e+00 2.595151770008e+00 2.033462468223e+01 1.751558639011e+00 8.366823214702e+03
5 13 4 1.49792537 1.51329862 2.42208576 1.43738788 13.75143070 3.557128503937e+00 2.343089837180e+00 1.971133642922e+01 1.626472074506e+00 8.016961541377e+03
5 14 4 1.49792537 1.51329862 2.42208576 1.43738788 13.75143070 3.538838455138e+00 3.012354450644e+00 1.906996797994e+01 1.209161121545e+00 7.819529299373e+03
5 15 4 1.49792537 1.51329862 2.42208576 1.43738788 13.75143070 3.465029791592e+00 3.994956791645e+00 1.844947305758e+01 1.031015658585e+00 7.765072943515e+03
5 16 4 1.49792537 1.51329862 2.42208576 1.43738788 13.75143070 3.359541006463e+00 4.240454500152e+00 1.788172127913e+01 1.306944269756e+00 7.593629894473e+03
5 17 4 1.49792537 1.51329862 2.42208576 1.43738788 13.75143070 3.143759711007e+00 3.359489795974e+00 1.742238554521e+01 1.597150392488e+00 7.393392731198e+03
5 18 4 1.49792537 1.51329862 2.42208576 1.43738788 13.75143070 2.876814489176e+00 2.135848303380e+00 1.699525425694e+01 1.490270339090e+00 7.088423686611e+03
5 19 4 1.49792537 1.51329862 2.42208576 1.43738788 13.75143070 2.588831481167e+00 1.655683180831e+00 1.659071424572e+01 1.207273137506e+00 6.949573449357e+03
5 20 4 1.49792537 1.51329862 2.42208576 1.43738788 13.75143070 2.311757205741e+00 2.096772432508e+00 1.628828655217e+01 1.324069243770e+00 6.907257304226e+03
5 21 4 1.49792537 1.51329862 2.42208576 1.43738788 13.75143070 2.033594144835e+00 2.771989752756e+00 1.598675666778e+01 1.939541731762e+00 6.819589567493e+03
5 22 4 1.49792537 1.51329862 2.42208576 1.43738788 13.75143070 1.872772202202e+00 2.969173157742e+00 1.562374022865e+01 2.391902594851e+00 6.705632502795e+03
5 23 4 1.49792537 1.51329862 2.42208576 1.43738788 13.75143070 1.764126622078e+00 2.704673999026e+00 1.525067298352e+01 2.248680707643e+00 6.465655411268e+03
5 24 4 1.49792537 1.51329862 2.42208576 1.43738788 13.75143070 1.748126559125e+00 2.467132000587e+00 1.494874393183e+01 2.022638403654e+00 6.382548318246e+03
5 25 4 1.49792537 1.51329862 2.42208576 1.43738788 13.75143070 1.784473869318e+00 2.483275346339e+00 1.471095464726e+01 2.449869054200e+00 6.362809922970e+03
5 26 4 1.49792537 1.51329862 2.42208576 1.43738788 13.75143070 1.937806469399e+00 2.454265568262e+00 1.443473247655e+01 3.319265997208e+00 6.360913291142e+03
5 27 4 1.49792537 1.51329862 2.42208576 1.43738788 13.75143070 2.131760593363e+00 2.075555900330e+00 1.414007573743e+01 3.679740317316e+00 6.318722966689e+03
5 28 4 1.49792537 1.51329862 2.42208576 1.43738788 13.75143070 2.340896730305e+00 1.608714964091e+00 1.399405527063e+01 3.279545288031e+00 6.159515206508e+03
5 29 4 1.49792537 1.51329862 2.42208576 1.43738788 13.75143070 2.515522998623e+00 1.695450821045e+00 1.383853602200e+01 2.964217714939e+00 6.124474085056e+03
5 30 4 1.49792537 1.51329862 2.42208576 1.43738788 13.75143070 2.650933639157e+00 2.398407973047e+00 1.374731167144e+01 3.418434430699e+00 6.137695806091e+03
5 31 4 1.49792537 1.51329862 2.42208576 1.43738788 13.75143070 2.646576352455e+00 3.105562305815e+00 1.368611915522e+01 4.178393263109e+00 6.223610423639e+03
5 32 4 1.49792537 1.51329862 2.42208576 1.43738788 13.75143070 2.712441950805e+00 3.197602131644e+00 1.394982090698e+01 4.265181639608e+00 6.243911444572e+03
5 33 4 1.49792537 1.51329862 2.42208576 1.43738788 13.75143070 2.651068101090e+00 2.497247778161e+00 1.417998248740e+01 3.524998145626e+00 6.175565411192e+03
5 34 4 1.49792537 1.51329862 2.42208576 1.43738788 13.75143070 2.501311776542e+00 1.710442827464e+00 1.440637045522e+01 2.998321015641e+00 6.176207682433e+03
5 35 4 1.49792537 1.51329862 2.42208576 1.43738788 13.75143070 2.316215884666e+00 1.601511645849e+00 1.461202312812e+01 3.337017224093e+00 6.229747118878e+03
5 36 4 1.49792537 1.51329862 2.42208576 1.43738788 13.75143070 2.146774748429e+00 2.088386922748e+00 1.483636868662e+01 3.778115456904e+00 6.415637243679e+03
5 37 4 1.49792537 1.51329862 2.42208576 1.43738788 13.75143070 1.976738807598e+00 2.541800116803e+00 1.513450777596e+01 3.402073799577e+00 6.483830963389e+03
5 38 4 1.49792537 1.51329862 2.42208576 1.43738788 13.75143070 1.903635730439e+00 2.624250993732e+00 1.529878830464e+01 2.474841785973e+00 6.508587768025e+03
5 39 4 1.49792537 1.51329862 2.42208576 1.43738788 13.75143070 1.848261646250e+00 2.585137607409e+00 1.555059755006e+01 2.002927235733e+00 6.540435514446e+03
5 40 4 1.49792537 1.51329862 2.42208576 1.43738788 13.75143070 1.870344899466e+00 2.772269165298e+00 1.586801739504e+01 2.247339346963e+00 6.644113864038e+03
5 41 4 1.49792537 1.51329862 2.42208576 1.43738788 13.75143070 1.944888646479e+00 3.035596239920e+00 1.618624994271e+01 2.400559093143e+00 6.916488234642e+03
5 42 4 1.49792537 1.51329862 2.42208576 1.43738788 13.75143070 2.147658764046e+00 2.881473151518e+00 1.644773066360e+01 1.904630883043e+00 7.046788218998e+03
5 43 4 1.49792537 1.51329862 2.42208576 1.43738788 13.75143070 2.387363545719e+00 2.222874360402e+00 1.676999141518e+01 1.297443018363e+00 7.154608521844e+03
5 44 4 1.49792537 1.51329862 2.42208576 1.43738788 13.75143070 2.671014341480e+00 1.769650827183e+00 1.723018758911e+01 1.242468315686e+00 7.211218371809e+03
5 45 4 1.49792537 1.51329862 2.42208576 1.43738788 13.75143070 2.972167137762e+00 2.298138524188e+00 1.775666590312e+01 1.584696602524e+00 7.374276927048e+03
5 46 4 1.49792537 1.51329862 2.42208576 1.43738788 13.75143070 3.295036386605e+00 3.573138280760e+00 1.828019766617e+01 1.680591734611e+00 7.710952301559e+03
5 47 4 1.49792537 1.51329862 2.42208576 1.43738788 13.75143070 3.528159438128e+00 4.481093372616e+00 1.893202311067e+01 1.329496172662e+00 7.929257608006e+03
5 48 4 1.49792537 1.51329862 2.42208576 1.43738788 13.75143070 3.761357880205e+00 4.196166011321e+00 1.958929440333e+01 1.067681268763e+00 8.107650221988e+03
5 49 4 1.49792537 1.51329862 2.42208576 1.43738788 13.75143070 3.908020338744e+00 3.147310180489e+00 2.025996823357e+01 1.313669303754e+00 8.175454572909e+03
5 50 4 1.49792537 1.51329862 2.42208576 1.43738788 13.75143070 3.961883402059e+00 2.495750180238e+00 2.091521736123e+01 1.758692512636e+00 8.409208365676e+03
5 51 4 1.49792537 1.51329862 2.42208576 1.43738788 13.75143070 3.851812050562e+00 2.787806073718e+00 2.160693533146e+01 1.855273239373e+00 8.790554726516e+03
5 52 4 1.49792537 1.51329862 2.42208576 1.43738788 13.75143070 3.712155003424e+00 3.463701956355e+00 2.235157991521e+01 1.585428811607e+00 9.109307801280e+03
5 53 4 1.49792537 1.51329862 2.42208576 1.43738788 13.75143070 3.449239070550e+00 3.805099934857e+00 2.313951339082e+01 1.530294489568e+00 9.354042555322e+03
5 54 4 1.49792537 1.51329862 2.42208576 1.43738788 13.75143070 3.204555433219e+00 3.823756999701e+00 2.401049605974e+01 2.074621155693e+00 9.429429559183e+03
5 55 4 1.49792537 1.51329862 2.42208576 1.43738788 13.75143070 3.066030835424e+00 4.175073251580e+00 2.512534389040e+01 2.771866332315e+00 9.734087059559e+03
5 56 4 1.49792537 1.51329862 2.42208576 1.43738788 13.75143070 2.994146911549e+00 5.089922528627e+00 2.606152456778e+01 2.910900640418e+00 1.012402014545e+04
5 57 4 1.49792537 1.51329862 2.42208576 1.43738788 13.75143070 3.039868207113e+00 5.645655127308e+00 2.707160365263e+01 2.547650749591e+00 1.057558243639e+04
5 58 4 1.49792537 1.51329862 2.42208576 1.43738788 13.75143070 3.351535624135e+00 4.826461653141e+00 2.796574783128e+01 2.598298815766e+00 1.087411446821e+04
5 59 4 1.49792537 1.51329862 2.42208576 1.43738788 13.75143070 3.835597759398e+00 3.308302646172e+00 2.904309641600e+01 3.596308383995e+00 1.096364212880e+04
5 60 4 1.49792537 1.51329862 2.42208576 1.43738788 13.75143070 4.458626796553e+00 2.917091803756e+00 3.002405424759e+01 4.598991292470e+00 1.131488041610e+04
5 61 4 1.49792537 1.51329862 2.42208576 1.43738788 13.75143070 5.140951086005e+00 4.465027240799e+00 3.109118996939e+01 4.487642650094e+00 1.170532018507e+04
5 62 4 1.49792537 1.51329862 2.42208576 1.43738788 13.75143070 5.825003210674e+00 6.827781903255e+00 3.229089429940e+01 3.833689926026e+00 1.229871712788e+04
5 63 4 1.49792537 1.51329862 2.42208576 1.43738788 13.75143070 6.374326685900e+00 7.881047943285e+00 3.348001296174e+01 4.234188376653e+00 1.263814719671e+04
9 0 4 2.37088424 2.15399304 1.45208984 1.46641765 4.74429840 2.485805166545e+01 1.722576560935e+01 4.641630133341e+00 4.223512321122e+00 4.123912261370e+02
9 1 4 2.37088424 2.15399304 1.45208984 1.46641765 4.74429840 2.673759288216e+01 1.841546261882e+01 3.869048201293e+00 3.955743426819e+00 3.895956844056e+02
9 2 4 2.37088424 2.15399304 1.45208984 1.46641765 4.74429840 2.919215445874e+01 2.092927028506e+01 3.604735431108e+00 2.779532303679e+00 3.453654481858e+02
9 3 4 2.37088424 2.15399304 1.45208984 1.46641765 4.74429840 2.978132259203e+01 1.889627526422e+01 4.158238736079e+00 2.374854510502e+00 3.423964632670e+02
9 4 4 2.37088424 2.15399304 1.45208984 1.46641765 4.74429840 2.740036095871e+01 1.486013572272e+01 3.604027391990e+00 2.683806486573e+00 3.386401888019e+02
9 5 4 2.37088424 2.15399304 1.45208984 1.46641765 4.74429840 2.346511970660e+01 1.534867482006e+01 3.224385442824e+00 2.381782187199e+00 3.370130293753e+02
9 6 4 2.37088424 2.15399304 1.45208984 1.46641765 4.74429840 2.019603394220e+01 1.823823520936e+01 3.784415406287e+00 1.699802230873e+00 3.356277832856e+02
9 7 4 2.37088424 2.15399304 1.45208984 1.46641765 4.74429840 1.930202200289e+01 1.699924525613e+01 3.403496516851e+00 1.691716598800e+00 2.968538600380e+02
9 8 4 2.37088424 2.15399304 1.45208984 1.46641765 4.74429840 2.059295502052e+01 1.298515092675e+01 2.876386737377e+00 1.982183994476e+00 2.804384699162e+02
9 9 4 2.37088424 2.15399304 1.45208984 1.46641765 4.74429840 2.263255275780e+01 1.260900760210e+01 3.291540202865e+00 1.718824843157e+00 2.887977255890e+02
9 10 4 2.37088424 2.15399304 1.45208984 1.46641765 4.74429840 2.319882130014e+01 1.553391171128e+01 3.119831322482e+00 1.376744808642e+00 2.826013139054e+02
9 11 4 2.37088424 2.15399304 1.45208984 1.46641765 4.74429840 2.157453844281e+01 1.541830947065e+01 2.542363233705e+00 1.570940352476e+00 2.799680171560e+02
9 12 4 2.37088424 2.15399304 1.45208984 1.46641765 4.74429840 1.864704363225e+01 1.172091718272e+01 2.852614600909e+00 1.819199769567e+00 2.617149526327e+02
9 13 4 2.37088424 2.15399304 1.45208984 1.46641765 4.74429840 1.592047831209e+01 1.063364715790e+01 2.886006431301e+00 1.683150689714e+00 2.361418236598e+02
9 14 4 2.37088424 2.15399304 1.45208984 1.46641765 4.74429840 1.504111492701e+01 1.317667877985e+01 2.329463468347e+00 1.574098103310e+00 2.398497835426e+02
9 15 4 2.37088424 2.15399304 1.45208984 1.46641765 4.74429840 1.609483382842e+01 1.382899272456e+01 2.520785811362e+00 1.823055389733e+00 2.461686488054e+02
9 16 4 2.37088424 2.15399304 1.45208984 1.46641765 4.74429840 1.772059941118e+01 1.079314017314e+01 2.663663523316e+00 2.091233450730e+00 2.367520015766e+02
9 17 4 2.37088424 2.15399304 1.45208984 1.46641765 4.74429840 1.852474508297e+01 9.020112270368e+00 2.154629853804e+00 2.065874773395e+00 2.286023423928e+02
9 18 4 2.37088424 2.15399304 1.45208984 1.46641765 4.74429840 1.768189680143e+01 1.121200860964e+01 2.262103959468e+00 1.983193487034e+00 2.109650796626e+02
9 19 4 2.37088424 2.15399304 1.45208984 1.46641765 4.74429840 1.538178812912e+01 1.265516185090e+01 2.514802015513e+00 2.253571401144e+00 2.012193819104e+02
9 20 4 2.37088424 2.15399304 1.45208984 1.46641765 4.74429840 1.323233283667e+01 1.028223070942e+01 2.102689800667e+00 2.687296809671e+00 2.149578152847e+02
9 21 4 2.37088424 2.15399304 1.45208984 1.46641765 4.74429840 1.236495903272e+01 8.039221003127e+00 2.049659647780e+00 2.668646034064e+00 2.126238436456e+02
9 22 4 2.37088424 2.15399304 1.45208984 1.46641765 4.74429840 1.304345544435e+01 9.628298788503e+00 2.340158073035e+00 2.424171065399e+00 2.010491856813e+02
9 23 4 2.37088424 2.15399304 1.45208984 1.46641765 4.74429840 1.463039189922e+01 1.155745996477e+01 1.994563021241e+00 2.716416823103e+00 1.947813441884e+02
9 24 4 2.37088424 2.15399304 1.45208984 1.46641765 4.74429840 1.570356552090e+01 9.928311636921e+00 1.825864754600e+00 3.232283826620e+00 1.815748823709e+02
9 25 4 2.37088424 2.15399304 1.45208984 1.46641765 4.74429840 1.533600689432e+01 7.540331101560e+00 2.150489425226e+00 3.063346881581e+00 1.891387963922e+02
9 26 4 2.37088424 2.15399304 1.45208984 1.46641765 4.74429840 1.377727022570e+01 8.544687795350e+00 1.912817775051e+00 2.627325898447e+00 1.997026299819e+02
9 27 4 2.37088424 2.15399304 1.45208984 1.46641765 4.74429840 1.203880497977e+01 1.086452314828e+01 1.685112051115e+00 3.011967176250e+00 1.889092758447e+02
9 28 4 2.37088424 2.15399304 1.45208984 1.46641765 4.74429840 1.114085905592e+01 1.003096900492e+01 2.006352597089e+00 3.603961793683e+00 1.824735054806e+02
9 29 4 2.37088424 2.15399304 1.45208984 1.46641765 4.74429840 1.177740427052e+01 7.475527899432e+00 1.895790784230e+00 3.200079371669e+00 1.776281274742e+02
9 30 4 2.37088424 2.15399304 1.45208984 1.46641765 4.74429840 1.339745282475e+01 7.836802755869e+00 1.614948832399e+00 2.646342901618e+00 1.775132077431e+02
9 31 4 2.37088424 2.15399304 1.45208984 1.46641765 4.74429840 1.460888254540e+01 1.027496174519e+01 1.919353637914e+00 3.204018677611e+00 1.907526851252e+02
9 32 4 2.37088424 2.15399304 1.45208984 1.46641765 4.74429840 1.491120857587e+01 1.041612701329e+01 1.975568545908e+00 3.782800153993e+00 1.930487290649e+02
9 33 4 2.37088424 2.15399304 1.45208984 1.46641765 4.74429840 1.372688091932e+01 7.899211465724e+00 1.686977914223e+00 3.150107007956e+00 1.811071271769e+02
9 34 4 2.37088424 2.15399304 1.45208984 1.46641765 4.74429840 1.214521613044e+01 7.581362640458e+00 1.989463189986e+00 2.715247594750e+00 1.798776288517e+02
9 35 4 2.37088424 2.15399304 1.45208984 1.46641765 4.74429840 1.140775694829e+01 1.025524395583e+01 2.141772565084e+00 3.464056213438e+00 1.831197122993e+02
9 36 4 2.37088424 2.15399304 1.45208984 1.46641765 4.74429840 1.209408986663e+01 1.110785225975e+01 1.808205757801e+00 3.715709267589e+00 1.911913315096e+02
9 37 4 2.37088424 2.15399304 1.45208984 1.46641765 4.74429840 1.387589741567e+01 8.687041886071e+00 2.034563995797e+00 2.839077023016e+00 2.051352270186e+02
9 38 4 2.37088424 2.15399304 1.45208984 1.46641765 4.74429840 1.569345954278e+01 7.715712470219e+00 2.307236355057e+00 2.612109623809e+00 1.966111820607e+02
9 39 4 2.37088424 2.15399304 1.45208984 1.46641765 4.74429840 1.630755284881e+01 1.035806687067e+01 1.969233654164e+00 3.333424695266e+00 1.885641867323e+02
9 40 4 2.37088424 2.15399304 1.45208984 1.46641765 4.74429840 1.534858561362e+01 1.211731870450e+01 2.086805071516e+00 3.235107901735e+00 2.002473193339e+02
9 41 4 2.37088424 2.15399304 1.45208984 1.46641765 4.74429840 1.381027766069e+01 1.002135683093e+01 2.471236954946e+00 2.359521143976e+00 2.069740769836e+02
9 42 4 2.37088424 2.15399304 1.45208984 1.46641765 4.74429840 1.297567591816e+01 8.413920878635e+00 2.147646483464e+00 2.329524622674e+00 2.219587107240e+02
9 43 4 2.37088424 2.15399304 1.45208984 1.46641765 4.74429840 1.371076095816e+01 1.085164175858e+01 2.121230039761e+00 2.826409366249e+00 2.269315640588e+02
9 44 4 2.37088424 2.15399304 1.45208984 1.46641765 4.74429840 1.616456235265e+01 1.330749716260e+01 2.590006639442e+00 2.520261357784e+00 2.120056781721e+02
9 45 4 2.37088424 2.15399304 1.45208984 1.46641765 4.74429840 1.860392009455e+01 1.173784931036e+01 2.344644235988e+00 1.877519108302e+00 2.207045126935e+02
9 46 4 2.37088424 2.15399304 1.45208984 1.46641765 4.74429840 1.971921710974e+01 9.495587299188e+00 2.228747362253e+00 1.974786318140e+00 2.386336705066e+02
9 47 4 2.37088424 2.15399304 1.45208984 1.46641765 4.74429840 1.898801456803e+01 1.152116445188e+01 2.820370428030e+00 2.299047504976e+00 2.502116673953e+02
9 48 4 2.37088424 2.15399304 1.45208984 1.46641765 4.74429840 1.707207712298e+01 1.487398965848e+01 2.698093027519e+00 1.994783222324e+00 2.627518360489e+02
9 49 4 2.37088424 2.15399304 1.45208984 1.46641765 4.74429840 1.587405552313e+01 1.406652319559e+01 2.441804697003e+00 1.568844837896e+00 2.550757226313e+02
9 50 4 2.37088424 2.15399304 1.45208984 1.46641765 4.74429840 1.680136855402e+01 1.118844492337e+01 3.048889693531e+00 1.671330193150e+00 2.492322768130e+02
9 51 4 2.37088424 2.15399304 1.45208984 1.46641765 4.74429840 1.976449139132e+01 1.255943909248e+01 3.085654574699e+00 1.895778308107e+00 2.757173748120e+02
9 52 4 2.37088424 2.15399304 1.45208984 1.46641765 4.74429840 2.319330039297e+01 1.652354893585e+01 2.708352036248e+00 1.726441770111e+00 2.973847875125e+02
9 53 4 2.37088424 2.15399304 1.45208984 1.46641765 4.74429840 2.515093154446e+01 1.647134895245e+01 3.336554807086e+00 1.473344343791e+00 3.033436461245e+02
9 54 4 2.37088424 2.15399304 1.45208984 1.46641765 4.74429840 2.451363991555e+01 1.342982791391e+01 3.560471040848e+00 1.656723521044e+00 3.093522296422e+02
9 55 4 2.37088424 2.15399304 1.45208984 1.46641765 4.74429840 2.211813006162e+01 1.402879210587e+01 3.026856411029e+00 2.036706615878e+00 2.980888026110e+02
9 56 4 2.37088424 2.15399304 1.45208984 1.46641765 4.74429840 2.046741865930e+01 1.840721881047e+01 3.573619929351e+00 2.005827309828e+00 3.134251816707e+02
9 57 4 2.37088424 2.15399304 1.45208984 1.46641765 4.74429840 2.124278323757e+01 1.951666426132e+01 3.990164798953e+00 1.799472344420e+00 3.565247857430e+02
9 58 4 2.37088424 2.15399304 1.45208984 1.46641765 4.74429840 2.482860042574e+01 1.625637644852e+01 3.346709246923e+00 2.284969986641e+00 3.609676720951e+02
9 59 4 2.37088424 2.15399304 1.45208984 1.46641765 4.74429840 2.942771695586e+01 1.598089493444e+01 3.791707505901e+00 3.116447630357e+00 3.647922891421e+02
9 60 4 2.37088424 2.15399304 1.45208984 1.46641765 4.74429840 3.213153286084e+01 2.014916600566e+01 4.502421870800e+00 3.084381150198e+00 3.665043018003e+02
9 61 4 2.37088424 2.15399304 1.45208984 1.46641765 4.74429840 3.179220527293e+01 2.241525119264e+01 3.893538197998e+00 2.893524313347e+00 3.645371081788e+02
9 62 4 2.37088424 2.15399304 1.45208984 1.46641765 4.74429840 2.901486859944e+01 1.981263273556e+01 4.145393914670e+00 4.008768113557e+00 4.122361745096e+02
9 63 4 2.37088424 2.15399304 1.45208984 1.46641765 4.74429840 2.658238674651e+01 1.850844095504e+01 5.101550803192e+00 5.224689166429e+00 4.412327979530e+02
11 0 4 1.34731538 1.24243873 3.43796493 1.22006731 4.89070321 3.543269488825e+00 2.209155489370e+00 1.173173387836e+02 3.499166566352e+00 4.369839875460e+02
11 1 4 1.34731538 1.24243873 3.43796493 1.22006731 4.89070321 3.426512484575e+00 1.652415211258e+00 1.134635570815e+02 3.435941661581e+00 4.004924664401e+02
11 2 4 1.34731538 1.24243873 3.43796493 1.22006731 4.89070321 3.306762659672e+00 1.466245960878e+00 1.095049456866e+02 2.784659976418e+00 3.605668002967e+02
11 3 4 1.34731538 1.24243873 3.43796493 1.22006731 4.89070321 3.152439421875e+00 1.669699624746e+00 1.055054274829e+02 1.907031078651e+00 3.664794793429e+02
11 4 4 1.34731538 1.24243873 3.43796493 1.22006731 4.89070321 2.971147720851e+00 2.089790807743e+00 1.018050861170e+02 1.208643492268e+00 3.686101222137e+02
11 5 4 1.34731538 1.24243873 3.43796493 1.22006731 4.89070321 2.774475603184e+00 2.431505772035e+00 9.801030973453e+01 9.120751345832e-01 3.888080965499e+02
11 6 4 1.34731538 1.24243873 3.43796493 1.22006731 4.89070321 2.612353114844e+00 2.518361383697e+00 9.486925432984e+01 9.640112939900e-01 3.911407668239e+02
11 7 4 1.34731538 1.24243873 3.43796493 1.22006731 4.89070321 2.484290921210e+00 2.283884505865e+00 9.204925789623e+01 1.126032661515e+00 3.693110144831e+02
11 8 4 1.34731538 1.24243873 3.43796493 1.22006731 4.89070321 2.373723927406e+00 1.838126086741e+00 8.889622976234e+01 1.173232244712e+00 3.485989271389e+02
11 9 4 1.34731538 1.24243873 3.43796493 1.22006731 4.89070321 2.235065829331e+00 1.385832873340e+00 8.624857823596e+01 1.037251447257e+00 3.022700595825e+02
11 10 4 1.34731538 1.24243873 3.43796493 1.22006731 4.89070321 2.110753597646e+00 1.110236573833e+00 8.374629604426e+01 7.844887059631e-01 2.867375989875e+02
11 11 4 1.34731538 1.24243873 3.43796493 1.22006731 4.89070321 1.995778837592e+00 1.122880172054e+00 8.064487253252e+01 5.361721450388e-01 2.701191407663e+02
11 12 4 1.34731538 1.24243873 3.43796493 1.22006731 4.89070321 1.884082958171e+00 1.376661755474e+00 7.801072481871e+01 4.012416457817e-01 2.796894284856e+02
11 13 4 1.34731538 1.24243873 3.43796493 1.22006731 4.89070321 1.794182656224e+00 1.688836378484e+00 7.578413486879e+01 4.296943550397e-01 2.914325930546e+02
11 14 4 1.34731538 1.24243873 3.43796493 1.22006731 4.89070321 1.730642381517e+00 1.886343482189e+00 7.337857118911e+01 6.054711932480e-01 2.932714870787e+02
11 15 4 1.34731538 1.24243873 3.43796493 1.22006731 4.89070321 1.637163388281e+00 1.843341053484e+00 7.163052852677e+01 8.469882588854e-01 2.955874980814e+02
11 16 4 1.34731538 1.24243873 3.43796493 1.22006731 4.89070321 1.570809604442e+00 1.573030937346e+00 6.998510867131e+01 1.023420690391e+00 2.681138822638e+02
11 17 4 1.34731538 1.24243873 3.43796493 1.22006731 4.89070321 1.541916121100e+00 1.199287886915e+00 6.777679889660e+01 1.031784190681e+00 2.511522159082e+02
11 18 4 1.34731538 1.24243873 3.43796493 1.22006731 4.89070321 1.485126047983e+00 9.000608163494e-01 6.588018179043e+01 8.865483207028e-01 2.242848324412e+02
11 19 4 1.34731538 1.24243873 3.43796493 1.22006731 4.89070321 1.465475399364e+00 8.195610288282e-01 6.415067988991e+01 7.299260846315e-01 2.160613020822e+02
11 20 4 1.34731538 1.24243873 3.43796493 1.22006731 4.89070321 1.443623500647e+00 9.548237826497e-01 6.219804839350e+01 7.236858037386e-01 2.200833750951e+02
11 21 4 1.34731538 1.24243873 3.43796493 1.22006731 4.89070321 1.426507260942e+00 1.209457794113e+00 6.067142942415e+01 9.400609014701e-01 2.265150030373e+02
11 22 4 1.34731538 1.24243873 3.43796493 1.22006731 4.89070321 1.435368101461e+00 1.435517499589e+00 5.937068093110e+01 1.319244484552e+00 2.417588017419e+02
11 23 4 1.34731538 1.24243873 3.43796493 1.22006731 4.89070321 1.453734824386e+00 1.499395829394e+00 5.802271661818e+01 1.682040704114e+00 2.373522502235e+02
11 24 4 1.34731538 1.24243873 3.43796493 1.22006731 4.89070321 1.475048019513e+00 1.364543282315e+00 5.721066108839e+01 1.831649683473e+00 2.335010474045e+02
11 25 4 1.34731538 1.24243873 3.43796493 1.22006731 4.89070321 1.501257299314e+00 1.114780639989e+00 5.645346601101e+01 1.707324900547e+00 2.150476620229e+02
11 26 4 1.34731538 1.24243873 3.43796493 1.22006731 4.89070321 1.550196793017e+00 8.759598855186e-01 5.569079336996e+01 1.423129777335e+00 1.989113600614e+02
11 27 4 1.34731538 1.24243873 3.43796493 1.22006731 4.89070321 1.588991910089e+00 7.475680493577e-01 5.515268258581e+01 1.200908352907e+00 1.916590354572e+02
11 28 4 1.34731538 1.24243873 3.43796493 1.22006731 4.89070321 1.607147900213e+00 7.785040928132e-01 5.461853646793e+01 1.224287204911e+00 1.887850135965e+02
11 29 4 1.34731538 1.24243873 3.43796493 1.22006731 4.89070321 1.621064144631e+00 9.501020965900e-01 5.400707765517e+01 1.501242107889e+00 2.031948737659e+02
11 30 4 1.34731538 1.24243873 3.43796493 1.22006731 4.89070321 1.631488971637e+00 1.154359071143e+00 5.377402169160e+01 1.877445645570e+00 2.118638877944e+02
11 31 4 1.34731538 1.24243873 3.43796493 1.22006731 4.89070321 1.590101706405e+00 1.300914504973e+00 5.362755391856e+01 2.166219227768e+00 2.231748746591e+02
11 32 4 1.34731538 1.24243873 3.43796493 1.22006731 4.89070321 1.635461540638e+00 1.345718925901e+00 5.411474247295e+01 2.210498020673e+00 2.247470947913e+02
11 33 4 1.34731538 1.24243873 3.43796493 1.22006731 4.89070321 1.639237076856e+00 1.224365848106e+00 5.497607659459e+01 1.954881314685e+00 2.143486947459e+02
11 34 4 1.34731538 1.24243873 3.43796493 1.22006731 4.89070321 1.613118353873e+00 9.986840046718e-01 5.556268351354e+01 1.546514330762e+00 2.054914367289e+02
11 35 4 1.34731538 1.24243873 3.43796493 1.22006731 4.89070321 1.595750484826e+00 7.975931207036e-01 5.598705342778e+01 1.239515863063e+00 1.909229619717e+02
11 36 4 1.34731538 1.24243873 3.43796493 1.22006731 4.89070321 1.572020996505e+00 7.439520427729e-01 5.690599919131e+01 1.226539994915e+00 1.945266582838e+02
11 37 4 1.34731538 1.24243873 3.43796493 1.22006731 4.89070321 1.535115798918e+00 8.820089652989e-01 5.751284215160e+01 1.487990629837e+00 2.031145842311e+02
11 38 4 1.34731538 1.24243873 3.43796493 1.22006731 4.89070321 1.540578705005e+00 1.153734439773e+00 5.831155424685e+01 1.803162238887e+00 2.219450256947e+02
11 39 4 1.34731538 1.24243873 3.43796493 1.22006731 4.89070321 1.536325845598e+00 1.432286119311e+00 5.963234092540e+01 1.923872432717e+00 2.427052241465e+02
11 40 4 1.34731538 1.24243873 3.43796493 1.22006731 4.89070321 1.545170522356e+00 1.559813792315e+00 6.090087122824e+01 1.748407887235e+00 2.470954100790e+02
11 41 4 1.34731538 1.24243873 3.43796493 1.22006731 4.89070321 1.542661232012e+00 1.467468850546e+00 6.228901787411e+01 1.354326623184e+00 2.516976086874e+02
11 42 4 1.34731538 1.24243873 3.43796493 1.22006731 4.89070321 1.565448695996e+00 1.237005924432e+00 6.416655927208e+01 9.438822272222e-01 2.346839459730e+02
11 43 4 1.34731538 1.24243873 3.43796493 1.22006731 4.89070321 1.582129470944e+00 9.873823579061e-01 6.572355796113e+01 7.222920053854e-01 2.279938734322e+02
11 44 4 1.34731538 1.24243873 3.43796493 1.22006731 4.89070321 1.587870943796e+00 8.764759010956e-01 6.735503303457e+01 7.547316482574e-01 2.254700964085e+02
11 45 4 1.34731538 1.24243873 3.43796493 1.22006731 4.89070321 1.613869342572e+00 9.998393240437e-01 6.933159200554e+01 9.317993801269e-01 2.365778493846e+02
11 46 4 1.34731538 1.24243873 3.43796493 1.22006731 4.89070321 1.639052092279e+00 1.313818365582e+00 7.093272627186e+01 1.061650066658e+00 2.661563727718e+02
11 47 4 1.34731538 1.24243873 3.43796493 1.22006731 4.89070321 1.662130879150e+00 1.683595932913e+00 7.272468556249e+01 1.015962966900e+00 2.847912041628e+02
11 48 4 1.34731538 1.24243873 3.43796493 1.22006731 4.89070321 1.735011868147e+00 1.932757444994e+00 7.480464781199e+01 8.140069462763e-01 3.137925584980e+02
11 49 4 1.34731538 1.24243873 3.43796493 1.22006731 4.89070321 1.781329278020e+00 1.964807157048e+00 7.704055850338e+01 5.698972696593e-01 3.103101016680e+02
11 50 4 1.34731538 1.24243873 3.43796493 1.22006731 4.89070321 1.840461565254e+00 1.760824328263e+00 7.974754495466e+01 4.056323402610e-01 3.077623907532e+02
11 51 4 1.34731538 1.24243873 3.43796493 1.22006731 4.89070321 1.946746844458e+00 1.440991461937e+00 8.288644582555e+01 4.035222125483e-01 2.944886364941e+02
11 52 4 1.34731538 1.24243873 3.43796493 1.22006731 4.89070321 2.055441730954e+00 1.201826301536e+00 8.544354709791e+01 5.774775552451e-01 2.850078520174e+02
11 53 4 1.34731538 1.24243873 3.43796493 1.22006731 4.89070321 2.179358945309e+00 1.208818340001e+00 8.848531293410e+01 8.668466566818e-01 3.056313540026e+02
11 54 4 1.34731538 1.24243873 3.43796493 1.22006731 4.89070321 2.318279894957e+00 1.505970413156e+00 9.138724168508e+01 1.148660071603e+00 3.241662143220e+02
11 55 4 1.34731538 1.24243873 3.43796493 1.22006731 4.89070321 2.467358200856e+00 1.999095724192e+00 9.443452835995e+01 1.279532100476e+00 3.743201950405e+02
11 56 4 1.34731538 1.24243873 3.43796493 1.22006731 4.89070321 2.628053857609e+00 2.471976656667e+00 9.802127078579e+01 1.205422699219e+00 3.955410832955e+02
11 57 4 1.34731538 1.24243873 3.43796493 1.22006731 4.89070321 2.841993090567e+00 2.717179388387e+00 1.018959762450e+02 1.038047173205e+00 4.170294070933e+02
11 58 4 1.34731538 1.24243873 3.43796493 1.22006731 4.89070321 3.071936379442e+00 2.595662414398e+00 1.054079174256e+02 1.025837737113e+00 4.115443333019e+02
11 59 4 1.34731538 1.24243873 3.43796493 1.22006731 4.89070321 3.279160592963e+00 2.188502285473e+00 1.101448250064e+02 1.413877451146e+00 3.889724214101e+02
11 60 4 1.34731538 1.24243873 3.43796493 1.22006731 4.89070321 3.447384771632e+00 1.754616288422e+00 1.143330147257e+02 2.259111161886e+00 3.891345987961e+02
11 61 4 1.34731538 1.24243873 3.43796493 1.22006731 4.89070321 3.594327388866e+00 1.574712361148e+00 1.179843728834e+02 3.289002854113e+00 3.844206164378e+02
11 62 4 1.34731538 1.24243873 3.43796493 1.22006731 4.89070321 3.764106830651e+00 1.832432735055e+00 1.226471054500e+02 3.988841770053e+00 4.312322663462e+02
11 63 4 1.34731538 1.24243873 3.43796493 1.22006731 4.89070321 3.929613064030e+00 2.425519005467e+00 1.277815232280e+02 3.987598230556e+00 4.691219454853e+02
19 0 4 1.26449051 1.80367591 1.89417317 2.13619008 4.01411636 1.864629728926e+00 9.989546844031e+00 1.205219871654e+01 2.293694557309e+01 2.304082499623e+02
19 1 4 1.26449051 1.80367591 1.89417317 2.13619008 4.01411636 1.336842302961e+00 1.264303407295e+01 1.153948247598e+01 1.893168347251e+01 2.257241768793e+02
19 2 4 1.26449051 1.80367591 1.89417317 2.13619008 4.01411636 1.392361562965e+00 1.269584463825e+01 1.107514630990e+01 1.839138838590e+01 2.199560057865e+02
19 3 4 1.26449051 1.80367591 1.89417317 2.13619008 4.01411636 1.840171056215e+00 1.036204981756e+01 1.065697095591e+01 1.811166310289e+01 1.988944956259e+02
19 4 4 1.26449051 1.80367591 1.89417317 2.13619008 4.01411636 2.356144605078e+00 9.559411771965e+00 1.029944937219e+01 1.479329909123e+01 1.805119338617e+02
19 5 4 1.26449051 1.80367591 1.89417317 2.13619008 4.01411636 2.611930197568e+00 8.513562387613e+00 1.000174053324e+01 1.462309775194e+01 1.561743729894e+02
19 6 4 1.26449051 1.80367591 1.89417317 2.13619008 4.01411636 2.536756343395e+00 5.918398248023e+00 9.642955551522e+00 1.380311849877e+01 1.345809472588e+02
19 7 4 1.26449051 1.80367591 1.89417317 2.13619008 4.01411636 2.296625014807e+00 5.230722660928e+00 9.230938731591e+00 1.130396703692e+01 1.462132512187e+02
19 8 4 1.26449051 1.80367591 1.89417317 2.13619008 4.01411636 1.991118389491e+00 6.438797604196e+00 8.891414992167e+00 1.123566691126e+01 1.700789246933e+02
19 9 4 1.26449051 1.80367591 1.89417317 2.13619008 4.01411636 1.708974936258e+00 6.597359939270e+00 8.622875927341e+00 1.028961025122e+01 1.661897855089e+02
19 10 4 1.26449051 1.80367591 1.89417317 2.13619008 4.01411636 1.526198065673e+00 7.163078343447e+00 8.276640490796e+00 8.575334248909e+00 1.558620700359e+02
19 11 4 1.26449051 1.80367591 1.89417317 2.13619008 4.01411636 1.486719523831e+00 9.029687449058e+00 7.964031901028e+00 8.548539864488e+00 1.631382863993e+02
19 12 4 1.26449051 1.80367591 1.89417317 2.13619008 4.01411636 1.605300236631e+00 8.980669182236e+00 7.662069678194e+00 7.719325623429e+00 1.649442291790e+02
19 13 4 1.26449051 1.80367591 1.89417317 2.13619008 4.01411636 1.717488000088e+00 7.207701263263e+00 7.359863462010e+00 6.503896341132e+00 1.467049053965e+02
19 14 4 1.26449051 1.80367591 1.89417317 2.13619008 4.01411636 1.700880259254e+00 6.514322879988e+00 7.056342185207e+00 6.792283858807e+00 1.252831861089e+02
19 15 4 1.26449051 1.80367591 1.89417317 2.13619008 4.01411636 1.498095423654e+00 5.803251540313e+00 6.845612149663e+00 6.285258585750e+00 1.104701685545e+02
19 16 4 1.26449051 1.80367591 1.89417317 2.13619008 4.01411636 1.178946200146e+00 4.054889996270e+00 6.676985038478e+00 5.735206287500e+00 1.023862437266e+02
19 17 4 1.26449051 1.80367591 1.89417317 2.13619008 4.01411636 9.701027675791e-01 3.749549444285e+00 6.430996159911e+00 6.520526305510e+00 1.089591129560e+02
19 18 4 1.26449051 1.80367591 1.89417317 2.13619008 4.01411636 9.849933062199e-01 4.822139405660e+00 6.268857767690e+00 6.173544705953e+00 1.194925946296e+02
19 19 4 1.26449051 1.80367591 1.89417317 2.13619008 4.01411636 1.226891052596e+00 5.074881684928e+00 6.143619434580e+00 6.259318347844e+00 1.153213470863e+02
19 20 4 1.26449051 1.80367591 1.89417317 2.13619008 4.01411636 1.552566720097e+00 5.480387341537e+00 5.969545732875e+00 7.699748975870e+00 1.142654060717e+02
19 21 4 1.26449051 1.80367591 1.89417317 2.13619008 4.01411636 1.782350805005e+00 6.752527850138e+00 5.844655052637e+00 7.545079061920e+00 1.287503369767e+02
19 22 4 1.26449051 1.80367591 1.89417317 2.13619008 4.01411636 1.829862917548e+00 6.689775168903e+00 5.778480133153e+00 8.664700256183e+00 1.303713948417e+02
19 23 4 1.26449051 1.80367591 1.89417317 2.13619008 4.01411636 1.632868022943e+00 5.284813929796e+00 5.660257725231e+00 1.063817837274e+01 1.116454900470e+02
19 24 4 1.26449051 1.80367591 1.89417317 2.13619008 4.01411636 1.282068483175e+00 4.768579903515e+00 5.528626696561e+00 1.053421108860e+01 9.738267184690e+01
19 25 4 1.26449051 1.80367591 1.89417317 2.13619008 4.01411636 9.126959868227e-01 4.396009181230e+00 5.421058194060e+00 1.247534600813e+01 9.144374746064e+01
19 26 4 1.26449051 1.80367591 1.89417317 2.13619008 4.01411636 6.132668163653e-01 3.286171512488e+00 5.361108406663e+00 1.449204126878e+01 8.683156004343e+01
19 27 4 1.26449051 1.80367591 1.89417317 2.13619008 4.01411636 5.596802549510e-01 3.218434927962e+00 5.303959968757e+00 1.402437033844e+01 9.014319163737e+01
19 28 4 1.26449051 1.80367591 1.89417317 2.13619008 4.01411636 7.683541749365e-01 4.192869395175e+00 5.235586234833e+00 1.615426651918e+01 9.453070375094e+01
19 29 4 1.26449051 1.80367591 1.89417317 2.13619008 4.01411636 1.184354085108e+00 4.469088481805e+00 5.238011605337e+00 1.729871724484e+01 9.412109858299e+01
19 30 4 1.26449051 1.80367591 1.89417317 2.13619008 4.01411636 1.636837444481e+00 4.796401299564e+00 5.216381642656e+00 1.609195922435e+01 1.028619567439e+02
19 31 4 1.26449051 1.80367591 1.89417317 2.13619008 4.01411636 1.889482953481e+00 5.880308287707e+00 5.156960316017e+00 1.786902789596e+01 1.185832497914e+02
19 32 4 1.26449051 1.80367591 1.89417317 2.13619008 4.01411636 1.913429075110e+00 6.025671474422e+00 5.269261924682e+00 1.809539534949e+01 1.194507017106e+02
19 33 4 1.26449051 1.80367591 1.89417317 2.13619008 4.01411636 1.613727945227e+00 4.906711610189e+00 5.350229633634e+00 1.626064083225e+01 1.033665207504e+02
19 34 4 1.26449051 1.80367591 1.89417317 2.13619008 4.01411636 1.134539035107e+00 4.513425688069e+00 5.366125356923e+00 1.754410721494e+01 9.449328590588e+01
19 35 4 1.26449051 1.80367591 1.89417317 2.13619008 4.01411636 7.405947571758e-01 4.270282695995e+00 5.462360627498e+00 1.637201318457e+01 9.543547101803e+01
19 36 4 1.26449051 1.80367591 1.89417317 2.13619008 4.01411636 5.691203406088e-01 3.259346814752e+00 5.555371256444e+00 1.399799857974e+01 9.177412201226e+01
19 37 4 1.26449051 1.80367591 1.89417317 2.13619008 4.01411636 6.841742030585e-01 3.302374204615e+00 5.633658319149e+00 1.450294117665e+01 8.945511490126e+01
19 38 4 1.26449051 1.80367591 1.89417317 2.13619008 4.01411636 9.802282807282e-01 4.556961687404e+00 5.764788123380e+00 1.249589832409e+01 9.429046379611e+01
19 39 4 1.26449051 1.80367591 1.89417317 2.13619008 4.01411636 1.344715105443e+00 5.075894173461e+00 5.899690107924e+00 1.054796065206e+01 1.008605586834e+02
19 40 4 1.26449051 1.80367591 1.89417317 2.13619008 4.01411636 1.688740438958e+00 5.605660122313e+00 6.016655721103e+00 1.080407439721e+01 1.164776395395e+02
19 41 4 1.26449051 1.80367591 1.89417317 2.13619008 4.01411636 1.856604459651e+00 6.984501105275e+00 6.120277428814e+00 8.762583592856e+00 1.364828265806e+02
19 42 4 1.26449051 1.80367591 1.89417317 2.13619008 4.01411636 1.832823762800e+00 7.040702092852e+00 6.256573924373e+00 7.734105323418e+00 1.344444411233e+02
19 43 4 1.26449051 1.80367591 1.89417317 2.13619008 4.01411636 1.607037686289e+00 5.623026351973e+00 6.493546339033e+00 7.939651119253e+00 1.189113996188e+02
19 44 4 1.26449051 1.80367591 1.89417317 2.13619008 4.01411636 1.277238934312e+00 5.168307840525e+00 6.667326413863e+00 6.461460694469e+00 1.206820073551e+02
19 45 4 1.26449051 1.80367591 1.89417317 2.13619008 4.01411636 1.056782310330e+00 5.017611500799e+00 6.861725185522e+00 6.402743656114e+00 1.254402110969e+02
19 46 4 1.26449051 1.80367591 1.89417317 2.13619008 4.01411636 1.060233315910e+00 4.020758480552e+00 7.164661025272e+00 6.708988597333e+00 1.142571151679e+02
19 47 4 1.26449051 1.80367591 1.89417317 2.13619008 4.01411636 1.306453265510e+00 4.452835463167e+00 7.396871607225e+00 5.841300973548e+00 1.078115570217e+02
19 48 4 1.26449051 1.80367591 1.89417317 2.13619008 4.01411636 1.592762185248e+00 6.380763919649e+00 7.634982303059e+00 6.585106787372e+00 1.173035730482e+02
19 49 4 1.26449051 1.80367591 1.89417317 2.13619008 4.01411636 1.760638285392e+00 7.080296546213e+00 7.997216830278e+00 7.153989365915e+00 1.339832163542e+02
19 50 4 1.26449051 1.80367591 1.89417317 2.13619008 4.01411636 1.758585218718e+00 7.652225682703e+00 8.317357033702e+00 7.010396039074e+00 1.570412338271e+02
19 51 4 1.26449051 1.80367591 1.89417317 2.13619008 4.01411636 1.651322962304e+00 9.464444152780e+00 8.611531275939e+00 8.369048605865e+00 1.759767152372e+02
19 52 4 1.26449051 1.80367591 1.89417317 2.13619008 4.01411636 1.609899150884e+00 9.429937281907e+00 8.920309710235e+00 9.183807357873e+00 1.732304506084e+02
19 53 4 1.26449051 1.80367591 1.89417317 2.13619008 4.01411636 1.698775240254e+00 7.431363816224e+00 9.244549088927e+00 9.229088198609e+00 1.662917902694e+02
19 54 4 1.26449051 1.80367591 1.89417317 2.13619008 4.01411636 1.900835985532e+00 6.924706384169e+00 9.530667837003e+00 1.108387129134e+01 1.776553990398e+02
19 55 4 1.26449051 1.80367591 1.89417317 2.13619008 4.01411636 2.184346700919e+00 6.917580737837e+00 9.869093763114e+00 1.209192855749e+01 1.795848718436e+02
19 56 4 1.26449051 1.80367591 1.89417317 2.13619008 4.01411636 2.488198012022e+00 5.697966181737e+00 1.026687850295e+01 1.232763982171e+01 1.540276585682e+02
19 57 4 1.26449051 1.80367591 1.89417317 2.13619008 4.01411636 2.726929949668e+00 6.456675748318e+00 1.065461296746e+01 1.496468673841e+01 1.434594320572e+02
19 58 4 1.26449051 1.80367591 1.89417317 2.13619008 4.01411636 2.717400148227e+00 9.382443045212e+00 1.096131239729e+01 1.598480934770e+01 1.683689147046e+02
19 59 4 1.26449051 1.80367591 1.89417317 2.13619008 4.01411636 2.381405224195e+00 1.038926940432e+01 1.134557953808e+01 1.623469980482e+01 1.934591461892e+02
19 60 4 1.26449051 1.80367591 1.89417317 2.13619008 4.01411636 1.882974659237e+00 1.112355408886e+01 1.185232081283e+01 1.982986700791e+01 2.128523255501e+02
19 61 4 1.26449051 1.80367591 1.89417317 2.13619008 4.01411636 1.482175774427e+00 1.361714519075e+01 1.235156938285e+01 2.028585496381e+01 2.362893298388e+02
19 62 4 1.26449051 1.80367591 1.89417317 2.13619008 4.01411636 1.494644459571e+00 1.350271730178e+01 1.284472619298e+01 2.065008924070e+01 2.423327794704e+02
19 63 4 1.26449051 1.80367591 1.89417317 2.13619008 4.01411636 2.115684410616e+00 1.046436573940e+01 1.334694271028e+01 2.485088309134e+01 2.472355542308e+02
24 0 4 1.33218548 1.60026108 2.30812167 1.70101233 6.24512555 2.985865155677e+00 6.693011051216e+00 2.536115589344e+01 9.790397033461e+00 9.940576834393e+02
24 1 4 1.33218548 1.60026108 2.30812167 1.70101233 6.24512555 3.285070358781e+00 7.216568550135e+00 2.452185785879e+01 8.931776325999e+00 1.023141798851e+03
24 2 4 1.33218548 1.60026108 2.30812167 1.70101233 6.24512555 3.475014598413e+00 8.263107413080e+00 2.373826271445e+01 9.540109053440e+00 1.005533217560e+03
24 3 4 1.33218548 1.60026108 2.30812167 1.70101233 6.24512555 3.477464194998e+00 7.443571630564e+00 2.305668614156e+01 8.160259449909e+00 9.396444271958e+02
24 4 4 1.33218548 1.60026108 2.30812167 1.70101233 6.24512555 3.315794348712e+00 5.072689154929e+00 2.242389127201e+01 6.179044889000e+00 8.895768533067e+02
24 5 4 1.33218548 1.60026108 2.30812167 1.70101233 6.24512555 3.073489761246e+00 3.810485209186e+00 2.181817210013e+01 6.065881888395e+00 8.458881381197e+02
24 6 4 1.33218548 1.60026108 2.30812167 1.70101233 6.24512555 2.740234149247e+00 4.039000765935e+00 2.100067999684e+01 5.991431090091e+00 8.561140129482e+02
24 7 4 1.33218548 1.60026108 2.30812167 1.70101233 6.24512555 2.372969456019e+00 4.078626354276e+00 2.021758058086e+01 4.603186898427e+00 8.576850152707e+02
24 8 4 1.33218548 1.60026108 2.30812167 1.70101233 6.24512555 2.061485225630e+00 3.611281057349e+00 1.963992933209e+01 3.619197722568e+00 7.907147755592e+02
24 9 4 1.33218548 1.60026108 2.30812167 1.70101233 6.24512555 1.823641374418e+00 4.059702334347e+00 1.900146014323e+01 3.724392283133e+00 7.472160698607e+02
24 10 4 1.33218548 1.60026108 2.30812167 1.70101233 6.24512555 1.658546193246e+00 5.515564116479e+00 1.829693985661e+01 3.436374564511e+00 7.302136813949e+02
24 11 4 1.33218548 1.60026108 2.30812167 1.70101233 6.24512555 1.593358023029e+00 6.103043711291e+00 1.766213480083e+01 2.561788058269e+00 7.267821071716e+02
24 12 4 1.33218548 1.60026108 2.30812167 1.70101233 6.24512555 1.629771990397e+00 5.111480410923e+00 1.704253822973e+01 2.301524461345e+00 7.283489892104e+02
24 13 4 1.33218548 1.60026108 2.30812167 1.70101233 6.24512555 1.702984606988e+00 4.060800195953e+00 1.643434722423e+01 2.568278781781e+00 6.767196522082e+02
24 14 4 1.33218548 1.60026108 2.30812167 1.70101233 6.24512555 1.795661906914e+00 3.907078301139e+00 1.588037352113e+01 2.359006752330e+00 6.306587033550e+02
24 15 4 1.33218548 1.60026108 2.30812167 1.70101233 6.24512555 1.908580090149e+00 3.633338535014e+00 1.541282834672e+01 1.963883675638e+00 6.334693269550e+02
24 16 4 1.33218548 1.60026108 2.30812167 1.70101233 6.24512555 2.026889334443e+00 2.641119373810e+00 1.502605864614e+01 2.305484841045e+00 6.303142958698e+02
24 17 4 1.33218548 1.60026108 2.30812167 1.70101233 6.24512555 2.096640199955e+00 2.134679380692e+00 1.451607312939e+01 2.748585196301e+00 6.229198178553e+02
24 18 4 1.33218548 1.60026108 2.30812167 1.70101233 6.24512555 2.060840541180e+00 2.882811885418e+00 1.414649686933e+01 2.506408136056e+00 5.950154777694e+02
24 19 4 1.33218548 1.60026108 2.30812167 1.70101233 6.24512555 1.949204748232e+00 3.815309495070e+00 1.377507840622e+01 2.530872397153e+00 5.523358805081e+02
24 20 4 1.33218548 1.60026108 2.30812167 1.70101233 6.24512555 1.775162877955e+00 3.871839896089e+00 1.338899517720e+01 3.462792755233e+00 5.563623016932e+02
24 21 4 1.33218548 1.60026108 2.30812167 1.70101233 6.24512555 1.587094721052e+00 3.582268722979e+00 1.310298723504e+01 3.935841678103e+00 5.654813469122e+02
24 22 4 1.33218548 1.60026108 2.30812167 1.70101233 6.24512555 1.359557340698e+00 3.809433949625e+00 1.283013266119e+01 3.636486028130e+00 5.504397540548e+02
24 23 4 1.33218548 1.60026108 2.30812167 1.70101233 6.24512555 1.194339546740e+00 3.970169951403e+00 1.254191287184e+01 4.296185089928e+00 5.324039315387e+02
24 24 4 1.33218548 1.60026108 2.30812167 1.70101233 6.24512555 1.076209562878e+00 3.186030752398e+00 1.220619191423e+01 5.541843450651e+00 5.056257609444e+02
24 25 4 1.33218548 1.60026108 2.30812167 1.70101233 6.24512555 1.047452071250e+00 2.114071797950e+00 1.199316996155e+01 5.504019356658e+00 5.060308032559e+02
24 26 4 1.33218548 1.60026108 2.30812167 1.70101233 6.24512555 1.104397794732e+00 1.953616284697e+00 1.179676085461e+01 5.190723491090e+00 5.284714988845e+02
24 27 4 1.33218548 1.60026108 2.30812167 1.70101233 6.24512555 1.213633592879e+00 2.438696605557e+00 1.164303918954e+01 6.347532941411e+00 5.156925980038e+02
24 28 4 1.33218548 1.60026108 2.30812167 1.70101233 6.24512555 1.381693979793e+00 2.572878389201e+00 1.154758041327e+01 7.251526119830e+00 4.969305256489e+02
24 29 4 1.33218548 1.60026108 2.30812167 1.70101233 6.24512555 1.535837503932e+00 2.525833793850e+00 1.148469859109e+01 6.481522811686e+00 4.878245785952e+02
24 30 4 1.33218548 1.60026108 2.30812167 1.70101233 6.24512555 1.660284717807e+00 3.049602058042e+00 1.144706735839e+01 6.293350442892e+00 4.873101812949e+02
24 31 4 1.33218548 1.60026108 2.30812167 1.70101233 6.24512555 1.677644268802e+00 3.854976527825e+00 1.136981248901e+01 7.523254941235e+00 5.113175015658e+02
24 32 4 1.33218548 1.60026108 2.30812167 1.70101233 6.24512555 1.720370906431e+00 3.957640762666e+00 1.156437893932e+01 7.663799656566e+00 5.143325508804e+02
24 33 4 1.33218548 1.60026108 2.30812167 1.70101233 6.24512555 1.662360718547e+00 3.145684525535e+00 1.171261290951e+01 6.420345360401e+00 4.913817773420e+02
24 34 4 1.33218548 1.60026108 2.30812167 1.70101233 6.24512555 1.522305076814e+00 2.544225808962e+00 1.181757204883e+01 6.549945548048e+00 4.931779133382e+02
24 35 4 1.33218548 1.60026108 2.30812167 1.70101233 6.24512555 1.368667086667e+00 2.592841035054e+00 1.200308230933e+01 7.438712356252e+00 5.041953912062e+02
24 36 4 1.33218548 1.60026108 2.30812167 1.70101233 6.24512555 1.232913616316e+00 2.462854053443e+00 1.217728871219e+01 6.478820457265e+00 5.260963120062e+02
24 37 4 1.33218548 1.60026108 2.30812167 1.70101233 6.24512555 1.142808910776e+00 1.976559393320e+00 1.243754004596e+01 5.184996133370e+00 5.406974950909e+02
24 38 4 1.33218548 1.60026108 2.30812167 1.70101233 6.24512555 1.098350639074e+00 2.188883335453e+00 1.267270771493e+01 5.545453025289e+00 5.180025984377e+02
24 39 4 1.33218548 1.60026108 2.30812167 1.70101233 6.24512555 1.150133282334e+00 3.364106041939e+00 1.296474684915e+01 5.624679587424e+00 5.200663414726e+02
24 40 4 1.33218548 1.60026108 2.30812167 1.70101233 6.24512555 1.249062047243e+00 4.200173507153e+00 1.326257354019e+01 4.267983252923e+00 5.514438933512e+02
24 41 4 1.33218548 1.60026108 2.30812167 1.70101233 6.24512555 1.430012804309e+00 4.013192604169e+00 1.347756486993e+01 3.591759680301e+00 5.720819137512e+02
24 42 4 1.33218548 1.60026108 2.30812167 1.70101233 6.24512555 1.628297716641e+00 3.730117834714e+00 1.376929732448e+01 3.957955126917e+00 5.898757115909e+02
24 43 4 1.33218548 1.60026108 2.30812167 1.70101233 6.24512555 1.830632617394e+00 4.001552098097e+00 1.415178740432e+01 3.494503868665e+00 5.806060777859e+02
24 44 4 1.33218548 1.60026108 2.30812167 1.70101233 6.24512555 2.036112295284e+00 4.006302120620e+00 1.453350974487e+01 2.565232498866e+00 5.772379499634e+02
24 45 4 1.33218548 1.60026108 2.30812167 1.70101233 6.24512555 2.162926984862e+00 3.020718571929e+00 1.490275327209e+01 2.607142156816e+00 6.245097730080e+02
24 46 4 1.33218548 1.60026108 2.30812167 1.70101233 6.24512555 2.218961984299e+00 2.244390868791e+00 1.539654533952e+01 2.882781546548e+00 6.544628852635e+02
24 47 4 1.33218548 1.60026108 2.30812167 1.70101233 6.24512555 2.181045859534e+00 2.851585614501e+00 1.583702477630e+01 2.333181466315e+00 6.629443787279e+02
24 48 4 1.33218548 1.60026108 2.30812167 1.70101233 6.24512555 2.125068399113e+00 3.902327517078e+00 1.628325035060e+01 2.014146062075e+00 6.661114596796e+02
24 49 4 1.33218548 1.60026108 2.30812167 1.70101233 6.24512555 1.999442454892e+00 4.153567650481e+00 1.690698338823e+01 2.501669037172e+00 6.665726703402e+02
24 50 4 1.33218548 1.60026108 2.30812167 1.70101233 6.24512555 1.845074992727e+00 4.320612126757e+00 1.748330185966e+01 2.725719754321e+00 7.203939666325e+02
24 51 4 1.33218548 1.60026108 2.30812167 1.70101233 6.24512555 1.679407813546e+00 5.526803364862e+00 1.811879797616e+01 2.473064693590e+00 7.735617201583e+02
24 52 4 1.33218548 1.60026108 2.30812167 1.70101233 6.24512555 1.614907697548e+00 6.586534697134e+00 1.868438206012e+01 2.815664597436e+00 7.671156816853e+02
24 53 4 1.33218548 1.60026108 2.30812167 1.70101233 6.24512555 1.689590883049e+00 5.891320655228e+00 1.932776743831e+01 3.736236411465e+00 7.744408061501e+02
24 54 4 1.33218548 1.60026108 2.30812167 1.70101233 6.24512555 1.882553801328e+00 4.261540390117e+00 1.996951281593e+01 4.026518402142e+00 7.940192580498e+02
24 55 4 1.33218548 1.60026108 2.30812167 1.70101233 6.24512555 2.213131088049e+00 3.804732562455e+00 2.050810892796e+01 3.996587404998e+00 8.408833933384e+02
24 56 4 1.33218548 1.60026108 2.30812167 1.70101233 6.24512555 2.647421011799e+00 4.397156638294e+00 2.127077360601e+01 5.083718854498e+00 9.101544278884e+02
24 57 4 1.33218548 1.60026108 2.30812167 1.70101233 6.24512555 3.097571685417e+00 4.332208349044e+00 2.211909851766e+01 6.591927842713e+00 9.076317342973e+02
24 58 4 1.33218548 1.60026108 2.30812167 1.70101233 6.24512555 3.454449382583e+00 4.049144525369e+00 2.272228631632e+01 6.679194804295e+00 9.018304634882e+02
24 59 4 1.33218548 1.60026108 2.30812167 1.70101233 6.24512555 3.711311191121e+00 5.600669815108e+00 2.339655618163e+01 6.843382535005e+00 9.510492184128e+02
24 60 4 1.33218548 1.60026108 2.30812167 1.70101233 6.24512555 3.787425624474e+00 8.156526633106e+00 2.431929496194e+01 9.083256596788e+00 1.000351025108e+03
24 61 4 1.33218548 1.60026108 2.30812167 1.70101233 6.24512555 3.625685488740e+00 8.903053140879e+00 2.525978386969e+01 1.075885133845e+01 1.068794846427e+03
24 62 4 1.33218548 1.60026108 2.30812167 1.70101233 6.24512555 3.339148488842e+00 7.689067886465e+00 2.631521426186e+01 1.002997244821e+01 1.083402690670e+03
24 63 4 1.33218548 1.60026108 2.30812167 1.70101233 6.24512555 3.030829307690e+00 7.026593913509e+00 2.741885971468e+01 1.082491683406e+01 1.056097768565e+03
