# environment=00078 local_bs=1 gain_scale=4.236967746871e-11
# ue subcarrier serving_bs phi0 phi1 phi2 phi3 phi4 gain0 gain1 gain2 gain3 gain4
0 0 1 1.87055011 17.81699572 4.04026934 7.04236766 2.80958016 7.136801096461e-02 1.867970123802e+02 6.728472505560e+00 2.245244629587e-01 3.190932056054e-01
0 1 1 1.87055011 17.81699572 4.04026934 7.04236766 2.80958016 6.835316066154e-02 1.821562780902e+02 6.700562430410e+00 2.246498293409e-01 3.005653029360e-01
0 2 1 1.87055011 17.81699572 4.04026934 7.04236766 2.80958016 6.544091977573e-02 1.766373820227e+02 6.672677287008e+00 2.227487705398e-01 2.830111570030e-01
0 3 1 1.87055011 17.81699572 4.04026934 7.04236766 2.80958016 6.273720239328e-02 1.704123810594e+02 6.641646223447e+00 2.156860977948e-01 2.661020655996e-01
0 4 1 1.87055011 17.81699572 4.04026934 7.04236766 2.80958016 6.028020352485e-02 1.636218676025e+02 6.607614574448e+00 2.044742316400e-01 2.496985774234e-01
0 5 1 1.87055011 17.81699572 4.04026934 7.04236766 2.80958016 5.803207178130e-02 1.563797298706e+02 6.573817336917e+00 1.932863301539e-01 2.339031205332e-01
0 6 1 1.87055011 17.81699572 4.04026934 7.04236766 2.80958016 5.590914706035e-02 1.488039481930e+02 6.543490746011e+00 1.852965129939e-01 2.189524102285e-01
0 7 1 1.87055011 17.81699572 4.04026934 7.04236766 2.80958016 5.382977185448e-02 1.410390181774e+02 6.516845662721e+00 1.804689618446e-01 2.050376836764e-01
0 8 1 1.87055011 17.81699572 4.04026934 7.04236766 2.80958016 5.175084418701e-02 1.332584456968e+02 6.490809432780e+00 1.770501897250e-01 1.921769303996e-01
0 9 1 1.87055011 17.81699572 4.04026934 7.04236766 2.80958016 4.967528505527e-02 1.256586735803e+02 6.461611141199e+00 1.735480262815e-01 1.802192065336e-01
0 10 1 1.87055011 17.81699572 4.04026934 7.04236766 2.80958016 4.763303221559e-02 1.184543743982e+02 6.427748774381e+00 1.686967260490e-01 1.689691054202e-01
0 11 1 1.87055011 17.81699572 4.04026934 7.04236766 2.80958016 4.565352176238e-02 1.118670446249e+02 6.390703902446e+00 1.610171456351e-01 1.583402004233e-01
0 12 1 1.87055011 17.81699572 4.04026934 7.04236766 2.80958016 4.374874015380e-02 1.060920471724e+02 6.352969084523e+00 1.499956911323e-01 1.484299072808e-01
0 13 1 1.87055011 17.81699572 4.04026934 7.04236766 2.80958016 4.191458420739e-02 1.012477599369e+02 6.315407823077e+00 1.374654118139e-01 1.394631539933e-01
0 14 1 1.87055011 17.81699572 4.04026934 7.04236766 2.80958016 4.014434441336e-02 9.733713863304e+01 6.276457672948e+00 1.267078110993e-01 1.316411513858e-01
0 15 1 1.87055011 17.81699572 4.04026934 7.04236766 2.80958016 3.844155972427e-02 9.425603006350e+01 6.233881481481e+00 1.199913566567e-01 1.249961391469e-01
0 16 1 1.87055011 17.81699572 4.04026934 7.04236766 2.80958016 3.682328969719e-02 9.185326198547e+01 6.187406837822e+00 1.174722844707e-01 1.193513970292e-01
0 17 1 1.87055011 17.81699572 4.04026934 7.04236766 2.80958016 3.531409350738e-02 9.000781960403e+01 6.139810282181e+00 1.181857078995e-01 1.144188961690e-01
0 18 1 1.87055011 17.81699572 4.04026934 7.04236766 2.80958016 3.393772225618e-02 8.867376444646e+01 6.095424904600e+00 1.210139489497e-01 1.099772121359e-01
0 19 1 1.87055011 17.81699572 4.04026934 7.04236766 2.80958016 3.271309981668e-02 8.786764213271e+01 6.057322629581e+00 1.244129445855e-01 1.060168523487e-01
0 20 1 1.87055011 17.81699572 4.04026934 7.04236766 2.80958016 3.165531819560e-02 8.761493445577e+01 6.025516894218e+00 1.263006337865e-01 1.027549956824e-01
0 21 1 1.87055011 17.81699572 4.04026934 7.04236766 2.80958016 3.077696436784e-02 8.789653283177e+01 5.997558553572e+00 1.252914319871e-01 1.004994444296e-01
0 22 1 1.87055011 17.81699572 4.04026934 7.04236766 2.80958016 3.008495552071e-02 8.862671430981e+01 5.970814388485e+00 1.218961629674e-01 9.943603974349e-02
0 23 1 1.87055011 17.81699572 4.04026934 7.04236766 2.80958016 2.957314282929e-02 8.966532745839e+01 5.944384157055e+00 1.178339146943e-01 9.946755557879e-02
0 24 1 1.87055011 17.81699572 4.04026934 7.04236766 2.80958016 2.921664166968e-02 9.084687044554e+01 5.919128013122e+00 1.141365341774e-01 1.002110576063e-01
0 25 1 1.87055011 17.81699572 4.04026934 7.04236766 2.80958016 2.897491045611e-02 9.201118849162e+01 5.896074745626e+00 1.103087268823e-01 1.011742958403e-01
0 26 1 1.87055011 17.81699572 4.04026934 7.04236766 2.80958016 2.880544531895e-02 9.303324411159e+01 5.874915899945e+00 1.051458240933e-01 1.020276431081e-01
0 27 1 1.87055011 17.81699572 4.04026934 7.04236766 2.80958016 2.868202693346e-02 9.385283824480e+01 5.854116451904e+00 9.774400244603e-02 1.028254382850e-01
0 28 1 1.87055011 17.81699572 4.04026934 7.04236766 2.80958016 2.860670222558e-02 9.449413647852e+01 5.832604712589e+00 8.780702835411e-02 1.040464899242e-01
0 29 1 1.87055011 17.81699572 4.04026934 7.04236766 2.80958016 2.860712306305e-02 9.505482747170e+01 5.811473027455e+00 7.599300303882e-02 1.064124118148e-01
0 30 1 1.87055011 17.81699572 4.04026934 7.04236766 2.80958016 2.871949187278e-02 9.565422422631e+01 5.793994969461e+00 6.463377793368e-02 1.105588509679e-01
0 31 1 1.87055011 17.81699572 4.04026934 7.04236766 2.80958016 2.896666009010e-02 9.635809484006e+01 5.783669097816e+00 5.748730120309e-02 1.167171244029e-01
0 32 1 1.87055011 17.81699572 4.04026934 7.04236766 2.80958016 2.934458149735e-02 9.712273206163e+01 5.781726630100e+00 5.760922693705e-02 1.245674990433e-01
0 33 1 1.87055011 17.81699572 4.04026934 7.04236766 2.80958016 2.982559283215e-02 9.779696943402e+01 5.786097727225e+00 6.500368806284e-02 1.333458448870e-01
0 34 1 1.87055011 17.81699572 4.04026934 7.04236766 2.80958016 3.037666937314e-02 9.818623470407e+01 5.792716022699e+00 7.660548008958e-02 1.421613634797e-01
0 35 1 1.87055011 17.81699572 4.04026934 7.04236766 2.80958016 3.098145549625e-02 9.814221209180e+01 5.798169940492e+00 8.862784357850e-02 1.503770719642e-01
0 36 1 1.87055011 17.81699572 4.04026934 7.04236766 2.80958016 3.165253078557e-02 9.762672998657e+01 5.801645885516e+00 9.872963305413e-02 1.578712863047e-01
0 37 1 1.87055011 17.81699572 4.04026934 7.04236766 2.80958016 3.242653000156e-02 9.671970665542e+01 5.804742879629e+00 1.062748281757e-01 1.650558954284e-01
0 38 1 1.87055011 17.81699572 4.04026934 7.04236766 2.80958016 3.334533963140e-02 9.557932280213e+01 5.809528685601e+00 1.115795919714e-01 1.726477166020e-01
0 39 1 1.87055011 17.81699572 4.04026934 7.04236766 2.80958016 3.443475776820e-02 9.438720042294e+01 5.816629876983e+00 1.155469709032e-01 1.813116427705e-01
0 40 1 1.87055011 17.81699572 4.04026934 7.04236766 2.80958016 3.569261427670e-02 9.330711533588e+01 5.824992091392e+00 1.193802837934e-01 1.913556067071e-01
0 41 1 1.87055011 17.81699572 4.04026934 7.04236766 2.80958016 3.709146278121e-02 9.246448997699e+01 5.833363994353e+00 1.235761095662e-01 2.026256208535e-01
0 42 1 1.87055011 17.81699572 4.04026934 7.04236766 2.80958016 3.859163970057e-02 9.193959154336e+01 5.841954307977e+00 1.270730621077e-01 2.146410886928e-01
0 43 1 1.87055011 17.81699572 4.04026934 7.04236766 2.80958016 4.015516204433e-02 9.177098265709e+01 5.852532207457e+00 1.280934031118e-01 2.268838828562e-01
0 44 1 1.87055011 17.81699572 4.04026934 7.04236766 2.80958016 4.175281102238e-02 9.197551969774e+01 5.866686170526e+00 1.261118506945e-01 2.390774742848e-01
0 45 1 1.87055011 17.81699572 4.04026934 7.04236766 2.80958016 4.336360822356e-02 9.258775884803e+01 5.883750317314e+00 1.225989682628e-01 2.513060550215e-01
0 46 1 1.87055011 17.81699572 4.04026934 7.04236766 2.80958016 4.497193891528e-02 9.370210781103e+01 5.900395734163e+00 1.197699984712e-01 2.639192761653e-01
0 47 1 1.87055011 17.81699572 4.04026934 7.04236766 2.80958016 4.656801028872e-02 9.548519168372e+01 5.912528288557e+00 1.192500755242e-01 2.772910668594e-01
0 48 1 1.87055011 17.81699572 4.04026934 7.04236766 2.80958016 4.815218766758e-02 9.813625230434e+01 5.918070265777e+00 1.221515471945e-01 2.915808290904e-01
0 49 1 1.87055011 17.81699572 4.04026934 7.04236766 2.80958016 4.973793472013e-02 1.018091349485e+02 5.918294381025e+00 1.293778770848e-01 3.066369513672e-01
0 50 1 1.87055011 17.81699572 4.04026934 7.04236766 2.80958016 5.134734781762e-02 1.065421419163e+02 5.916537017830e+00 1.406683751789e-01 3.220925198999e-01
0 51 1 1.87055011 17.81699572 4.04026934 7.04236766 2.80958016 5.299918591911e-02 1.122409538137e+02 5.915398236152e+00 1.536084944554e-01 3.375860313155e-01
0 52 1 1.87055011 17.81699572 4.04026934 7.04236766 2.80958016 5.469733727242e-02 1.187225513556e+02 5.914901219857e+00 1.647955614432e-01 3.529664487646e-01
0 53 1 1.87055011 17.81699572 4.04026934 7.04236766 2.80958016 5.643042812481e-02 1.257853854191e+02 5.913232924793e+00 1.724026513761e-01 3.683561302125e-01
0 54 1 1.87055011 17.81699572 4.04026934 7.04236766 2.80958016 5.818666689358e-02 1.332588315725e+02 5.909314092261e+00 1.770800223137e-01 3.840374061884e-01
0 55 1 1.87055011 17.81699572 4.04026934 7.04236766 2.80958016 5.997552285204e-02 1.410103764423e+02 5.904701974214e+00 1.804532173197e-01 4.002411093285e-01
0 56 1 1.87055011 17.81699572 4.04026934 7.04236766 2.80958016 6.183898075028e-02 1.489248190618e+02 5.902882354577e+00 1.838462714306e-01 4.169774860686e-01
0 57 1 1.87055011 17.81699572 4.04026934 7.04236766 2.80958016 6.383844009340e-02 1.568829064068e+02 5.906443263327e+00 1.887414958545e-01 4.340220216490e-01
0 58 1 1.87055011 17.81699572 4.04026934 7.04236766 2.80958016 6.601901911508e-02 1.647512398767e+02 5.914716462022e+00 1.968581423820e-01 4.510675291624e-01
0 59 1 1.87055011 17.81699572 4.04026934 7.04236766 2.80958016 6.837117965579e-02 1.723753834562e+02 5.924202031993e+00 2.081505111584e-01 4.679429804358e-01
0 60 1 1.87055011 17.81699572 4.04026934 7.04236766 2.80958016 7.081647823438e-02 1.795694150492e+02 5.931577609282e+00 2.193190491518e-01 4.847502437440e-01
0 61 1 1.87055011 17.81699572 4.04026934 7.04236766 2.80958016 7.323258990326e-02 1.861147411106e+02 5.936614348645e+00 2.261492184604e-01 5.018161865819e-01
0 62 1 1.87055011 17.81699572 4.04026934 7.04236766 2.80958016 7.550834240004e-02 1.917904401322e+02 5.942258884475e+00 2.277853551276e-01 5.194738129028e-01
0 63 1 1.87055011 17.81699572 4.04026934 7.04236766 2.80958016 7.759846612380e-02 1.964362416655e+02 5.951702382048e+00 2.276040910918e-01 5.378012144331e-01
1 0 1 2.15744523 28.13763444 4.75831601 8.10475336 3.30399761 2.564504676992e-03 3.293850893417e+02 2.814490037520e+00 1.829303784401e+01 3.774096994604e-01
1 1 1 2.15744523 28.13763444 4.75831601 8.10475336 3.30399761 2.547695276959e-03 3.210176286380e+02 2.719707177592e+00 1.844176220094e+01 3.679848307626e-01
1 2 1 2.15744523 28.13763444 4.75831601 8.10475336 3.30399761 2.522178762386e-03 3.121284149381e+02 2.624921189297e+00 1.847484027483e+01 3.576788924949e-01
1 3 1 2.15744523 28.13763444 4.75831601 8.10475336 3.30399761 2.485022506053e-03 3.029947525858e+02 2.526121534838e+00 1.835836433526e+01 3.461399741915e-01
1 4 1 2.15744523 28.13763444 4.75831601 8.10475336 3.30399761 2.436981451143e-03 2.938733487905e+02 2.422591467506e+00 1.806939720550e+01 3.335974609931e-01
1 5 1 2.15744523 28.13763444 4.75831601 8.10475336 3.30399761 2.382129546182e-03 2.850083642386e+02 2.316989893075e+00 1.760457376678e+01 3.205606982250e-01
1 6 1 2.15744523 28.13763444 4.75831601 8.10475336 3.30399761 2.325405579378e-03 2.766071200257e+02 2.213706398719e+00 1.698290957765e+01 3.073876508013e-01
1 7 1 2.15744523 28.13763444 4.75831601 8.10475336 3.30399761 2.269694302635e-03 2.687983673605e+02 2.116920806883e+00 1.623920512995e+01 2.941535293916e-01
1 8 1 2.15744523 28.13763444 4.75831601 8.10475336 3.30399761 2.214301052078e-03 2.616266537998e+02 2.029362213166e+00 1.541159194883e+01 2.808861800848e-01
1 9 1 2.15744523 28.13763444 4.75831601 8.10475336 3.30399761 2.155716269995e-03 2.551095450169e+02 1.951918371181e+00 1.453133833631e+01 2.678546328799e-01
1 10 1 2.15744523 28.13763444 4.75831601 8.10475336 3.30399761 2.090075907432e-03 2.493198373139e+02 1.883793885904e+00 1.362092741358e+01 2.555662848588e-01
1 11 1 2.15744523 28.13763444 4.75831601 8.10475336 3.30399761 2.015687749148e-03 2.444210530118e+02 1.823000461089e+00 1.269963193834e+01 2.444489789346e-01
1 12 1 2.15744523 28.13763444 4.75831601 8.10475336 3.30399761 1.934051984344e-03 2.406191543064e+02 1.767152521625e+00 1.179036561075e+01 2.345313465164e-01
1 13 1 2.15744523 28.13763444 4.75831601 8.10475336 3.30399761 1.848855092215e-03 2.380652361474e+02 1.714433499293e+00 1.092181660386e+01 2.254543319329e-01
1 14 1 2.15744523 28.13763444 4.75831601 8.10475336 3.30399761 1.763725282224e-03 2.367849863477e+02 1.664281322775e+00 1.012471070017e+01 2.168330818186e-01
1 15 1 2.15744523 28.13763444 4.75831601 8.10475336 3.30399761 1.680254063868e-03 2.366838448500e+02 1.617274459860e+00 9.425724971776e+00 2.086466696606e-01
1 16 1 2.15744523 28.13763444 4.75831601 8.10475336 3.30399761 1.597500598823e-03 2.376104828341e+02 1.574166122318e+00 8.843379392532e+00 2.012925552764e-01
1 17 1 2.15744523 28.13763444 4.75831601 8.10475336 3.30399761 1.513163778105e-03 2.394187552961e+02 1.534736573234e+00 8.387578399405e+00 1.952463415471e-01
1 18 1 2.15744523 28.13763444 4.75831601 8.10475336 3.30399761 1.425544191529e-03 2.419851651126e+02 1.497454984956e+00 8.061546091804e+00 1.906352531688e-01
1 19 1 2.15744523 28.13763444 4.75831601 8.10475336 3.30399761 1.334996729348e-03 2.451909088147e+02 1.460435149792e+00 7.864065698751e+00 1.871238872171e-01
1 20 1 2.15744523 28.13763444 4.75831601 8.10475336 3.30399761 1.244002507259e-03 2.489090743803e+02 1.423106765789e+00 7.790822945573e+00 1.842336731975e-01
1 21 1 2.15744523 28.13763444 4.75831601 8.10475336 3.30399761 1.155920626186e-03 2.530188617766e+02 1.387248949679e+00 7.834491470038e+00 1.818184838267e-01
1 22 1 2.15744523 28.13763444 4.75831601 8.10475336 3.30399761 1.073287799527e-03 2.574247769546e+02 1.356283427146e+00 7.983311902006e+00 1.802587161923e-01
1 23 1 2.15744523 28.13763444 4.75831601 8.10475336 3.30399761 9.967287573424e-04 2.620416069089e+02 1.332970426623e+00 8.218319773226e+00 1.801689086095e-01
1 24 1 2.15744523 28.13763444 4.75831601 8.10475336 3.30399761 9.250646971383e-04 2.667396165531e+02 1.317014284581e+00 8.510934088368e+00 1.818467906300e-01
1 25 1 2.15744523 28.13763444 4.75831601 8.10475336 3.30399761 8.564234646113e-04 2.712977669936e+02 1.304472264421e+00 8.824205284865e+00 1.849480489215e-01
1 26 1 2.15744523 28.13763444 4.75831601 8.10475336 3.30399761 7.895759237877e-04 2.754281777566e+02 1.289817155577e+00 9.120211660829e+00 1.887146112238e-01
1 27 1 2.15744523 28.13763444 4.75831601 8.10475336 3.30399761 7.246776439761e-04 2.788856408259e+02 1.269646117588e+00 9.371977474844e+00 1.926261684364e-01
1 28 1 2.15744523 28.13763444 4.75831601 8.10475336 3.30399761 6.630494888609e-04 2.815968337998e+02 1.245658360719e+00 9.573395295149e+00 1.969595804132e-01
1 29 1 2.15744523 28.13763444 4.75831601 8.10475336 3.30399761 6.062511950807e-04 2.837055578212e+02 1.224707001670e+00 9.739461539420e+00 2.027600055813e-01
1 30 1 2.15744523 28.13763444 4.75831601 8.10475336 3.30399761 5.550945763660e-04 2.854763029034e+02 1.215486236565e+00 9.894088157739e+00 2.111622064151e-01
1 31 1 2.15744523 28.13763444 4.75831601 8.10475336 3.30399761 5.091998954875e-04 2.871020578896e+02 1.223638718019e+00 1.005125687399e+01 2.225212090961e-01
1 32 1 2.15744523 28.13763444 4.75831601 8.10475336 3.30399761 4.673013421507e-04 2.885434134793e+02 1.248255091037e+00 1.020107935374e+01 2.360036917018e-01
1 33 1 2.15744523 28.13763444 4.75831601 8.10475336 3.30399761 4.280395691066e-04 2.895158107970e+02 1.282021990646e+00 1.031038657897e+01 2.499846853740e-01
1 34 1 2.15744523 28.13763444 4.75831601 8.10475336 3.30399761 3.907296809926e-04 2.896415339332e+02 1.315053709638e+00 1.033842072174e+01 2.630053748500e-01
1 35 1 2.15744523 28.13763444 4.75831601 8.10475336 3.30399761 3.556796089240e-04 2.886665848592e+02 1.340142417980e+00 1.025831253195e+01 2.746222930487e-01
1 36 1 2.15744523 28.13763444 4.75831601 8.10475336 3.30399761 3.239545859482e-04 2.865986667406e+02 1.356290105388e+00 1.007146757575e+01 2.855475417435e-01
1 37 1 2.15744523 28.13763444 4.75831601 8.10475336 3.30399761 2.968103787018e-04 2.836837278984e+02 1.368513357361e+00 9.807189301354e+00 2.970003980652e-01
1 38 1 2.15744523 28.13763444 4.75831601 8.10475336 3.30399761 2.751561616060e-04 2.802554772414e+02 1.384283571876e+00 9.509695060751e+00 3.097701446776e-01
1 39 1 2.15744523 28.13763444 4.75831601 8.10475336 3.30399761 2.593123683029e-04 2.765743774036e+02 1.409009540084e+00 9.221881431780e+00 3.236856821017e-01
1 40 1 2.15744523 28.13763444 4.75831601 8.10475336 3.30399761 2.491078829844e-04 2.727614670711e+02 1.443369339884e+00 8.975172171677e+00 3.378517823712e-01
1 41 1 2.15744523 28.13763444 4.75831601 8.10475336 3.30399761 2.441783492591e-04 2.688466069758e+02 1.483877315753e+00 8.788813813274e+00 3.514111662023e-01
1 42 1 2.15744523 28.13763444 4.75831601 8.10475336 3.30399761 2.442818638373e-04 2.648657646059e+02 1.525880825205e+00 8.675430004013e+00 3.641996075828e-01
1 43 1 2.15744523 28.13763444 4.75831601 8.10475336 3.30399761 2.495181902447e-04 2.609236765740e+02 1.566733020238e+00 8.647124574756e+00 3.767828598551e-01
1 44 1 2.15744523 28.13763444 4.75831601 8.10475336 3.30399761 2.604242445837e-04 2.571892770889e+02 1.607088122493e+00 8.718379009841e+00 3.898895200098e-01
1 45 1 2.15744523 28.13763444 4.75831601 8.10475336 3.30399761 2.779448196257e-04 2.538554701901e+02 1.649814342103e+00 8.905387911105e+00 4.037467235160e-01
1 46 1 2.15744523 28.13763444 4.75831601 8.10475336 3.30399761 3.032554748124e-04 2.511130458707e+02 1.697701522307e+00 9.223320662281e+00 4.178813304678e-01
1 47 1 2.15744523 28.13763444 4.75831601 8.10475336 3.30399761 3.374242623199e-04 2.491529284112e+02 1.751763908177e+00 9.682919353406e+00 4.315319357149e-01
1 48 1 2.15744523 28.13763444 4.75831601 8.10475336 3.30399761 3.809958538061e-04 2.481672565355e+02 1.811198096981e+00 1.028743639824e+01 4.442896595836e-01
1 49 1 2.15744523 28.13763444 4.75831601 8.10475336 3.30399761 4.337168685961e-04 2.483178868532e+02 1.874676118184e+00 1.103114507401e+01 4.564017042637e-01
1 50 1 2.15744523 28.13763444 4.75831601 8.10475336 3.30399761 4.946574014695e-04 2.496830972768e+02 1.941739303769e+00 1.190059641358e+01 4.684842902174e-01
1 51 1 2.15744523 28.13763444 4.75831601 8.10475336 3.30399761 5.628112207833e-04 2.522321319431e+02 2.013213847534e+00 1.287817481368e+01 4.809192542575e-01
1 52 1 2.15744523 28.13763444 4.75831601 8.10475336 3.30399761 6.379219371942e-04 2.558653953598e+02 2.090490839152e+00 1.394505610507e+01 4.934813673373e-01
1 53 1 2.15744523 28.13763444 4.75831601 8.10475336 3.30399761 7.210060332596e-04 2.604997831126e+02 2.174355553142e+00 1.508010922730e+01 5.055209504351e-01
1 54 1 2.15744523 28.13763444 4.75831601 8.10475336 3.30399761 8.140841867185e-04 2.661293964695e+02 2.264188775021e+00 1.625436384376e+01 5.165162646146e-01
1 55 1 2.15744523 28.13763444 4.75831601 8.10475336 3.30399761 9.190690878627e-04 2.728042254789e+02 2.357879179618e+00 1.742547038587e+01 5.264828935214e-01
1 56 1 2.15744523 28.13763444 4.75831601 8.10475336 3.30399761 1.036367547727e-03 2.805376967908e+02 2.452271474968e+00 1.853850711973e+01 5.358849550606e-01
1 57 1 2.15744523 28.13763444 4.75831601 8.10475336 3.30399761 1.164109604659e-03 2.892160444955e+02 2.543888302153e+00 1.953570582559e+01 5.451834532717e-01
1 58 1 2.15744523 28.13763444 4.75831601 8.10475336 3.30399761 1.298678805776e-03 2.985791894077e+02 2.629885863525e+00 2.037060026090e+01 5.545078951224e-01
1 59 1 2.15744523 28.13763444 4.75831601 8.10475336 3.30399761 1.436426932029e-03 3.082778382377e+02 2.709231989133e+00 2.101790509450e+01 5.638000616420e-01
1 60 1 2.15744523 28.13763444 4.75831601 8.10475336 3.30399761 1.575587139270e-03 3.179491672009e+02 2.783679533905e+00 2.147329907124e+01 5.732749066914e-01
1 61 1 2.15744523 28.13763444 4.75831601 8.10475336 3.30399761 1.717082586435e-03 3.272543758088e+02 2.857651170595e+00 2.174509255701e+01 5.836705441699e-01
1 62 1 2.15744523 28.13763444 4.75831601 8.10475336 3.30399761 1.863499236468e-03 3.358799046484e+02 2.936393172583e+00 2.184570987209e+01 5.959196827305e-01
1 63 1 2.15744523 28.13763444 4.75831601 8.10475336 3.30399761 2.016685861430e-03 3.435529954940e+02 3.022945236760e+00 2.178989650339e+01 6.104610597612e-01
12 0 1 1.47323040 3.84761021 2.79201754 3.70839218 2.10656936 1.738694486280e-02 1.230191512454e+00 3.951946432289e-02 1.094882991558e+00 2.024811174776e-03
12 1 1 1.47323040 3.84761021 2.79201754 3.70839218 2.10656936 1.682315257751e-02 1.187504401854e+00 3.774631822257e-02 1.053143775583e+00 1.892077421534e-03
12 2 1 1.47323040 3.84761021 2.79201754 3.70839218 2.10656936 1.629434790982e-02 1.148710566802e+00 3.646787705972e-02 1.014646159745e+00 1.792219007655e-03
12 3 1 1.47323040 3.84761021 2.79201754 3.70839218 2.10656936 1.579152720254e-02 1.112792024227e+00 3.543584039125e-02 9.792720820716e-01 1.728951915976e-03
12 4 1 1.47323040 3.84761021 2.79201754 3.70839218 2.10656936 1.530950723969e-02 1.078538316960e+00 3.441649539582e-02 9.442895337631e-01 1.704495042982e-03
12 5 1 1.47323040 3.84761021 2.79201754 3.70839218 2.10656936 1.484738906996e-02 1.044663359136e+00 3.328743369307e-02 9.079979541418e-01 1.717424440631e-03
12 6 1 1.47323040 3.84761021 2.79201754 3.70839218 2.10656936 1.440748556448e-02 1.010125123750e+00 3.206161489773e-02 8.721179870180e-01 1.761464041876e-03
12 7 1 1.47323040 3.84761021 2.79201754 3.70839218 2.10656936 1.399324524679e-02 9.746233905911e-01 3.083845948602e-02 8.404635515880e-01 1.825626875206e-03
12 8 1 1.47323040 3.84761021 2.79201754 3.70839218 2.10656936 1.360700032905e-02 9.388321594270e-01 2.971842320561e-02 8.153101054402e-01 1.895737165405e-03
12 9 1 1.47323040 3.84761021 2.79201754 3.70839218 2.10656936 1.324835768257e-02 9.040856422879e-01 2.873268336573e-02 7.951055881018e-01 1.956979252625e-03
12 10 1 1.47323040 3.84761021 2.79201754 3.70839218 2.10656936 1.291376492018e-02 8.717818073373e-01 2.782743576264e-02 7.757197602831e-01 1.996836028662e-03
12 11 1 1.47323040 3.84761021 2.79201754 3.70839218 2.10656936 1.259733875557e-02 8.429957161665e-01 2.690952023053e-02 7.539334364154e-01 2.007668663579e-03
12 12 1 1.47323040 3.84761021 2.79201754 3.70839218 2.10656936 1.229260206610e-02 8.184360489248e-01 2.592351219726e-02 7.298160018633e-01 1.988274162071e-03
12 13 1 1.47323040 3.84761021 2.79201754 3.70839218 2.10656936 1.199448762200e-02 7.984258890115e-01 2.491009339912e-02 7.059184213228e-01 1.944010054364e-03
12 14 1 1.47323040 3.84761021 2.79201754 3.70839218 2.10656936 1.170091499746e-02 7.826429940511e-01 2.400436575912e-02 6.843957708037e-01 1.885427402141e-03
12 15 1 1.47323040 3.84761021 2.79201754 3.70839218 2.10656936 1.141343127431e-02 7.698407425906e-01 2.336792564660e-02 6.650638702305e-01 1.825713892564e-03
12 16 1 1.47323040 3.84761021 2.79201754 3.70839218 2.10656936 1.113674613248e-02 7.580291058333e-01 2.309064421037e-02 6.462016417695e-01 1.777529979787e-03
12 17 1 1.47323040 3.84761021 2.79201754 3.70839218 2.10656936 1.087736334101e-02 7.452210420892e-01 2.312130993368e-02 6.269776919727e-01 1.749958487698e-03
12 18 1 1.47323040 3.84761021 2.79201754 3.70839218 2.10656936 1.064178936819e-02 7.302308277139e-01 2.327398667021e-02 6.087497926382e-01 1.746255327117e-03
12 19 1 1.47323040 3.84761021 2.79201754 3.70839218 2.10656936 1.043490263746e-02 7.128853196745e-01 2.331373424940e-02 5.937892695322e-01 1.762901050550e-03
12 20 1 1.47323040 3.84761021 2.79201754 3.70839218 2.10656936 1.025897487168e-02 6.935753534240e-01 2.307621629037e-02 5.827923575321e-01 1.790159780531e-03
12 21 1 1.47323040 3.84761021 2.79201754 3.70839218 2.10656936 1.011359421921e-02 6.727239963537e-01 2.255154177048e-02 5.738802164909e-01 1.814023999058e-03
12 22 1 1.47323040 3.84761021 2.79201754 3.70839218 2.10656936 9.996437244551e-03 6.507537277848e-01 2.188053170789e-02 5.642400228976e-01 1.819133834729e-03
12 23 1 1.47323040 3.84761021 2.79201754 3.70839218 2.10656936 9.904573449664e-03 6.284915252870e-01 2.126276829276e-02 5.527516130829e-01 1.792066966272e-03
12 24 1 1.47323040 3.84761021 2.79201754 3.70839218 2.10656936 9.835840719088e-03 6.073937788251e-01 2.082991469101e-02 5.408572481969e-01 1.724333733583e-03
12 25 1 1.47323040 3.84761021 2.79201754 3.70839218 2.10656936 9.789838567001e-03 5.891429060878e-01 2.056122041306e-02 5.307589559385e-01 1.614485228019e-03
12 26 1 1.47323040 3.84761021 2.79201754 3.70839218 2.10656936 9.768234088630e-03 5.748828337784e-01 2.029504858942e-02 5.228836570928e-01 1.468926463238e-03
12 27 1 1.47323040 3.84761021 2.79201754 3.70839218 2.10656936 9.774308202395e-03 5.648167370947e-01 1.983324392322e-02 5.154160821311e-01 1.301279442622e-03
12 28 1 1.47323040 3.84761021 2.79201754 3.70839218 2.10656936 9.811911627531e-03 5.585606368617e-01 1.907808044513e-02 5.065731905298e-01 1.130410829025e-03
12 29 1 1.47323040 3.84761021 2.79201754 3.70839218 2.10656936 9.884178656753e-03 5.558725371056e-01 1.811915765832e-02 4.973237262610e-01 9.774769243703e-04
12 30 1 1.47323040 3.84761021 2.79201754 3.70839218 2.10656936 9.992412982342e-03 5.569973832376e-01 1.721438898803e-02 4.915545058920e-01 8.625060980895e-04
12 31 1 1.47323040 3.84761021 2.79201754 3.70839218 2.10656936 1.013549940679e-02 5.622983385667e-01 1.667021050173e-02 4.931073052770e-01 8.011121418721e-04
12 32 1 1.47323040 3.84761021 2.79201754 3.70839218 2.10656936 1.031003031976e-02 5.716201439857e-01 1.668565821921e-02 5.022989527656e-01 8.019042660192e-04
12 33 1 1.47323040 3.84761021 2.79201754 3.70839218 2.10656936 1.051111671089e-02 5.841109008773e-01 1.724772662912e-02 5.152583614078e-01 8.650388632453e-04
12 34 1 1.47323040 3.84761021 2.79201754 3.70839218 2.10656936 1.073364429108e-02 5.987129191848e-01 1.813750797602e-02 5.268444886816e-01 9.821655883373e-04
12 35 1 1.47323040 3.84761021 2.79201754 3.70839218 2.10656936 1.097359662862e-02 6.147871682971e-01 1.904388716694e-02 5.345252535439e-01 1.137785840052e-03
12 36 1 1.47323040 3.84761021 2.79201754 3.70839218 2.10656936 1.122904029615e-02 6.321793710979e-01 1.972051720922e-02 5.397287909799e-01 1.311801251775e-03
12 37 1 1.47323040 3.84761021 2.79201754 3.70839218 2.10656936 1.150046245765e-02 6.506492298601e-01 2.009810733994e-02 5.456711910365e-01 1.482821125826e-03
12 38 1 1.47323040 3.84761021 2.79201754 3.70839218 2.10656936 1.179034509070e-02 6.693042827835e-01 2.029148795915e-02 5.540283768022e-01 1.631656240684e-03
12 39 1 1.47323040 3.84761021 2.79201754 3.70839218 2.10656936 1.210209827938e-02 6.867151004937e-01 2.050305846167e-02 5.637333710379e-01 1.744379834187e-03
12 40 1 1.47323040 3.84761021 2.79201754 3.70839218 2.10656936 1.243868720287e-02 7.016855128596e-01 2.088414886618e-02 5.728297428716e-01 1.814399381331e-03
12 41 1 1.47323040 3.84761021 2.79201754 3.70839218 2.10656936 1.280140564971e-02 7.139639882639e-01 2.143814415743e-02 5.811706362816e-01 1.843151697734e-03
12 42 1 1.47323040 3.84761021 2.79201754 3.70839218 2.10656936 1.318922853720e-02 7.242533777789e-01 2.202134584524e-02 5.910193296739e-01 1.839285190685e-03
12 43 1 1.47323040 3.84761021 2.79201754 3.70839218 2.10656936 1.359901215156e-02 7.336211726063e-01 2.243720202469e-02 6.049370759392e-01 1.816483992426e-03
12 44 1 1.47323040 3.84761021 2.79201754 3.70839218 2.10656936 1.402654454127e-02 7.430076177841e-01 2.256374209648e-02 6.232313042468e-01 1.790363446971e-03
12 45 1 1.47323040 3.84761021 2.79201754 3.70839218 2.10656936 1.446815839636e-02 7.533243775478e-01 2.243626941586e-02 6.436639406144e-01 1.775066475495e-03
12 46 1 1.47323040 3.84761021 2.79201754 3.70839218 2.10656936 1.492239974880e-02 7.658817098528e-01 2.223705183928e-02 6.636962820691e-01 1.780267430901e-03
12 47 1 1.47323040 3.84761021 2.79201754 3.70839218 2.10656936 1.539117901041e-02 7.824458863569e-01 2.220112039679e-02 6.828752755147e-01 1.809218709112e-03
12 48 1 1.47323040 3.84761021 2.79201754 3.70839218 2.10656936 1.587995407669e-02 8.046147963995e-01 2.249642573578e-02 7.028711122676e-01 1.858261808142e-03
12 49 1 1.47323040 3.84761021 2.79201754 3.70839218 2.10656936 1.639678485633e-02 8.329742506890e-01 2.314827528467e-02 7.252334924444e-01 1.917908625907e-03
12 50 1 1.47323040 3.84761021 2.79201754 3.70839218 2.10656936 1.695047060597e-02 8.667859697426e-01 2.404736805968e-02 7.494100343979e-01 1.975247905927e-03
12 51 1 1.47323040 3.84761021 2.79201754 3.70839218 2.10656936 1.754831405789e-02 9.044468847863e-01 2.502906602670e-02 7.733139913667e-01 2.017126579846e-03
12 52 1 1.47323040 3.84761021 2.79201754 3.70839218 2.10656936 1.819422892864e-02 9.442417857832e-01 2.597127197037e-02 7.959686677788e-01 2.033371342251e-03
12 53 1 1.47323040 3.84761021 2.79201754 3.70839218 2.10656936 1.888784381755e-02 9.847798018807e-01 2.685246441840e-02 8.193845519256e-01 2.019302030921e-03
12 54 1 1.47323040 3.84761021 2.79201754 3.70839218 2.10656936 1.962495617855e-02 1.025028378176e+00 2.774051578975e-02 8.473990046258e-01 1.976955416959e-03
12 55 1 1.47323040 3.84761021 2.79201754 3.70839218 2.10656936 2.039924000189e-02 1.064340894834e+00 2.872667846783e-02 8.822698484044e-01 1.914750806689e-03
12 56 1 1.47323040 3.84761021 2.79201754 3.70839218 2.10656936 2.120465770497e-02 1.102732070155e+00 2.985085442669e-02 9.222834691627e-01 1.845713352009e-03
12 57 1 1.47323040 3.84761021 2.79201754 3.70839218 2.10656936 2.203773347791e-02 1.141129310309e+00 3.106691780496e-02 9.629013664437e-01 1.784731035523e-03
12 58 1 1.47323040 3.84761021 2.79201754 3.70839218 2.10656936 2.289883244256e-02 1.181152669118e+00 3.227129496360e-02 1.000577801944e+00 1.745562858857e-03
12 59 1 1.47323040 3.84761021 2.79201754 3.70839218 2.10656936 2.379188728708e-02 1.224423448644e+00 3.338004250955e-02 1.035640415871e+00 1.738371939054e-03
12 60 1 1.47323040 3.84761021 2.79201754 3.70839218 2.10656936 2.472254107757e-02 1.271917276985e+00 3.440997497095e-02 1.071385069019e+00 1.768407762018e-03
12 61 1 1.47323040 3.84761021 2.79201754 3.70839218 2.10656936 2.569526003737e-02 1.323794094468e+00 3.551316685172e-02 1.110260151654e+00 1.836141092950e-03
12 62 1 1.47323040 3.84761021 2.79201754 3.70839218 2.10656936 2.671040480801e-02 1.379565003063e+00 3.693514639373e-02 1.151076110002e+00 1.938745451178e-03
12 63 1 1.47323040 3.84761021 2.79201754 3.70839218 2.10656936 2.776236103311e-02 1.438169503803e+00 3.890672774182e-02 1.190318377385e+00 2.072431111452e-03
14 0 1 2.17967364 22.64751177 5.64421378 12.73272990 3.55464825 1.805072452854e-01 2.635359461318e+02 4.882940136267e+00 7.400986580409e+01 7.954656855381e-01
14 1 1 2.17967364 22.64751177 5.64421378 12.73272990 3.55464825 1.688513238623e-01 2.604942015009e+02 4.674547191948e+00 7.256405498601e+01 7.865487749177e-01
14 2 1 2.17967364 22.64751177 5.64421378 12.73272990 3.55464825 1.569606748058e-01 2.564715236569e+02 4.485997683569e+00 7.018492420004e+01 7.790409399060e-01
14 3 1 2.17967364 22.64751177 5.64421378 12.73272990 3.55464825 1.452079737225e-01 2.509614139911e+02 4.322264902572e+00 6.706192470256e+01 7.725941238481e-01
14 4 1 2.17967364 22.64751177 5.64421378 12.73272990 3.55464825 1.338836967532e-01 2.439602713744e+02 4.187823933843e+00 6.352220195849e+01 7.671125934393e-01
14 5 1 2.17967364 22.64751177 5.64421378 12.73272990 3.55464825 1.231729640700e-01 2.358501063978e+02 4.085153058418e+00 5.989412198706e+01 7.627703127034e-01
14 6 1 2.17967364 22.64751177 5.64421378 12.73272990 3.55464825 1.131652582563e-01 2.271859636662e+02 4.011957966322e+00 5.643828587924e+01 7.598797907927e-01
14 7 1 2.17967364 22.64751177 5.64421378 12.73272990 3.55464825 1.038874280472e-01 2.185078938164e+02 3.959977543941e+00 5.336492690608e+01 7.586651437664e-01
14 8 1 2.17967364 22.64751177 5.64421378 12.73272990 3.55464825 9.534300155642e-02 2.102448602390e+02 3.917162813899e+00 5.085622210179e+01 7.590628395516e-01
14 9 1 2.17967364 22.64751177 5.64421378 12.73272990 3.55464825 8.754141976416e-02 2.027021816401e+02 3.872168428809e+00 4.903759620130e+01 7.606683419852e-01
14 10 1 2.17967364 22.64751177 5.64421378 12.73272990 3.55464825 8.050817957057e-02 1.960812406528e+02 3.818091876027e+00 4.793260508731e+01 7.628656434438e-01
14 11 1 2.17967364 22.64751177 5.64421378 12.73272990 3.55464825 7.427698644303e-02 1.904893257259e+02 3.753021288585e+00 4.745412430092e+01 7.650700731751e-01
14 12 1 2.17967364 22.64751177 5.64421378 12.73272990 3.55464825 6.887302033107e-02 1.859338102922e+02 3.677586871343e+00 4.742645789544e+01 7.669499556040e-01
14 13 1 2.17967364 22.64751177 5.64421378 12.73272990 3.55464825 6.429895734054e-02 1.823192357171e+02 3.592007185279e+00 4.760708460360e+01 7.685093248278e-01
14 14 1 2.17967364 22.64751177 5.64421378 12.73272990 3.55464825 6.053196621901e-02 1.794606950006e+02 3.495166227912e+00 4.771589621501e+01 7.699993349666e-01
14 15 1 2.17967364 22.64751177 5.64421378 12.73272990 3.55464825 5.753282333810e-02 1.771071065672e+02 3.386199740490e+00 4.749922045019e+01 7.717251451497e-01
14 16 1 2.17967364 22.64751177 5.64421378 12.73272990 3.55464825 5.526135052446e-02 1.749605262881e+02 3.266836201295e+00 4.680801616812e+01 7.738669388020e-01
14 17 1 2.17967364 22.64751177 5.64421378 12.73272990 3.55464825 5.368895749458e-02 1.726924261381e+02 3.142231469896e+00 4.562856292058e+01 7.764101334723e-01
14 18 1 2.17967364 22.64751177 5.64421378 12.73272990 3.55464825 5.280060753400e-02 1.699776876899e+02 3.019505281954e+00 4.404443224240e+01 7.792012129450e-01
14 19 1 2.17967364 22.64751177 5.64421378 12.73272990 3.55464825 5.258401347368e-02 1.665656283054e+02 2.905171782021e+00 4.218093995042e+01 7.820655307439e-01
14 20 1 2.17967364 22.64751177 5.64421378 12.73272990 3.55464825 5.301049880858e-02 1.623771359319e+02 2.803406895105e+00 4.018666257956e+01 7.848929833877e-01
14 21 1 2.17967364 22.64751177 5.64421378 12.73272990 3.55464825 5.401652179220e-02 1.575799956947e+02 2.716114514855e+00 3.824124373949e+01 7.876331176201e-01
14 22 1 2.17967364 22.64751177 5.64421378 12.73272990 3.55464825 5.549524187968e-02 1.525852681147e+02 2.644101312666e+00 3.654120893020e+01 7.902160848367e-01
14 23 1 2.17967364 22.64751177 5.64421378 12.73272990 3.55464825 5.730356485004e-02 1.479423746073e+02 2.587886095737e+00 3.525233606757e+01 7.924782892724e-01
14 24 1 2.17967364 22.64751177 5.64421378 12.73272990 3.55464825 5.928362155160e-02 1.441701589619e+02 2.547368121656e+00 3.446521908439e+01 7.941787047180e-01
14 25 1 2.17967364 22.64751177 5.64421378 12.73272990 3.55464825 6.129145602098e-02 1.416032957728e+02 2.520971902629e+00 3.418337710293e+01 7.951363753043e-01
14 26 1 2.17967364 22.64751177 5.64421378 12.73272990 3.55464825 6.322245393374e-02 1.403253478006e+02 2.505586517948e+00 3.433558148005e+01 7.954343001071e-01
14 27 1 2.17967364 22.64751177 5.64421378 12.73272990 3.55464825 6.502406591416e-02 1.402052739171e+02 2.497931376027e+00 3.479693592031e+01 7.955726064220e-01
14 28 1 2.17967364 22.64751177 5.64421378 12.73272990 3.55464825 6.669122147241e-02 1.409920297634e+02 2.496526804020e+00 3.542251206599e+01 7.964560505613e-01
14 29 1 2.17967364 22.64751177 5.64421378 12.73272990 3.55464825 6.824651297804e-02 1.423968430531e+02 2.502588750544e+00 3.609196609758e+01 7.991726850755e-01
14 30 1 2.17967364 22.64751177 5.64421378 12.73272990 3.55464825 6.971309734238e-02 1.441212849846e+02 2.518782061265e+00 3.673327765188e+01 8.046271448087e-01
14 31 1 2.17967364 22.64751177 5.64421378 12.73272990 3.55464825 7.109103126916e-02 1.458468580749e+02 2.546452187578e+00 3.729748093805e+01 8.131770714918e-01
14 32 1 2.17967364 22.64751177 5.64421378 12.73272990 3.55464825 7.234637219301e-02 1.472416248129e+02 2.583332227675e+00 3.771160428663e+01 8.244373302177e-01
14 33 1 2.17967364 22.64751177 5.64421378 12.73272990 3.55464825 7.341738683008e-02 1.480283118773e+02 2.623591288535e+00 3.787460733288e+01 8.373512459945e-01
14 34 1 2.17967364 22.64751177 5.64421378 12.73272990 3.55464825 7.423552298517e-02 1.481029791127e+02 2.660455145085e+00 3.771899309353e+01 8.505107155406e-01
14 35 1 2.17967364 22.64751177 5.64421378 12.73272990 3.55464825 7.475297103323e-02 1.476361094603e+02 2.689733468360e+00 3.728289643197e+01 8.625949135861e-01
14 36 1 2.17967364 22.64751177 5.64421378 12.73272990 3.55464825 7.496591711686e-02 1.470755371089e+02 2.711917323608e+00 3.672170194917e+01 8.727459880587e-01
14 37 1 2.17967364 22.64751177 5.64421378 12.73272990 3.55464825 7.492407016910e-02 1.470183704864e+02 2.731589043413e+00 3.625231350572e+01 8.807349011522e-01
14 38 1 2.17967364 22.64751177 5.64421378 12.73272990 3.55464825 7.472224092502e-02 1.479979794451e+02 2.754841336609e+00 3.608261150030e+01 8.868730936944e-01
14 39 1 2.17967364 22.64751177 5.64421378 12.73272990 3.55464825 7.447672167907e-02 1.502885539767e+02 2.786679338388e+00 3.636735569358e+01 8.917432743580e-01
14 40 1 2.17967364 22.64751177 5.64421378 12.73272990 3.55464825 7.429525820374e-02 1.538239383010e+02 2.830020750181e+00 3.718650161239e+01 8.958958805168e-01
14 41 1 2.17967364 22.64751177 5.64421378 12.73272990 3.55464825 7.425208338916e-02 1.582624491116e+02 2.886335560361e+00 3.853225904865e+01 8.996518304005e-01
14 42 1 2.17967364 22.64751177 5.64421378 12.73272990 3.55464825 7.437761503035e-02 1.631488077870e+02 2.956594465189e+00 4.031344734231e+01 9.030755382059e-01
14 43 1 2.17967364 22.64751177 5.64421378 12.73272990 3.55464825 7.466663537261e-02 1.680805118100e+02 3.041201851324e+00 4.238386057373e+01 9.060814173731e-01
14 44 1 2.17967364 22.64751177 5.64421378 12.73272990 3.55464825 7.510134830150e-02 1.728026960214e+02 3.138882996572e+00 4.457140722234e+01 9.085704109549e-01
14 45 1 2.17967364 22.64751177 5.64421378 12.73272990 3.55464825 7.567971775704e-02 1.772131667649e+02 3.245800791207e+00 4.668427935876e+01 9.104965371016e-01
14 46 1 2.17967364 22.64751177 5.64421378 12.73272990 3.55464825 7.643750431553e-02 1.813130123615e+02 3.356198402882e+00 4.851472444666e+01 9.118299007690e-01
14 47 1 2.17967364 22.64751177 5.64421378 12.73272990 3.55464825 7.745536230723e-02 1.851535955158e+02 3.464504464598e+00 4.988208891604e+01 9.124662920737e-01
14 48 1 2.17967364 22.64751177 5.64421378 12.73272990 3.55464825 7.884900416303e-02 1.888080142943e+02 3.567353129996e+00 5.070757485948e+01 9.121782563464e-01
14 49 1 2.17967364 22.64751177 5.64421378 12.73272990 3.55464825 8.074782599150e-02 1.923633095415e+02 3.663848156811e+00 5.105604962538e+01 9.106775625716e-01
14 50 1 2.17967364 22.64751177 5.64421378 12.73272990 3.55464825 8.327210936339e-02 1.959179112618e+02 3.753923663374e+00 5.110391690884e+01 9.077794091198e-01
14 51 1 2.17967364 22.64751177 5.64421378 12.73272990 3.55464825 8.651868626379e-02 1.995806924416e+02 3.836515141692e+00 5.107174657953e+01 9.035771847145e-01
14 52 1 2.17967364 22.64751177 5.64421378 12.73272990 3.55464825 9.055978513558e-02 2.034817879392e+02 3.909658136817e+00 5.118568379512e+01 8.985101129623e-01
14 53 1 2.17967364 22.64751177 5.64421378 12.73272990 3.55464825 9.545211178318e-02 2.077984790461e+02 3.972989616058e+00 5.167189744815e+01 8.932580165216e-01
14 54 1 2.17967364 22.64751177 5.64421378 12.73272990 3.55464825 1.012469094813e-01 2.127737915437e+02 4.030759220215e+00 5.273895932562e+01 8.884998676427e-01
14 55 1 2.17967364 22.64751177 5.64421378 12.73272990 3.55464825 1.079902271933e-01 2.186882397410e+02 4.092537911055e+00 5.453478670713e+01 8.846621033666e-01
14 56 1 2.17967364 22.64751177 5.64421378 12.73272990 3.55464825 1.157071640124e-01 2.257631432162e+02 4.170384998320e+00 5.711394444032e+01 8.817996622269e-01
14 57 1 2.17967364 22.64751177 5.64421378 12.73272990 3.55464825 1.243726974024e-01 2.340241885387e+02 4.274114857301e+00 6.043078390330e+01 8.796820202019e-01
14 58 1 2.17967364 22.64751177 5.64421378 12.73272990 3.55464825 1.338806738453e-01 2.431997912872e+02 4.407984096518e+00 6.432481346203e+01 8.780389975678e-01
14 59 1 2.17967364 22.64751177 5.64421378 12.73272990 3.55464825 1.440269331817e-01 2.527285809931e+02 4.571007099695e+00 6.848836180103e+01 8.768292158123e-01
14 60 1 2.17967364 22.64751177 5.64421378 12.73272990 3.55464825 1.545194280985e-01 2.618948515980e+02 4.760080607138e+00 7.248092483220e+01 8.763852704557e-01
14 61 1 2.17967364 22.64751177 5.64421378 12.73272990 3.55464825 1.650181075837e-01 2.700362850476e+02 4.972841504266e+00 7.584738083153e+01 8.773683010764e-01
14 62 1 2.17967364 22.64751177 5.64421378 12.73272990 3.55464825 1.751943186444e-01 2.767295107524e+02 5.207772778491e+00 7.828315437672e+01 8.805783950053e-01
14 63 1 2.17967364 22.64751177 5.64421378 12.73272990 3.55464825 1.847894909312e-01 2.818841760220e+02 5.461983838719e+00 7.972054369732e+01 8.867419338051e-01
16 0 1 2.29070977 18.97705509 5.67253111 10.70985668 3.70169855 9.996229952506e-02 1.823121795600e+02 5.613233640388e+00 4.380351846512e+01 9.832671734586e-01
16 1 1 2.29070977 18.97705509 5.67253111 10.70985668 3.70169855 9.803397973713e-02 1.772235279702e+02 5.404831197319e+00 4.147664988637e+01 9.754702490982e-01
16 2 1 2.29070977 18.97705509 5.67253111 10.70985668 3.70169855 9.484447504598e-02 1.722915524561e+02 5.184997615034e+00 3.927159773633e+01 9.648128683459e-01
16 3 1 2.29070977 18.97705509 5.67253111 10.70985668 3.70169855 9.069752511066e-02 1.672342608682e+02 4.968221579376e+00 3.733703896452e+01 9.533687372219e-01
16 4 1 2.29070977 18.97705509 5.67253111 10.70985668 3.70169855 8.582973941365e-02 1.620584010049e+02 4.769941693891e+00 3.573069682665e+01 9.426635188720e-01
16 5 1 2.29070977 18.97705509 5.67253111 10.70985668 3.70169855 8.043962159182e-02 1.570124170654e+02 4.596971162474e+00 3.442288332537e+01 9.329831002880e-01
16 6 1 2.29070977 18.97705509 5.67253111 10.70985668 3.70169855 7.478337234133e-02 1.524343086031e+02 4.444098304236e+00 3.335586009462e+01 9.238137322771e-01
16 7 1 2.29070977 18.97705509 5.67253111 10.70985668 3.70169855 6.922665833208e-02 1.485839947351e+02 4.298491685033e+00 3.249109830434e+01 9.145012868197e-01
16 8 1 2.29070977 18.97705509 5.67253111 10.70985668 3.70169855 6.419145590428e-02 1.455291060936e+02 4.148444868108e+00 3.180741843670e+01 9.043755106157e-01
16 9 1 2.29070977 18.97705509 5.67253111 10.70985668 3.70169855 6.005050334783e-02 1.431118195651e+02 3.990702697191e+00 3.127723519087e+01 8.925721937097e-01
16 10 1 2.29070977 18.97705509 5.67253111 10.70985668 3.70169855 5.706859371026e-02 1.409927044968e+02 3.831927259498e+00 3.085970838184e+01 8.782449352237e-01
16 11 1 2.29070977 18.97705509 5.67253111 10.70985668 3.70169855 5.542414964353e-02 1.387531310394e+02 3.683695874514e+00 3.050888898743e+01 8.612464396405e-01
16 12 1 2.29070977 18.97705509 5.67253111 10.70985668 3.70169855 5.525231075466e-02 1.360293607667e+02 3.554551054188e+00 3.017283971557e+01 8.425310473169e-01
16 13 1 2.29070977 18.97705509 5.67253111 10.70985668 3.70169855 5.664075909462e-02 1.326393051867e+02 3.444548847000e+00 2.978531722319e+01 8.236163720392e-01
16 14 1 2.29070977 18.97705509 5.67253111 10.70985668 3.70169855 5.958429732132e-02 1.286534891653e+02 3.346011852465e+00 2.927570550484e+01 8.054446843899e-01
16 15 1 2.29070977 18.97705509 5.67253111 10.70985668 3.70169855 6.396491822761e-02 1.243718740350e+02 3.249679657627e+00 2.860161547697e+01 7.877517311425e-01
16 16 1 2.29070977 18.97705509 5.67253111 10.70985668 3.70169855 6.959516068487e-02 1.202056115684e+02 3.151367960577e+00 2.777215834001e+01 7.696280999218e-01
16 17 1 2.29070977 18.97705509 5.67253111 10.70985668 3.70169855 7.628197965621e-02 1.165122342437e+02 3.053926375580e+00 2.683487229542e+01 7.507293391215e-01
16 18 1 2.29070977 18.97705509 5.67253111 10.70985668 3.70169855 8.383791830591e-02 1.134627256071e+02 2.963249575670e+00 2.584202044897e+01 7.318854701271e-01
16 19 1 2.29070977 18.97705509 5.67253111 10.70985668 3.70169855 9.202648087578e-02 1.110052066774e+02 2.882168704790e+00 2.483395588272e+01 7.144761829280e-01
16 20 1 2.29070977 18.97705509 5.67253111 10.70985668 3.70169855 1.005097460484e-01 1.089367983427e+02 2.807812328011e+00 2.385015655575e+01 6.992382526518e-01
16 21 1 2.29070977 18.97705509 5.67253111 10.70985668 3.70169855 1.088723092027e-01 1.070351175925e+02 2.734782751078e+00 2.294226571913e+01 6.857636774385e-01
16 22 1 2.29070977 18.97705509 5.67253111 10.70985668 3.70169855 1.167174441164e-01 1.051724320957e+02 2.661054427328e+00 2.216601779862e+01 6.731929142768e-01
16 23 1 2.29070977 18.97705509 5.67253111 10.70985668 3.70169855 1.237567492163e-01 1.033556019124e+02 2.590842480201e+00 2.156056372791e+01 6.613185083103e-01
16 24 1 2.29070977 18.97705509 5.67253111 10.70985668 3.70169855 1.298257883849e-01 1.016869320786e+02 2.531405919946e+00 2.113795432231e+01 6.508802777760e-01
16 25 1 2.29070977 18.97705509 5.67253111 10.70985668 3.70169855 1.348386387405e-01 1.002878439904e+02 2.486500896597e+00 2.088800368030e+01 6.427310226006e-01
16 26 1 2.29070977 18.97705509 5.67253111 10.70985668 3.70169855 1.387506165092e-01 9.923878230205e+01 2.452679121007e+00 2.078638832686e+01 6.368269585045e-01
16 27 1 2.29070977 18.97705509 5.67253111 10.70985668 3.70169855 1.415699996647e-01 9.856285149205e+01 2.422409298154e+00 2.080096970637e+01 6.322661087837e-01
16 28 1 2.29070977 18.97705509 5.67253111 10.70985668 3.70169855 1.433860114601e-01 9.824214693624e+01 2.391823828099e+00 2.090405079979e+01 6.285149979869e-01
16 29 1 2.29070977 18.97705509 5.67253111 10.70985668 3.70169855 1.443525326632e-01 9.823559322671e+01 2.366276144051e+00 2.108920355767e+01 6.266174676209e-01
16 30 1 2.29070977 18.97705509 5.67253111 10.70985668 3.70169855 1.446198343386e-01 9.847846737520e+01 2.358206663296e+00 2.137226202663e+01 6.289957037524e-01
16 31 1 2.29070977 18.97705509 5.67253111 10.70985668 3.70169855 1.442780195567e-01 9.887303737017e+01 2.378235924951e+00 2.176276100206e+01 6.377236856389e-01
16 32 1 2.29070977 18.97705509 5.67253111 10.70985668 3.70169855 1.433786021987e-01 9.929875271482e+01 2.426456893238e+00 2.222675362586e+01 6.526854875880e-01
16 33 1 2.29070977 18.97705509 5.67253111 10.70985668 3.70169855 1.420241869115e-01 9.965991156220e+01 2.491203296445e+00 2.268142831878e+01 6.713011697852e-01
16 34 1 2.29070977 18.97705509 5.67253111 10.70985668 3.70169855 1.404419582498e-01 9.995453808004e+01 2.556630599127e+00 2.303474296269e+01 6.901718347623e-01
16 35 1 2.29070977 18.97705509 5.67253111 10.70985668 3.70169855 1.389679120668e-01 1.003177814064e+02 2.613213802200e+00 2.323694291777e+01 7.072819009268e-01
16 36 1 2.29070977 18.97705509 5.67253111 10.70985668 3.70169855 1.379559352858e-01 1.009945990382e+02 2.662909636122e+00 2.330009142413e+01 7.229196792906e-01
16 37 1 2.29070977 18.97705509 5.67253111 10.70985668 3.70169855 1.376950768097e-01 1.022357454984e+02 2.715267708012e+00 2.327778079364e+01 7.386853958228e-01
16 38 1 2.29070977 18.97705509 5.67253111 10.70985668 3.70169855 1.383957510817e-01 1.041646967230e+02 2.778292553110e+00 2.323417113964e+01 7.556855257488e-01
16 39 1 2.29070977 18.97705509 5.67253111 10.70985668 3.70169855 1.402208736303e-01 1.066931326536e+02 2.851915667885e+00 2.322833370000e+01 7.736206877797e-01
16 40 1 2.29070977 18.97705509 5.67253111 10.70985668 3.70169855 1.432909638805e-01 1.095436641178e+02 2.929185674312e+00 2.331134007347e+01 7.914399510612e-01
16 41 1 2.29070977 18.97705509 5.67253111 10.70985668 3.70169855 1.476378785917e-01 1.123778958333e+02 3.003350806930e+00 2.352241329885e+01 8.086471326247e-01
16 42 1 2.29070977 18.97705509 5.67253111 10.70985668 3.70169855 1.531638699290e-01 1.149629194947e+02 3.074078145020e+00 2.388514842515e+01 8.257950713850e-01
16 43 1 2.29070977 18.97705509 5.67253111 10.70985668 3.70169855 1.596771410790e-01 1.172826595841e+02 3.147342925399e+00 2.441331672822e+01 8.436835939683e-01
16 44 1 2.29070977 18.97705509 5.67253111 10.70985668 3.70169855 1.669944538912e-01 1.195308058555e+02 3.229584447872e+00 2.512060844565e+01 8.622068239463e-01
16 45 1 2.29070977 18.97705509 5.67253111 10.70985668 3.70169855 1.750146973883e-01 1.219906307765e+02 3.321914486459e+00 2.601616031045e+01 8.801640999591e-01
16 46 1 2.29070977 18.97705509 5.67253111 10.70985668 3.70169855 1.836819168606e-01 1.248705299585e+02 3.419833539430e+00 2.708502198537e+01 8.962893278339e-01
16 47 1 2.29070977 18.97705509 5.67253111 10.70985668 3.70169855 1.928683547313e-01 1.281845444808e+02 3.518576847875e+00 2.827917687138e+01 9.104178777653e-01
16 48 1 2.29070977 18.97705509 5.67253111 10.70985668 3.70169855 2.022964965495e-01 1.317363866558e+02 3.618910595248e+00 2.953768168615e+01 9.235382324562e-01
16 49 1 2.29070977 18.97705509 5.67253111 10.70985668 3.70169855 2.115803594049e-01 1.352079026817e+02 3.727757108657e+00 3.081651264712e+01 9.366558855374e-01
16 50 1 2.29070977 18.97705509 5.67253111 10.70985668 3.70169855 2.203389054182e-01 1.383047462404e+02 3.852718504591e+00 3.209219049807e+01 9.496623802119e-01
16 51 1 2.29070977 18.97705509 5.67253111 10.70985668 3.70169855 2.282625464334e-01 1.408956971818e+02 3.995072295029e+00 3.333607980655e+01 9.613955703147e-01
16 52 1 2.29070977 18.97705509 5.67253111 10.70985668 3.70169855 2.350808368938e-01 1.430948430501e+02 4.147292763534e+00 3.449592595304e+01 9.708183434725e-01
16 53 1 2.29070977 18.97705509 5.67253111 10.70985668 3.70169855 2.405057050625e-01 1.452599990119e+02 4.297496860628e+00 3.551201692443e+01 9.780985185745e-01
16 54 1 2.29070977 18.97705509 5.67253111 10.70985668 3.70169855 2.442559220815e-01 1.479029110534e+02 4.437676470333e+00 3.635018854489e+01 9.845509048802e-01
16 55 1 2.29070977 18.97705509 5.67253111 10.70985668 3.70169855 2.461623156562e-01 1.515278168375e+02 4.569647084485e+00 3.701715085070e+01 9.916370769451e-01
16 56 1 2.29070977 18.97705509 5.67253111 10.70985668 3.70169855 2.462378684795e-01 1.564414361334e+02 4.704319683335e+00 3.755573699968e+01 1.000106502361e+00
16 57 1 2.29070977 18.97705509 5.67253111 10.70985668 3.70169855 2.446223875739e-01 1.626049826170e+02 4.854587056791e+00 3.804426907831e+01 1.009974688731e+00
16 58 1 2.29070977 18.97705509 5.67253111 10.70985668 3.70169855 2.414615209233e-01 1.696060821300e+02 5.026407236454e+00 3.860130046771e+01 1.020953887840e+00
16 59 1 2.29070977 18.97705509 5.67253111 10.70985668 3.70169855 2.368767867370e-01 1.767928762011e+02 5.213928082390e+00 3.936393338911e+01 1.032540316084e+00
16 60 1 2.29070977 18.97705509 5.67253111 10.70985668 3.70169855 2.310961362117e-01 1.835356688573e+02 5.402141614983e+00 4.042941867301e+01 1.043695426485e+00
16 61 1 2.29070977 18.97705509 5.67253111 10.70985668 3.70169855 2.246279561644e-01 1.895008144694e+02 5.575898179001e+00 4.180788573459e+01 1.052924353920e+00
16 62 1 2.29070977 18.97705509 5.67253111 10.70985668 3.70169855 2.182905261294e-01 1.947922789707e+02 5.729703964016e+00 4.344129696845e+01 1.059287177081e+00
16 63 1 2.29070977 18.97705509 5.67253111 10.70985668 3.70169855 2.130464033558e-01 1.998713329010e+02 5.871474988166e+00 4.527276398599e+01 1.063614951612e+00
21 0 1 1.69870943 9.57039503 3.15381042 4.68473890 2.37596934 7.944712061392e-05 3.711489768867e+01 5.377335515812e-01 2.114896313510e+00 1.821756518457e-01
21 1 1 1.69870943 9.57039503 3.15381042 4.68473890 2.37596934 7.312302005475e-05 3.637297982781e+01 5.103128320057e-01 2.037289555730e+00 1.758352065919e-01
21 2 1 1.69870943 9.57039503 3.15381042 4.68473890 2.37596934 6.725371275824e-05 3.536408700522e+01 4.846219337084e-01 1.955948246239e+00 1.692864503396e-01
21 3 1 1.69870943 9.57039503 3.15381042 4.68473890 2.37596934 6.283677717298e-05 3.414242461118e+01 4.618490496579e-01 1.876741091959e+00 1.626291200509e-01
21 4 1 1.69870943 9.57039503 3.15381042 4.68473890 2.37596934 6.049773910213e-05 3.275910326319e+01 4.432961290550e-01 1.808635262337e+00 1.560506431967e-01
21 5 1 1.69870943 9.57039503 3.15381042 4.68473890 2.37596934 6.035718021897e-05 3.123937808295e+01 4.297994579252e-01 1.754653298976e+00 1.497174206253e-01
21 6 1 1.69870943 9.57039503 3.15381042 4.68473890 2.37596934 6.204600405704e-05 2.959622082191e+01 4.210425154004e-01 1.708599396393e+00 1.437134577968e-01
21 7 1 1.69870943 9.57039503 3.15381042 4.68473890 2.37596934 6.485691380083e-05 2.786012285706e+01 4.154414917258e-01 1.661935338624e+00 1.380543018730e-01
21 8 1 1.69870943 9.57039503 3.15381042 4.68473890 2.37596934 6.797867069280e-05 2.608996440049e+01 4.108430465056e-01 1.611403988706e+00 1.327404583043e-01
21 9 1 1.69870943 9.57039503 3.15381042 4.68473890 2.37596934 7.073704371855e-05 2.435412960990e+01 4.055726672350e-01 1.558643747150e+00 1.277898194782e-01
21 10 1 1.69870943 9.57039503 3.15381042 4.68473890 2.37596934 7.276877271476e-05 2.270407688887e+01 3.990525459741e-01 1.505386779194e+00 1.232194090433e-01
21 11 1 1.69870943 9.57039503 3.15381042 4.68473890 2.37596934 7.408022316054e-05 2.116743868105e+01 3.915625063934e-01 1.452271085607e+00 1.190006693909e-01
21 12 1 1.69870943 9.57039503 3.15381042 4.68473890 2.37596934 7.498139336731e-05 1.976260044270e+01 3.834318279682e-01 1.401016973794e+00 1.150400805474e-01
21 13 1 1.69870943 9.57039503 3.15381042 4.68473890 2.37596934 7.592546270138e-05 1.851311973996e+01 3.743985328523e-01 1.354008198592e+00 1.112148937143e-01
21 14 1 1.69870943 9.57039503 3.15381042 4.68473890 2.37596934 7.731171628483e-05 1.744451946552e+01 3.636804847710e-01 1.310995222828e+00 1.074435341182e-01
21 15 1 1.69870943 9.57039503 3.15381042 4.68473890 2.37596934 7.931757486549e-05 1.656985523551e+01 3.506616344496e-01 1.268780437845e+00 1.037368854630e-01
21 16 1 1.69870943 9.57039503 3.15381042 4.68473890 2.37596934 8.181244196243e-05 1.588409458654e+01 3.355738400333e-01 1.225437459331e+00 1.001892953198e-01
21 17 1 1.69870943 9.57039503 3.15381042 4.68473890 2.37596934 8.437758036015e-05 1.537529929939e+01 3.195844432083e-01 1.183066500249e+00 9.691561453160e-02
21 18 1 1.69870943 9.57039503 3.15381042 4.68473890 2.37596934 8.642205861491e-05 1.503884534551e+01 3.042210971130e-01 1.144953823871e+00 9.398246666164e-02
21 19 1 1.69870943 9.57039503 3.15381042 4.68473890 2.37596934 8.735577892820e-05 1.487634429696e+01 2.906062853900e-01 1.111427873148e+00 9.138354778096e-02
21 20 1 1.69870943 9.57039503 3.15381042 4.68473890 2.37596934 8.676512780620e-05 1.487920287669e+01 2.790815653333e-01 1.080368414529e+00 8.907001805994e-02
21 21 1 1.69870943 9.57039503 3.15381042 4.68473890 2.37596934 8.453855255796e-05 1.501612752567e+01 2.694241813354e-01 1.051001280147e+00 8.700153196593e-02
21 22 1 1.69870943 9.57039503 3.15381042 4.68473890 2.37596934 8.090660698827e-05 1.524110133645e+01 2.613580355934e-01 1.025028953323e+00 8.516953055705e-02
21 23 1 1.69870943 9.57039503 3.15381042 4.68473890 2.37596934 7.638756923594e-05 1.551586182231e+01 2.548714693000e-01 1.003867622498e+00 8.357326516594e-02
21 24 1 1.69870943 9.57039503 3.15381042 4.68473890 2.37596934 7.165726610334e-05 1.582410311526e+01 2.501066873096e-01 9.865897209395e-01 8.217568648744e-02
21 25 1 1.69870943 9.57039503 3.15381042 4.68473890 2.37596934 6.738232124705e-05 1.616294983156e+01 2.470184128026e-01 9.712541918691e-01 8.089048438072e-02
21 26 1 1.69870943 9.57039503 3.15381042 4.68473890 2.37596934 6.406438417286e-05 1.652201490013e+01 2.452123038395e-01 9.568357043581e-01 7.963060698472e-02
21 27 1 1.69870943 9.57039503 3.15381042 4.68473890 2.37596934 6.193752832947e-05 1.687419775446e+01 2.441844613514e-01 9.430524394674e-01 7.839657332449e-02
21 28 1 1.69870943 9.57039503 3.15381042 4.68473890 2.37596934 6.094430809073e-05 1.718956579625e+01 2.437763084613e-01 9.299374154766e-01 7.734042363107e-02
21 29 1 1.69870943 9.57039503 3.15381042 4.68473890 2.37596934 6.079314670825e-05 1.745767616116e+01 2.444107185103e-01 9.194092545904e-01 7.674423611195e-02
21 30 1 1.69870943 9.57039503 3.15381042 4.68473890 2.37596934 6.107721676418e-05 1.769287663128e+01 2.468200644908e-01 9.163845254254e-01 7.690388131801e-02
21 31 1 1.69870943 9.57039503 3.15381042 4.68473890 2.37596934 6.141868882357e-05 1.791398106859e+01 2.514035463537e-01 9.257010808569e-01 7.797524012773e-02
21 32 1 1.69870943 9.57039503 3.15381042 4.68473890 2.37596934 6.159616505771e-05 1.811705338817e+01 2.576978237825e-01 9.468894629909e-01 7.987414415675e-02
21 33 1 1.69870943 9.57039503 3.15381042 4.68473890 2.37596934 6.161854602526e-05 1.826887502193e+01 2.644072473501e-01 9.732714711837e-01 8.229601903236e-02
21 34 1 1.69870943 9.57039503 3.15381042 4.68473890 2.37596934 6.172387498001e-05 1.832897656471e+01 2.700306130901e-01 9.973242474398e-01 8.485044913642e-02
21 35 1 1.69870943 9.57039503 3.15381042 4.68473890 2.37596934 6.230282457474e-05 1.827976161076e+01 2.736647531567e-01 1.016386319378e+00 8.723561658073e-02
21 36 1 1.69870943 9.57039503 3.15381042 4.68473890 2.37596934 6.376794406957e-05 1.813648433885e+01 2.754312741435e-01 1.032708145546e+00 8.935455042283e-02
21 37 1 1.69870943 9.57039503 3.15381042 4.68473890 2.37596934 6.640589766280e-05 1.792965871205e+01 2.762700289690e-01 1.049426165141e+00 9.131444813668e-02
21 38 1 1.69870943 9.57039503 3.15381042 4.68473890 2.37596934 7.025619456265e-05 1.768014495615e+01 2.773265924668e-01 1.068226872911e+00 9.332479835678e-02
21 39 1 1.69870943 9.57039503 3.15381042 4.68473890 2.37596934 7.505418930173e-05 1.739298833961e+01 2.794345958296e-01 1.090151679306e+00 9.556909011286e-02
21 40 1 1.69870943 9.57039503 3.15381042 4.68473890 2.37596934 8.025934876342e-05 1.707460631323e+01 2.830408689810e-01 1.116059617470e+00 9.813008240869e-02
21 41 1 1.69870943 9.57039503 3.15381042 4.68473890 2.37596934 8.516598580238e-05 1.675251200283e+01 2.884895509251e-01 1.145322754901e+00 1.010003683728e-01
21 42 1 1.69870943 9.57039503 3.15381042 4.68473890 2.37596934 8.906920669654e-05 1.647456464127e+01 2.962574166275e-01 1.175756203538e+00 1.041463591204e-01
21 43 1 1.69870943 9.57039503 3.15381042 4.68473890 2.37596934 9.144082102154e-05 1.628754287421e+01 3.068070709496e-01 1.206209005366e+00 1.075618345078e-01
21 44 1 1.69870943 9.57039503 3.15381042 4.68473890 2.37596934 9.206427689704e-05 1.621737411525e+01 3.201307114729e-01 1.238112365888e+00 1.112677632815e-01
21 45 1 1.69870943 9.57039503 3.15381042 4.68473890 2.37596934 9.108701265636e-05 1.627103648460e+01 3.354192417419e-01 1.272984149656e+00 1.152679530403e-01
21 46 1 1.69870943 9.57039503 3.15381042 4.68473890 2.37596934 8.897130902543e-05 1.645606779833e+01 3.512552710836e-01 1.309384220918e+00 1.195106039280e-01
21 47 1 1.69870943 9.57039503 3.15381042 4.68473890 2.37596934 8.635481308667e-05 1.679487716823e+01 3.662912435919e-01 1.344476229162e+00 1.239007715711e-01
21 48 1 1.69870943 9.57039503 3.15381042 4.68473890 2.37596934 8.386051937057e-05 1.731829371366e+01 3.799131109666e-01 1.378406008892e+00 1.283630616173e-01
21 49 1 1.69870943 9.57039503 3.15381042 4.68473890 2.37596934 8.191392126030e-05 1.804694740140e+01 3.923412622135e-01 1.414760305841e+00 1.329067094438e-01
21 50 1 1.69870943 9.57039503 3.15381042 4.68473890 2.37596934 8.062569798494e-05 1.898199905315e+01 4.040746400006e-01 1.455929004279e+00 1.376375038565e-01
21 51 1 1.69870943 9.57039503 3.15381042 4.68473890 2.37596934 7.978014492400e-05 2.011383138143e+01 4.151702990998e-01 1.500065801753e+00 1.427009750610e-01
21 52 1 1.69870943 9.57039503 3.15381042 4.68473890 2.37596934 7.893710594272e-05 2.143467833651e+01 4.250394883320e-01 1.543955237724e+00 1.481964092130e-01
21 53 1 1.69870943 9.57039503 3.15381042 4.68473890 2.37596934 7.761804871434e-05 2.293663315258e+01 4.330214859969e-01 1.587080609751e+00 1.541250064681e-01
21 54 1 1.69870943 9.57039503 3.15381042 4.68473890 2.37596934 7.551708822917e-05 2.459607135545e+01 4.392982146339e-01 1.631058908812e+00 1.604069028319e-01
21 55 1 1.69870943 9.57039503 3.15381042 4.68473890 2.37596934 7.266565647239e-05 2.636524155227e+01 4.453484763111e-01 1.676904532535e+00 1.669445857697e-01
21 56 1 1.69870943 9.57039503 3.15381042 4.68473890 2.37596934 6.949041894952e-05 2.818585617153e+01 4.534648566583e-01 1.725922843360e+00 1.736738119119e-01
21 57 1 1.69870943 9.57039503 3.15381042 4.68473890 2.37596934 6.673586717832e-05 3.001276712676e+01 4.656235823731e-01 1.782359446117e+00 1.805598942893e-01
21 58 1 1.69870943 9.57039503 3.15381042 4.68473890 2.37596934 6.526647538582e-05 3.182031662737e+01 4.825495696731e-01 1.850774061453e+00 1.875529602337e-01
21 59 1 1.69870943 9.57039503 3.15381042 4.68473890 2.37596934 6.580454519371e-05 3.358133943286e+01 5.036613279944e-01 1.929120225375e+00 1.945600652532e-01
21 60 1 1.69870943 9.57039503 3.15381042 4.68473890 2.37596934 6.868488090590e-05 3.524181466848e+01 5.278397569754e-01 2.007658139646e+00 2.014819483083e-01
21 61 1 1.69870943 9.57039503 3.15381042 4.68473890 2.37596934 7.370688559241e-05 3.672369541611e+01 5.542949726761e-01 2.077568397665e+00 2.083021985498e-01
21 62 1 1.69870943 9.57039503 3.15381042 4.68473890 2.37596934 8.013731908982e-05 3.795943397970e+01 5.828032245551e-01 2.139041222133e+00 2.151582509823e-01
21 63 1 1.69870943 9.57039503 3.15381042 4.68473890 2.37596934 8.687061372980e-05 3.892454957030e+01 6.132397490288e-01 2.198687777272e+00 2.223222574356e-01
25 0 1 2.08041001 40.24520756 4.49873206 7.66859943 3.14738324 4.924918483213e-04 5.371641069004e+02 2.294401422995e+00 1.659831132453e+01 4.897387813945e-01
25 1 1 2.08041001 40.24520756 4.49873206 7.66859943 3.14738324 4.829213819781e-04 5.134294258862e+02 2.208397902476e+00 1.653905740738e+01 4.864951127209e-01
25 2 1 2.08041001 40.24520756 4.49873206 7.66859943 3.14738324 4.735722438646e-04 4.916323521679e+02 2.111465136554e+00 1.629669968726e+01 4.807199584619e-01
25 3 1 2.08041001 40.24520756 4.49873206 7.66859943 3.14738324 4.667391133062e-04 4.720862857098e+02 2.008660115074e+00 1.590908092985e+01 4.729675701948e-01
25 4 1 2.08041001 40.24520756 4.49873206 7.66859943 3.14738324 4.646490630493e-04 4.548237549199e+02 1.908923147843e+00 1.541887599351e+01 4.642446598923e-01
25 5 1 2.08041001 40.24520756 4.49873206 7.66859943 3.14738324 4.682068334811e-04 4.396811290390e+02 1.820181719987e+00 1.483392135689e+01 4.553393996719e-01
25 6 1 2.08041001 40.24520756 4.49873206 7.66859943 3.14738324 4.761799791917e-04 4.264540714093e+02 1.745467738675e+00 1.415052904827e+01 4.464950549114e-01
25 7 1 2.08041001 40.24520756 4.49873206 7.66859943 3.14738324 4.853879312368e-04 4.149823422472e+02 1.682396543045e+00 1.338954327268e+01 4.375658963921e-01
25 8 1 2.08041001 40.24520756 4.49873206 7.66859943 3.14738324 4.918969389846e-04 4.051292132060e+02 1.625827244461e+00 1.258314570349e+01 4.283903096350e-01
25 9 1 2.08041001 40.24520756 4.49873206 7.66859943 3.14738324 4.926375495321e-04 3.967347389081e+02 1.571442557375e+00 1.174555965866e+01 4.189991960997e-01
25 10 1 2.08041001 40.24520756 4.49873206 7.66859943 3.14738324 4.866089087548e-04 3.896274832925e+02 1.517801483741e+00 1.088394687469e+01 4.095048990261e-01
25 11 1 2.08041001 40.24520756 4.49873206 7.66859943 3.14738324 4.750636758851e-04 3.836876642828e+02 1.465978450385e+00 1.002647769639e+01 3.998487150329e-01
25 12 1 2.08041001 40.24520756 4.49873206 7.66859943 3.14738324 4.606339583374e-04 3.788793666204e+02 1.417765047118e+00 9.216606838485e+00 3.897179628535e-01
25 13 1 2.08041001 40.24520756 4.49873206 7.66859943 3.14738324 4.459220657007e-04 3.751960078878e+02 1.374132756714e+00 8.486601193666e+00 3.787703699162e-01
25 14 1 2.08041001 40.24520756 4.49873206 7.66859943 3.14738324 4.323179786239e-04 3.725594244603e+02 1.334927027239e+00 7.852930058197e+00 3.669954965233e-01
25 15 1 2.08041001 40.24520756 4.49873206 7.66859943 3.14738324 4.196058740383e-04 3.707703184759e+02 1.299481985763e+00 7.328757644311e+00 3.548852919317e-01
25 16 1 2.08041001 40.24520756 4.49873206 7.66859943 3.14738324 4.064350487469e-04 3.695625019268e+02 1.267193296179e+00 6.923993116737e+00 3.432250757408e-01
25 17 1 2.08041001 40.24520756 4.49873206 7.66859943 3.14738324 3.912600428624e-04 3.687134467300e+02 1.237493184666e+00 6.637322339222e+00 3.326358393783e-01
25 18 1 2.08041001 40.24520756 4.49873206 7.66859943 3.14738324 3.731658185680e-04 3.681138941848e+02 1.209546703154e+00 6.460174956474e+00 3.232233822390e-01
25 19 1 2.08041001 40.24520756 4.49873206 7.66859943 3.14738324 3.521601423048e-04 3.677478572200e+02 1.182377782900e+00 6.385522498486e+00 3.146215478730e-01
25 20 1 2.08041001 40.24520756 4.49873206 7.66859943 3.14738324 3.288948310370e-04 3.676243807902e+02 1.155639605968e+00 6.406800060642e+00 3.064031136560e-01
25 21 1 2.08041001 40.24520756 4.49873206 7.66859943 3.14738324 3.041196096529e-04 3.677373254596e+02 1.130377028597e+00 6.514800017305e+00 2.985271959668e-01
25 22 1 2.08041001 40.24520756 4.49873206 7.66859943 3.14738324 2.782787121006e-04 3.680779815430e+02 1.108808341584e+00 6.700338720834e+00 2.914491876742e-01
25 23 1 2.08041001 40.24520756 4.49873206 7.66859943 3.14738324 2.514977827300e-04 3.686527096238e+02 1.092830297755e+00 6.950899940682e+00 2.857826724294e-01
25 24 1 2.08041001 40.24520756 4.49873206 7.66859943 3.14738324 2.239104525616e-04 3.694512405982e+02 1.082143740430e+00 7.239465747260e+00 2.817698918927e-01
25 25 1 2.08041001 40.24520756 4.49873206 7.66859943 3.14738324 1.960414823638e-04 3.703818638934e+02 1.073562097079e+00 7.526855809548e+00 2.789966911181e-01
25 26 1 2.08041001 40.24520756 4.49873206 7.66859943 3.14738324 1.689367384404e-04 3.712570408014e+02 1.062483124098e+00 7.782152932556e+00 2.766274810831e-01
25 27 1 2.08041001 40.24520756 4.49873206 7.66859943 3.14738324 1.439095237867e-04 3.718903984889e+02 1.045949487338e+00 7.994363151933e+00 2.740442123613e-01
25 28 1 2.08041001 40.24520756 4.49873206 7.66859943 3.14738324 1.220309174933e-04 3.722583218883e+02 1.025330589606e+00 8.163614477895e+00 2.714415840670e-01
25 29 1 2.08041001 40.24520756 4.49873206 7.66859943 3.14738324 1.036627411751e-04 3.725884311997e+02 1.006569557054e+00 8.295183860258e+00 2.699152111006e-01
25 30 1 2.08041001 40.24520756 4.49873206 7.66859943 3.14738324 8.831383702833e-05 3.732650696625e+02 9.973930353757e-01 8.406192464051e+00 2.709094986218e-01
25 31 1 2.08041001 40.24520756 4.49873206 7.66859943 3.14738324 7.491228024898e-05 3.745842560259e+02 1.002953514247e+00 8.519065473006e+00 2.753427769809e-01
25 32 1 2.08041001 40.24520756 4.49873206 7.66859943 3.14738324 6.234757151089e-05 3.765289166683e+02 1.022602934083e+00 8.633358074767e+00 2.829783769022e-01
25 33 1 2.08041001 40.24520756 4.49873206 7.66859943 3.14738324 4.999065598413e-05 3.787411677242e+02 1.049941899933e+00 8.713510443635e+00 2.924746676686e-01
25 34 1 2.08041001 40.24520756 4.49873206 7.66859943 3.14738324 3.792630029399e-05 3.807245043661e+02 1.076244682475e+00 8.716617733064e+00 3.021070927977e-01
25 35 1 2.08041001 40.24520756 4.49873206 7.66859943 3.14738324 2.680662531954e-05 3.821311965607e+02 1.095186861468e+00 8.626063440834e+00 3.107092926635e-01
25 36 1 2.08041001 40.24520756 4.49873206 7.66859943 3.14738324 1.744653162863e-05 3.829285333847e+02 1.105982859774e+00 8.452108977914e+00 3.182360043726e-01
25 37 1 2.08041001 40.24520756 4.49873206 7.66859943 3.14738324 1.040648232527e-05 3.833416644835e+02 1.113130660521e+00 8.214563062973e+00 3.256085304851e-01
25 38 1 2.08041001 40.24520756 4.49873206 7.66859943 3.14738324 5.780571244494e-06 3.836474084974e+02 1.123192923205e+00 7.940176166021e+00 3.339857760653e-01
25 39 1 2.08041001 40.24520756 4.49873206 7.66859943 3.14738324 3.258347760882e-06 3.839920639816e+02 1.140874763630e+00 7.666705587542e+00 3.439758297104e-01
25 40 1 2.08041001 40.24520756 4.49873206 7.66859943 3.14738324 2.359643841709e-06 3.843542183709e+02 1.166872683770e+00 7.430005490549e+00 3.553097210808e-01
25 41 1 2.08041001 40.24520756 4.49873206 7.66859943 3.14738324 2.659670927536e-06 3.846347836344e+02 1.198530898719e+00 7.246814132356e+00 3.671455731413e-01
25 42 1 2.08041001 40.24520756 4.49873206 7.66859943 3.14738324 3.870634812215e-06 3.847629835797e+02 1.232376110228e+00 7.119848352567e+00 3.787191808489e-01
25 43 1 2.08041001 40.24520756 4.49873206 7.66859943 3.14738324 5.780209653346e-06 3.847320960794e+02 1.266527054372e+00 7.055873670686e+00 3.898334405902e-01
25 44 1 2.08041001 40.24520756 4.49873206 7.66859943 3.14738324 8.163996876810e-06 3.845752169304e+02 1.301445068894e+00 7.070017591994e+00 4.008377372735e-01
25 45 1 2.08041001 40.24520756 4.49873206 7.66859943 3.14738324 1.080112219387e-05 3.843503605037e+02 1.338962024319e+00 7.178624280399e+00 4.121571417778e-01
25 46 1 2.08041001 40.24520756 4.49873206 7.66859943 3.14738324 1.361978344359e-05 3.841704031522e+02 1.380755000254e+00 7.397872568885e+00 4.237736777247e-01
25 47 1 2.08041001 40.24520756 4.49873206 7.66859943 3.14738324 1.686123166051e-05 3.842370723550e+02 1.427525426523e+00 7.743522050209e+00 4.350794647720e-01
25 48 1 2.08041001 40.24520756 4.49873206 7.66859943 3.14738324 2.108957882520e-05 3.848142572428e+02 1.479207038775e+00 8.222363608849e+00 4.452118206752e-01
25 49 1 2.08041001 40.24520756 4.49873206 7.66859943 3.14738324 2.695579661000e-05 3.861368930932e+02 1.535536717622e+00 8.828289487498e+00 4.535962530556e-01
25 50 1 2.08041001 40.24520756 4.49873206 7.66859943 3.14738324 3.480808603552e-05 3.883309107034e+02 1.596183829114e+00 9.551044389424e+00 4.602706116561e-01
25 51 1 2.08041001 40.24520756 4.49873206 7.66859943 3.14738324 4.440004340672e-05 3.914247483519e+02 1.660382824093e+00 1.037871734976e+01 4.657565621573e-01
25 52 1 2.08041001 40.24520756 4.49873206 7.66859943 3.14738324 5.495117861917e-05 3.954495034709e+02 1.726805060239e+00 1.128775946588e+01 4.706149404483e-01
25 53 1 2.08041001 40.24520756 4.49873206 7.66859943 3.14738324 6.562456217902e-05 4.005372611359e+02 1.794332236626e+00 1.224688596333e+01 4.750598931464e-01
25 54 1 2.08041001 40.24520756 4.49873206 7.66859943 3.14738324 7.620442114374e-05 4.069292140820e+02 1.863399664429e+00 1.323856043602e+01 4.789205570652e-01
25 55 1 2.08041001 40.24520756 4.49873206 7.66859943 3.14738324 8.756838576526e-05 4.148965971324e+02 1.936601905713e+00 1.425835849108e+01 4.819148880332e-01
25 56 1 2.08041001 40.24520756 4.49873206 7.66859943 3.14738324 1.016041930036e-04 4.246606546064e+02 2.017404603928e+00 1.528404683023e+01 4.839291316528e-01
25 57 1 2.08041001 40.24520756 4.49873206 7.66859943 3.14738324 1.205193980875e-04 4.363829489288e+02 2.107264122771e+00 1.626701969810e+01 4.850210049572e-01
25 58 1 2.08041001 40.24520756 4.49873206 7.66859943 3.14738324 1.458659345326e-04 4.502027827182e+02 2.203122504600e+00 1.716530621770e+01 4.851624322776e-01
25 59 1 2.08041001 40.24520756 4.49873206 7.66859943 3.14738324 1.778079006554e-04 4.662346237999e+02 2.297570711976e+00 1.795848971183e+01 4.840325398221e-01
25 60 1 2.08041001 40.24520756 4.49873206 7.66859943 3.14738324 2.150469385754e-04 4.844856656901e+02 2.382339626043e+00 1.861479545491e+01 4.811744880705e-01
25 61 1 2.08041001 40.24520756 4.49873206 7.66859943 3.14738324 2.554344086394e-04 5.047668694129e+02 2.453222713191e+00 1.907657708535e+01 4.765056358688e-01
25 62 1 2.08041001 40.24520756 4.49873206 7.66859943 3.14738324 2.968810066961e-04 5.267194291354e+02 2.513075419089e+00 1.930822157756e+01 4.707927541762e-01
25 63 1 2.08041001 40.24520756 4.49873206 7.66859943 3.14738324 3.380006078545e-04 5.499882850384e+02 2.570543454688e+00 1.933685432097e+01 4.656299363691e-01
28 0 1 2.15091337 18.14968281 4.40927044 6.85360764 3.19411390 1.383078372127e-04 1.432410129168e+02 2.687322392679e-01 9.990138855185e+00 1.088010403513e-03
28 1 1 2.15091337 18.14968281 4.40927044 6.85360764 3.19411390 1.412188169504e-04 1.405811788899e+02 2.603804375047e-01 9.190568889924e+00 1.280933428932e-03
28 2 1 2.15091337 18.14968281 4.40927044 6.85360764 3.19411390 1.446439017843e-04 1.385929622853e+02 2.522818420397e-01 8.420754414787e+00 1.481545307356e-03
28 3 1 2.15091337 18.14968281 4.40927044 6.85360764 3.19411390 1.487747843542e-04 1.372808408126e+02 2.446516432274e-01 7.702189806782e+00 1.693977838075e-03
28 4 1 2.15091337 18.14968281 4.40927044 6.85360764 3.19411390 1.531605689616e-04 1.365589520092e+02 2.376148159027e-01 7.053763864815e+00 1.919300494169e-03
28 5 1 2.15091337 18.14968281 4.40927044 6.85360764 3.19411390 1.569377412996e-04 1.362736362187e+02 2.311598523649e-01 6.488147091464e+00 2.153627661118e-03
28 6 1 2.15091337 18.14968281 4.40927044 6.85360764 3.19411390 1.592860250053e-04 1.362585048110e+02 2.251428165787e-01 6.010023310840e+00 2.387770169266e-03
28 7 1 2.15091337 18.14968281 4.40927044 6.85360764 3.19411390 1.598653657457e-04 1.363926770451e+02 2.193408934369e-01 5.615894480746e+00 2.608592646303e-03
28 8 1 2.15091337 18.14968281 4.40927044 6.85360764 3.19411390 1.590012209828e-04 1.366309592580e+02 2.135344277119e-01 5.295786461300e+00 2.801644936066e-03
28 9 1 2.15091337 18.14968281 4.40927044 6.85360764 3.19411390 1.575228262896e-04 1.369924431946e+02 2.075860434739e-01 5.037025531762e+00 2.954193607127e-03
28 10 1 2.15091337 18.14968281 4.40927044 6.85360764 3.19411390 1.563457994437e-04 1.375191428651e+02 2.014878281246e-01 4.828932592233e+00 3.057668909797e-03
28 11 1 2.15091337 18.14968281 4.40927044 6.85360764 3.19411390 1.560245025975e-04 1.382321388549e+02 1.953601069166e-01 4.666073954258e+00 3.108805601335e-03
28 12 1 2.15091337 18.14968281 4.40927044 6.85360764 3.19411390 1.565099675309e-04 1.391097880183e+02 1.894024840070e-01 4.548158290121e+00 3.109276186961e-03
28 13 1 2.15091337 18.14968281 4.40927044 6.85360764 3.19411390 1.572335560141e-04 1.400948756134e+02 1.838140731766e-01 4.476819685920e+00 3.064169773676e-03
28 14 1 2.15091337 18.14968281 4.40927044 6.85360764 3.19411390 1.574604731780e-04 1.411187941809e+02 1.787109343362e-01 4.451695988916e+00 2.980031625240e-03
28 15 1 2.15091337 18.14968281 4.40927044 6.85360764 3.19411390 1.567166284888e-04 1.421237269974e+02 1.740715112453e-01 4.468549906157e+00 2.863216437232e-03
28 16 1 2.15091337 18.14968281 4.40927044 6.85360764 3.19411390 1.550606161371e-04 1.430712067939e+02 1.697333117227e-01 4.520413905730e+00 2.719040229335e-03
28 17 1 2.15091337 18.14968281 4.40927044 6.85360764 3.19411390 1.530624419469e-04 1.439391287905e+02 1.654466027128e-01 4.600400371779e+00 2.551790839217e-03
28 18 1 2.15091337 18.14968281 4.40927044 6.85360764 3.19411390 1.515098133601e-04 1.447174930211e+02 1.609680965183e-01 4.703804096944e+00 2.365279135272e-03
28 19 1 2.15091337 18.14968281 4.40927044 6.85360764 3.19411390 1.510048155657e-04 1.454099469904e+02 1.561582850593e-01 4.828040696014e+00 2.163444111229e-03
28 20 1 2.15091337 18.14968281 4.40927044 6.85360764 3.19411390 1.516650643720e-04 1.460379165761e+02 1.510401490939e-01 4.970777231823e+00 1.950614856205e-03
28 21 1 2.15091337 18.14968281 4.40927044 6.85360764 3.19411390 1.530812370975e-04 1.466371364159e+02 1.457900562529e-01 5.127773532199e+00 1.731306041034e-03
28 22 1 2.15091337 18.14968281 4.40927044 6.85360764 3.19411390 1.545445306094e-04 1.472402022383e+02 1.406605639197e-01 5.291793516077e+00 1.509727085364e-03
28 23 1 2.15091337 18.14968281 4.40927044 6.85360764 3.19411390 1.554178714008e-04 1.478514140630e+02 1.358672749179e-01 5.453024215413e+00 1.289364193774e-03
28 24 1 2.15091337 18.14968281 4.40927044 6.85360764 3.19411390 1.554554032885e-04 1.484314021432e+02 1.314917173854e-01 5.600720098169e+00 1.072966355029e-03
28 25 1 2.15091337 18.14968281 4.40927044 6.85360764 3.19411390 1.549082186950e-04 1.489082381453e+02 1.274478846785e-01 5.725630491314e+00 8.630535868473e-04
28 26 1 2.15091337 18.14968281 4.40927044 6.85360764 3.19411390 1.543690951857e-04 1.492167166952e+02 1.235315794290e-01 5.822751537493e+00 6.627781642627e-04
28 27 1 2.15091337 18.14968281 4.40927044 6.85360764 3.19411390 1.544437267749e-04 1.493471060528e+02 1.195317922160e-01 5.893596941356e+00 4.767490113986e-04
28 28 1 2.15091337 18.14968281 4.40927044 6.85360764 3.19411390 1.554219283382e-04 1.493732491758e+02 1.153516534228e-01 5.946700586991e+00 3.113832096900e-04
28 29 1 2.15091337 18.14968281 4.40927044 6.85360764 3.19411390 1.571180666634e-04 1.494371801584e+02 1.110795605778e-01 5.995217586183e+00 1.745031026828e-04
28 30 1 2.15091337 18.14968281 4.40927044 6.85360764 3.19411390 1.589604496465e-04 1.496910945671e+02 1.069734502099e-01 6.051757682774e+00 7.418964592588e-05
28 31 1 2.15091337 18.14968281 4.40927044 6.85360764 3.19411390 1.602815453387e-04 1.502238119824e+02 1.033625674888e-01 6.122424635857e+00 1.720975483722e-05
28 32 1 2.15091337 18.14968281 4.40927044 6.85360764 3.19411390 1.606592688715e-04 1.510110852368e+02 1.005112532303e-01 6.203101993370e+00 7.528433798173e-06
28 33 1 2.15091337 18.14968281 4.40927044 6.85360764 3.19411390 1.601344142970e-04 1.519184829410e+02 9.850820613513e-02 6.280255832007e+00 4.541367832133e-05
28 34 1 2.15091337 18.14968281 4.40927044 6.85360764 3.19411390 1.591924705664e-04 1.527573664619e+02 9.723280865782e-02 6.336146550759e+00 1.274416829383e-04
28 35 1 2.15091337 18.14968281 4.40927044 6.85360764 3.19411390 1.585177702056e-04 1.533651387051e+02 9.641321612635e-02 6.355861077151e+00 2.473897783100e-04
28 36 1 2.15091337 18.14968281 4.40927044 6.85360764 3.19411390 1.586444337128e-04 1.536679662205e+02 9.574726210313e-02 6.332670754676e+00 3.976909617383e-04
28 37 1 2.15091337 18.14968281 4.40927044 6.85360764 3.19411390 1.596832342742e-04 1.536951938574e+02 9.502831651714e-02 6.269437124238e+00 5.709405821913e-04
28 38 1 2.15091337 18.14968281 4.40927044 6.85360764 3.19411390 1.612675802119e-04 1.535426615771e+02 9.421791852178e-02 6.176154307417e+00 7.609638092409e-04
28 39 1 2.15091337 18.14968281 4.40927044 6.85360764 3.19411390 1.627514043126e-04 1.533099470822e+02 9.343468231771e-02 6.065570934944e+00 9.631606826921e-04
28 40 1 2.15091337 18.14968281 4.40927044 6.85360764 3.19411390 1.635611869943e-04 1.530478313251e+02 9.287015963351e-02 5.949147431632e+00 1.174153416978e-03
28 41 1 2.15091337 18.14968281 4.40927044 6.85360764 3.19411390 1.635202701941e-04 1.527416604786e+02 9.267636847851e-02 5.834650318126e+00 1.391035451348e-03
28 42 1 2.15091337 18.14968281 4.40927044 6.85360764 3.19411390 1.629715983042e-04 1.523322777816e+02 9.288035020568e-02 5.725548856176e+00 1.610645083518e-03
28 43 1 2.15091337 18.14968281 4.40927044 6.85360764 3.19411390 1.626249477559e-04 1.517549522999e+02 9.336461086369e-02 5.621858791001e+00 1.829207716213e-03
28 44 1 2.15091337 18.14968281 4.40927044 6.85360764 3.19411390 1.631982741019e-04 1.509709686977e+02 9.391849756572e-02 5.522061113929e+00 2.042452491802e-03
28 45 1 2.15091337 18.14968281 4.40927044 6.85360764 3.19411390 1.650360000152e-04 1.499774467604e+02 9.433207647023e-02 5.425590197985e+00 2.246031241434e-03
28 46 1 2.15091337 18.14968281 4.40927044 6.85360764 3.19411390 1.679078300665e-04 1.487984278912e+02 9.448683223860e-02 5.334919441249e+00 2.435893067344e-03
28 47 1 2.15091337 18.14968281 4.40927044 6.85360764 3.19411390 1.711039014775e-04 1.474710667076e+02 9.440294042626e-02 5.256039854006e+00 2.608293034434e-03
28 48 1 2.15091337 18.14968281 4.40927044 6.85360764 3.19411390 1.737873087446e-04 1.460384028640e+02 9.422583472941e-02 5.196839545268e+00 2.759336841496e-03
28 49 1 2.15091337 18.14968281 4.40927044 6.85360764 3.19411390 1.754236777022e-04 1.445491175635e+02 9.416263761488e-02 5.164407215574e+00 2.884278623262e-03
28 50 1 2.15091337 18.14968281 4.40927044 6.85360764 3.19411390 1.760573454522e-04 1.430558933817e+02 9.439881170658e-02 5.163400395031e+00 2.977030806625e-03
28 51 1 2.15091337 18.14968281 4.40927044 6.85360764 3.19411390 1.762771465943e-04 1.416056382088e+02 9.503002541744e-02 5.197099121811e+00 3.030368713322e-03
28 52 1 2.15091337 18.14968281 4.40927044 6.85360764 3.19411390 1.768779296919e-04 1.402253665642e+02 9.603443636749e-02 5.270671329850e+00 3.037071302065e-03
28 53 1 2.15091337 18.14968281 4.40927044 6.85360764 3.19411390 1.783914192313e-04 1.389169768150e+02 9.729270483077e-02 5.394122535143e+00 2.991817283328e-03
28 54 1 2.15091337 18.14968281 4.40927044 6.85360764 3.19411390 1.807396088535e-04 1.376725205590e+02 9.864486651361e-02 5.582240875043e+00 2.893238678085e-03
28 55 1 2.15091337 18.14968281 4.40927044 6.85360764 3.19411390 1.832073349324e-04 1.365076630409e+02 9.996074044352e-02 5.850914288216e+00 2.745326140723e-03
28 56 1 2.15091337 18.14968281 4.40927044 6.85360764 3.19411390 1.847632179144e-04 1.354945217790e+02 1.011968879320e-01 6.211851442701e+00 2.557506356574e-03
28 57 1 2.15091337 18.14968281 4.40927044 6.85360764 3.19411390 1.845678887392e-04 1.347694681574e+02 1.024187011652e-01 6.668792795357e+00 2.343149852064e-03
28 58 1 2.15091337 18.14968281 4.40927044 6.85360764 3.19411390 1.823999376264e-04 1.345034608010e+02 1.037792245014e-01 7.217024470257e+00 2.116851005574e-03
28 59 1 2.15091337 18.14968281 4.40927044 6.85360764 3.19411390 1.787664478307e-04 1.348457568808e+02 1.054628417639e-01 7.845758818120e+00 1.891309924139e-03
28 60 1 2.15091337 18.14968281 4.40927044 6.85360764 3.19411390 1.746308725865e-04 1.358707892389e+02 1.076161199259e-01 8.541732171976e+00 1.674830579364e-03
28 61 1 2.15091337 18.14968281 4.40927044 6.85360764 3.19411390 1.708982473244e-04 1.375587450509e+02 1.102937409097e-01 9.292829651016e+00 1.470250821486e-03
28 62 1 2.15091337 18.14968281 4.40927044 6.85360764 3.19411390 1.679326328604e-04 1.398212386930e+02 1.134411923699e-01 1.009143506886e+01 1.275619418781e-03
28 63 1 2.15091337 18.14968281 4.40927044 6.85360764 3.19411390 1.653681385613e-04 1.425566669570e+02 1.169197499316e-01 1.093698458784e+01 1.086337261399e-03
