# environment=00003 local_bs=4 gain_scale=3.007691262480e-13
# ue subcarrier serving_bs phi0 phi1 phi2 phi3 phi4 gain0 gain1 gain2 gain3 gain4
0 0 4 1.90002485 0.99266293 0.90391503 0.57462705 3.85098641 1.209207849733e+01 1.567174728277e+00 6.113992940971e-01 8.102117853251e-02 1.852636852019e+02
0 1 4 1.90002485 0.99266293 0.90391503 0.57462705 3.85098641 1.254906932044e+01 1.426186221021e+00 5.303609187950e-01 8.552926184414e-02 1.820368741173e+02
0 2 4 1.90002485 0.99266293 0.90391503 0.57462705 3.85098641 1.132689654169e+01 1.232463221607e+00 4.634192220260e-01 9.166353881190e-02 1.741200411639e+02
0 3 4 1.90002485 0.99266293 0.90391503 0.57462705 3.85098641 1.157305585585e+01 1.014573332939e+00 4.024045678417e-01 9.909386058616e-02 1.682126513386e+02
0 4 4 1.90002485 0.99266293 0.90391503 0.57462705 3.85098641 1.064764076683e+01 7.993266566263e-01 3.476533654279e-01 1.050307672243e-01 1.637390466326e+02
0 5 4 1.90002485 0.99266293 0.90391503 0.57462705 3.85098641 1.065602434921e+01 6.152241142976e-01 3.060146611729e-01 1.112181975237e-01 1.555716676815e+02
0 6 4 1.90002485 0.99266293 0.90391503 0.57462705 3.85098641 1.001654877410e+01 4.811500007487e-01 2.729226767102e-01 1.152216951276e-01 1.536421817775e+02
0 7 4 1.90002485 0.99266293 0.90391503 0.57462705 3.85098641 9.798608685965e+00 4.092764704414e-01 2.449270085671e-01 1.168445030035e-01 1.445981371418e+02
0 8 4 1.90002485 0.99266293 0.90391503 0.57462705 3.85098641 9.432642086362e+00 4.020778612166e-01 2.274040636802e-01 1.166240234564e-01 1.435495692140e+02
0 9 4 1.90002485 0.99266293 0.90391503 0.57462705 3.85098641 9.011703265588e+00 4.499327767542e-01 2.185912027967e-01 1.140171048369e-01 1.352792076918e+02
0 10 4 1.90002485 0.99266293 0.90391503 0.57462705 3.85098641 8.891752305263e+00 5.409688224338e-01 2.131431939780e-01 1.083973358033e-01 1.335255279031e+02
0 11 4 1.90002485 0.99266293 0.90391503 0.57462705 3.85098641 8.315172915429e+00 6.507170105794e-01 2.146952898952e-01 1.020387204548e-01 1.273736124924e+02
0 12 4 1.90002485 0.99266293 0.90391503 0.57462705 3.85098641 8.396155377571e+00 7.630308606113e-01 2.240963679217e-01 9.339037215790e-02 1.240230590787e+02
0 13 4 1.90002485 0.99266293 0.90391503 0.57462705 3.85098641 7.693657130779e+00 8.523944058420e-01 2.350129428260e-01 8.397785525341e-02 1.204898171369e+02
0 14 4 1.90002485 0.99266293 0.90391503 0.57462705 3.85098641 7.924664415172e+00 9.095864376247e-01 2.486585078489e-01 7.463303257886e-02 1.154882135396e+02
0 15 4 1.90002485 0.99266293 0.90391503 0.57462705 3.85098641 7.155045463930e+00 9.200935693197e-01 2.687963294448e-01 6.521195982137e-02 1.141359982998e+02
0 16 4 1.90002485 0.99266293 0.90391503 0.57462705 3.85098641 7.493401930132e+00 8.874473067511e-01 2.897945202527e-01 5.644356616917e-02 1.082368724080e+02
0 17 4 1.90002485 0.99266293 0.90391503 0.57462705 3.85098641 6.701632171071e+00 8.122984021572e-01 3.091190335154e-01 4.943390201372e-02 1.080611538357e+02
0 18 4 1.90002485 0.99266293 0.90391503 0.57462705 3.85098641 7.101733747405e+00 7.091128752636e-01 3.323529374034e-01 4.348357241303e-02 1.024713716872e+02
0 19 4 1.90002485 0.99266293 0.90391503 0.57462705 3.85098641 6.333710436937e+00 5.892866445993e-01 3.574377622729e-01 3.935414656220e-02 1.022929391017e+02
0 20 4 1.90002485 0.99266293 0.90391503 0.57462705 3.85098641 6.747671708434e+00 4.711021891901e-01 3.782582234361e-01 3.746212422234e-02 9.809066667090e+01
0 21 4 1.90002485 0.99266293 0.90391503 0.57462705 3.85098641 6.034583593079e+00 3.675073205196e-01 3.988264815981e-01 3.686246240530e-02 9.698148823003e+01
0 22 4 1.90002485 0.99266293 0.90391503 0.57462705 3.85098641 6.431398619191e+00 2.927139982354e-01 4.221958080101e-01 3.814675164294e-02 9.477534486816e+01
0 23 4 1.90002485 0.99266293 0.90391503 0.57462705 3.85098641 5.816332027728e+00 2.525000219367e-01 4.419049014866e-01 4.087091121265e-02 9.245176482247e+01
0 24 4 1.90002485 0.99266293 0.90391503 0.57462705 3.85098641 6.168236752731e+00 2.522643921501e-01 4.573547666389e-01 4.459690545196e-02 9.223533837986e+01
0 25 4 1.90002485 0.99266293 0.90391503 0.57462705 3.85098641 5.669778496730e+00 2.863504703118e-01 4.745353368284e-01 4.870681848166e-02 8.906405304228e+01
0 26 4 1.90002485 0.99266293 0.90391503 0.57462705 3.85098641 5.952411575793e+00 3.515081594988e-01 4.905686348447e-01 5.385333581986e-02 9.020655943210e+01
0 27 4 1.90002485 0.99266293 0.90391503 0.57462705 3.85098641 5.591099051079e+00 4.322496068802e-01 5.007018824304e-01 5.801113365086e-02 8.697652134325e+01
0 28 4 1.90002485 0.99266293 0.90391503 0.57462705 3.85098641 5.785082373331e+00 5.211283697571e-01 5.097731820816e-01 6.235576060011e-02 8.853361868359e+01
0 29 4 1.90002485 0.99266293 0.90391503 0.57462705 3.85098641 5.572888361388e+00 5.990090549630e-01 5.196233326652e-01 6.571679202525e-02 8.620516366943e+01
0 30 4 1.90002485 0.99266293 0.90391503 0.57462705 3.85098641 5.675298956712e+00 6.605763118867e-01 5.244445399380e-01 6.807266225621e-02 8.732178969320e+01
0 31 4 1.90002485 0.99266293 0.90391503 0.57462705 3.85098641 5.626266438110e+00 6.906069911891e-01 5.254008182859e-01 6.901765264199e-02 8.664531825600e+01
0 32 4 1.90002485 0.99266293 0.90391503 0.57462705 3.85098641 5.626078246032e+00 6.910349500681e-01 5.274275636742e-01 6.939365963894e-02 8.679223881627e+01
0 33 4 1.90002485 0.99266293 0.90391503 0.57462705 3.85098641 5.734946614864e+00 6.558363201779e-01 5.265670147321e-01 6.746764691190e-02 8.800690704793e+01
0 34 4 1.90002485 0.99266293 0.90391503 0.57462705 3.85098641 5.632109768960e+00 5.957240522557e-01 5.200203945676e-01 6.535035977023e-02 8.718046979778e+01
0 35 4 1.90002485 0.99266293 0.90391503 0.57462705 3.85098641 5.901204841019e+00 5.144223005616e-01 5.133638350314e-01 6.172137747877e-02 8.999849957770e+01
0 36 4 1.90002485 0.99266293 0.90391503 0.57462705 3.85098641 5.700381601711e+00 4.287181656439e-01 5.063899601956e-01 5.751990754396e-02 8.877206718640e+01
0 37 4 1.90002485 0.99266293 0.90391503 0.57462705 3.85098641 6.122734241154e+00 3.476270008853e-01 4.934876265432e-01 5.287810980506e-02 9.245692319268e+01
0 38 4 1.90002485 0.99266293 0.90391503 0.57462705 3.85098641 5.839665297249e+00 2.883352505025e-01 4.780732648581e-01 4.865643345329e-02 9.172631493533e+01
0 39 4 1.90002485 0.99266293 0.90391503 0.57462705 3.85098641 6.402327331223e+00 2.576283672625e-01 4.644195426042e-01 4.402944625236e-02 9.528701903457e+01
0 40 4 1.90002485 0.99266293 0.90391503 0.57462705 3.85098641 6.043955786326e+00 2.670208036301e-01 4.470183298123e-01 4.118896210070e-02 9.597080237924e+01
0 41 4 1.90002485 0.99266293 0.90391503 0.57462705 3.85098641 6.721019645457e+00 3.138617197983e-01 4.247124434442e-01 3.884981236879e-02 9.858427941834e+01
0 42 4 1.90002485 0.99266293 0.90391503 0.57462705 3.85098641 6.318511510629e+00 4.004651618893e-01 4.043725381821e-01 3.836479370721e-02 1.013287151597e+02
0 43 4 1.90002485 0.99266293 0.90391503 0.57462705 3.85098641 7.089648594469e+00 5.114882902768e-01 3.844299333111e-01 3.945291437638e-02 1.026764117992e+02
0 44 4 1.90002485 0.99266293 0.90391503 0.57462705 3.85098641 6.672543295993e+00 6.413082867741e-01 3.595901912895e-01 4.293978334399e-02 1.074941948959e+02
0 45 4 1.90002485 0.99266293 0.90391503 0.57462705 3.85098641 7.500570029871e+00 7.649670784966e-01 3.351662446733e-01 4.737556335349e-02 1.078881740641e+02
0 46 4 1.90002485 0.99266293 0.90391503 0.57462705 3.85098641 7.109695451610e+00 8.752978717901e-01 3.149570250241e-01 5.480665955318e-02 1.140686179404e+02
0 47 4 1.90002485 0.99266293 0.90391503 0.57462705 3.85098641 7.948591851490e+00 9.466114281979e-01 2.932152465640e-01 6.277917869368e-02 1.144818879736e+02
0 48 4 1.90002485 0.99266293 0.90391503 0.57462705 3.85098641 7.620588303702e+00 9.791666579801e-01 2.708590327557e-01 7.240539190189e-02 1.208659542604e+02
0 49 4 1.90002485 0.99266293 0.90391503 0.57462705 3.85098641 8.424082743581e+00 9.570421820619e-01 2.546877970656e-01 8.236278221212e-02 1.226121910822e+02
0 50 4 1.90002485 0.99266293 0.90391503 0.57462705 3.85098641 8.222556401413e+00 8.944841258120e-01 2.419607519481e-01 9.301098449335e-02 1.279566269390e+02
0 51 4 1.90002485 0.99266293 0.90391503 0.57462705 3.85098641 8.944544097917e+00 7.911425154888e-01 2.297858092754e-01 1.017148644017e-01 1.320799185968e+02
0 52 4 1.90002485 0.99266293 0.90391503 0.57462705 3.85098641 8.911336905688e+00 6.746379707229e-01 2.246268988483e-01 1.111743339591e-01 1.355766601000e+02
0 53 4 1.90002485 0.99266293 0.90391503 0.57462705 3.85098641 9.494185778730e+00 5.566768536871e-01 2.274209699592e-01 1.170435392407e-01 1.424284221765e+02
0 54 4 1.90002485 0.99266293 0.90391503 0.57462705 3.85098641 9.681763465238e+00 4.694587820700e-01 2.334374814382e-01 1.219282503036e-01 1.442245906465e+02
0 55 4 1.90002485 0.99266293 0.90391503 0.57462705 3.85098641 1.007703422512e+01 4.245726083697e-01 2.470815012357e-01 1.238310954503e-01 1.532276811874e+02
0 56 4 1.90002485 0.99266293 0.90391503 0.57462705 3.85098641 1.052373156287e+01 4.461275538164e-01 2.721207217486e-01 1.236591625495e-01 1.544174778361e+02
0 57 4 1.90002485 0.99266293 0.90391503 0.57462705 3.85098641 1.070406133303e+01 5.311006446227e-01 3.030771661391e-01 1.199012427076e-01 1.640739729204e+02
0 58 4 1.90002485 0.99266293 0.90391503 0.57462705 3.85098641 1.145406597914e+01 6.865072022608e-01 3.415264384943e-01 1.160929014342e-01 1.663247671500e+02
0 59 4 1.90002485 0.99266293 0.90391503 0.57462705 3.85098641 1.138981860873e+01 8.865156420547e-01 3.936753746189e-01 1.084453299617e-01 1.748212481888e+02
0 60 4 1.90002485 0.99266293 0.90391503 0.57462705 3.85098641 1.243807431010e+01 1.122033144077e+00 4.539413091187e-01 1.018279340514e-01 1.798472728489e+02
0 61 4 1.90002485 0.99266293 0.90391503 0.57462705 3.85098641 1.212267803665e+01 1.348436564720e+00 5.195281576088e-01 9.447495477013e-02 1.858574779107e+02
0 62 4 1.90002485 0.99266293 0.90391503 0.57462705 3.85098641 1.347361060411e+01 1.552632787930e+00 5.990075739806e-01 8.854513950536e-02 1.945750159347e+02
0 63 4 1.90002485 0.99266293 0.90391503 0.57462705 3.85098641 1.292994385543e+01 1.686875448670e+00 6.889844602375e-01 8.398899980044e-02 1.977865885292e+02
1 0 4 1.36303248 0.95344095 0.96738719 0.52513618 2.25914275 3.408310460241e+00 1.169840502603e+00 9.113356689170e-01 7.846092684630e-02 2.430213532377e+01
1 1 4 1.36303248 0.95344095 0.96738719 0.52513618 2.25914275 3.278673827915e+00 9.901023388220e-01 7.917083699180e-01 8.158443280235e-02 2.402237224921e+01
1 2 4 1.36303248 0.95344095 0.96738719 0.52513618 2.25914275 3.271620826026e+00 7.974275313208e-01 6.837751902558e-01 8.409282344989e-02 2.264671774320e+01
1 3 4 1.36303248 0.95344095 0.96738719 0.52513618 2.25914275 2.949616850923e+00 6.295776252084e-01 5.934968667160e-01 8.593922960715e-02 2.233100201284e+01
1 4 4 1.36303248 0.95344095 0.96738719 0.52513618 2.25914275 3.123516773139e+00 4.904427045408e-01 5.129082990173e-01 8.617703217866e-02 2.107231141999e+01
1 5 4 1.36303248 0.95344095 0.96738719 0.52513618 2.25914275 2.673964297309e+00 4.013172150076e-01 4.392863108681e-01 8.607418171613e-02 2.077062889049e+01
1 6 4 1.36303248 0.95344095 0.96738719 0.52513618 2.25914275 2.956748972057e+00 3.609315121074e-01 3.818686225018e-01 8.352257415892e-02 1.963216527619e+01
1 7 4 1.36303248 0.95344095 0.96738719 0.52513618 2.25914275 2.446436685890e+00 3.707797239259e-01 3.401075308081e-01 8.130482952150e-02 1.931626115195e+01
1 8 4 1.36303248 0.95344095 0.96738719 0.52513618 2.25914275 2.770593899511e+00 4.221218724828e-01 3.049606942145e-01 7.634348901937e-02 1.828374180685e+01
1 9 4 1.36303248 0.95344095 0.96738719 0.52513618 2.25914275 2.274655337170e+00 5.005235154340e-01 2.798182919566e-01 7.232147068913e-02 1.799598387790e+01
1 10 4 1.36303248 0.95344095 0.96738719 0.52513618 2.25914275 2.566911186090e+00 5.949322728006e-01 2.698021327116e-01 6.597083023926e-02 1.706578794591e+01
1 11 4 1.36303248 0.95344095 0.96738719 0.52513618 2.25914275 2.144173878205e+00 6.813297165319e-01 2.676411968029e-01 6.083574552579e-02 1.677260884398e+01
1 12 4 1.36303248 0.95344095 0.96738719 0.52513618 2.25914275 2.357631867288e+00 7.558856174438e-01 2.699757289248e-01 5.435546005429e-02 1.595156416587e+01
1 13 4 1.36303248 0.95344095 0.96738719 0.52513618 2.25914275 2.051980345212e+00 7.958134668690e-01 2.821898973724e-01 4.902083865039e-02 1.568627475178e+01
1 14 4 1.36303248 0.95344095 0.96738719 0.52513618 2.25914275 2.148955906590e+00 8.067320111427e-01 3.026502732641e-01 4.352283967426e-02 1.495664518664e+01
1 15 4 1.36303248 0.95344095 0.96738719 0.52513618 2.25914275 1.981365824980e+00 7.787338102906e-01 3.248257995046e-01 3.891983758148e-02 1.469945544128e+01
1 16 4 1.36303248 0.95344095 0.96738719 0.52513618 2.25914275 1.957164737645e+00 7.201374257923e-01 3.495495977911e-01 3.511450521913e-02 1.407108501519e+01
1 17 4 1.36303248 0.95344095 0.96738719 0.52513618 2.25914275 1.926358959145e+00 6.384732255121e-01 3.803911786896e-01 3.197959768529e-02 1.385116140984e+01
1 18 4 1.36303248 0.95344095 0.96738719 0.52513618 2.25914275 1.786032737113e+00 5.394603197891e-01 4.137186114666e-01 3.009828280142e-02 1.329734038884e+01
1 19 4 1.36303248 0.95344095 0.96738719 0.52513618 2.25914275 1.874856835688e+00 4.419220360683e-01 4.441199564221e-01 2.880662420502e-02 1.310239451753e+01
1 20 4 1.36303248 0.95344095 0.96738719 0.52513618 2.25914275 1.649349871292e+00 3.489457943132e-01 4.746927906757e-01 2.867150084874e-02 1.264356772569e+01
1 21 4 1.36303248 0.95344095 0.96738719 0.52513618 2.25914275 1.823499039765e+00 2.785187444977e-01 5.091053573408e-01 2.916290919283e-02 1.248558125120e+01
1 22 4 1.36303248 0.95344095 0.96738719 0.52513618 2.25914275 1.544561219217e+00 2.308723935206e-01 5.408891933473e-01 3.033417917239e-02 1.209849940203e+01
1 23 4 1.36303248 0.95344095 0.96738719 0.52513618 2.25914275 1.767805646554e+00 2.148517940346e-01 5.663812909856e-01 3.215194234135e-02 1.197092773800e+01
1 24 4 1.36303248 0.95344095 0.96738719 0.52513618 2.25914275 1.480476038215e+00 2.261759204016e-01 5.927417113144e-01 3.408060762312e-02 1.167804099991e+01
1 25 4 1.36303248 0.95344095 0.96738719 0.52513618 2.25914275 1.708383994631e+00 2.639542955895e-01 6.202994921075e-01 3.650811619424e-02 1.158569435463e+01
1 26 4 1.36303248 0.95344095 0.96738719 0.52513618 2.25914275 1.448249149086e+00 3.204541224773e-01 6.407094572925e-01 3.864916323566e-02 1.135988752758e+01
1 27 4 1.36303248 0.95344095 0.96738719 0.52513618 2.25914275 1.647617866570e+00 3.870328355660e-01 6.557010998636e-01 4.090127336558e-02 1.130961388332e+01
1 28 4 1.36303248 0.95344095 0.96738719 0.52513618 2.25914275 1.452701725738e+00 4.571935031961e-01 6.721052018470e-01 4.277767582892e-02 1.116883111359e+01
1 29 4 1.36303248 0.95344095 0.96738719 0.52513618 2.25914275 1.588579561454e+00 5.165209824068e-01 6.861067960618e-01 4.419286996231e-02 1.115708141228e+01
1 30 4 1.36303248 0.95344095 0.96738719 0.52513618 2.25914275 1.480793883565e+00 5.642611962064e-01 6.921833208606e-01 4.542778044662e-02 1.108005725025e+01
1 31 4 1.36303248 0.95344095 0.96738719 0.52513618 2.25914275 1.538337494997e+00 5.859237568745e-01 6.943780158004e-01 4.561436838491e-02 1.111616769534e+01
1 32 4 1.36303248 0.95344095 0.96738719 0.52513618 2.25914275 1.535397285380e+00 5.865550165274e-01 6.970084800263e-01 4.595803714262e-02 1.112280414026e+01
1 33 4 1.36303248 0.95344095 0.96738719 0.52513618 2.25914275 1.500292311168e+00 5.602017966363e-01 6.959286734236e-01 4.486622093599e-02 1.119110976169e+01
1 34 4 1.36303248 0.95344095 0.96738719 0.52513618 2.25914275 1.601413622318e+00 5.133985074433e-01 6.869164557107e-01 4.423547715362e-02 1.126787635578e+01
1 35 4 1.36303248 0.95344095 0.96738719 0.52513618 2.25914275 1.484371474315e+00 4.526997938378e-01 6.747176138414e-01 4.214853755005e-02 1.138403220030e+01
1 36 4 1.36303248 0.95344095 0.96738719 0.52513618 2.25914275 1.681523785344e+00 3.827097747852e-01 6.635885108437e-01 4.067656320706e-02 1.154244007006e+01
1 37 4 1.36303248 0.95344095 0.96738719 0.52513618 2.25914275 1.492280968123e+00 3.183644975152e-01 6.474213616310e-01 3.813263678212e-02 1.168922342615e+01
1 38 4 1.36303248 0.95344095 0.96738719 0.52513618 2.25914275 1.760495976082e+00 2.624997123089e-01 6.232013343728e-01 3.620510533017e-02 1.191872296332e+01
1 39 4 1.36303248 0.95344095 0.96738719 0.52513618 2.25914275 1.535229470372e+00 2.304178422243e-01 5.989709683901e-01 3.387340273008e-02 1.211846578644e+01
1 40 4 1.36303248 0.95344095 0.96738719 0.52513618 2.25914275 1.842720061530e+00 2.225721250464e-01 5.758970777570e-01 3.211448177628e-02 1.242380179370e+01
1 41 4 1.36303248 0.95344095 0.96738719 0.52513618 2.25914275 1.610601642082e+00 2.480246572591e-01 5.461166339386e-01 3.065556031298e-02 1.265174520170e+01
1 42 4 1.36303248 0.95344095 0.96738719 0.52513618 2.25914275 1.915419978054e+00 3.016037961841e-01 5.120920477782e-01 2.983245778682e-02 1.303658907423e+01
1 43 4 1.36303248 0.95344095 0.96738719 0.52513618 2.25914275 1.728766869550e+00 3.829227886435e-01 4.815107967903e-01 2.977078053067e-02 1.331143661148e+01
1 44 4 1.36303248 0.95344095 0.96738719 0.52513618 2.25914275 1.987256726631e+00 4.816462973693e-01 4.510655716389e-01 3.061146014792e-02 1.377611968474e+01
1 45 4 1.36303248 0.95344095 0.96738719 0.52513618 2.25914275 1.879343047770e+00 5.870869223963e-01 4.165254430696e-01 3.224018786305e-02 1.406956677565e+01
1 46 4 1.36303248 0.95344095 0.96738719 0.52513618 2.25914275 2.051052533955e+00 6.907951176705e-01 3.834901444743e-01 3.519935401750e-02 1.462665993479e+01
1 47 4 1.36303248 0.95344095 0.96738719 0.52513618 2.25914275 2.069789773315e+00 7.733921891174e-01 3.562719843456e-01 3.852503378346e-02 1.496118613672e+01
1 48 4 1.36303248 0.95344095 0.96738719 0.52513618 2.25914275 2.121716073654e+00 8.348313669069e-01 3.312494904418e-01 4.357239477564e-02 1.559515802794e+01
1 49 4 1.36303248 0.95344095 0.96738719 0.52513618 2.25914275 2.279521296269e+00 8.551189618853e-01 3.072047440762e-01 4.829711697795e-02 1.594889270539e+01
1 50 4 1.36303248 0.95344095 0.96738719 0.52513618 2.25914275 2.199213459394e+00 8.425112821898e-01 2.905145130695e-01 5.481834015943e-02 1.668164518469e+01
1 51 4 1.36303248 0.95344095 0.96738719 0.52513618 2.25914275 2.513479812787e+00 7.901646275151e-01 2.837554185607e-01 6.035565477647e-02 1.707093514915e+01
1 52 4 1.36303248 0.95344095 0.96738719 0.52513618 2.25914275 2.303306145791e+00 7.098879803370e-01 2.817654835762e-01 6.723469761630e-02 1.788154548533e+01
1 53 4 1.36303248 0.95344095 0.96738719 0.52513618 2.25914275 2.742406370488e+00 6.150537851070e-01 2.866133076151e-01 7.276471942055e-02 1.828285961322e+01
1 54 4 1.36303248 0.95344095 0.96738719 0.52513618 2.25914275 2.438422581113e+00 5.162350422984e-01 3.064216006679e-01 7.865665585538e-02 1.921169289696e+01
1 55 4 1.36303248 0.95344095 0.96738719 0.52513618 2.25914275 2.973680526084e+00 4.389242608460e-01 3.375419070122e-01 8.323792817296e-02 1.962736786237e+01
1 56 4 1.36303248 0.95344095 0.96738719 0.52513618 2.25914275 2.622717100958e+00 3.891121666130e-01 3.750105111523e-01 8.696447485659e-02 2.064459740267e+01
1 57 4 1.36303248 0.95344095 0.96738719 0.52513618 2.25914275 3.175965985829e+00 3.901786369716e-01 4.276425005756e-01 8.972078513532e-02 2.106603486970e+01
1 58 4 1.36303248 0.95344095 0.96738719 0.52513618 2.25914275 2.858163992020e+00 4.390981353480e-01 4.981156721383e-01 9.066042050592e-02 2.221332208161e+01
1 59 4 1.36303248 0.95344095 0.96738719 0.52513618 2.25914275 3.367394535810e+00 5.477412398061e-01 5.765457313096e-01 9.103721042937e-02 2.263710463706e+01
1 60 4 1.36303248 0.95344095 0.96738719 0.52513618 2.25914275 3.151956096208e+00 6.991848571816e-01 6.645077354536e-01 8.936931219291e-02 2.387284481424e+01
1 61 4 1.36303248 0.95344095 0.96738719 0.52513618 2.25914275 3.523076020519e+00 8.886952653380e-01 7.712853178847e-01 8.740738149608e-02 2.430710900256e+01
1 62 4 1.36303248 0.95344095 0.96738719 0.52513618 2.25914275 3.496740739149e+00 1.090308794973e+00 8.914705458618e-01 8.411612864998e-02 2.568124277189e+01
1 63 4 1.36303248 0.95344095 0.96738719 0.52513618 2.25914275 3.678279398690e+00 1.280813960520e+00 1.014801268031e+00 8.064027942653e-02 2.609525351385e+01
4 0 4 1.73389570 2.22166780 1.25101414 0.79163547 2.49573575 8.544310654831e+00 3.250867710569e+01 1.469075636192e+00 4.739831894318e-01 3.545530497382e+01
4 1 4 1.73389570 2.22166780 1.25101414 0.79163547 2.49573575 9.338591562672e+00 3.046597069012e+01 1.433051075426e+00 4.535783368140e-01 3.360174293363e+01
4 2 4 1.73389570 2.22166780 1.25101414 0.79163547 2.49573575 7.709420217453e+00 2.737412484690e+01 1.407376683226e+00 4.316451103952e-01 3.561908799646e+01
4 3 4 1.73389570 2.22166780 1.25101414 0.79163547 2.49573575 7.582882736057e+00 2.370293365528e+01 1.382406849831e+00 4.074249334432e-01 3.162980448116e+01
4 4 4 1.73389570 2.22166780 1.25101414 0.79163547 2.49573575 8.376246610949e+00 1.992776678738e+01 1.377350942719e+00 3.832074999099e-01 3.036457385189e+01
4 5 4 1.73389570 2.22166780 1.25101414 0.79163547 2.49573575 6.974803778165e+00 1.648044392486e+01 1.371458477207e+00 3.601093716123e-01 3.198358240276e+01
4 6 4 1.73389570 2.22166780 1.25101414 0.79163547 2.49573575 6.725883712508e+00 1.379563133105e+01 1.368594312572e+00 3.361959450968e-01 2.822027230132e+01
4 7 4 1.73389570 2.22166780 1.25101414 0.79163547 2.49573575 7.514576958009e+00 1.210201661415e+01 1.382300777181e+00 3.134121630882e-01 2.746131058358e+01
4 8 4 1.73389570 2.22166780 1.25101414 0.79163547 2.49573575 6.327336721427e+00 1.147367372487e+01 1.389235633447e+00 2.906068751081e-01 2.873434785344e+01
4 9 4 1.73389570 2.22166780 1.25101414 0.79163547 2.49573575 5.977900692905e+00 1.186492557656e+01 1.400410652126e+00 2.717689349719e-01 2.523337941663e+01
4 10 4 1.73389570 2.22166780 1.25101414 0.79163547 2.49573575 6.741935567550e+00 1.303117090286e+01 1.420651897241e+00 2.530180993660e-01 2.488939749641e+01
4 11 4 1.73389570 2.22166780 1.25101414 0.79163547 2.49573575 5.760591216180e+00 1.464636309118e+01 1.431933549702e+00 2.375998436439e-01 2.586642974878e+01
4 12 4 1.73389570 2.22166780 1.25101414 0.79163547 2.49573575 5.344580382277e+00 1.638423194156e+01 1.451116754536e+00 2.221164694129e-01 2.266551238962e+01
4 13 4 1.73389570 2.22166780 1.25101414 0.79163547 2.49573575 6.073278162155e+00 1.786599857112e+01 1.472310178969e+00 2.114757046912e-01 2.266409713265e+01
4 14 4 1.73389570 2.22166780 1.25101414 0.79163547 2.49573575 5.266690878689e+00 1.882180470893e+01 1.482775085553e+00 2.013621621853e-01 2.338236708486e+01
4 15 4 1.73389570 2.22166780 1.25101414 0.79163547 2.49573575 4.800904618251e+00 1.909639716247e+01 1.502382117550e+00 1.950300330819e-01 2.049790413211e+01
4 16 4 1.73389570 2.22166780 1.25101414 0.79163547 2.49573575 5.498867381889e+00 1.858748014140e+01 1.519857131040e+00 1.883574338878e-01 2.079330657070e+01
4 17 4 1.73389570 2.22166780 1.25101414 0.79163547 2.49573575 4.861730443844e+00 1.738655351288e+01 1.529378192005e+00 1.855917818529e-01 2.129717678639e+01
4 18 4 1.73389570 2.22166780 1.25101414 0.79163547 2.49573575 4.365411167304e+00 1.565321224749e+01 1.547008547154e+00 1.832968922897e-01 1.871772352760e+01
4 19 4 1.73389570 2.22166780 1.25101414 0.79163547 2.49573575 5.026588193543e+00 1.359857024962e+01 1.557300750585e+00 1.838635411609e-01 1.927283353936e+01
4 20 4 1.73389570 2.22166780 1.25101414 0.79163547 2.49573575 4.536454581020e+00 1.152859485663e+01 1.563967970008e+00 1.837916544862e-01 1.961846591189e+01
4 21 4 1.73389570 2.22166780 1.25101414 0.79163547 2.49573575 4.024994260683e+00 9.687835991813e+00 1.579174091093e+00 1.857100289891e-01 1.732827226205e+01
4 22 4 1.73389570 2.22166780 1.25101414 0.79163547 2.49573575 4.660468543890e+00 8.291535122552e+00 1.584462581082e+00 1.878758336671e-01 1.810574938384e+01
4 23 4 1.73389570 2.22166780 1.25101414 0.79163547 2.49573575 4.301388274874e+00 7.508770969795e+00 1.588811537277e+00 1.913939059857e-01 1.833533568599e+01
4 24 4 1.73389570 2.22166780 1.25101414 0.79163547 2.49573575 3.774130269157e+00 7.378066748472e+00 1.599426707688e+00 1.942525020550e-01 1.632775365663e+01
4 25 4 1.73389570 2.22166780 1.25101414 0.79163547 2.49573575 4.385576513477e+00 7.867058308458e+00 1.600600241198e+00 1.970824262951e-01 1.731095551746e+01
4 26 4 1.73389570 2.22166780 1.25101414 0.79163547 2.49573575 4.152694027165e+00 8.876815773233e+00 1.605563415409e+00 2.000803306790e-01 1.744258920858e+01
4 27 4 1.73389570 2.22166780 1.25101414 0.79163547 2.49573575 3.621417220159e+00 1.020579501623e+01 1.613282728882e+00 2.029855298867e-01 1.569878037138e+01
4 28 4 1.73389570 2.22166780 1.25101414 0.79163547 2.49573575 4.219176611297e+00 1.164350459494e+01 1.610915032323e+00 2.056142097248e-01 1.689774894711e+01
4 29 4 1.73389570 2.22166780 1.25101414 0.79163547 2.49573575 4.097436032830e+00 1.297919156112e+01 1.615706894303e+00 2.066520880503e-01 1.695157451798e+01
4 30 4 1.73389570 2.22166780 1.25101414 0.79163547 2.49573575 3.555322891788e+00 1.398169467551e+01 1.621413257307e+00 2.080311502970e-01 1.543732050210e+01
4 31 4 1.73389570 2.22166780 1.25101414 0.79163547 2.49573575 4.147920192882e+00 1.452246529415e+01 1.618831713409e+00 2.082846868213e-01 1.685853448683e+01
4 32 4 1.73389570 2.22166780 1.25101414 0.79163547 2.49573575 4.140148681323e+00 1.452035994425e+01 1.623979786083e+00 2.089855864218e-01 1.685725164364e+01
4 33 4 1.73389570 2.22166780 1.25101414 0.79163547 2.49573575 3.582216608025e+00 1.395589472761e+01 1.625820111187e+00 2.072463416369e-01 1.555748864136e+01
4 34 4 1.73389570 2.22166780 1.25101414 0.79163547 2.49573575 4.169514300793e+00 1.294570534433e+01 1.622624620966e+00 2.062432000329e-01 1.720233406874e+01
4 35 4 1.73389570 2.22166780 1.25101414 0.79163547 2.49573575 4.272272485804e+00 1.162587199885e+01 1.628716711118e+00 2.036558586711e-01 1.713667078613e+01
4 36 4 1.73389570 2.22166780 1.25101414 0.79163547 2.49573575 3.697289268413e+00 1.019972302482e+01 1.627601750478e+00 2.024508059638e-01 1.605493999425e+01
4 37 4 1.73389570 2.22166780 1.25101414 0.79163547 2.49573575 4.291532102146e+00 8.920024126627e+00 1.622946328644e+00 1.988113288910e-01 1.795120768944e+01
4 38 4 1.73389570 2.22166780 1.25101414 0.79163547 2.49573575 4.512358668069e+00 7.985861502331e+00 1.626446711441e+00 1.964637933696e-01 1.779072294397e+01
4 39 4 1.73389570 2.22166780 1.25101414 0.79163547 2.49573575 3.904799181862e+00 7.589140396919e+00 1.621146266807e+00 1.927645658109e-01 1.691534137218e+01
4 40 4 1.73389570 2.22166780 1.25101414 0.79163547 2.49573575 4.498733079162e+00 7.860189032193e+00 1.616181608901e+00 1.914374167489e-01 1.909825286259e+01
4 41 4 1.73389570 2.22166780 1.25101414 0.79163547 2.49573575 4.848676660758e+00 8.805515072684e+00 1.615913077572e+00 1.886260757708e-01 1.882956945953e+01
4 42 4 1.73389570 2.22166780 1.25101414 0.79163547 2.49573575 4.206524631609e+00 1.036621815934e+01 1.603892341695e+00 1.877025215865e-01 1.815620220257e+01
4 43 4 1.73389570 2.22166780 1.25101414 0.79163547 2.49573575 4.797857978263e+00 1.238981201272e+01 1.596254458526e+00 1.863716548924e-01 2.062936015998e+01
4 44 4 1.73389570 2.22166780 1.25101414 0.79163547 2.49573575 5.283574665697e+00 1.460794764979e+01 1.591301420112e+00 1.881604820659e-01 2.022814219848e+01
4 45 4 1.73389570 2.22166780 1.25101414 0.79163547 2.49573575 4.595631132724e+00 1.676393356863e+01 1.574401967841e+00 1.902379938228e-01 1.979720745853e+01
4 46 4 1.73389570 2.22166780 1.25101414 0.79163547 2.49573575 5.180383818969e+00 1.857290638706e+01 1.563713629148e+00 1.945247297249e-01 2.256650589408e+01
4 47 4 1.73389570 2.22166780 1.25101414 0.79163547 2.49573575 5.829178154318e+00 1.976285730182e+01 1.551273374282e+00 1.998014648414e-01 2.196645210324e+01
4 48 4 1.73389570 2.22166780 1.25101414 0.79163547 2.49573575 5.091821648285e+00 2.021437483160e+01 1.530317447858e+00 2.081698034793e-01 2.182056847173e+01
4 49 4 1.73389570 2.22166780 1.25101414 0.79163547 2.49573575 5.647524657903e+00 1.984935872722e+01 1.519402462197e+00 2.189102921992e-01 2.491777106509e+01
4 50 4 1.73389570 2.22166780 1.25101414 0.79163547 2.49573575 6.466887051119e+00 1.874091322294e+01 1.502179275473e+00 2.313974611503e-01 2.406707586355e+01
4 51 4 1.73389570 2.22166780 1.25101414 0.79163547 2.49573575 5.680131290177e+00 1.713157221471e+01 1.479632002466e+00 2.461359977242e-01 2.422849805326e+01
4 52 4 1.73389570 2.22166780 1.25101414 0.79163547 2.49573575 6.196201421584e+00 1.529113097887e+01 1.469280739862e+00 2.625701261706e-01 2.764638493592e+01
4 53 4 1.73389570 2.22166780 1.25101414 0.79163547 2.49573575 7.210850674173e+00 1.361470043518e+01 1.451843340638e+00 2.829551932272e-01 2.652569852280e+01
4 54 4 1.73389570 2.22166780 1.25101414 0.79163547 2.49573575 6.370192260542e+00 1.250158706898e+01 1.436241663670e+00 3.034476853184e-01 2.706344682958e+01
4 55 4 1.73389570 2.22166780 1.25101414 0.79163547 2.49573575 6.816567304216e+00 1.224410908963e+01 1.431618238049e+00 3.266709740367e-01 3.075166559641e+01
4 56 4 1.73389570 2.22166780 1.25101414 0.79163547 2.49573575 8.050946621594e+00 1.308204159890e+01 1.418921087581e+00 3.486704628129e-01 2.930184036896e+01
4 57 4 1.73389570 2.22166780 1.25101414 0.79163547 2.49573575 7.177368391558e+00 1.508043701006e+01 1.417841905225e+00 3.749997974306e-01 3.032223880534e+01
4 58 4 1.73389570 2.22166780 1.25101414 0.79163547 2.49573575 7.528120979220e+00 1.808123701824e+01 1.427852251741e+00 3.988510287612e-01 3.426436469860e+01
4 59 4 1.73389570 2.22166780 1.25101414 0.79163547 2.49573575 8.987716701770e+00 2.183050021759e+01 1.431796289687e+00 4.249034112798e-01 3.241205281126e+01
4 60 4 1.73389570 2.22166780 1.25101414 0.79163547 2.49573575 8.080089959322e+00 2.589616717298e+01 1.454291028726e+00 4.460725424803e-01 3.397669258705e+01
4 61 4 1.73389570 2.22166780 1.25101414 0.79163547 2.49573575 8.302152666558e+00 2.972773372399e+01 1.485596577662e+00 4.706624032097e-01 3.814712155468e+01
4 62 4 1.73389570 2.22166780 1.25101414 0.79163547 2.49573575 1.001829518374e+01 3.287938650267e+01 1.519137716500e+00 4.903782200243e-01 3.589068801311e+01
4 63 4 1.73389570 2.22166780 1.25101414 0.79163547 2.49573575 9.106503886292e+00 3.487714260477e+01 1.578660443574e+00 5.112352094342e-01 3.806905360022e+01
10 0 4 1.10327228 1.27401750 1.52486009 0.54349822 1.71923241 1.720092244511e+00 1.767590339979e+00 5.460869082311e+00 9.203883713648e-02 9.154773864737e+00
10 1 4 1.10327228 1.27401750 1.52486009 0.54349822 1.71923241 1.428584549532e+00 1.558100311297e+00 4.812166562075e+00 8.790470686074e-02 8.184999889897e+00
10 2 4 1.10327228 1.27401750 1.52486009 0.54349822 1.71923241 1.199939181571e+00 1.462799283737e+00 4.195515272836e+00 8.371541226880e-02 7.386456262388e+00
10 3 4 1.10327228 1.27401750 1.52486009 0.54349822 1.71923241 1.517695889304e+00 1.480832604378e+00 3.642162219183e+00 8.022734963673e-02 8.308555895069e+00
10 4 4 1.10327228 1.27401750 1.52486009 0.54349822 1.71923241 1.330869402119e+00 1.598121486972e+00 3.182708231474e+00 7.608617138949e-02 7.104947431295e+00
10 5 4 1.10327228 1.27401750 1.52486009 0.54349822 1.71923241 1.057512009971e+00 1.770874326214e+00 2.777821509316e+00 7.322898144650e-02 6.802475861299e+00
10 6 4 1.10327228 1.27401750 1.52486009 0.54349822 1.71923241 1.323430396296e+00 1.992551303325e+00 2.428735074339e+00 6.929653634718e-02 7.453300083062e+00
10 7 4 1.10327228 1.27401750 1.52486009 0.54349822 1.71923241 1.236149671589e+00 2.205456315968e+00 2.164069685412e+00 6.701927967218e-02 6.203069421317e+00
10 8 4 1.10327228 1.27401750 1.52486009 0.54349822 1.71923241 9.433621133903e-01 2.405159852969e+00 1.971226461933e+00 6.342495788653e-02 6.295081291339e+00
10 9 4 1.10327228 1.27401750 1.52486009 0.54349822 1.71923241 1.148036775281e+00 2.550632063604e+00 1.824174632271e+00 6.165085972276e-02 6.629324182565e+00
10 10 4 1.10327228 1.27401750 1.52486009 0.54349822 1.71923241 1.148038875867e+00 2.623896862158e+00 1.737031787256e+00 5.848513071337e-02 5.472451466289e+00
10 11 4 1.10327228 1.27401750 1.52486009 0.54349822 1.71923241 8.516163389091e-01 2.631728444143e+00 1.718584731899e+00 5.712160959798e-02 5.839381340677e+00
10 12 4 1.10327228 1.27401750 1.52486009 0.54349822 1.71923241 9.948032638793e-01 2.548651975198e+00 1.735590258004e+00 5.443545694951e-02 5.869869562951e+00
10 13 4 1.10327228 1.27401750 1.52486009 0.54349822 1.71923241 1.059860280814e+00 2.408721644818e+00 1.786604354433e+00 5.338377306846e-02 4.895363070149e+00
10 14 4 1.10327228 1.27401750 1.52486009 0.54349822 1.71923241 7.834307862551e-01 2.202164088458e+00 1.884467539064e+00 5.119306543588e-02 5.431934360133e+00
10 15 4 1.10327228 1.27401750 1.52486009 0.54349822 1.71923241 8.668852261039e-01 1.957258151338e+00 2.014395780537e+00 5.035731463872e-02 5.189404139323e+00
10 16 4 1.10327228 1.27401750 1.52486009 0.54349822 1.71923241 9.761908152984e-01 1.700172304920e+00 2.150306978007e+00 4.864968483344e-02 4.462582377602e+00
10 17 4 1.10327228 1.27401750 1.52486009 0.54349822 1.71923241 7.350974236567e-01 1.438159205460e+00 2.308074836709e+00 4.794476531776e-02 5.067191525774e+00
10 18 4 1.10327228 1.27401750 1.52486009 0.54349822 1.71923241 7.587968701243e-01 1.209538234548e+00 2.490025418308e+00 4.668702127797e-02 4.603791635833e+00
10 19 4 1.10327228 1.27401750 1.52486009 0.54349822 1.71923241 9.023889459304e-01 1.012295966879e+00 2.666557134886e+00 4.604500393367e-02 4.164247396537e+00
10 20 4 1.10327228 1.27401750 1.52486009 0.54349822 1.71923241 7.034441567329e-01 8.732792957777e-01 2.836217246837e+00 4.518987346542e-02 4.737260675291e+00
10 21 4 1.10327228 1.27401750 1.52486009 0.54349822 1.71923241 6.747779651412e-01 7.934236714764e-01 3.015893635370e+00 4.456415399167e-02 4.134978950747e+00
10 22 4 1.10327228 1.27401750 1.52486009 0.54349822 1.71923241 8.393030339705e-01 7.736590461099e-01 3.195340535755e+00 4.405592139345e-02 3.979689786967e+00
10 23 4 1.10327228 1.27401750 1.52486009 0.54349822 1.71923241 6.835566193450e-01 8.155335049998e-01 3.346764935903e+00 4.342274438515e-02 4.448583807779e+00
10 24 4 1.10327228 1.27401750 1.52486009 0.54349822 1.71923241 6.151108353537e-01 9.003551487103e-01 3.489983996546e+00 4.320185744476e-02 3.793966158514e+00
10 25 4 1.10327228 1.27401750 1.52486009 0.54349822 1.71923241 7.870074216869e-01 1.030616831286e+00 3.634203437939e+00 4.255923746034e-02 3.888211162012e+00
10 26 4 1.10327228 1.27401750 1.52486009 0.54349822 1.71923241 6.801402998751e-01 1.176777877290e+00 3.755405000351e+00 4.256619668906e-02 4.218360227776e+00
10 27 4 1.10327228 1.27401750 1.52486009 0.54349822 1.71923241 5.775653367958e-01 1.334097685851e+00 3.846128938825e+00 4.193075760696e-02 3.576686540404e+00
10 28 4 1.10327228 1.27401750 1.52486009 0.54349822 1.71923241 7.451860012290e-01 1.481112810035e+00 3.929921381046e+00 4.210960825126e-02 3.882708611115e+00
10 29 4 1.10327228 1.27401750 1.52486009 0.54349822 1.71923241 6.915019236797e-01 1.601717501793e+00 4.006321455805e+00 4.151223407151e-02 4.055370842102e+00
10 30 4 1.10327228 1.27401750 1.52486009 0.54349822 1.71923241 5.596944713411e-01 1.695934096475e+00 4.044862261227e+00 4.181386382779e-02 3.479320632362e+00
10 31 4 1.10327228 1.27401750 1.52486009 0.54349822 1.71923241 7.196275819886e-01 1.737181400420e+00 4.060986919809e+00 4.129517708997e-02 3.963404280695e+00
10 32 4 1.10327228 1.27401750 1.52486009 0.54349822 1.71923241 7.168513298785e-01 1.738748732911e+00 4.072273519523e+00 4.168045706864e-02 3.958239592067e+00
10 33 4 1.10327228 1.27401750 1.52486009 0.54349822 1.71923241 5.619229334370e-01 1.688350431758e+00 4.062911189319e+00 4.128699037829e-02 3.507184693657e+00
10 34 4 1.10327228 1.27401750 1.52486009 0.54349822 1.71923241 7.073402446938e-01 1.595454901452e+00 4.015323844448e+00 4.172962940653e-02 4.122776827568e+00
10 35 4 1.10327228 1.27401750 1.52486009 0.54349822 1.71923241 7.546241577434e-01 1.474403644585e+00 3.953764027461e+00 4.151119113398e-02 3.930801444097e+00
10 36 4 1.10327228 1.27401750 1.52486009 0.54349822 1.71923241 5.877830479926e-01 1.322629890079e+00 3.888271099647e+00 4.200003480441e-02 3.665945056954e+00
10 37 4 1.10327228 1.27401750 1.52486009 0.54349822 1.71923241 7.076049351947e-01 1.172143462378e+00 3.789539305155e+00 4.200829475860e-02 4.346866508197e+00
10 38 4 1.10327228 1.27401750 1.52486009 0.54349822 1.71923241 8.074900884485e-01 1.024681692765e+00 3.663913290255e+00 4.254872544063e-02 3.986032755555e+00
10 39 4 1.10327228 1.27401750 1.52486009 0.54349822 1.71923241 6.340813143987e-01 9.070148463825e-01 3.534475469517e+00 4.283657047062e-02 3.952398635530e+00
10 40 4 1.10327228 1.27401750 1.52486009 0.54349822 1.71923241 7.190809125733e-01 8.301753969253e-01 3.396949966522e+00 4.345068726791e-02 4.628718766364e+00
10 41 4 1.10327228 1.27401750 1.52486009 0.54349822 1.71923241 8.760364218617e-01 8.024583162646e-01 3.228089813840e+00 4.407152567302e-02 4.134056570602e+00
10 42 4 1.10327228 1.27401750 1.52486009 0.54349822 1.71923241 7.023176370503e-01 8.422073481992e-01 3.050465852199e+00 4.479691209964e-02 4.360577121726e+00
10 43 4 1.10327228 1.27401750 1.52486009 0.54349822 1.71923241 7.457789151261e-01 9.398099031478e-01 2.882910049107e+00 4.580294267785e-02 4.967259785924e+00
10 44 4 1.10327228 1.27401750 1.52486009 0.54349822 1.71923241 9.540554634769e-01 1.107662571888e+00 2.704594835243e+00 4.669002205462e-02 4.378951015787e+00
10 45 4 1.10327228 1.27401750 1.52486009 0.54349822 1.71923241 7.933686703475e-01 1.321245465499e+00 2.516388980172e+00 4.812862307787e-02 4.891517632240e+00
10 46 4 1.10327228 1.27401750 1.52486009 0.54349822 1.71923241 7.875523720461e-01 1.578307857741e+00 2.345304151474e+00 4.923677022326e-02 5.352216818125e+00
10 47 4 1.10327228 1.27401750 1.52486009 0.54349822 1.71923241 1.041278436962e+00 1.857895545376e+00 2.197185593742e+00 5.114465724388e-02 4.732720993404e+00
10 48 4 1.10327228 1.27401750 1.52486009 0.54349822 1.71923241 9.125990407403e-01 2.130297741608e+00 2.050888836304e+00 5.253729446532e-02 5.544662752991e+00
10 49 4 1.10327228 1.27401750 1.52486009 0.54349822 1.71923241 8.420498456714e-01 2.389688984076e+00 1.930151546718e+00 5.493289795864e-02 5.766585879395e+00
10 50 4 1.10327228 1.27401750 1.52486009 0.54349822 1.71923241 1.135624174300e+00 2.588318419620e+00 1.856133352453e+00 5.667173449895e-02 5.221886096929e+00
10 51 4 1.10327228 1.27401750 1.52486009 0.54349822 1.71923241 1.055501324995e+00 2.734425079601e+00 1.815484939262e+00 5.954717512471e-02 6.299974378358e+00
10 52 4 1.10327228 1.27401750 1.52486009 0.54349822 1.71923241 9.147158925572e-01 2.798884243883e+00 1.807753441800e+00 6.168563920631e-02 6.209313572881e+00
10 53 4 1.10327228 1.27401750 1.52486009 0.54349822 1.71923241 1.238882560053e+00 2.776529115124e+00 1.864236750245e+00 6.500042296019e-02 5.870889098795e+00
10 54 4 1.10327228 1.27401750 1.52486009 0.54349822 1.71923241 1.220087036622e+00 2.683893860730e+00 1.986946709286e+00 6.757635388675e-02 7.123843972896e+00
10 55 4 1.10327228 1.27401750 1.52486009 0.54349822 1.71923241 1.010036973232e+00 2.507037684837e+00 2.153613476881e+00 7.125513311032e-02 6.699859331080e+00
10 56 4 1.10327228 1.27401750 1.52486009 0.54349822 1.71923241 1.340951394781e+00 2.299125354445e+00 2.391802421249e+00 7.428310602709e-02 6.686243321627e+00
10 57 4 1.10327228 1.27401750 1.52486009 0.54349822 1.71923241 1.408299018227e+00 2.061135065934e+00 2.717361464087e+00 7.821933085068e-02 7.992848417598e+00
10 58 4 1.10327228 1.27401750 1.52486009 0.54349822 1.71923241 1.133999150610e+00 1.838119577627e+00 3.106538162600e+00 8.168360350354e-02 7.257430185971e+00
10 59 4 1.10327228 1.27401750 1.52486009 0.54349822 1.71923241 1.442378136412e+00 1.663761768967e+00 3.550363266751e+00 8.574964743551e-02 7.667118979981e+00
10 60 4 1.10327228 1.27401750 1.52486009 0.54349822 1.71923241 1.617974978215e+00 1.558873068418e+00 4.089710887632e+00 8.959945666853e-02 8.890755578584e+00
10 61 4 1.10327228 1.27401750 1.52486009 0.54349822 1.71923241 1.282282860188e+00 1.572799696834e+00 4.706129924573e+00 9.366216349410e-02 7.897805315073e+00
10 62 4 1.10327228 1.27401750 1.52486009 0.54349822 1.71923241 1.547058926266e+00 1.693652102759e+00 5.356995763772e+00 9.781157998241e-02 8.819007355662e+00
10 63 4 1.10327228 1.27401750 1.52486009 0.54349822 1.71923241 1.842893094025e+00 1.956059429083e+00 6.069988000193e+00 1.017506818929e-01 9.785487977890e+00
14 0 4 1.45274348 1.05130097 1.04248610 0.54970089 2.64142410 4.430202495485e+00 1.744295052706e+00 1.174826565644e+00 1.013905716312e-01 4.375820031604e+01
14 1 4 1.45274348 1.05130097 1.04248610 0.54970089 2.64142410 4.330873064181e+00 1.478922538115e+00 1.032263433678e+00 1.050169225462e-01 4.454075310315e+01
14 2 4 1.45274348 1.05130097 1.04248610 0.54970089 2.64142410 3.932721570478e+00 1.211858416216e+00 8.941841371041e-01 1.052698277404e-01 4.066090302536e+01
14 3 4 1.45274348 1.05130097 1.04248610 0.54970089 2.64142410 4.177226741494e+00 9.561785077445e-01 7.688388668167e-01 1.063063690309e-01 4.150213618796e+01
14 4 4 1.45274348 1.05130097 1.04248610 0.54970089 2.64142410 3.537235534185e+00 7.528281624961e-01 6.688901837414e-01 1.046196619496e-01 3.780783483874e+01
14 5 4 1.45274348 1.05130097 1.04248610 0.54970089 2.64142410 3.959302244341e+00 6.102452573355e-01 5.827534577447e-01 1.024795136674e-01 3.869081317636e+01
14 6 4 1.45274348 1.05130097 1.04248610 0.54970089 2.64142410 3.265141184336e+00 5.435756749677e-01 5.062263979434e-01 9.869977455909e-02 3.516605495738e+01
14 7 4 1.45274348 1.05130097 1.04248610 0.54970089 2.64142410 3.650779626268e+00 5.468283359766e-01 4.505138563375e-01 9.392256134791e-02 3.603955769245e+01
14 8 4 1.45274348 1.05130097 1.04248610 0.54970089 2.64142410 3.106399436137e+00 6.124112786739e-01 4.126449553124e-01 8.821511676857e-02 3.276103439060e+01
14 9 4 1.45274348 1.05130097 1.04248610 0.54970089 2.64142410 3.299270253091e+00 7.215640982337e-01 3.835170425541e-01 8.202031885715e-02 3.361629765089e+01
14 10 4 1.45274348 1.05130097 1.04248610 0.54970089 2.64142410 3.015923321269e+00 8.514980077561e-01 3.676621943163e-01 7.500568321993e-02 3.056102096050e+01
14 11 4 1.45274348 1.05130097 1.04248610 0.54970089 2.64142410 2.937907235021e+00 9.823208634752e-01 3.680568831978e-01 6.868224079839e-02 3.136191226847e+01
14 12 4 1.45274348 1.05130097 1.04248610 0.54970089 2.64142410 2.946919201947e+00 1.085693403057e+00 3.766804326410e-01 6.142824995602e-02 2.859989792777e+01
14 13 4 1.45274348 1.05130097 1.04248610 0.54970089 2.64142410 2.628829770408e+00 1.155456201753e+00 3.910216688609e-01 5.591750699066e-02 2.933243137301e+01
14 14 4 1.45274348 1.05130097 1.04248610 0.54970089 2.64142410 2.850674840441e+00 1.168764056671e+00 4.164280078736e-01 4.966572651005e-02 2.683542339974e+01
14 15 4 1.45274348 1.05130097 1.04248610 0.54970089 2.64142410 2.396643815887e+00 1.138420909456e+00 4.497936891599e-01 4.547979464613e-02 2.748899558955e+01
14 16 4 1.45274348 1.05130097 1.04248610 0.54970089 2.64142410 2.709733451737e+00 1.054155253314e+00 4.831583588195e-01 4.121378245810e-02 2.530032274977e+01
14 17 4 1.45274348 1.05130097 1.04248610 0.54970089 2.64142410 2.259212022103e+00 9.400312481854e-01 5.199373823837e-01 3.857542890590e-02 2.587539704813e+01
14 18 4 1.45274348 1.05130097 1.04248610 0.54970089 2.64142410 2.519857177479e+00 7.995215779649e-01 5.640924806938e-01 3.667893882565e-02 2.395361903538e+01
14 19 4 1.45274348 1.05130097 1.04248610 0.54970089 2.64142410 2.198669278653e+00 6.568400512447e-01 6.066498880700e-01 3.566303811697e-02 2.445805454081e+01
14 20 4 1.45274348 1.05130097 1.04248610 0.54970089 2.64142410 2.309678265518e+00 5.243381033481e-01 6.446382241126e-01 3.586182517415e-02 2.283675971462e+01
14 21 4 1.45274348 1.05130097 1.04248610 0.54970089 2.64142410 2.188582088583e+00 4.181330170164e-01 6.867867626357e-01 3.640335351820e-02 2.326361731626e+01
14 22 4 1.45274348 1.05130097 1.04248610 0.54970089 2.64142410 2.106145268363e+00 3.494395729001e-01 7.296905708390e-01 3.799401739175e-02 2.191070572235e+01
14 23 4 1.45274348 1.05130097 1.04248610 0.54970089 2.64142410 2.193010334465e+00 3.218860318805e-01 7.638463372279e-01 3.979521511928e-02 2.226945007957e+01
14 24 4 1.45274348 1.05130097 1.04248610 0.54970089 2.64142410 1.949307140636e+00 3.380978476069e-01 7.956305069053e-01 4.199162315577e-02 2.121372609655e+01
14 25 4 1.45274348 1.05130097 1.04248610 0.54970089 2.64142410 2.182584643717e+00 3.894989437623e-01 8.302664709312e-01 4.446566086124e-02 2.149710501072e+01
14 26 4 1.45274348 1.05130097 1.04248610 0.54970089 2.64142410 1.855319967058e+00 4.713834564552e-01 8.581292329120e-01 4.665558850181e-02 2.070343048618e+01
14 27 4 1.45274348 1.05130097 1.04248610 0.54970089 2.64142410 2.142338506136e+00 5.660127536882e-01 8.774030680807e-01 4.901754333924e-02 2.093348948169e+01
14 28 4 1.45274348 1.05130097 1.04248610 0.54970089 2.64142410 1.839956157442e+00 6.674609683109e-01 8.971193618770e-01 5.082353398423e-02 2.042024621287e+01
14 29 4 1.45274348 1.05130097 1.04248610 0.54970089 2.64142410 2.070638483917e+00 7.532894986762e-01 9.151653505453e-01 5.232276040017e-02 2.058725268397e+01
14 30 4 1.45274348 1.05130097 1.04248610 0.54970089 2.64142410 1.886412667376e+00 8.218418351691e-01 9.235830877647e-01 5.351157361672e-02 2.032738778549e+01
14 31 4 1.45274348 1.05130097 1.04248610 0.54970089 2.64142410 1.985773019381e+00 8.538502384951e-01 9.263525892317e-01 5.369030534358e-02 2.044821997742e+01
14 32 4 1.45274348 1.05130097 1.04248610 0.54970089 2.64142410 1.982354333080e+00 8.544846276708e-01 9.296407034331e-01 5.406845853351e-02 2.046759493547e+01
14 33 4 1.45274348 1.05130097 1.04248610 0.54970089 2.64142410 1.910270794796e+00 8.162746843927e-01 9.279597208931e-01 5.290615649507e-02 2.051808794971e+01
14 34 4 1.45274348 1.05130097 1.04248610 0.54970089 2.64142410 2.089251715428e+00 7.493414838208e-01 9.163466334909e-01 5.232285274814e-02 2.080065541912e+01
14 35 4 1.45274348 1.05130097 1.04248610 0.54970089 2.64142410 1.877253325953e+00 6.606393102896e-01 9.017851573197e-01 5.019495835333e-02 2.079841928164e+01
14 36 4 1.45274348 1.05130097 1.04248610 0.54970089 2.64142410 2.190504334785e+00 5.611158295763e-01 8.877213371114e-01 4.867114204912e-02 2.136551142748e+01
14 37 4 1.45274348 1.05130097 1.04248610 0.54970089 2.64142410 1.905971199655e+00 4.676435602116e-01 8.655689465608e-01 4.616411200508e-02 2.128589038875e+01
14 38 4 1.45274348 1.05130097 1.04248610 0.54970089 2.64142410 2.255480604673e+00 3.890617675359e-01 8.349710266592e-01 4.405105782356e-02 2.212174474633e+01
14 39 4 1.45274348 1.05130097 1.04248610 0.54970089 2.64142410 2.013935670360e+00 3.438378357453e-01 8.059652701359e-01 4.175803907093e-02 2.198665392988e+01
14 40 4 1.45274348 1.05130097 1.04248610 0.54970089 2.64142410 2.293133028505e+00 3.350070628663e-01 7.754056790536e-01 3.977941214940e-02 2.311329881953e+01
14 41 4 1.45274348 1.05130097 1.04248610 0.54970089 2.64142410 2.189642056157e+00 3.742317215523e-01 7.350592137440e-01 3.819722647758e-02 2.288552515896e+01
14 42 4 1.45274348 1.05130097 1.04248610 0.54970089 2.64142410 2.303762837665e+00 4.531998906546e-01 6.931490318987e-01 3.728414755549e-02 2.430081625746e+01
14 43 4 1.45274348 1.05130097 1.04248610 0.54970089 2.64142410 2.418308469698e+00 5.737128373776e-01 6.556257174664e-01 3.684045955033e-02 2.399789488952e+01
14 44 4 1.45274348 1.05130097 1.04248610 0.54970089 2.64142410 2.330943768495e+00 7.143104627183e-01 6.134789704034e-01 3.780225605740e-02 2.572495005452e+01
14 45 4 1.45274348 1.05130097 1.04248610 0.54970089 2.64142410 2.657224047255e+00 8.703509153920e-01 5.673819319372e-01 3.892268517290e-02 2.530554839071e+01
14 46 4 1.45274348 1.05130097 1.04248610 0.54970089 2.64142410 2.396742905714e+00 1.013089674711e+00 5.278355105389e-01 4.211989755364e-02 2.733938878569e+01
14 47 4 1.45274348 1.05130097 1.04248610 0.54970089 2.64142410 2.878646035593e+00 1.135661226778e+00 4.921505047219e-01 4.519167373158e-02 2.683785116547e+01
14 48 4 1.45274348 1.05130097 1.04248610 0.54970089 2.64142410 2.550221161583e+00 1.214234489548e+00 4.550846720592e-01 5.039742250913e-02 2.918408646761e+01
14 49 4 1.45274348 1.05130097 1.04248610 0.54970089 2.64142410 3.046084774671e+00 1.243022197913e+00 4.245050380734e-01 5.555930261868e-02 2.856385993594e+01
14 50 4 1.45274348 1.05130097 1.04248610 0.54970089 2.64142410 2.792112269636e+00 1.217345077183e+00 4.051810635355e-01 6.207991700350e-02 3.121726120826e+01
14 51 4 1.45274348 1.05130097 1.04248610 0.54970089 2.64142410 3.164581199056e+00 1.136859272578e+00 3.915383213551e-01 6.893418381422e-02 3.051950596036e+01
14 52 4 1.45274348 1.05130097 1.04248610 0.54970089 2.64142410 3.131587366237e+00 1.022145445813e+00 3.849594467373e-01 7.588465928595e-02 3.348104750415e+01
14 53 4 1.45274348 1.05130097 1.04248610 0.54970089 2.64142410 3.244986855904e+00 8.802105270706e-01 3.941307959191e-01 8.336080903060e-02 3.266226428283e+01
14 54 4 1.45274348 1.05130097 1.04248610 0.54970089 2.64142410 3.516116222035e+00 7.478031419080e-01 4.175917298798e-01 8.989374590621e-02 3.593012613896e+01
14 55 4 1.45274348 1.05130097 1.04248610 0.54970089 2.64142410 3.343817963921e+00 6.352698485307e-01 4.499133646184e-01 9.646375662526e-02 3.504901169934e+01
14 56 4 1.45274348 1.05130097 1.04248610 0.54970089 2.64142410 3.911778696339e+00 5.792434262446e-01 4.989652869635e-01 1.018241450495e-01 3.859563342964e+01
14 57 4 1.45274348 1.05130097 1.04248610 0.54970089 2.64142410 3.505208138126e+00 5.842955081437e-01 5.701560922061e-01 1.060565030989e-01 3.762901602656e+01
14 58 4 1.45274348 1.05130097 1.04248610 0.54970089 2.64142410 4.245097317657e+00 6.738021736420e-01 6.530104303031e-01 1.095303186262e-01 4.143444799444e+01
14 59 4 1.45274348 1.05130097 1.04248610 0.54970089 2.64142410 3.788242169808e+00 8.342915048477e-01 7.485851973110e-01 1.107128282974e-01 4.047071510459e+01
14 60 4 1.45274348 1.05130097 1.04248610 0.54970089 2.64142410 4.501186711782e+00 1.068435032939e+00 8.701759618112e-01 1.116816051055e-01 4.447950803241e+01
14 61 4 1.45274348 1.05130097 1.04248610 0.54970089 2.64142410 4.198505194957e+00 1.339920628797e+00 1.008361292999e+00 1.101494132283e-01 4.349961573191e+01
14 62 4 1.45274348 1.05130097 1.04248610 0.54970089 2.64142410 4.661097731769e+00 1.631629732820e+00 1.151180879597e+00 1.083975949257e-01 4.770061549567e+01
14 63 4 1.45274348 1.05130097 1.04248610 0.54970089 2.64142410 4.727722903828e+00 1.899672080897e+00 1.314233863820e+00 1.053770243986e-01 4.679965882038e+01
16 0 4 1.97107892 1.95216279 1.04791218 0.91233516 2.23305861 1.541523980491e+01 1.770620197632e+01 8.802326476844e-01 8.379846243451e-01 2.190581774128e+01
16 1 4 1.97107892 1.95216279 1.04791218 0.91233516 2.23305861 1.294711259618e+01 1.526467503867e+01 8.647200211499e-01 8.368667407128e-01 2.346294981339e+01
16 2 4 1.97107892 1.95216279 1.04791218 0.91233516 2.23305861 1.384083028004e+01 1.279348091778e+01 8.589706410223e-01 8.253083147410e-01 2.271938872944e+01
16 3 4 1.97107892 1.95216279 1.04791218 0.91233516 2.23305861 1.364740242242e+01 1.058511632050e+01 8.467886841333e-01 8.072878058005e-01 1.966792328508e+01
16 4 4 1.97107892 1.95216279 1.04791218 0.91233516 2.23305861 1.157059782034e+01 8.843636145693e+00 8.395625338926e-01 7.788586303475e-01 2.106094915926e+01
16 5 4 1.97107892 1.95216279 1.04791218 0.91233516 2.23305861 1.261657976365e+01 7.686556480990e+00 8.365278368796e-01 7.464591650688e-01 2.037087167044e+01
16 6 4 1.97107892 1.95216279 1.04791218 0.91233516 2.23305861 1.205378272131e+01 7.183903653532e+00 8.264751838883e-01 7.050685176653e-01 1.765786026626e+01
16 7 4 1.97107892 1.95216279 1.04791218 0.91233516 2.23305861 1.040298194739e+01 7.303074545408e+00 8.236202172918e-01 6.624329914501e-01 1.892701373081e+01
16 8 4 1.97107892 1.95216279 1.04791218 0.91233516 2.23305861 1.148832254304e+01 7.913624943325e+00 8.200900190977e-01 6.129668420508e-01 1.829516988179e+01
16 9 4 1.97107892 1.95216279 1.04791218 0.91233516 2.23305861 1.064114090704e+01 8.859060265573e+00 8.122197264510e-01 5.654751636447e-01 1.586937005259e+01
16 10 4 1.97107892 1.95216279 1.04791218 0.91233516 2.23305861 9.411710361683e+00 9.956319188124e+00 8.121040727250e-01 5.145017502769e-01 1.702566717009e+01
16 11 4 1.97107892 1.95216279 1.04791218 0.91233516 2.23305861 1.044850954015e+01 1.098538283508e+01 8.075139419370e-01 4.691362622754e-01 1.647330246328e+01
16 12 4 1.97107892 1.95216279 1.04791218 0.91233516 2.23305861 9.414034462576e+00 1.177900575389e+01 8.018364633346e-01 4.238467304001e-01 1.433127488330e+01
16 13 4 1.97107892 1.95216279 1.04791218 0.91233516 2.23305861 8.590275817923e+00 1.222564634743e+01 8.017870162353e-01 3.867632188633e-01 1.540171831714e+01
16 14 4 1.97107892 1.95216279 1.04791218 0.91233516 2.23305861 9.525804034050e+00 1.222894169516e+01 7.949778609638e-01 3.521062223697e-01 1.490704401109e+01
16 15 4 1.97107892 1.95216279 1.04791218 0.91233516 2.23305861 8.390810979481e+00 1.178662861675e+01 7.903628477967e-01 3.265284703535e-01 1.300113976254e+01
16 16 4 1.97107892 1.95216279 1.04791218 0.91233516 2.23305861 7.931229955253e+00 1.096605436730e+01 7.885880789235e-01 3.044723346683e-01 1.401898311288e+01
16 17 4 1.97107892 1.95216279 1.04791218 0.91233516 2.23305861 8.721933741514e+00 9.842642745706e+00 7.806095208956e-01 2.911461305743e-01 1.361279061125e+01
16 18 4 1.97107892 1.95216279 1.04791218 0.91233516 2.23305861 7.550847613639e+00 8.554603642444e+00 7.777227359834e-01 2.816900247115e-01 1.192402624751e+01
16 19 4 1.97107892 1.95216279 1.04791218 0.91233516 2.23305861 7.408117568751e+00 7.261529022624e+00 7.747350404171e-01 2.798164202467e-01 1.289873748648e+01
16 20 4 1.97107892 1.95216279 1.04791218 0.91233516 2.23305861 8.037754645308e+00 6.086678730519e+00 7.674390654161e-01 2.815396368755e-01 1.256265747636e+01
16 21 4 1.97107892 1.95216279 1.04791218 0.91233516 2.23305861 6.894805462239e+00 5.153317380987e+00 7.660779061463e-01 2.889602590700e-01 1.106448395018e+01
16 22 4 1.97107892 1.95216279 1.04791218 0.91233516 2.23305861 7.030939795099e+00 4.557559792151e+00 7.616221097136e-01 2.990096744947e-01 1.203843957622e+01
16 23 4 1.97107892 1.95216279 1.04791218 0.91233516 2.23305861 7.499938765665e+00 4.330395449432e+00 7.554776371420e-01 3.121869433429e-01 1.178495603956e+01
16 24 4 1.97107892 1.95216279 1.04791218 0.91233516 2.23305861 6.427864264278e+00 4.466516421304e+00 7.548186618228e-01 3.264907838099e-01 1.044257146471e+01
16 25 4 1.97107892 1.95216279 1.04791218 0.91233516 2.23305861 6.799752302860e+00 4.931419194557e+00 7.496333480408e-01 3.411387329567e-01 1.142979284605e+01
16 26 4 1.97107892 1.95216279 1.04791218 0.91233516 2.23305861 7.104806759222e+00 5.637746874738e+00 7.461382715750e-01 3.555551531707e-01 1.126020269856e+01
16 27 4 1.97107892 1.95216279 1.04791218 0.91233516 2.23305861 6.132813198111e+00 6.471741168206e+00 7.467918906863e-01 3.681092917711e-01 1.005470427912e+01
16 28 4 1.97107892 1.95216279 1.04791218 0.91233516 2.23305861 6.706773686152e+00 7.330606501498e+00 7.426870793114e-01 3.797476826531e-01 1.108494754571e+01
16 29 4 1.97107892 1.95216279 1.04791218 0.91233516 2.23305861 6.855064378502e+00 8.095660496989e+00 7.427467855771e-01 3.880151885375e-01 1.099230676085e+01
16 30 4 1.97107892 1.95216279 1.04791218 0.91233516 2.23305861 6.012484067473e+00 8.655839630568e+00 7.442655337995e-01 3.950076420381e-01 9.893374351547e+00
16 31 4 1.97107892 1.95216279 1.04791218 0.91233516 2.23305861 6.764039756554e+00 8.955823855474e+00 7.415675181145e-01 3.973470062167e-01 1.099907806173e+01
16 32 4 1.97107892 1.95216279 1.04791218 0.91233516 2.23305861 6.756308590860e+00 8.953269807930e+00 7.444133971603e-01 3.981402129687e-01 1.099235027416e+01
16 33 4 1.97107892 1.95216279 1.04791218 0.91233516 2.23305861 6.062687777525e+00 8.636468829889e+00 7.460349828621e-01 3.934923860096e-01 9.969502807742e+00
16 34 4 1.97107892 1.95216279 1.04791218 0.91233516 2.23305861 6.964734238702e+00 8.063521075674e+00 7.454943354903e-01 3.877487727702e-01 1.116510475408e+01
16 35 4 1.97107892 1.95216279 1.04791218 0.91233516 2.23305861 6.795085222388e+00 7.304688219865e+00 7.510808150467e-01 3.769303986015e-01 1.123748884657e+01
16 36 4 1.97107892 1.95216279 1.04791218 0.91233516 2.23305861 6.277859415743e+00 6.450548215758e+00 7.532609036568e-01 3.664075321344e-01 1.027723256487e+01
16 37 4 1.97107892 1.95216279 1.04791218 0.91233516 2.23305861 7.311886221336e+00 5.634338622483e+00 7.558205618096e-01 3.520154345366e-01 1.160521880999e+01
16 38 4 1.97107892 1.95216279 1.04791218 0.91233516 2.23305861 6.980588683036e+00 4.973032930035e+00 7.632305090395e-01 3.395484179590e-01 1.175300954405e+01
16 39 4 1.97107892 1.95216279 1.04791218 0.91233516 2.23305861 6.675565504279e+00 4.563705028162e+00 7.652978633882e-01 3.246221306201e-01 1.081132082648e+01
16 40 4 1.97107892 1.95216279 1.04791218 0.91233516 2.23305861 7.815662733213e+00 4.498780905239e+00 7.700718260816e-01 3.132045053065e-01 1.228682175373e+01
16 41 4 1.97107892 1.95216279 1.04791218 0.91233516 2.23305861 7.311432188930e+00 4.824571001740e+00 7.771693309178e-01 3.011030935298e-01 1.251808230965e+01
16 42 4 1.97107892 1.95216279 1.04791218 0.91233516 2.23305861 7.252072234946e+00 5.527564884815e+00 7.786483079608e-01 2.943420155847e-01 1.158970697110e+01
16 43 4 1.97107892 1.95216279 1.04791218 0.91233516 2.23305861 8.455536592397e+00 6.565013760341e+00 7.853186471350e-01 2.892026126623e-01 1.324650601791e+01
16 44 4 1.97107892 1.95216279 1.04791218 0.91233516 2.23305861 7.773528971367e+00 7.852358735490e+00 7.914455080930e-01 2.912313806576e-01 1.354059698166e+01
16 45 4 1.97107892 1.95216279 1.04791218 0.91233516 2.23305861 8.007603739646e+00 9.242798528861e+00 7.933778019327e-01 2.971272878070e-01 1.258487074872e+01
16 46 4 1.97107892 1.95216279 1.04791218 0.91233516 2.23305861 9.229729466601e+00 1.059020291397e+01 8.016490716088e-01 3.112221383968e-01 1.445397930001e+01
16 47 4 1.97107892 1.95216279 1.04791218 0.91233516 2.23305861 8.381777393034e+00 1.175678359308e+01 8.058024645158e-01 3.306123730417e-01 1.482535428429e+01
16 48 4 1.97107892 1.95216279 1.04791218 0.91233516 2.23305861 8.960301078280e+00 1.258361313317e+01 8.080872519363e-01 3.578469702554e-01 1.382530361633e+01
16 49 4 1.97107892 1.95216279 1.04791218 0.91233516 2.23305861 1.013352663002e+01 1.297821166004e+01 8.160204169087e-01 3.906801003339e-01 1.592583396574e+01
16 50 4 1.97107892 1.95216279 1.04791218 0.91233516 2.23305861 9.136609230366e+00 1.291478587096e+01 8.172810303289e-01 4.296244044461e-01 1.635685277989e+01
16 51 4 1.97107892 1.95216279 1.04791218 0.91233516 2.23305861 1.010212871347e+01 1.238661058700e+01 8.206181598243e-01 4.736244869150e-01 1.529142181452e+01
16 52 4 1.97107892 1.95216279 1.04791218 0.91233516 2.23305861 1.114412284766e+01 1.148754773850e+01 8.279250029159e-01 5.210570932360e-01 1.766287056376e+01
16 53 4 1.97107892 1.95216279 1.04791218 0.91233516 2.23305861 1.004693286020e+01 1.038269900406e+01 8.282655284716e-01 5.723842611237e-01 1.814857507959e+01
16 54 4 1.97107892 1.95216279 1.04791218 0.91233516 2.23305861 1.144232986722e+01 9.238761772297e+00 8.347060366236e-01 6.234479518718e-01 1.698389605634e+01
16 55 4 1.97107892 1.95216279 1.04791218 0.91233516 2.23305861 1.226776174166e+01 8.273421948668e+00 8.415549764175e-01 6.761656510655e-01 1.965115568282e+01
16 56 4 1.97107892 1.95216279 1.04791218 0.91233516 2.23305861 1.114049801133e+01 7.710649622975e+00 8.428080767487e-01 7.236332145662e-01 2.019937530396e+01
16 57 4 1.97107892 1.95216279 1.04791218 0.91233516 2.23305861 1.297940229358e+01 7.701955147853e+00 8.525297842861e-01 7.697285752434e-01 1.892368060191e+01
16 58 4 1.97107892 1.95216279 1.04791218 0.91233516 2.23305861 1.347903470426e+01 8.349808495038e+00 8.586265977965e-01 8.056605281714e-01 2.190650000682e+01
16 59 4 1.97107892 1.95216279 1.04791218 0.91233516 2.23305861 1.241013284753e+01 9.698502414002e+00 8.635067818247e-01 8.383008112621e-01 2.248404041910e+01
16 60 4 1.97107892 1.95216279 1.04791218 0.91233516 2.23305861 1.467876558410e+01 1.166597058662e+01 8.780038904817e-01 8.578676363154e-01 2.107174461487e+01
16 61 4 1.97107892 1.95216279 1.04791218 0.91233516 2.23305861 1.476148921128e+01 1.407339169197e+01 8.866366454989e-01 8.741651143557e-01 2.442621301646e+01
16 62 4 1.97107892 1.95216279 1.04791218 0.91233516 2.23305861 1.388516395602e+01 1.671483688044e+01 9.004315805649e-01 8.763333896797e-01 2.505453591835e+01
16 63 4 1.97107892 1.95216279 1.04791218 0.91233516 2.23305861 1.655256650439e+01 1.929775797649e+01 9.219488434003e-01 8.762624331567e-01 2.347105953709e+01
20 0 4 3.19250039 1.42500963 0.95492613 0.79533101 4.35213161 9.474057874693e+01 6.155323035839e+00 4.748376190957e-01 3.078049511560e-01 2.929608800414e+02
20 1 4 3.19250039 1.42500963 0.95492613 0.79533101 4.35213161 8.715549421333e+01 5.603138398686e+00 4.525776740463e-01 3.283580839286e-01 2.850490349145e+02
20 2 4 3.19250039 1.42500963 0.95492613 0.79533101 4.35213161 8.824134952231e+01 4.879778766632e+00 4.303341495598e-01 3.494330606915e-01 2.750156637159e+02
20 3 4 3.19250039 1.42500963 0.95492613 0.79533101 4.35213161 8.130793039513e+01 4.061407946301e+00 4.183403139518e-01 3.742983500320e-01 2.641883444616e+02
20 4 4 3.19250039 1.42500963 0.95492613 0.79533101 4.35213161 8.199132854743e+01 3.274478414434e+00 4.107694127542e-01 3.941891586833e-01 2.580755504835e+02
20 5 4 3.19250039 1.42500963 0.95492613 0.79533101 4.35213161 7.600380096212e+01 2.604105136602e+00 4.035882654186e-01 4.131030994763e-01 2.451246247300e+02
20 6 4 3.19250039 1.42500963 0.95492613 0.79533101 4.35213161 7.606498475191e+01 2.115858119652e+00 4.053449984898e-01 4.231391179952e-01 2.419926697946e+02
20 7 4 3.19250039 1.42500963 0.95492613 0.79533101 4.35213161 7.122485517597e+01 1.862454807956e+00 4.079689411109e-01 4.283316703923e-01 2.279309133562e+02
20 8 4 3.19250039 1.42500963 0.95492613 0.79533101 4.35213161 7.052792237773e+01 1.836569935749e+00 4.105336027109e-01 4.221071870576e-01 2.266176691949e+02
20 9 4 3.19250039 1.42500963 0.95492613 0.79533101 4.35213161 6.689430476882e+01 2.009050893317e+00 4.200156209979e-01 4.099307993192e-01 2.126769762494e+02
20 10 4 3.19250039 1.42500963 0.95492613 0.79533101 4.35213161 6.539910686420e+01 2.333510152423e+00 4.277646197620e-01 3.879717681380e-01 2.119335236528e+02
20 11 4 3.19250039 1.42500963 0.95492613 0.79533101 4.35213161 6.295867487609e+01 2.724792665061e+00 4.358996146045e-01 3.625970367998e-01 1.992472623478e+02
20 12 4 3.19250039 1.42500963 0.95492613 0.79533101 4.35213161 6.074565567709e+01 3.112200282842e+00 4.495550164670e-01 3.310457221530e-01 1.981118010588e+02
20 13 4 3.19250039 1.42500963 0.95492613 0.79533101 4.35213161 5.940438678452e+01 3.430764234691e+00 4.597610604678e-01 2.988127513023e-01 1.876041028473e+02
20 14 4 3.19250039 1.42500963 0.95492613 0.79533101 4.35213161 5.659820644144e+01 3.612141841622e+00 4.705202867110e-01 2.640447881150e-01 1.853160551440e+02
20 15 4 3.19250039 1.42500963 0.95492613 0.79533101 4.35213161 5.617962478750e+01 3.641449076328e+00 4.848214301969e-01 2.318762655002e-01 1.775189217001e+02
20 16 4 3.19250039 1.42500963 0.95492613 0.79533101 4.35213161 5.295896331391e+01 3.504974202058e+00 4.941493300845e-01 2.016552026257e-01 1.737571529722e+02
20 17 4 3.19250039 1.42500963 0.95492613 0.79533101 4.35213161 5.327523970386e+01 3.218703612005e+00 5.043550177838e-01 1.772041431123e-01 1.687942963046e+02
20 18 4 3.19250039 1.42500963 0.95492613 0.79533101 4.35213161 4.986346776691e+01 2.834621545391e+00 5.169056656578e-01 1.577770987472e-01 1.635496684258e+02
20 19 4 3.19250039 1.42500963 0.95492613 0.79533101 4.35213161 5.070289074024e+01 2.390885880870e+00 5.243169303111e-01 1.450682534595e-01 1.612444726575e+02
20 20 4 3.19250039 1.42500963 0.95492613 0.79533101 4.35213161 4.730473956295e+01 1.953620468292e+00 5.335052374238e-01 1.382805258811e-01 1.549219161019e+02
20 21 4 3.19250039 1.42500963 0.95492613 0.79533101 4.35213161 4.844510829198e+01 1.578135665579e+00 5.440414044749e-01 1.375161045630e-01 1.547832772459e+02
20 22 4 3.19250039 1.42500963 0.95492613 0.79533101 4.35213161 4.526761387492e+01 1.300437753621e+00 5.492317354864e-01 1.423323713396e-01 1.479560817832e+02
20 23 4 3.19250039 1.42500963 0.95492613 0.79533101 4.35213161 4.652552055074e+01 1.157323516370e+00 5.564970039060e-01 1.515343559726e-01 1.493485118265e+02
20 24 4 3.19250039 1.42500963 0.95492613 0.79533101 4.35213161 4.376144390709e+01 1.154752103270e+00 5.639727036110e-01 1.649420267225e-01 1.427250070962e+02
20 25 4 3.19250039 1.42500963 0.95492613 0.79533101 4.35213161 4.496539085238e+01 1.279398637637e+00 5.663617663467e-01 1.800628033812e-01 1.448743983291e+02
20 26 4 3.19250039 1.42500963 0.95492613 0.79533101 4.35213161 4.275736024499e+01 1.512407515414e+00 5.716377865651e-01 1.968490133451e-01 1.391613402817e+02
20 27 4 3.19250039 1.42500963 0.95492613 0.79533101 4.35213161 4.376262058164e+01 1.808808451319e+00 5.767244197998e-01 2.120550739950e-01 1.414126507428e+02
20 28 4 3.19250039 1.42500963 0.95492613 0.79533101 4.35213161 4.223524040704e+01 2.121291507563e+00 5.774496232429e-01 2.265219750861e-01 1.372607768281e+02
20 29 4 3.19250039 1.42500963 0.95492613 0.79533101 4.35213161 4.295023883333e+01 2.410879733709e+00 5.815771614747e-01 2.372370132657e-01 1.390302374056e+02
20 30 4 3.19250039 1.42500963 0.95492613 0.79533101 4.35213161 4.219258939220e+01 2.624624207369e+00 5.845744345433e-01 2.459796955065e-01 1.369408575475e+02
20 31 4 3.19250039 1.42500963 0.95492613 0.79533101 4.35213161 4.254437074429e+01 2.739110604295e+00 5.833773911732e-01 2.495822471179e-01 1.378734040994e+02
20 32 4 3.19250039 1.42500963 0.95492613 0.79533101 4.35213161 4.259321510045e+01 2.738485748647e+00 5.856561680570e-01 2.501549363510e-01 1.380920226724e+02
20 33 4 3.19250039 1.42500963 0.95492613 0.79533101 4.35213161 4.254841439140e+01 2.614463787120e+00 5.860172234245e-01 2.447591135657e-01 1.379930560210e+02
20 34 4 3.19250039 1.42500963 0.95492613 0.79533101 4.35213161 4.342114761381e+01 2.396756978652e+00 5.828998643720e-01 2.366528267742e-01 1.405627567508e+02
20 35 4 3.19250039 1.42500963 0.95492613 0.79533101 4.35213161 4.299881695698e+01 2.108379734333e+00 5.837214651048e-01 2.238431135995e-01 1.395425466368e+02
20 36 4 3.19250039 1.42500963 0.95492613 0.79533101 4.35213161 4.466864928629e+01 1.793866590926e+00 5.820033473504e-01 2.103371245585e-01 1.442322570627e+02
20 37 4 3.19250039 1.42500963 0.95492613 0.79533101 4.35213161 4.390777089518e+01 1.508004324275e+00 5.772936513800e-01 1.941793195261e-01 1.426266222444e+02
20 38 4 3.19250039 1.42500963 0.95492613 0.79533101 4.35213161 4.629649756549e+01 1.288884283995e+00 5.762425463802e-01 1.794030835524e-01 1.490328784805e+02
20 39 4 3.19250039 1.42500963 0.95492613 0.79533101 4.35213161 4.528684457020e+01 1.182529018647e+00 5.714260845348e-01 1.641965767773e-01 1.473952497547e+02
20 40 4 3.19250039 1.42500963 0.95492613 0.79533101 4.35213161 4.829529268095e+01 1.216185235114e+00 5.639851270763e-01 1.530714261629e-01 1.548426568909e+02
20 41 4 3.19250039 1.42500963 0.95492613 0.79533101 4.35213161 4.717691039163e+01 1.391429728267e+00 5.600921093503e-01 1.444158556447e-01 1.538590723120e+02
20 42 4 3.19250039 1.42500963 0.95492613 0.79533101 4.35213161 5.065287831659e+01 1.703933152253e+00 5.519095561983e-01 1.426525465534e-01 1.616177403899e+02
20 43 4 3.19250039 1.42500963 0.95492613 0.79533101 4.35213161 4.958403935623e+01 2.120561676497e+00 5.422836317479e-01 1.454457505827e-01 1.620430757877e+02
20 44 4 3.19250039 1.42500963 0.95492613 0.79533101 4.35213161 5.333153721631e+01 2.586623074228e+00 5.362437706126e-01 1.564831501880e-01 1.693229852278e+02
20 45 4 3.19250039 1.42500963 0.95492613 0.79533101 4.35213161 5.252139639401e+01 3.056211016911e+00 5.253022142975e-01 1.723246606385e-01 1.719222685448e+02
20 46 4 3.19250039 1.42500963 0.95492613 0.79533101 4.35213161 5.633633106063e+01 3.457474372641e+00 5.138113331802e-01 1.960321618058e-01 1.781047948010e+02
20 47 4 3.19250039 1.42500963 0.95492613 0.79533101 4.35213161 5.601926182427e+01 3.737702564075e+00 5.053985952647e-01 2.232808205416e-01 1.834211242831e+02
20 48 4 3.19250039 1.42500963 0.95492613 0.79533101 4.35213161 5.965925140071e+01 3.866954345746e+00 4.917672897252e-01 2.568538703950e-01 1.880344296252e+02
20 49 4 3.19250039 1.42500963 0.95492613 0.79533101 4.35213161 6.005670029697e+01 3.810883884199e+00 4.793585468663e-01 2.914190649412e-01 1.963637954602e+02
20 50 4 3.19250039 1.42500963 0.95492613 0.79533101 4.35213161 6.328183737342e+01 3.594305878097e+00 4.702933236202e-01 3.290280498145e-01 1.993015215994e+02
20 51 4 3.19250039 1.42500963 0.95492613 0.79533101 4.35213161 6.462813379025e+01 3.248437589869e+00 4.568435837495e-01 3.629873663864e-01 2.104950739348e+02
20 52 4 3.19250039 1.42500963 0.95492613 0.79533101 4.35213161 6.724275883793e+01 2.826467900006e+00 4.469258184748e-01 3.952864911266e-01 2.120607982832e+02
20 53 4 3.19250039 1.42500963 0.95492613 0.79533101 4.35213161 6.972834582074e+01 2.420455428696e+00 4.401557272691e-01 4.196105381347e-01 2.256659637937e+02
20 54 4 3.19250039 1.42500963 0.95492613 0.79533101 4.35213161 7.155522475531e+01 2.099407037575e+00 4.297716613594e-01 4.393974027751e-01 2.266004124028e+02
20 55 4 3.19250039 1.42500963 0.95492613 0.79533101 4.35213161 7.529130410984e+01 1.942343089525e+00 4.251172955692e-01 4.491151243292e-01 2.416637044726e+02
20 56 4 3.19250039 1.42500963 0.95492613 0.79533101 4.35213161 7.624254147703e+01 2.013580846651e+00 4.234902196464e-01 4.526581635041e-01 2.430534770486e+02
20 57 4 3.19250039 1.42500963 0.95492613 0.79533101 4.35213161 8.128774741596e+01 2.326614696747e+00 4.204056169946e-01 4.450222712404e-01 2.583916861118e+02
20 58 4 3.19250039 1.42500963 0.95492613 0.79533101 4.35213161 8.138749988099e+01 2.878621095483e+00 4.262469294123e-01 4.313486376504e-01 2.614652766338e+02
20 59 4 3.19250039 1.42500963 0.95492613 0.79533101 4.35213161 8.767423308153e+01 3.627819734980e+00 4.352806568099e-01 4.092823214016e-01 2.756956933440e+02
20 60 4 3.19250039 1.42500963 0.95492613 0.79533101 4.35213161 8.702283427640e+01 4.475463217880e+00 4.454131063325e-01 3.856517624185e-01 2.817894081956e+02
20 61 4 3.19250039 1.42500963 0.95492613 0.79533101 4.35213161 9.435682295854e+01 5.337018067506e+00 4.667279312163e-01 3.599724588733e-01 2.937717628840e+02
20 62 4 3.19250039 1.42500963 0.95492613 0.79533101 4.35213161 9.320495925886e+01 6.092841761866e+00 4.902750532719e-01 3.382824728862e-01 3.039018958918e+02
20 63 4 3.19250039 1.42500963 0.95492613 0.79533101 4.35213161 1.013127905303e+02 6.628298269803e+00 5.177068028207e-01 3.209730203479e-01 3.128011766730e+02
22 0 4 1.26548315 1.18862148 1.26540879 0.55162593 2.15132611 2.856095487044e+00 2.141260176274e+00 2.568729771728e+00 1.136107556544e-01 2.063534812972e+01
22 1 4 1.26548315 1.18862148 1.26540879 0.55162593 2.15132611 2.292705960302e+00 1.748183521013e+00 2.259875568756e+00 1.089286283399e-01 1.989943647207e+01
22 2 4 1.26548315 1.18862148 1.26540879 0.55162593 2.15132611 2.374527271186e+00 1.401757956289e+00 1.965811739038e+00 1.047793723456e-01 1.829150284418e+01
22 3 4 1.26548315 1.18862148 1.26540879 0.55162593 2.15132611 2.486597267337e+00 1.154580928408e+00 1.698548607935e+00 9.939858269911e-02 1.917929292309e+01
22 4 4 1.26548315 1.18862148 1.26540879 0.55162593 2.15132611 1.962456729382e+00 1.004485148531e+00 1.477020981834e+00 9.421122841839e-02 1.673445306688e+01
22 5 4 1.26548315 1.18862148 1.26540879 0.55162593 2.15132611 2.322536908488e+00 9.657729883279e-01 1.290451580837e+00 8.859134709609e-02 1.769027360403e+01
22 6 4 1.26548315 1.18862148 1.26540879 0.55162593 2.15132611 2.031415056884e+00 1.019252451462e+00 1.125817581183e+00 8.287402720217e-02 1.609858224851e+01
22 7 4 1.26548315 1.18862148 1.26540879 0.55162593 2.15132611 1.854120914191e+00 1.147371703279e+00 9.994557530477e-01 7.750467903903e-02 1.571412745971e+01
22 8 4 1.26548315 1.18862148 1.26540879 0.55162593 2.15132611 2.130085810945e+00 1.325111434855e+00 9.141878456578e-01 7.179685577079e-02 1.575755604936e+01
22 9 4 1.26548315 1.18862148 1.26540879 0.55162593 2.15132611 1.666638856430e+00 1.514490432438e+00 8.489625486854e-01 6.710998955935e-02 1.404813448375e+01
22 10 4 1.26548315 1.18862148 1.26540879 0.55162593 2.15132611 1.839960438040e+00 1.698369465065e+00 8.101639228969e-01 6.189287646735e-02 1.497224848552e+01
22 11 4 1.26548315 1.18862148 1.26540879 0.55162593 2.15132611 1.808102316517e+00 1.830744184660e+00 8.060260193898e-01 5.819801042035e-02 1.317609333489e+01
22 12 4 1.26548315 1.18862148 1.26540879 0.55162593 2.15132611 1.488604045423e+00 1.914354368723e+00 8.207933754048e-01 5.383068733227e-02 1.361236857220e+01
22 13 4 1.26548315 1.18862148 1.26540879 0.55162593 2.15132611 1.776890125638e+00 1.917559778747e+00 8.487630970176e-01 5.128092293063e-02 1.288853504352e+01
22 14 4 1.26548315 1.18862148 1.26540879 0.55162593 2.15132611 1.477345726967e+00 1.857616708716e+00 8.987052629617e-01 4.796828344211e-02 1.213587735083e+01
22 15 4 1.26548315 1.18862148 1.26540879 0.55162593 2.15132611 1.459271153803e+00 1.730090697402e+00 9.665591065630e-01 4.655775265596e-02 1.260693494573e+01
22 16 4 1.26548315 1.18862148 1.26540879 0.55162593 2.15132611 1.600176736430e+00 1.551725317683e+00 1.036079690013e+00 4.434935933175e-02 1.110976277215e+01
22 17 4 1.26548315 1.18862148 1.26540879 0.55162593 2.15132611 1.261490008082e+00 1.346428192382e+00 1.112578646955e+00 4.393670643554e-02 1.189464497600e+01
22 18 4 1.26548315 1.18862148 1.26540879 0.55162593 2.15132611 1.468953585534e+00 1.126064522512e+00 1.204117090075e+00 4.275006284045e-02 1.074825232013e+01
22 19 4 1.26548315 1.18862148 1.26540879 0.55162593 2.15132611 1.354809000341e+00 9.270216921805e-01 1.292558775737e+00 4.309868979854e-02 1.081031574084e+01
22 20 4 1.26548315 1.18862148 1.26540879 0.55162593 2.15132611 1.196676184205e+00 7.536003146331e-01 1.374472668166e+00 4.275729686282e-02 1.073439793449e+01
22 21 4 1.26548315 1.18862148 1.26540879 0.55162593 2.15132611 1.419024037157e+00 6.335202100778e-01 1.462920539630e+00 4.358191444884e-02 9.840179928718e+00
22 22 4 1.26548315 1.18862148 1.26540879 0.55162593 2.15132611 1.145695147143e+00 5.640580666965e-01 1.551008579905e+00 4.385801830818e-02 1.055272081790e+01
22 23 4 1.26548315 1.18862148 1.26540879 0.55162593 2.15132611 1.232683971433e+00 5.573300613379e-01 1.626045538078e+00 4.486836018822e-02 9.391381481229e+00
22 24 4 1.26548315 1.18862148 1.26540879 0.55162593 2.15132611 1.285133660624e+00 6.031876552416e-01 1.693880914217e+00 4.552212716103e-02 9.993834238344e+00
22 25 4 1.26548315 1.18862148 1.26540879 0.55162593 2.15132611 1.050594507284e+00 6.966847981234e-01 1.764685816727e+00 4.645775417854e-02 9.450034860623e+00
22 26 4 1.26548315 1.18862148 1.26540879 0.55162593 2.15132611 1.277788625762e+00 8.218203255790e-01 1.825297178054e+00 4.726785097632e-02 9.268575592342e+00
22 27 4 1.26548315 1.18862148 1.26540879 0.55162593 2.15132611 1.124208500586e+00 9.603545535893e-01 1.867233106799e+00 4.792172300534e-02 9.667338088909e+00
22 28 4 1.26548315 1.18862148 1.26540879 0.55162593 2.15132611 1.081995253989e+00 1.101247841909e+00 1.908321810372e+00 4.870584315167e-02 8.788468964834e+00
22 29 4 1.26548315 1.18862148 1.26540879 0.55162593 2.15132611 1.261772529070e+00 1.218420593582e+00 1.946269823398e+00 4.893765865182e-02 9.652332682865e+00
22 30 4 1.26548315 1.18862148 1.26540879 0.55162593 2.15132611 1.019041854016e+00 1.311161804190e+00 1.964556475088e+00 4.956440144331e-02 8.838108894909e+00
22 31 4 1.26548315 1.18862148 1.26540879 0.55162593 2.15132611 1.186225925745e+00 1.353717879263e+00 1.971498468747e+00 4.930674266542e-02 9.301864681074e+00
22 32 4 1.26548315 1.18862148 1.26540879 0.55162593 2.15132611 1.182729598817e+00 1.354781287219e+00 1.977653587917e+00 4.970172920174e-02 9.301954970623e+00
22 33 4 1.26548315 1.18862148 1.26540879 0.55162593 2.15132611 1.030077417983e+00 1.304064951132e+00 1.973532536018e+00 4.896239965595e-02 8.925405002994e+00
22 34 4 1.26548315 1.18862148 1.26540879 0.55162593 2.15132611 1.279275280347e+00 1.213456438059e+00 1.949651969676e+00 4.911139367099e-02 9.760980232617e+00
22 35 4 1.26548315 1.18862148 1.26540879 0.55162593 2.15132611 1.096282806251e+00 1.093609878853e+00 1.919162737536e+00 4.797412194555e-02 8.939294301220e+00
22 36 4 1.26548315 1.18862148 1.26540879 0.55162593 2.15132611 1.158469814207e+00 9.528548074855e-01 1.888852486450e+00 4.792450688421e-02 9.902906699289e+00
22 37 4 1.26548315 1.18862148 1.26540879 0.55162593 2.15132611 1.306608915799e+00 8.174624774653e-01 1.840426795531e+00 4.654801634181e-02 9.485398536550e+00
22 38 4 1.26548315 1.18862148 1.26540879 0.55162593 2.15132611 1.084631597436e+00 6.939008770139e-01 1.777334130652e+00 4.640795236093e-02 9.780931750488e+00
22 39 4 1.26548315 1.18862148 1.26540879 0.55162593 2.15132611 1.339397936110e+00 6.117909583163e-01 1.716677857435e+00 4.502114757199e-02 1.032798989055e+01
22 40 4 1.26548315 1.18862148 1.26540879 0.55162593 2.15132611 1.273621529842e+00 5.734294383378e-01 1.648789098114e+00 4.495396160238e-02 9.770220232933e+00
22 41 4 1.26548315 1.18862148 1.26540879 0.55162593 2.15132611 1.205570537581e+00 5.979791480626e-01 1.565252596639e+00 4.384357957968e-02 1.102322719886e+01
22 42 4 1.26548315 1.18862148 1.26540879 0.55162593 2.15132611 1.486357159528e+00 6.792366344847e-01 1.478577165462e+00 4.405421997263e-02 1.028470027743e+01
22 43 4 1.26548315 1.18862148 1.26540879 0.55162593 2.15132611 1.251059860133e+00 8.216058746169e-01 1.396891137149e+00 4.354142294584e-02 1.129989160885e+01
22 44 4 1.26548315 1.18862148 1.26540879 0.55162593 2.15132611 1.442104442539e+00 1.010302855374e+00 1.308902396943e+00 4.425261457611e-02 1.136169901826e+01
22 45 4 1.26548315 1.18862148 1.26540879 0.55162593 2.15132611 1.545135948382e+00 1.230378965586e+00 1.213690663556e+00 4.465690341994e-02 1.138142815516e+01
22 46 4 1.26548315 1.18862148 1.26540879 0.55162593 2.15132611 1.338834589653e+00 1.463950668905e+00 1.130784482351e+00 4.607497525624e-02 1.256991566640e+01
22 47 4 1.26548315 1.18862148 1.26540879 0.55162593 2.15132611 1.707643697033e+00 1.677299820715e+00 1.056350704233e+00 4.766718011160e-02 1.179475240018e+01
22 48 4 1.26548315 1.18862148 1.26540879 0.55162593 2.15132611 1.541061881896e+00 1.863808272269e+00 9.802068745675e-01 4.994090634036e-02 1.341777587362e+01
22 49 4 1.26548315 1.18862148 1.26540879 0.55162593 2.15132611 1.586160137946e+00 1.983661277739e+00 9.192188011075e-01 5.289106589605e-02 1.288092524660e+01
22 50 4 1.26548315 1.18862148 1.26540879 0.55162593 2.15132611 1.896008782798e+00 2.044640747476e+00 8.806367047162e-01 5.607036230436e-02 1.379279511387e+01
22 51 4 1.26548315 1.18862148 1.26540879 0.55162593 2.15132611 1.585343031128e+00 2.019957782602e+00 8.547181817814e-01 6.039991580000e-02 1.448828124593e+01
22 52 4 1.26548315 1.18862148 1.26540879 0.55162593 2.15132611 1.945405141315e+00 1.925828714602e+00 8.457854595665e-01 6.440377886435e-02 1.410180417642e+01
22 53 4 1.26548315 1.18862148 1.26540879 0.55162593 2.15132611 1.959955569465e+00 1.770378287728e+00 8.700129159641e-01 6.995349666063e-02 1.601584316604e+01
22 54 4 1.26548315 1.18862148 1.26540879 0.55162593 2.15132611 1.793586213337e+00 1.572978747750e+00 9.236648747250e-01 7.455717580695e-02 1.501285419546e+01
22 55 4 1.26548315 1.18862148 1.26540879 0.55162593 2.15132611 2.286852933120e+00 1.374358158434e+00 9.966049613234e-01 8.098173654405e-02 1.690908313026e+01
22 56 4 1.26548315 1.18862148 1.26540879 0.55162593 2.15132611 1.978499806649e+00 1.189598501010e+00 1.108448510281e+00 8.583118332720e-02 1.678713861318e+01
22 57 4 1.26548315 1.18862148 1.26540879 0.55162593 2.15132611 2.193291261359e+00 1.070465078866e+00 1.263439375728e+00 9.262788836414e-02 1.730241164535e+01
22 58 4 1.26548315 1.18862148 1.26540879 0.55162593 2.15132611 2.481122361359e+00 1.025246291693e+00 1.441571928546e+00 9.728501393557e-02 1.891277403570e+01
22 59 4 1.26548315 1.18862148 1.26540879 0.55162593 2.15132611 2.110017297002e+00 1.095430240051e+00 1.654076338148e+00 1.038581237658e-01 1.795554664207e+01
22 60 4 1.26548315 1.18862148 1.26540879 0.55162593 2.15132611 2.678616108745e+00 1.270385837196e+00 1.915491737061e+00 1.078739740186e-01 2.057353070712e+01
22 61 4 1.26548315 1.18862148 1.26540879 0.55162593 2.15132611 2.527620138815e+00 1.562201889720e+00 2.208244046403e+00 1.136285656006e-01 1.954300994840e+01
22 62 4 1.26548315 1.18862148 1.26540879 0.55162593 2.15132611 2.477446696428e+00 1.935797267511e+00 2.518631205538e+00 1.166344412545e-01 2.139664183027e+01
22 63 4 1.26548315 1.18862148 1.26540879 0.55162593 2.15132611 3.057245308796e+00 2.369700760926e+00 2.867744258831e+00 1.210860656002e-01 2.203301063127e+01
24 0 4 0.96359759 1.06399539 1.38763989 0.49687493 1.40355807 1.036480172076e+00 7.801570241993e-01 3.709329226251e+00 6.410140286605e-02 4.203468937218e+00
24 1 4 0.96359759 1.06399539 1.38763989 0.49687493 1.40355807 7.879979981978e-01 8.071217578893e-01 3.252049627768e+00 6.067027095876e-02 3.313078717307e+00
24 2 4 0.96359759 1.06399539 1.38763989 0.49687493 1.40355807 7.213694078754e-01 8.673310511168e-01 2.824097832945e+00 5.829171193391e-02 3.709444130985e+00
24 3 4 0.96359759 1.06399539 1.38763989 0.49687493 1.40355807 9.192035542757e-01 9.520662949949e-01 2.452841044845e+00 5.590094295392e-02 3.693026683270e+00
24 4 4 0.96359759 1.06399539 1.38763989 0.49687493 1.40355807 7.436415854672e-01 1.061180015689e+00 2.144758320823e+00 5.301970326838e-02 2.958592676615e+00
24 5 4 0.96359759 1.06399539 1.38763989 0.49687493 1.40355807 6.219830464968e-01 1.161976529288e+00 1.870801675900e+00 5.134149752959e-02 3.396954387107e+00
24 6 4 0.96359759 1.06399539 1.38763989 0.49687493 1.40355807 8.074857469973e-01 1.251534218168e+00 1.635385319298e+00 4.865846804931e-02 3.242204113262e+00
24 7 4 0.96359759 1.06399539 1.38763989 0.49687493 1.40355807 7.011411234858e-01 1.326817208183e+00 1.455510735339e+00 4.697868475644e-02 2.653804134528e+00
24 8 4 0.96359759 1.06399539 1.38763989 0.49687493 1.40355807 5.429296875393e-01 1.363042257424e+00 1.332970164163e+00 4.504248735857e-02 3.108844468131e+00
24 9 4 0.96359759 1.06399539 1.38763989 0.49687493 1.40355807 7.022749445224e-01 1.370276643569e+00 1.242756484135e+00 4.318036424048e-02 2.836582878991e+00
24 10 4 0.96359759 1.06399539 1.38763989 0.49687493 1.40355807 6.579430755441e-01 1.347231649968e+00 1.184672487033e+00 4.178742408014e-02 2.404677085115e+00
24 11 4 0.96359759 1.06399539 1.38763989 0.49687493 1.40355807 4.865734918909e-01 1.280723831053e+00 1.169974895536e+00 4.020661182841e-02 2.839673391882e+00
24 12 4 0.96359759 1.06399539 1.38763989 0.49687493 1.40355807 6.046208383637e-01 1.192863665310e+00 1.196312580067e+00 3.878110260781e-02 2.485421390739e+00
24 13 4 0.96359759 1.06399539 1.38763989 0.49687493 1.40355807 6.170006019670e-01 1.087004385236e+00 1.240837160111e+00 3.789686855043e-02 2.205142251491e+00
24 14 4 0.96359759 1.06399539 1.38763989 0.49687493 1.40355807 4.425715832255e-01 9.597152405659e-01 1.301962887539e+00 3.624588333311e-02 2.589014828075e+00
24 15 4 0.96359759 1.06399539 1.38763989 0.49687493 1.40355807 5.235451478191e-01 8.342778202030e-01 1.389853228244e+00 3.587924853675e-02 2.195384123933e+00
24 16 4 0.96359759 1.06399539 1.38763989 0.49687493 1.40355807 5.741501237408e-01 7.132918871757e-01 1.500795107952e+00 3.437573801472e-02 2.040656961774e+00
24 17 4 0.96359759 1.06399539 1.38763989 0.49687493 1.40355807 4.163408293483e-01 5.998981029641e-01 1.613561958013e+00 3.398718902828e-02 2.374619459986e+00
24 18 4 0.96359759 1.06399539 1.38763989 0.49687493 1.40355807 4.519939185745e-01 5.114669422484e-01 1.725406888440e+00 3.304212126161e-02 1.952453395073e+00
24 19 4 0.96359759 1.06399539 1.38763989 0.49687493 1.40355807 5.361411839811e-01 4.435422534805e-01 1.849100183477e+00 3.237339082062e-02 1.923820165590e+00
24 20 4 0.96359759 1.06399539 1.38763989 0.49687493 1.40355807 3.983762015587e-01 3.993972565088e-01 1.981902095752e+00 3.191476840494e-02 2.182256754787e+00
24 21 4 0.96359759 1.06399539 1.38763989 0.49687493 1.40355807 3.990217662286e-01 3.872732670739e-01 2.105121588851e+00 3.122763018412e-02 1.772028813847e+00
24 22 4 0.96359759 1.06399539 1.38763989 0.49687493 1.40355807 4.991745554838e-01 3.965040267623e-01 2.213077249356e+00 3.081723302357e-02 1.835968793377e+00
24 23 4 0.96359759 1.06399539 1.38763989 0.49687493 1.40355807 3.923149130960e-01 4.283450526703e-01 2.322414409920e+00 3.048163163792e-02 2.033025820738e+00
24 24 4 0.96359759 1.06399539 1.38763989 0.49687493 1.40355807 3.579578457826e-01 4.809737713579e-01 2.432880257097e+00 2.987364563595e-02 1.636639389299e+00
24 25 4 0.96359759 1.06399539 1.38763989 0.49687493 1.40355807 4.689886169758e-01 5.410829655281e-01 2.529124988381e+00 2.986441764091e-02 1.790315268765e+00
24 26 4 0.96359759 1.06399539 1.38763989 0.49687493 1.40355807 3.943212535120e-01 6.109549836808e-01 2.601117636688e+00 2.928603805325e-02 1.915588307194e+00
24 27 4 0.96359759 1.06399539 1.38763989 0.49687493 1.40355807 3.323528779230e-01 6.820195545527e-01 2.667608999285e+00 2.921783506102e-02 1.554920325434e+00
24 28 4 0.96359759 1.06399539 1.38763989 0.49687493 1.40355807 4.438702261434e-01 7.414159418803e-01 2.732167767614e+00 2.904063866699e-02 1.779571730214e+00
24 29 4 0.96359759 1.06399539 1.38763989 0.49687493 1.40355807 4.040857147922e-01 7.951150298559e-01 2.782497586922e+00 2.866640340182e-02 1.837912444420e+00
24 30 4 0.96359759 1.06399539 1.38763989 0.49687493 1.40355807 3.210365683154e-01 8.338657623577e-01 2.804635776705e+00 2.891293352860e-02 1.521553845564e+00
24 31 4 0.96359759 1.06399539 1.38763989 0.49687493 1.40355807 4.252732493946e-01 8.493742946790e-01 2.815775846518e+00 2.843603579728e-02 1.804844717619e+00
24 32 4 0.96359759 1.06399539 1.38763989 0.49687493 1.40355807 4.234182421577e-01 8.508483026966e-01 2.824649101563e+00 2.875292329850e-02 1.800974546514e+00
24 33 4 0.96359759 1.06399539 1.38763989 0.49687493 1.40355807 3.216820696256e-01 8.309104605681e-01 2.821150967899e+00 2.856272707089e-02 1.532443531662e+00
24 34 4 0.96359759 1.06399539 1.38763989 0.49687493 1.40355807 4.148777290040e-01 7.896600636364e-01 2.789465276790e+00 2.868103350038e-02 1.873832628300e+00
24 35 4 0.96359759 1.06399539 1.38763989 0.49687493 1.40355807 4.482300311966e-01 7.400071446408e-01 2.741901158402e+00 2.886189476374e-02 1.796360567994e+00
24 36 4 0.96359759 1.06399539 1.38763989 0.49687493 1.40355807 3.390193082656e-01 6.762071062545e-01 2.693115801207e+00 2.894730865802e-02 1.597266736069e+00
24 37 4 0.96359759 1.06399539 1.38763989 0.49687493 1.40355807 4.094296578106e-01 6.048787125164e-01 2.634955904288e+00 2.919205601632e-02 1.974381078798e+00
24 38 4 0.96359759 1.06399539 1.38763989 0.49687493 1.40355807 4.828317703252e-01 5.404774083153e-01 2.552273635665e+00 2.963608635776e-02 1.836008395888e+00
24 39 4 0.96359759 1.06399539 1.38763989 0.49687493 1.40355807 3.672693477200e-01 4.796130160947e-01 2.451409855412e+00 2.967583023965e-02 1.703992085928e+00
24 40 4 0.96359759 1.06399539 1.38763989 0.49687493 1.40355807 4.141399034697e-01 4.324020226072e-01 2.352368576648e+00 3.059210774057e-02 2.121210752624e+00
24 41 4 0.96359759 1.06399539 1.38763989 0.49687493 1.40355807 5.213413494291e-01 4.080946125353e-01 2.249833069565e+00 3.059651764811e-02 1.904213183166e+00
24 42 4 0.96359759 1.06399539 1.38763989 0.49687493 1.40355807 4.139238267701e-01 4.029167040957e-01 2.130981502051e+00 3.166496592190e-02 1.868208900450e+00
24 43 4 0.96359759 1.06399539 1.38763989 0.49687493 1.40355807 4.237744554555e-01 4.279598402817e-01 1.997802711273e+00 3.209305541357e-02 2.298081953404e+00
24 44 4 0.96359759 1.06399539 1.38763989 0.49687493 1.40355807 5.666745887336e-01 4.823529144165e-01 1.873657287914e+00 3.296736382110e-02 2.014218432211e+00
24 45 4 0.96359759 1.06399539 1.38763989 0.49687493 1.40355807 4.733269160808e-01 5.581077515686e-01 1.757154679089e+00 3.403097266338e-02 2.081534444355e+00
24 46 4 0.96359759 1.06399539 1.38763989 0.49687493 1.40355807 4.451046289404e-01 6.633617555508e-01 1.637895066622e+00 3.481291190284e-02 2.512352107482e+00
24 47 4 0.96359759 1.06399539 1.38763989 0.49687493 1.40355807 6.143002306786e-01 7.859982658700e-01 1.516491141347e+00 3.622137959692e-02 2.158793483663e+00
24 48 4 0.96359759 1.06399539 1.38763989 0.49687493 1.40355807 5.497016469974e-01 9.152100352081e-01 1.417353003401e+00 3.738395337887e-02 2.349899930617e+00
24 49 4 0.96359759 1.06399539 1.38763989 0.49687493 1.40355807 4.757835303042e-01 1.054378971666e+00 1.342538612895e+00 3.873023912158e-02 2.758114359393e+00
24 50 4 0.96359759 1.06399539 1.38763989 0.49687493 1.40355807 6.632025167100e-01 1.181641798902e+00 1.282567006962e+00 4.052751120549e-02 2.340102039116e+00
24 51 4 0.96359759 1.06399539 1.38763989 0.49687493 1.40355807 6.419146592813e-01 1.290268732517e+00 1.238713393867e+00 4.187469019749e-02 2.679936764129e+00
24 52 4 0.96359759 1.06399539 1.38763989 0.49687493 1.40355807 5.199547398347e-01 1.384324881559e+00 1.235343338632e+00 4.395856444311e-02 3.023219185985e+00
24 53 4 0.96359759 1.06399539 1.38763989 0.49687493 1.40355807 7.134251463072e-01 1.438254170057e+00 1.275191382095e+00 4.585387314394e-02 2.571805916307e+00
24 54 4 0.96359759 1.06399539 1.38763989 0.49687493 1.40355807 7.445007684343e-01 1.454656247716e+00 1.346529523766e+00 4.765406927818e-02 3.056601571160e+00
24 55 4 0.96359759 1.06399539 1.38763989 0.49687493 1.40355807 5.827570151873e-01 1.444042727513e+00 1.450965467003e+00 5.044519069723e-02 3.321044531467e+00
24 56 4 0.96359759 1.06399539 1.38763989 0.49687493 1.40355807 7.600103897922e-01 1.388900787873e+00 1.613274438310e+00 5.192183487557e-02 2.840559910320e+00
24 57 4 0.96359759 1.06399539 1.38763989 0.49687493 1.40355807 8.632617680974e-01 1.305939786260e+00 1.833815159554e+00 5.520014454783e-02 3.501208373150e+00
24 58 4 0.96359759 1.06399539 1.38763989 0.49687493 1.40355807 6.610437631264e-01 1.209164981166e+00 2.093343980836e+00 5.697472174505e-02 3.622636212430e+00
24 59 4 0.96359759 1.06399539 1.38763989 0.49687493 1.40355807 8.094479682919e-01 1.092277872180e+00 2.391678684988e+00 5.996625712074e-02 3.176669921891e+00
24 60 4 0.96359759 1.06399539 1.38763989 0.49687493 1.40355807 9.826780463851e-01 9.863291850636e-01 2.754587542559e+00 6.251570506071e-02 3.984027320553e+00
24 61 4 0.96359759 1.06399539 1.38763989 0.49687493 1.40355807 7.682696032662e-01 9.032230281959e-01 3.180542626119e+00 6.504933010232e-02 3.951978950008e+00
24 62 4 0.96359759 1.06399539 1.38763989 0.49687493 1.40355807 8.553523107385e-01 8.418547793941e-01 3.635968619826e+00 6.794876673441e-02 3.564714751856e+00
24 63 4 0.96359759 1.06399539 1.38763989 0.49687493 1.40355807 1.111068871354e+00 8.340069311144e-01 4.116387637955e+00 7.070661875108e-02 4.521153299891e+00
