# environment=00219 local_bs=4 gain_scale=1.147110490717e-12
# ue subcarrier serving_bs phi0 phi1 phi2 phi3 phi4 gain0 gain1 gain2 gain3 gain4
6 0 4 2.86151347 3.28849514 5.66711667 3.43790055 11.17803332 5.969559895169e+00 2.160747556280e+01 1.830005162796e+02 2.601425104061e+01 2.032359257668e+03
6 1 4 2.86151347 3.28849514 5.66711667 3.43790055 11.17803332 5.562118290420e+00 2.000563690881e+01 1.770384097118e+02 2.524027261790e+01 1.991251552808e+03
6 2 4 2.86151347 3.28849514 5.66711667 3.43790055 11.17803332 5.138206766514e+00 1.866553982140e+01 1.714671285188e+02 2.449474274247e+01 1.926570354061e+03
6 3 4 2.86151347 3.28849514 5.66711667 3.43790055 11.17803332 4.688124504001e+00 1.756631203669e+01 1.663480050296e+02 2.378352148879e+01 1.846298717788e+03
6 4 4 2.86151347 3.28849514 5.66711667 3.43790055 11.17803332 4.221911019721e+00 1.667199649910e+01 1.616439324917e+02 2.311571383971e+01 1.760559703181e+03
6 5 4 2.86151347 3.28849514 5.66711667 3.43790055 11.17803332 3.766011109294e+00 1.593929417750e+01 1.572363739759e+02 2.250155027767e+01 1.679617242755e+03
6 6 4 2.86151347 3.28849514 5.66711667 3.43790055 11.17803332 3.341168630396e+00 1.532530744329e+01 1.529801935063e+02 2.194977474772e+01 1.612054350177e+03
6 7 4 2.86151347 3.28849514 5.66711667 3.43790055 11.17803332 2.948654110439e+00 1.479338646539e+01 1.487611805589e+02 2.146500363423e+01 1.563513694410e+03
6 8 4 2.86151347 3.28849514 5.66711667 3.43790055 11.17803332 2.579530767774e+00 1.431618798186e+01 1.445234402310e+02 2.104569418586e+01 1.536168259199e+03
6 9 4 2.86151347 3.28849514 5.66711667 3.43790055 11.17803332 2.233287259087e+00 1.387617480158e+01 1.402576159549e+02 2.068335494742e+01 1.528861935035e+03
6 10 4 2.86151347 3.28849514 5.66711667 3.43790055 11.17803332 1.922817219793e+00 1.346456967101e+01 1.359682977763e+02 2.036339053632e+01 1.537712239499e+03
6 11 4 2.86151347 3.28849514 5.66711667 3.43790055 11.17803332 1.661461647787e+00 1.307997132758e+01 1.316504598073e+02 2.006754128800e+01 1.556939676262e+03
6 12 4 2.86151347 3.28849514 5.66711667 3.43790055 11.17803332 1.449560262056e+00 1.272745639323e+01 1.272935362473e+02 1.977738700587e+01 1.579756614287e+03
6 13 4 2.86151347 3.28849514 5.66711667 3.43790055 11.17803332 1.276619929576e+00 1.241827828725e+01 1.229078746849e+02 1.947800773846e+01 1.599246555609e+03
6 14 4 2.86151347 3.28849514 5.66711667 3.43790055 11.17803332 1.134854144354e+00 1.216959698059e+01 1.185503554971e+02 1.916078205629e+01 1.609224207245e+03
6 15 4 2.86151347 3.28849514 5.66711667 3.43790055 11.17803332 1.026783464723e+00 1.200334987196e+01 1.143267538238e+02 1.882451715542e+01 1.605055670150e+03
6 16 4 2.86151347 3.28849514 5.66711667 3.43790055 11.17803332 9.587051629427e-01 1.194355112846e+01 1.103659609703e+02 1.847459244328e+01 1.584354342141e+03
6 17 4 2.86151347 3.28849514 5.66711667 3.43790055 11.17803332 9.298820394692e-01 1.201191036378e+01 1.067812198481e+02 1.812040596108e+01 1.547405568262e+03
6 18 4 2.86151347 3.28849514 5.66711667 3.43790055 11.17803332 9.315050055412e-01 1.222243826498e+01 1.036410481658e+02 1.777194082579e+01 1.497167644177e+03
6 19 4 2.86151347 3.28849514 5.66711667 3.43790055 11.17803332 9.559675543004e-01 1.257633345940e+01 1.009630569814e+02 1.743654023126e+01 1.438773466512e+03
6 20 4 2.86151347 3.28849514 5.66711667 3.43790055 11.17803332 1.003833549405e+00 1.305865751934e+01 9.872614618605e+01 1.711690328967e+01 1.378594799010e+03
6 21 4 2.86151347 3.28849514 5.66711667 3.43790055 11.17803332 1.079363947698e+00 1.363799759303e+01 9.688499708812e+01 1.681091500296e+01 1.323072698599e+03
6 22 4 2.86151347 3.28849514 5.66711667 3.43790055 11.17803332 1.180325134551e+00 1.426957480229e+01 9.537408874070e+01 1.651333237734e+01 1.277599066498e+03
6 23 4 2.86151347 3.28849514 5.66711667 3.43790055 11.17803332 1.295049093405e+00 1.490132121717e+01 9.410307929961e+01 1.621875522392e+01 1.245716664737e+03
6 24 4 2.86151347 3.28849514 5.66711667 3.43790055 11.17803332 1.410656569346e+00 1.548162230986e+01 9.295856062152e+01 1.592490057416e+01 1.228793517480e+03
6 25 4 2.86151347 3.28849514 5.66711667 3.43790055 11.17803332 1.522675997870e+00 1.596696586405e+01 9.182701975411e+01 1.563509696303e+01 1.226168896063e+03
6 26 4 2.86151347 3.28849514 5.66711667 3.43790055 11.17803332 1.634891877081e+00 1.632778600177e+01 9.063866344310e+01 1.535914394354e+01 1.235627557455e+03
6 27 4 2.86151347 3.28849514 5.66711667 3.43790055 11.17803332 1.750473305535e+00 1.655131316762e+01 8.941189762878e+01 1.511216733736e+01 1.253991004452e+03
6 28 4 2.86151347 3.28849514 5.66711667 3.43790055 11.17803332 1.865965943048e+00 1.664106498546e+01 8.826886773661e+01 1.491169368780e+01 1.277639130068e+03
6 29 4 2.86151347 3.28849514 5.66711667 3.43790055 11.17803332 1.975712213404e+00 1.661348520934e+01 8.740266659625e+01 1.477369461233e+01 1.302871226358e+03
6 30 4 2.86151347 3.28849514 5.66711667 3.43790055 11.17803332 2.080827423408e+00 1.649290547850e+01 8.700265658177e+01 1.470866474258e+01 1.326131032125e+03
6 31 4 2.86151347 3.28849514 5.66711667 3.43790055 11.17803332 2.190620993801e+00 1.630628937556e+01 8.717063204271e+01 1.471881156823e+01 1.344199922864e+03
6 32 4 2.86151347 3.28849514 5.66711667 3.43790055 11.17803332 2.313152200860e+00 1.607906447699e+01 8.787034576270e+01 1.479715122813e+01 1.354468940169e+03
6 33 4 2.86151347 3.28849514 5.66711667 3.43790055 11.17803332 2.444995673837e+00 1.583283066782e+01 8.893862440107e+01 1.492880068290e+01 1.355332828661e+03
6 34 4 2.86151347 3.28849514 5.66711667 3.43790055 11.17803332 2.572032990944e+00 1.558502987031e+01 9.015493075421e+01 1.509417038827e+01 1.346641395090e+03
6 35 4 2.86151347 3.28849514 5.66711667 3.43790055 11.17803332 2.680698285024e+00 1.534999939814e+01 9.133557707907e+01 1.527325045717e+01 1.330048955600e+03
6 36 4 2.86151347 3.28849514 5.66711667 3.43790055 11.17803332 2.767074881245e+00 1.514041574485e+01 9.240662006299e+01 1.544988633986e+01 1.309071172115e+03
6 37 4 2.86151347 3.28849514 5.66711667 3.43790055 11.17803332 2.833946049129e+00 1.496809570392e+01 9.342260142782e+01 1.561494149221e+01 1.288713878170e+03
6 38 4 2.86151347 3.28849514 5.66711667 3.43790055 11.17803332 2.880348849220e+00 1.484346658848e+01 9.452843855539e+01 1.576755018253e+01 1.274666600730e+03
6 39 4 2.86151347 3.28849514 5.66711667 3.43790055 11.17803332 2.897197805685e+00 1.477363146642e+01 9.589074606165e+01 1.591419584967e+01 1.272207107116e+03
6 40 4 2.86151347 3.28849514 5.66711667 3.43790055 11.17803332 2.875123404841e+00 1.475962957736e+01 9.763606912505e+01 1.606596464441e+01 1.285080776483e+03
6 41 4 2.86151347 3.28849514 5.66711667 3.43790055 11.17803332 2.815439673455e+00 1.479398626111e+01 9.982218125400e+01 1.623484488334e+01 1.314650016496e+03
6 42 4 2.86151347 3.28849514 5.66711667 3.43790055 11.17803332 2.730535310146e+00 1.485976766818e+01 1.024443397496e+02 1.643021449278e+01 1.359538432992e+03
6 43 4 2.86151347 3.28849514 5.66711667 3.43790055 11.17803332 2.632091131303e+00 1.493202700501e+01 1.054581785136e+02 1.665659035194e+01 1.415848245404e+03
6 44 4 2.86151347 3.28849514 5.66711667 3.43790055 11.17803332 2.520234688805e+00 1.498182849758e+01 1.087973876186e+02 1.691331549241e+01 1.477865251051e+03
6 45 4 2.86151347 3.28849514 5.66711667 3.43790055 11.17803332 2.386170943904e+00 1.498218014675e+01 1.123773613169e+02 1.719624573110e+01 1.539047195246e+03
6 46 4 2.86151347 3.28849514 5.66711667 3.43790055 11.17803332 2.225121337997e+00 1.491448884610e+01 1.160934954464e+02 1.750085410395e+01 1.593059363948e+03
6 47 4 2.86151347 3.28849514 5.66711667 3.43790055 11.17803332 2.044241763472e+00 1.477383861619e+01 1.198301498536e+02 1.782570455337e+01 1.634674612399e+03
6 48 4 2.86151347 3.28849514 5.66711667 3.43790055 11.17803332 1.856453513637e+00 1.457162594014e+01 1.234875138584e+02 1.817511119565e+01 1.660452994205e+03
6 49 4 2.86151347 3.28849514 5.66711667 3.43790055 11.17803332 1.668393850532e+00 1.433481792386e+01 1.270160666691e+02 1.856004719361e+01 1.669199993671e+03
6 50 4 2.86151347 3.28849514 5.66711667 3.43790055 11.17803332 1.477785892668e+00 1.410209570359e+01 1.304369633435e+02 1.899692254207e+01 1.662227574324e+03
6 51 4 2.86151347 3.28849514 5.66711667 3.43790055 11.17803332 1.283513389014e+00 1.391806254322e+01 1.338321761675e+02 1.950453288995e+01 1.643403577622e+03
6 52 4 2.86151347 3.28849514 5.66711667 3.43790055 11.17803332 1.095446857340e+00 1.382720223235e+01 1.373079891691e+02 2.010006662217e+01 1.618910510180e+03
6 53 4 2.86151347 3.28849514 5.66711667 3.43790055 11.17803332 9.311584046873e-01 1.386918026274e+01 1.409548233760e+02 2.079535212351e+01 1.596605193735e+03
6 54 4 2.86151347 3.28849514 5.66711667 3.43790055 11.17803332 8.032991132247e-01 1.407642433539e+01 1.448296726182e+02 2.159443913308e+01 1.584923921314e+03
6 55 4 2.86151347 3.28849514 5.66711667 3.43790055 11.17803332 7.135273980740e-01 1.447396112602e+01 1.489705731820e+02 2.249317759606e+01 1.591416933852e+03
6 56 4 2.86151347 3.28849514 5.66711667 3.43790055 11.17803332 6.605874950389e-01 1.508061128752e+01 1.534272637405e+02 2.348084080225e+01 1.621170770091e+03
6 57 4 2.86151347 3.28849514 5.66711667 3.43790055 11.17803332 6.516385099092e-01 1.591021884819e+01 1.582779335450e+02 2.454325010605e+01 1.675503828436e+03
6 58 4 2.86151347 3.28849514 5.66711667 3.43790055 11.17803332 7.012883106148e-01 1.697180088815e+01 1.636109313228e+02 2.566648677900e+01 1.751324354663e+03
6 59 4 2.86151347 3.28849514 5.66711667 3.43790055 11.17803332 8.188321090586e-01 1.826826678604e+01 1.694773574320e+02 2.684022199531e+01 1.841396038240e+03
6 60 4 2.86151347 3.28849514 5.66711667 3.43790055 11.17803332 1.000487025035e+00 1.979434056517e+01 1.758458997611e+02 2.805993614013e+01 1.935507725232e+03
6 61 4 2.86151347 3.28849514 5.66711667 3.43790055 11.17803332 1.237863668179e+00 2.153506770284e+01 1.825952762830e+02 2.932770791121e+01 2.022285425648e+03
6 62 4 2.86151347 3.28849514 5.66711667 3.43790055 11.17803332 1.532405116860e+00 2.346640889953e+01 1.895575091796e+02 3.065166232971e+01 2.091218918309e+03
6 63 4 2.86151347 3.28849514 5.66711667 3.43790055 11.17803332 1.896133788744e+00 2.555877387678e+01 1.965916577207e+02 3.204443444575e+01 2.134461048410e+03
10 0 4 3.58551450 2.55615182 3.65673769 3.94068006 6.66406651 8.009498966829e-01 7.596630960370e+00 3.863762125183e+01 1.684372957733e-02 2.183795764819e+02
10 1 4 3.58551450 2.55615182 3.65673769 3.94068006 6.66406651 7.800126451639e-01 7.950881505777e+00 3.737007546153e+01 3.400936497658e-02 2.194567984396e+02
10 2 4 3.58551450 2.55615182 3.65673769 3.94068006 6.66406651 7.494337783099e-01 8.305571310806e+00 3.609635010685e+01 5.378364252977e-02 2.212071109871e+02
10 3 4 3.58551450 2.55615182 3.65673769 3.94068006 6.66406651 7.140219107940e-01 8.651526445991e+00 3.483170148458e+01 7.196929942909e-02 2.234019536155e+02
10 4 4 3.58551450 2.55615182 3.65673769 3.94068006 6.66406651 6.669581865295e-01 8.980312719086e+00 3.360955390281e+01 8.509451269835e-02 2.258517343233e+02
10 5 4 3.58551450 2.55615182 3.65673769 3.94068006 6.66406651 6.066727249171e-01 9.285467453747e+00 3.245883582119e+01 9.129747516853e-02 2.284396837305e+02
10 6 4 3.58551450 2.55615182 3.65673769 3.94068006 6.66406651 5.420249274011e-01 9.563112618241e+00 3.138577235449e+01 9.052310609431e-02 2.311243279091e+02
10 7 4 3.58551450 2.55615182 3.65673769 3.94068006 6.66406651 4.817917611283e-01 9.811912234611e+00 3.036929188054e+01 8.403842520884e-02 2.339080389981e+02
10 8 4 3.58551450 2.55615182 3.65673769 3.94068006 6.66406651 4.282914221005e-01 1.003253807959e+01 2.937163458812e+01 7.361292821791e-02 2.367879876335e+02
10 9 4 3.58551450 2.55615182 3.65673769 3.94068006 6.66406651 3.819225734581e-01 1.022692028163e+01 2.835794041446e+01 6.083152937882e-02 2.397147887110e+02
10 10 4 3.58551450 2.55615182 3.65673769 3.94068006 6.66406651 3.455314826362e-01 1.039755852327e+01 2.731447434298e+01 4.685698241901e-02 2.425783180066e+02
10 11 4 3.58551450 2.55615182 3.65673769 3.94068006 6.66406651 3.225858123306e-01 1.054707312798e+01 2.625650030706e+01 3.264466234443e-02 2.452242617407e+02
10 12 4 3.58551450 2.55615182 3.65673769 3.94068006 6.66406651 3.142289886356e-01 1.067803305153e+01 2.522253597308e+01 1.933167087096e-02 2.474894429458e+02
10 13 4 3.58551450 2.55615182 3.65673769 3.94068006 6.66406651 3.195619010256e-01 1.079296982119e+01 2.425859769973e+01 8.437566581374e-03 2.492378653991e+02
10 14 4 3.58551450 2.55615182 3.65673769 3.94068006 6.66406651 3.375215191784e-01 1.089442036930e+01 2.340054825307e+01 1.661653996365e-03 2.503845682334e+02
10 15 4 3.58551450 2.55615182 3.65673769 3.94068006 6.66406651 3.668064834467e-01 1.098485644190e+01 2.266275165196e+01 3.379623161405e-04 2.509050764698e+02
10 16 4 3.58551450 2.55615182 3.65673769 3.94068006 6.66406651 4.034387512614e-01 1.106643990095e+01 2.203728140604e+01 4.840624269351e-03 2.508359772109e+02
10 17 4 3.58551450 2.55615182 3.65673769 3.94068006 6.66406651 4.404977322994e-01 1.114065304526e+01 2.150229547902e+01 1.428282639290e-02 2.502719671574e+02
10 18 4 3.58551450 2.55615182 3.65673769 3.94068006 6.66406651 4.730440475203e-01 1.120794384741e+01 2.103389464887e+01 2.669932082127e-02 2.493584427687e+02
10 19 4 3.58551450 2.55615182 3.65673769 3.94068006 6.66406651 5.017256435017e-01 1.126756009919e+01 2.061488144837e+01 3.964276741272e-02 2.482731864683e+02
10 20 4 3.58551450 2.55615182 3.65673769 3.94068006 6.66406651 5.274462207861e-01 1.131770896944e+01 2.023647441322e+01 5.091080791577e-02 2.471923535669e+02
10 21 4 3.58551450 2.55615182 3.65673769 3.94068006 6.66406651 5.442640804528e-01 1.135608137188e+01 1.989351156514e+01 5.907123372386e-02 2.462456417812e+02
10 22 4 3.58551450 2.55615182 3.65673769 3.94068006 6.66406651 5.440421528310e-01 1.138065712247e+01 1.957747807671e+01 6.358463987223e-02 2.454773563132e+02
10 23 4 3.58551450 2.55615182 3.65673769 3.94068006 6.66406651 5.279507441017e-01 1.139059936330e+01 1.927282096894e+01 6.455249950510e-02 2.448351191057e+02
10 24 4 3.58551450 2.55615182 3.65673769 3.94068006 6.66406651 5.059235621349e-01 1.138699178471e+01 1.895998197446e+01 6.231067056379e-02 2.442002769838e+02
10 25 4 3.58551450 2.55615182 3.65673769 3.94068006 6.66406651 4.831470687819e-01 1.137318924081e+01 1.862456744010e+01 5.714049320988e-02 2.434552505095e+02
10 26 4 3.58551450 2.55615182 3.65673769 3.94068006 6.66406651 4.545305596299e-01 1.135463838784e+01 1.826824386747e+01 4.926310454713e-02 2.425622380076e+02
10 27 4 3.58551450 2.55615182 3.65673769 3.94068006 6.66406651 4.157638930800e-01 1.133815646280e+01 1.791532060446e+01 3.908788636511e-02 2.416166589396e+02
10 28 4 3.58551450 2.55615182 3.65673769 3.94068006 6.66406651 3.731867969160e-01 1.133079712199e+01 1.761044450003e+01 2.751832387888e-02 2.408452273266e+02
10 29 4 3.58551450 2.55615182 3.65673769 3.94068006 6.66406651 3.378453365156e-01 1.133854437024e+01 1.740674037713e+01 1.607231436837e-02 2.405414273155e+02
10 30 4 3.58551450 2.55615182 3.65673769 3.94068006 6.66406651 3.139866023103e-01 1.136512943020e+01 1.734825394671e+01 6.672301324154e-03 2.409602984369e+02
10 31 4 3.58551450 2.55615182 3.65673769 3.94068006 6.66406651 2.980069157748e-01 1.141124691374e+01 1.745355443452e+01 1.146241693382e-03 2.422156075860e+02
10 32 4 3.58551450 2.55615182 3.65673769 3.94068006 6.66406651 2.865522322112e-01 1.147436013761e+01 1.770738646866e+01 6.494783585228e-04 2.442246089926e+02
10 33 4 3.58551450 2.55615182 3.65673769 3.94068006 6.66406651 2.820296907159e-01 1.154915165049e+01 1.806422337064e+01 5.276706350520e-03 2.467265661313e+02
10 34 4 3.58551450 2.55615182 3.65673769 3.94068006 6.66406651 2.901814066654e-01 1.162852593288e+01 1.846275232095e+01 1.404921588036e-02 2.493692845831e+02
10 35 4 3.58551450 2.55615182 3.65673769 3.94068006 6.66406651 3.130879271314e-01 1.170494237833e+01 1.884581488268e+01 2.527954278988e-02 2.518278777603e+02
10 36 4 3.58551450 2.55615182 3.65673769 3.94068006 6.66406651 3.448305184261e-01 1.177177920836e+01 1.917811614842e+01 3.713115244315e-02 2.539060299409e+02
10 37 4 3.58551450 2.55615182 3.65673769 3.94068006 6.66406651 3.760006647931e-01 1.182442240639e+01 1.945508369233e+01 4.810397145159e-02 2.555787120293e+02
10 38 4 3.58551450 2.55615182 3.65673769 3.94068006 6.66406651 4.034795216058e-01 1.186084096342e+01 1.970013202101e+01 5.723473734806e-02 2.569623450716e+02
10 39 4 3.58551450 2.55615182 3.65673769 3.94068006 6.66406651 4.320374855760e-01 1.188153547433e+01 1.995253315292e+01 6.397280238161e-02 2.582307205351e+02
10 40 4 3.58551450 2.55615182 3.65673769 3.94068006 6.66406651 4.635839512414e-01 1.188890076696e+01 2.025187551838e+01 6.788193956580e-02 2.595172403941e+02
10 41 4 3.58551450 2.55615182 3.65673769 3.94068006 6.66406651 4.897929431860e-01 1.188618563506e+01 2.062600312380e+01 6.841843068746e-02 2.608462985648e+02
10 42 4 3.58551450 2.55615182 3.65673769 3.94068006 6.66406651 5.007362819356e-01 1.187632617192e+01 2.108699955966e+01 6.498434086944e-02 2.621191989172e+02
10 43 4 3.58551450 2.55615182 3.65673769 3.94068006 6.66406651 4.967884945550e-01 1.186094803921e+01 2.163540681693e+01 5.727646854077e-02 2.631529138772e+02
10 44 4 3.58551450 2.55615182 3.65673769 3.94068006 6.66406651 4.853851150130e-01 1.183977197658e+01 2.226865556690e+01 4.574634643347e-02 2.637473167240e+02
10 45 4 3.58551450 2.55615182 3.65673769 3.94068006 6.66406651 4.690108836470e-01 1.181053392427e+01 2.298778701261e+01 3.187778515544e-02 2.637487779084e+02
10 46 4 3.58551450 2.55615182 3.65673769 3.94068006 6.66406651 4.438652829515e-01 1.176938334374e+01 2.379796414832e+01 1.805011282319e-02 2.630867754608e+02
10 47 4 3.58551450 2.55615182 3.65673769 3.94068006 6.66406651 4.091680546279e-01 1.171159606923e+01 2.470226988984e+01 6.965031368812e-03 2.617780092229e+02
10 48 4 3.58551450 2.55615182 3.65673769 3.94068006 6.66406651 3.707202851757e-01 1.163237059534e+01 2.569271045886e+01 8.594780159003e-04 2.599081274681e+02
10 49 4 3.58551450 2.55615182 3.65673769 3.94068006 6.66406651 3.348228539040e-01 1.152748879455e+01 2.674468064279e+01 8.628849414734e-04 2.576064536856e+02
10 50 4 3.58551450 2.55615182 3.65673769 3.94068006 6.66406651 3.039803881394e-01 1.139370613752e+01 2.781990457804e+01 6.796307686679e-03 2.550236834304e+02
10 51 4 3.58551450 2.55615182 3.65673769 3.94068006 6.66406651 2.793983393851e-01 1.122885939829e+01 2.887845043774e+01 1.747735755513e-02 2.523131004416e+02
10 52 4 3.58551450 2.55615182 3.65673769 3.94068006 6.66406651 2.636857764708e-01 1.103179384110e+01 2.989506932540e+01 3.131935004251e-02 2.496108433413e+02
10 53 4 3.58551450 2.55615182 3.65673769 3.94068006 6.66406651 2.596173054014e-01 1.080227197970e+01 3.087180014019e+01 4.685985532585e-02 2.470140304310e+02
10 54 4 3.58551450 2.55615182 3.65673769 3.94068006 6.66406651 2.681610674022e-01 1.054100728558e+01 3.183961913552e+01 6.292160999270e-02 2.445637395205e+02
10 55 4 3.58551450 2.55615182 3.65673769 3.94068006 6.66406651 2.890044269823e-01 1.024987489816e+01 3.284687842515e+01 7.836467158314e-02 2.422449689954e+02
10 56 4 3.58551450 2.55615182 3.65673769 3.94068006 6.66406651 3.226033058908e-01 9.932224365879e+00 3.393904707890e+01 9.167982128856e-02 2.400114606903e+02
10 57 4 3.58551450 2.55615182 3.65673769 3.94068006 6.66406651 3.699833290473e-01 9.593111779852e+00 3.513929150873e+01 1.008143382987e-01 2.378302973549e+02
10 58 4 3.58551450 2.55615182 3.65673769 3.94068006 6.66406651 4.287157572719e-01 9.239232640357e+00 3.643978976228e+01 1.035095982781e-01 2.357274572841e+02
10 59 4 3.58551450 2.55615182 3.65673769 3.94068006 6.66406651 4.912112575721e-01 8.878400166897e+00 3.780874639560e+01 9.811608993447e-02 2.338110596933e+02
10 60 4 3.58551450 2.55615182 3.65673769 3.94068006 6.66406651 5.516958639628e-01 8.518565651806e+00 3.921007695887e+01 8.451839543268e-02 2.322586814702e+02
10 61 4 3.58551450 2.55615182 3.65673769 3.94068006 6.66406651 6.127481900305e-01 8.166568351342e+00 4.062573983353e+01 6.465961414064e-02 2.312743048819e+02
10 62 4 3.58551450 2.55615182 3.65673769 3.94068006 6.66406651 6.767607221776e-01 7.826959598660e+00 4.206857016709e+01 4.230704743559e-02 2.310375412854e+02
10 63 4 3.58551450 2.55615182 3.65673769 3.94068006 6.66406651 7.324365561321e-01 7.501299778001e+00 4.357774647834e+01 2.207766431743e-02 2.316716763316e+02
12 0 4 2.61526165 1.79229676 2.29524552 3.73970488 3.62722940 3.326700967510e-04 8.888231499839e-04 1.378151734548e-04 1.022113838293e-04 3.430014071097e-01
12 1 4 2.61526165 1.79229676 2.29524552 3.73970488 3.62722940 3.604484282329e-04 8.322375901601e-04 8.732354273700e-05 9.671558026197e-05 2.889399566487e-01
12 2 4 2.61526165 1.79229676 2.29524552 3.73970488 3.62722940 3.839141082661e-04 7.775468334454e-04 5.339454668650e-05 9.127446446724e-05 2.309658664118e-01
12 3 4 2.61526165 1.79229676 2.29524552 3.73970488 3.62722940 4.256966643534e-04 7.248837251731e-04 3.551513605399e-05 8.596060478052e-05 1.756512415322e-01
12 4 4 2.61526165 1.79229676 2.29524552 3.73970488 3.62722940 4.757571442035e-04 6.743670387229e-04 3.243675179659e-05 8.084046533930e-05 1.289089047272e-01
12 5 4 2.61526165 1.79229676 2.29524552 3.73970488 3.62722940 5.000801142177e-04 6.260991799866e-04 4.231462569776e-05 7.597265106111e-05 9.519608665893e-02
12 6 4 2.61526165 1.79229676 2.29524552 3.73970488 3.62722940 4.752592801264e-04 5.801643922163e-04 6.286618242212e-05 7.140657990014e-05 7.693922005148e-02
12 7 4 2.61526165 1.79229676 2.29524552 3.73970488 3.62722940 4.055885031217e-04 5.366274953947e-04 9.153690394896e-05 6.718159746606e-05 7.426796833743e-02
12 8 4 2.61526165 1.79229676 2.29524552 3.73970488 3.62722940 3.100317931109e-04 4.955331736011e-04 1.256628887425e-04 6.332653029473e-05 8.510182772178e-02
12 9 4 2.61526165 1.79229676 2.29524552 3.73970488 3.62722940 2.051039534596e-04 4.569058041597e-04 1.626208350757e-04 5.985965669852e-05 1.055753439953e-01
12 10 4 2.61526165 1.79229676 2.29524552 3.73970488 3.62722940 1.066500562268e-04 4.207498043491e-04 1.999581206983e-04 5.678905884542e-05 1.307289905862e-01
12 11 4 2.61526165 1.79229676 2.29524552 3.73970488 3.62722940 3.988249667583e-05 3.870504557130e-04 2.354978468163e-04 5.411330704924e-05 1.553447379562e-01
12 12 4 2.61526165 1.79229676 2.29524552 3.73970488 3.62722940 3.277521805307e-05 3.557751530025e-04 2.674159741781e-04 5.182241759291e-05 1.747795015519e-01
12 13 4 2.61526165 1.79229676 2.29524552 3.73970488 3.62722940 9.259495798003e-05 3.268750148187e-04 2.942898321774e-04 4.989901899532e-05 1.856525485406e-01
12 14 4 2.61526165 1.79229676 2.29524552 3.73970488 3.62722940 1.938358024323e-04 3.002867862877e-04 3.151191870514e-04 4.831965856062e-05 1.862745194432e-01
12 15 4 2.61526165 1.79229676 2.29524552 3.73970488 3.62722940 2.970709315968e-04 2.759349606037e-04 3.293226083054e-04 4.705618125581e-05 1.767591199655e-01
12 16 4 2.61526165 1.79229676 2.29524552 3.73970488 3.62722940 3.806811435961e-04 2.537340459187e-04 3.367130099617e-04 4.607711624323e-05 1.588217720835e-01
12 17 4 2.61526165 1.79229676 2.29524552 3.73970488 3.62722940 4.490873906190e-04 2.335909065805e-04 3.374569420462e-04 4.534901241572e-05 1.353285230336e-01
12 18 4 2.61526165 1.79229676 2.29524552 3.73970488 3.62722940 5.079132643918e-04 2.154071127751e-04 3.320224816596e-04 4.483767260058e-05 1.097007209827e-01
12 19 4 2.61526165 1.79229676 2.29524552 3.73970488 3.62722940 5.376481320876e-04 1.990812397717e-04 3.211204663996e-04 4.450924618520e-05 8.529832792760e-02
12 20 4 2.61526165 1.79229676 2.29524552 3.73970488 3.62722940 5.019561593128e-04 1.845110666787e-04 3.056433928352e-04 4.433115118457e-05 6.489544976438e-02
12 21 4 2.61526165 1.79229676 2.29524552 3.73970488 3.62722940 3.865711648801e-04 1.715956343481e-04 2.866056501458e-04 4.427280859942e-05 5.033016559473e-02
12 22 4 2.61526165 1.79229676 2.29524552 3.73970488 3.62722940 2.260769201591e-04 1.602371322599e-04 2.650879602336e-04 4.430618368506e-05 4.236613953955e-02
12 23 4 2.61526165 1.79229676 2.29524552 3.73970488 3.62722940 8.542919056590e-05 1.503425943134e-04 2.421880345197e-04 4.440613987184e-05 4.075694480994e-02
12 24 4 2.61526165 1.79229676 2.29524552 3.73970488 3.62722940 1.196603513928e-05 1.418253929571e-04 2.189786095487e-04 4.455062101135e-05 4.446584511712e-02
12 25 4 2.61526165 1.79229676 2.29524552 3.73970488 3.62722940 6.585045201061e-06 1.346065295506e-04 1.964732506924e-04 4.472068590751e-05 5.197113237399e-02
12 26 4 2.61526165 1.79229676 2.29524552 3.73970488 3.62722940 4.164969180452e-05 1.286157259159e-04 1.755996622818e-04 4.490042536651e-05 6.158275948356e-02
12 27 4 2.61526165 1.79229676 2.29524552 3.73970488 3.62722940 1.013718750413e-04 1.237923274323e-04 1.571797437151e-04 4.507679601492e-05 7.170822397036e-02
12 28 4 2.61526165 1.79229676 2.29524552 3.73970488 3.62722940 1.964775941189e-04 1.200860316074e-04 1.419152991691e-04 4.523940676291e-05 8.102930442367e-02
12 29 4 2.61526165 1.79229676 2.29524552 3.73970488 3.62722940 3.361464076742e-04 1.174574577714e-04 1.303781444715e-04 4.538029302876e-05 8.857938408952e-02
12 30 4 2.61526165 1.79229676 2.29524552 3.73970488 3.62722940 4.913525778974e-04 1.158785734556e-04 1.230033482001e-04 4.549371081336e-05 9.373674580038e-02
12 31 4 2.61526165 1.79229676 2.29524552 3.73970488 3.62722940 5.966527281073e-04 1.153329912989e-04 1.200844763411e-04 4.557597765828e-05 9.616687015733e-02
12 32 4 2.61526165 1.79229676 2.29524552 3.73970488 3.62722940 5.964219355578e-04 1.158161472451e-04 1.217699560180e-04 4.562538077894e-05 9.575327714542e-02
12 33 4 2.61526165 1.79229676 2.29524552 3.73970488 3.62722940 4.913639824601e-04 1.173353666816e-04 1.280600050668e-04 4.564216466241e-05 9.255139926235e-02
12 34 4 2.61526165 1.79229676 2.29524552 3.73970488 3.62722940 3.377432445469e-04 1.199098204240e-04 1.388039593951e-04 4.562860164757e-05 8.678547151100e-02
12 35 4 2.61526165 1.79229676 2.29524552 3.73970488 3.62722940 2.000441709901e-04 1.235703675092e-04 1.536982365377e-04 4.558913999235e-05 7.888854068987e-02
12 36 4 2.61526165 1.79229676 2.29524552 3.73970488 3.62722940 1.054891824320e-04 1.283592770571e-04 1.722855683704e-04 4.553061522070e-05 6.956563714628e-02
12 37 4 2.61526165 1.79229676 2.29524552 3.73970488 3.62722940 4.412672547040e-05 1.343298174294e-04 1.939564851865e-04 4.546250265784e-05 5.984526415317e-02
12 38 4 2.61526165 1.79229676 2.29524552 3.73970488 3.62722940 6.789990962221e-06 1.415456979550e-04 2.179543044379e-04 4.539718249389e-05 5.107906834850e-02
12 39 4 2.61526165 1.79229676 2.29524552 3.73970488 3.62722940 1.233702518983e-05 1.500803469296e-04 2.433850391507e-04 4.535018388368e-05 4.485633849999e-02
12 40 4 2.61526165 1.79229676 2.29524552 3.73970488 3.62722940 9.038713926369e-05 1.600160096951e-04 2.692336652566e-04 4.534037183170e-05 4.281857704509e-02
12 41 4 2.61526165 1.79229676 2.29524552 3.73970488 3.62722940 2.389255409575e-04 1.714426525281e-04 2.943880510989e-04 4.539004015478e-05 4.638646119408e-02
12 42 4 2.61526165 1.79229676 2.29524552 3.73970488 3.62722940 4.071433588143e-04 1.844566618671e-04 3.176715414284e-04 4.552487577737e-05 5.644098515638e-02
12 43 4 2.61526165 1.79229676 2.29524552 3.73970488 3.62722940 5.272415697774e-04 1.991593340457e-04 3.378846984826e-04 4.577376398211e-05 7.302475820271e-02
12 44 4 2.61526165 1.79229676 2.29524552 3.73970488 3.62722940 5.646202768306e-04 2.156551579907e-04 3.538560442182e-04 4.616841087685e-05 9.514077920802e-02
12 45 4 2.61526165 1.79229676 2.29524552 3.73970488 3.62722940 5.354573428368e-04 2.340499020441e-04 3.645008464419e-04 4.674276798582e-05 1.207191874546e-01
12 46 4 2.61526165 1.79229676 2.29524552 3.73970488 3.62722940 4.770451163633e-04 2.544485257790e-04 3.688860908436e-04 4.753225415700e-05 1.467962072899e-01
12 47 4 2.61526165 1.79229676 2.29524552 3.73970488 3.62722940 4.074621992414e-04 2.769529479750e-04 3.662988412464e-04 4.857278142706e-05 1.699074823532e-01
12 48 4 2.61526165 1.79229676 2.29524552 3.73970488 3.62722940 3.190624988718e-04 3.016597122698e-04 3.563142873634e-04 4.989960355333e-05 1.866486758682e-01
12 49 4 2.61526165 1.79229676 2.29524552 3.73970488 3.62722940 2.077840230458e-04 3.286576018585e-04 3.388589996680e-04 5.154601800631e-05 1.943110776904e-01
12 50 4 2.61526165 1.79229676 2.29524552 3.73970488 3.62722940 9.859967454933e-05 3.580252634086e-04 3.142643464183e-04 5.354196368860e-05 1.914707655502e-01
12 51 4 2.61526165 1.79229676 2.29524552 3.73970488 3.62722940 3.472660030410e-05 3.898289075312e-04 2.833047676455e-04 5.591256688058e-05 1.784055046707e-01
12 52 4 2.61526165 1.79229676 2.29524552 3.73970488 3.62722940 4.300146406501e-05 4.241201581892e-04 2.472157228016e-04 5.867669631592e-05 1.572374015531e-01
12 53 4 2.61526165 1.79229676 2.29524552 3.73970488 3.62722940 1.147901947999e-04 4.609341258798e-04 2.076866899368e-04 6.184559432782e-05 1.317478701513e-01
12 54 4 2.61526165 1.79229676 2.29524552 3.73970488 3.62722940 2.201072850765e-04 5.002877789450e-04 1.668256224408e-04 6.542165423370e-05 1.068748772320e-01
12 55 4 2.61526165 1.79229676 2.29524552 3.73970488 3.62722940 3.325405249543e-04 5.421786836988e-04 1.270927555712e-04 6.939741420860e-05 8.796677765751e-02
12 56 4 2.61526165 1.79229676 2.29524552 3.73970488 3.62722940 4.352524078955e-04 5.865841770964e-04 9.120354860095e-05 7.375483463228e-05 7.991780020191e-02
12 57 4 2.61526165 1.79229676 2.29524552 3.73970488 3.62722940 5.100077883506e-04 6.334610254474e-04 6.200275565693e-05 7.846491922368e-05 8.633600548240e-02
12 58 4 2.61526165 1.79229676 2.29524552 3.73970488 3.62722940 5.362805016209e-04 6.827456093593e-04 4.231400442970e-05 8.348773029666e-05 1.088899549539e-01
12 59 4 2.61526165 1.79229676 2.29524552 3.73970488 3.62722940 5.102360551253e-04 7.343546590299e-04 3.477165757990e-05 8.877283543254e-05 1.469473216305e-01
12 60 4 2.61526165 1.79229676 2.29524552 3.73970488 3.62722940 4.576768159926e-04 7.881865456466e-04 4.164394338890e-05 9.426020717105e-05 1.975656437897e-01
12 61 4 2.61526165 1.79229676 2.29524552 3.73970488 3.62722940 4.142502600270e-04 8.441231146075e-04 6.465816640695e-05 9.988157951415e-05 2.558347288365e-01
12 62 4 2.61526165 1.79229676 2.29524552 3.73970488 3.62722940 3.888240801693e-04 9.020320252548e-04 1.048400483974e-04 1.055622457778e-04 3.155146839438e-01
12 63 4 2.61526165 1.79229676 2.29524552 3.73970488 3.62722940 3.566149110666e-04 9.617695406057e-04 1.623797320505e-04 1.112232623769e-04 3.698731358424e-01
18 0 4 2.23362702 1.99855564 2.57279299 3.02128689 3.68000430 1.759291913822e-03 1.761050409166e-05 2.630229276483e-04 8.444806537295e-04 1.985801576166e+00
18 1 4 2.23362702 1.99855564 2.57279299 3.02128689 3.68000430 1.870276687141e-03 2.167887260760e-05 2.431616136766e-04 7.861289213480e-04 2.143983877652e+00
18 2 4 2.23362702 1.99855564 2.57279299 3.02128689 3.68000430 2.232910521352e-03 2.594571218940e-05 2.226740393544e-04 7.081867545858e-04 2.241317258349e+00
18 3 4 2.23362702 1.99855564 2.57279299 3.02128689 3.68000430 2.601781621471e-03 3.034896402497e-05 1.988091819744e-04 6.280225047748e-04 2.256220203007e+00
18 4 4 2.23362702 1.99855564 2.57279299 3.02128689 3.68000430 2.649849377781e-03 3.483070246606e-05 1.796091453484e-04 5.589658189876e-04 2.182486708575e+00
18 5 4 2.23362702 1.99855564 2.57279299 3.02128689 3.68000430 2.591099659248e-03 3.933737185739e-05 1.804245959746e-04 5.071015750777e-04 2.028989445117e+00
18 6 4 2.23362702 1.99855564 2.57279299 3.02128689 3.68000430 2.733215702524e-03 4.381998462838e-05 2.166530933702e-04 4.706564150415e-04 1.816931218619e+00
18 7 4 2.23362702 1.99855564 2.57279299 3.02128689 3.68000430 2.816636596443e-03 4.823428336609e-05 2.958830400733e-04 4.419379959859e-04 1.575325605721e+00
18 8 4 2.23362702 1.99855564 2.57279299 3.02128689 3.68000430 2.452437034878e-03 5.254086763888e-05 4.127683849835e-04 4.109861538126e-04 1.335620992537e+00
18 9 4 2.23362702 1.99855564 2.57279299 3.02128689 3.68000430 1.858961392668e-03 5.670528453367e-05 5.487529604907e-04 3.696223998511e-04 1.126435993423e+00
18 10 4 2.23362702 1.99855564 2.57279299 3.02128689 3.68000430 1.524835833417e-03 6.069808032888e-05 6.767758629142e-04 3.145640366726e-04 9.692579963982e-01
18 11 4 2.23362702 1.99855564 2.57279299 3.02128689 3.68000430 1.447877258194e-03 6.449480955262e-05 7.691561222166e-04 2.486723096171e-04 8.757090745736e-01
18 12 4 2.23362702 1.99855564 2.57279299 3.02128689 3.68000430 1.310954671521e-03 6.807599695122e-05 8.057280481856e-04 1.800690798102e-04 8.466620195246e-01
18 13 4 2.23362702 1.99855564 2.57279299 3.02128689 3.68000430 1.131340367685e-03 7.142704766665e-05 7.793574709905e-04 1.195525439878e-04 8.731570875692e-01
18 14 4 2.23362702 1.99855564 2.57279299 3.02128689 3.68000430 1.147722867426e-03 7.453810121325e-05 6.971028380387e-04 7.724807621162e-05 9.387844034208e-01
18 15 4 2.23362702 1.99855564 2.57279299 3.02128689 3.68000430 1.299755250818e-03 7.740382564789e-05 5.769777763354e-04 5.960249974761e-05 1.022999621665e+00
18 16 4 2.23362702 1.99855564 2.57279299 3.02128689 3.68000430 1.374155482633e-03 8.002314960194e-05 4.418373533566e-04 6.764276474735e-05 1.104752589065e+00
18 17 4 2.23362702 1.99855564 2.57279299 3.02128689 3.68000430 1.463227647055e-03 8.239893152765e-05 3.127724006584e-04 9.696109229621e-05 1.165830275205e+00
18 18 4 2.23362702 1.99855564 2.57279299 3.02128689 3.68000430 1.758477272903e-03 8.453756751616e-05 2.042982803768e-04 1.393224227945e-04 1.193427981272e+00
18 19 4 2.23362702 1.99855564 2.57279299 3.02128689 3.68000430 2.071578545468e-03 8.644854126665e-05 1.226965053696e-04 1.852990641499e-04 1.181636478034e+00
18 20 4 2.23362702 1.99855564 2.57279299 3.02128689 3.68000430 2.056338026801e-03 8.814392210798e-05 6.753910702072e-05 2.270649074424e-04 1.131731828281e+00
18 21 4 2.23362702 1.99855564 2.57279299 3.02128689 3.68000430 1.753455883112e-03 8.963781927312e-05 3.523343991425e-05 2.604915200923e-04 1.051345348099e+00
18 22 4 2.23362702 1.99855564 2.57279299 3.02128689 3.68000430 1.460543128908e-03 9.094580277886e-05 2.280146362669e-05 2.859544872635e-04 9.527463496537e-01
18 23 4 2.23362702 1.99855564 2.57279299 3.02128689 3.68000430 1.221406370503e-03 9.208430315240e-05 3.022996870757e-05 3.076808877345e-04 8.505727066223e-01
18 24 4 2.23362702 1.99855564 2.57279299 3.02128689 3.68000430 8.995769385731e-04 9.307000376683e-05 6.048012993756e-05 3.319116669683e-04 7.593872608727e-01
18 25 4 2.23362702 1.99855564 2.57279299 3.02128689 3.68000430 6.131262724223e-04 9.391924061201e-05 1.172882492591e-04 3.644865562603e-04 6.914245672917e-01
18 26 4 2.23362702 1.99855564 2.57279299 3.02128689 3.68000430 6.299267158398e-04 9.464742486893e-05 2.018102375064e-04 4.085974764196e-04 6.548325265732e-01
18 27 4 2.23362702 1.99855564 2.57279299 3.02128689 3.68000430 9.281289338666e-04 9.526850363353e-05 3.096257637429e-04 4.633747139485e-04 6.526213219531e-01
18 28 4 2.23362702 1.99855564 2.57279299 3.02128689 3.68000430 1.288581404689e-03 9.579447353447e-05 4.294805907917e-04 5.237064608993e-04 6.824232556271e-01
18 29 4 2.23362702 1.99855564 2.57279299 3.02128689 3.68000430 1.713143443388e-03 9.623496082145e-05 5.444882883919e-04 5.813300963237e-04 7.370560211087e-01
18 30 4 2.23362702 1.99855564 2.57279299 3.02128689 3.68000430 2.301055754952e-03 9.659687980502e-05 6.355942751166e-04 6.268757904281e-04 8.057805929517e-01
18 31 4 2.23362702 1.99855564 2.57279299 3.02128689 3.68000430 2.804089641779e-03 9.688417937058e-05 6.862620298413e-04 6.522842184339e-04 8.760621552851e-01
18 32 4 2.23362702 1.99855564 2.57279299 3.02128689 3.68000430 2.799460950705e-03 9.709768475227e-05 6.868689579536e-04 6.529241791920e-04 9.355843379383e-01
18 33 4 2.23362702 1.99855564 2.57279299 3.02128689 3.68000430 2.296346827172e-03 9.723503894238e-05 6.373573049460e-04 6.288227585091e-04 9.742372022891e-01
18 34 4 2.23362702 1.99855564 2.57279299 3.02128689 3.68000430 1.721538125621e-03 9.729074514235e-05 5.472500588193e-04 5.846644153460e-04 9.857999611183e-01
18 35 4 2.23362702 1.99855564 2.57279299 3.02128689 3.68000430 1.306938292580e-03 9.725630865752e-05 4.330183486701e-04 5.285517413394e-04 9.690710123530e-01
18 36 4 2.23362702 1.99855564 2.57279299 3.02128689 3.68000430 9.430347950364e-04 9.712047372149e-05 3.136748547075e-04 4.698624160979e-04 9.282596598049e-01
18 37 4 2.23362702 1.99855564 2.57279299 3.02128689 3.68000430 6.398890328917e-04 9.686954802862e-05 2.060588387383e-04 4.167939547085e-04 8.725428060074e-01
18 38 4 2.23362702 1.99855564 2.57279299 3.02128689 3.68000430 6.300418237470e-04 9.648780536204e-05 1.213592291853e-04 3.742886961070e-04 8.147996727888e-01
18 39 4 2.23362702 1.99855564 2.57279299 3.02128689 3.68000430 9.288269390790e-04 9.595795472369e-05 6.395076750348e-05 3.429419085806e-04 7.696579706658e-01
18 40 4 2.23362702 1.99855564 2.57279299 3.02128689 3.68000430 1.258095347145e-03 9.526166287461e-05 3.274783523719e-05 3.192306830323e-04 7.511014486846e-01
18 41 4 2.23362702 1.99855564 2.57279299 3.02128689 3.68000430 1.508280012266e-03 9.438011622872e-05 2.431830083113e-05 2.970248597056e-04 7.699836790737e-01
18 42 4 2.23362702 1.99855564 2.57279299 3.02128689 3.68000430 1.826025447272e-03 9.329460763336e-05 3.630633758640e-05 2.699549931403e-04 8.318474674451e-01
18 43 4 2.23362702 1.99855564 2.57279299 3.02128689 3.68000430 2.152977279261e-03 9.198713371400e-05 6.957304657412e-05 2.339297946251e-04 9.354469737067e-01
18 44 4 2.23362702 1.99855564 2.57279299 3.02128689 3.68000430 2.171852621865e-03 9.044098912661e-05 1.279689946919e-04 1.890100448718e-04 1.072300435925e+00
18 45 4 2.23362702 1.99855564 2.57279299 3.02128689 3.68000430 1.851762699368e-03 8.864134519593e-05 2.156481363651e-04 1.400002513918e-04 1.227465510855e+00
18 46 4 2.23362702 1.99855564 2.57279299 3.02128689 3.68000430 1.560939982295e-03 8.657580194307e-05 3.329509858909e-04 9.548573565887e-05 1.381539662005e+00
18 47 4 2.23362702 1.99855564 2.57279299 3.02128689 3.68000430 1.481776244548e-03 8.423490432632e-05 4.726726036864e-04 6.552388869439e-05 1.513670730864e+00
18 48 4 2.23362702 1.99855564 2.57279299 3.02128689 3.68000430 1.402244981424e-03 8.161261552537e-05 6.186232465219e-04 5.864978810634e-05 1.605154128737e+00
18 49 4 2.23362702 1.99855564 2.57279299 3.02128689 3.68000430 1.236318020053e-03 7.870674217443e-05 7.476714001892e-04 7.912891516275e-05 1.643033995282e+00
18 50 4 2.23362702 1.99855564 2.57279299 3.02128689 3.68000430 1.218244110770e-03 7.551930847513e-05 8.351414166053e-04 1.253777656287e-04 1.623054100841e+00
18 51 4 2.23362702 1.99855564 2.57279299 3.02128689 3.68000430 1.404277926869e-03 7.205687798019e-05 8.620070405635e-04 1.901550132955e-04 1.551346509060e+00
18 52 4 2.23362702 1.99855564 2.57279299 3.02128689 3.68000430 1.543014064772e-03 6.833082343012e-05 8.213652412340e-04 2.625802237571e-04 1.444409314738e+00
18 53 4 2.23362702 1.99855564 2.57279299 3.02128689 3.68000430 1.634885147396e-03 6.435754625808e-05 7.216444790887e-04 3.314270034005e-04 1.327192972211e+00
18 54 4 2.23362702 1.99855564 2.57279299 3.02128689 3.68000430 2.016183278700e-03 6.015864818534e-05 5.850092715325e-04 3.886635832006e-04 1.229448383604e+00
18 55 4 2.23362702 1.99855564 2.57279299 3.02128689 3.68000430 2.658847520666e-03 5.576105766808e-05 4.411555384101e-04 4.320495182590e-04 1.180831489826e+00
18 56 4 2.23362702 1.99855564 2.57279299 3.02128689 3.68000430 3.030401019297e-03 5.119711381015e-05 3.185000261637e-04 4.658260586043e-04 1.205542748014e+00
18 57 4 2.23362702 1.99855564 2.57279299 3.02128689 3.68000430 2.925699193409e-03 4.650460973943e-05 2.359098940878e-04 4.991161007295e-04 1.317444110681e+00
18 58 4 2.23362702 1.99855564 2.57279299 3.02128689 3.68000430 2.777710636597e-03 4.172679639957e-05 1.980661711409e-04 5.424093691403e-04 1.516596971139e+00
18 59 4 2.23362702 1.99855564 2.57279299 3.02128689 3.68000430 2.842046850227e-03 3.691234630506e-05 1.962364583052e-04 6.032037827422e-04 1.787986272691e+00
18 60 4 2.23362702 1.99855564 2.57279299 3.02128689 3.68000430 2.774146052834e-03 3.211527514043e-05 2.141068692807e-04 6.822595299462e-04 2.102856896096e+00
18 61 4 2.23362702 1.99855564 2.57279299 3.02128689 3.68000430 2.366984331762e-03 2.739481726883e-05 2.362290895736e-04 7.718387368804e-04 2.422640081268e+00
18 62 4 2.23362702 1.99855564 2.57279299 3.02128689 3.68000430 1.986898459426e-03 2.281524938397e-05 2.554656843089e-04 8.567401163674e-04 2.704967073795e+00
18 63 4 2.23362702 1.99855564 2.57279299 3.02128689 3.68000430 1.876965155497e-03 1.844565483075e-05 2.761284217140e-04 9.180492752990e-04 2.910843537442e+00
19 0 4 1.80071743 1.85739028 2.24535061 2.27964279 2.71206190 1.030164835854e-03 5.261725045734e-03 2.702188332212e-03 1.668392640536e-04 5.861403731918e-01
19 1 4 1.80071743 1.85739028 2.24535061 2.27964279 2.71206190 1.311441401194e-03 5.490499177539e-03 2.620584162643e-03 1.586272252912e-04 6.485559270063e-01
19 2 4 1.80071743 1.85739028 2.24535061 2.27964279 2.71206190 1.700499074469e-03 5.487343352329e-03 2.614524703666e-03 1.514780148131e-04 7.061833954359e-01
19 3 4 1.80071743 1.85739028 2.24535061 2.27964279 2.71206190 1.950757400828e-03 5.174285169166e-03 2.736355698445e-03 1.453790680266e-04 7.494585522212e-01
19 4 4 1.80071743 1.85739028 2.24535061 2.27964279 2.71206190 1.955305122751e-03 4.642617535033e-03 2.965448664059e-03 1.403016970741e-04 7.713850903792e-01
19 5 4 1.80071743 1.85739028 2.24535061 2.27964279 2.71206190 1.895923969584e-03 4.093340726123e-03 3.158861800596e-03 1.362026978610e-04 7.685613994137e-01
19 6 4 1.80071743 1.85739028 2.24535061 2.27964279 2.71206190 1.977838344780e-03 3.725246071562e-03 3.140390883952e-03 1.330262276233e-04 7.416508121676e-01
19 7 4 1.80071743 1.85739028 2.24535061 2.27964279 2.71206190 2.131297526067e-03 3.632385159092e-03 2.841202759135e-03 1.307058870471e-04 6.951992002720e-01
19 8 4 1.80071743 1.85739028 2.24535061 2.27964279 2.71206190 2.111860455319e-03 3.763181266486e-03 2.343579128555e-03 1.291669375445e-04 6.368133425619e-01
19 9 4 1.80071743 1.85739028 2.24535061 2.27964279 2.71206190 1.849401754501e-03 3.957681016412e-03 1.794874156607e-03 1.283285831393e-04 5.758292389623e-01
19 10 4 1.80071743 1.85739028 2.24535061 2.27964279 2.71206190 1.542958304282e-03 4.037914881021e-03 1.299341832929e-03 1.281062474765e-04 5.216974359697e-01
19 11 4 1.80071743 1.85739028 2.24535061 2.27964279 2.71206190 1.380629647230e-03 3.900892521215e-03 8.950853227502e-04 1.284137796744e-04 4.823704846323e-01
19 12 4 1.80071743 1.85739028 2.24535061 2.27964279 2.71206190 1.300201656024e-03 3.566230615796e-03 6.032448921421e-04 1.291655279140e-04 4.629815794596e-01
19 13 4 1.80071743 1.85739028 2.24535061 2.27964279 2.71206190 1.119260181082e-03 3.157325898049e-03 4.569135204891e-04 1.302782266065e-04 4.650504918247e-01
19 14 4 1.80071743 1.85739028 2.24535061 2.27964279 2.71206190 8.167638489162e-04 2.830620266534e-03 4.668313365589e-04 1.316726514249e-04 4.863529584671e-01
19 15 4 1.80071743 1.85739028 2.24535061 2.27964279 2.71206190 5.554884938383e-04 2.692953726235e-03 5.785656488332e-04 1.332750061317e-04 5.214630463885e-01
19 16 4 1.80071743 1.85739028 2.24535061 2.27964279 2.71206190 4.430797127317e-04 2.750099578037e-03 6.913919967327e-04 1.350180156372e-04 5.628508516503e-01
19 17 4 1.80071743 1.85739028 2.24535061 2.27964279 2.71206190 4.017141495032e-04 2.910520051429e-03 7.296464217391e-04 1.368417107278e-04 6.023161883402e-01
19 18 4 1.80071743 1.85739028 2.24535061 2.27964279 2.71206190 3.198472505935e-04 3.038574831891e-03 6.907161760262e-04 1.386939010437e-04 6.324826747935e-01
19 19 4 1.80071743 1.85739028 2.24535061 2.27964279 2.71206190 2.305188429054e-04 3.026757601005e-03 6.225988489120e-04 1.405303437912e-04 6.480755997104e-01
19 20 4 1.80071743 1.85739028 2.24535061 2.27964279 2.71206190 2.468636081835e-04 2.849038757603e-03 5.658353399372e-04 1.423146259960e-04 6.467590337268e-01
19 21 4 1.80071743 1.85739028 2.24535061 2.27964279 2.71206190 3.735182200868e-04 2.569502810524e-03 5.266526825387e-04 1.440177875128e-04 6.293999544638e-01
19 22 4 1.80071743 1.85739028 2.24535061 2.27964279 2.71206190 4.948496703134e-04 2.304664896638e-03 4.985159886927e-04 1.456177202050e-04 5.997394647906e-01
19 23 4 1.80071743 1.85739028 2.24535061 2.27964279 2.71206190 5.546768815265e-04 2.161208950292e-03 4.884027745642e-04 1.470983854497e-04 5.635607496032e-01
19 24 4 1.80071743 1.85739028 2.24535061 2.27964279 2.71206190 6.425367049207e-04 2.181896222473e-03 5.075319029763e-04 1.484488972003e-04 5.275298139872e-01
19 25 4 1.80071743 1.85739028 2.24535061 2.27964279 2.71206190 8.468619322430e-04 2.326458566325e-03 5.415207835062e-04 1.496625211128e-04 4.979340473027e-01
19 26 4 1.80071743 1.85739028 2.24535061 2.27964279 2.71206190 1.097674065737e-03 2.495430515905e-03 5.460253377139e-04 1.507356416262e-04 4.795493350031e-01
19 27 4 1.80071743 1.85739028 2.24535061 2.27964279 2.71206190 1.245885332397e-03 2.583106366445e-03 4.819397933224e-04 1.516667483536e-04 4.748312990848e-01
19 28 4 1.80071743 1.85739028 2.24535061 2.27964279 2.71206190 1.271733704860e-03 2.531914072513e-03 3.530830198756e-04 1.524554907433e-04 4.835596816908e-01
19 29 4 1.80071743 1.85739028 2.24535061 2.27964279 2.71206190 1.312602284872e-03 2.360833008075e-03 2.047321389040e-04 1.531018457935e-04 5.029805748848e-01
19 30 4 1.80071743 1.85739028 2.24535061 2.27964279 2.71206190 1.459085270989e-03 2.154248325212e-03 8.729157385378e-05 1.536054378267e-04 5.284042121246e-01
19 31 4 1.80071743 1.85739028 2.24535061 2.27964279 2.71206190 1.611819977323e-03 2.017654183991e-03 2.675274442320e-05 1.539650421453e-04 5.541402778700e-01
19 32 4 1.80071743 1.85739028 2.24535061 2.27964279 2.71206190 1.611849860780e-03 2.023010216092e-03 2.780800144094e-05 1.541782960725e-04 5.745990799221e-01
19 33 4 1.80071743 1.85739028 2.24535061 2.27964279 2.71206190 1.462739064141e-03 2.171461644857e-03 9.124200312084e-05 1.542416317091e-04 5.853623985153e-01
19 34 4 1.80071743 1.85739028 2.24535061 2.27964279 2.71206190 1.325984255444e-03 2.392331461467e-03 2.133781228795e-04 1.541504350464e-04 5.840350025634e-01
19 35 4 1.80071743 1.85739028 2.24535061 2.27964279 2.71206190 1.295142962308e-03 2.579135457007e-03 3.679005989924e-04 1.538994261889e-04 5.707251301498e-01
19 36 4 1.80071743 1.85739028 2.24535061 2.27964279 2.71206190 1.271949402723e-03 2.644698280128e-03 5.028819101411e-04 1.534832457216e-04 5.480642199664e-01
19 37 4 1.80071743 1.85739028 2.24535061 2.27964279 2.71206190 1.118887695096e-03 2.567437839383e-03 5.715076260671e-04 1.528972230274e-04 5.207540258628e-01
19 38 4 1.80071743 1.85739028 2.24535061 2.27964279 2.71206190 8.635132784892e-04 2.404685161938e-03 5.696881525207e-04 1.521382939648e-04 4.947114750490e-01
19 39 4 1.80071743 1.85739028 2.24535061 2.27964279 2.71206190 6.605748836447e-04 2.265045442565e-03 5.375461399984e-04 1.512060280334e-04 4.759552602660e-01
19 40 4 1.80071743 1.85739028 2.24535061 2.27964279 2.71206190 5.760811728687e-04 2.252642780366e-03 5.204351545297e-04 1.501037192701e-04 4.694303484465e-01
19 41 4 1.80071743 1.85739028 2.24535061 2.27964279 2.71206190 5.140872626532e-04 2.411269618178e-03 5.327935274776e-04 1.488394908307e-04 4.779867495693e-01
19 42 4 1.80071743 1.85739028 2.24535061 2.27964279 2.71206190 3.858456439393e-04 2.697911936627e-03 5.632094936750e-04 1.474273607039e-04 5.017109226111e-01
19 43 4 1.80071743 1.85739028 2.24535061 2.27964279 2.71206190 2.566630348049e-04 3.001283414525e-03 6.054869225408e-04 1.458882153805e-04 5.377523848458e-01
19 44 4 1.80071743 1.85739028 2.24535061 2.27964279 2.71206190 2.466454443018e-04 3.198099856559e-03 6.673357583569e-04 1.442506396099e-04 5.807020200181e-01
19 45 4 1.80071743 1.85739028 2.24535061 2.27964279 2.71206190 3.442877739352e-04 3.219261059833e-03 7.417243701263e-04 1.425515536095e-04 6.234765960921e-01
19 46 4 1.80071743 1.85739028 2.24535061 2.27964279 2.71206190 4.293402324341e-04 3.090934111112e-03 7.843403395706e-04 1.408366141670e-04 6.585650330942e-01
19 47 4 1.80071743 1.85739028 2.24535061 2.27964279 2.71206190 4.740886204887e-04 2.926592852579e-03 7.432749820686e-04 1.391603428633e-04 6.794159447627e-01
19 48 4 1.80071743 1.85739028 2.24535061 2.27964279 2.71206190 6.010113421332e-04 2.870864996197e-03 6.214760224787e-04 1.375859529355e-04 6.817095856360e-01
19 49 4 1.80071743 1.85739028 2.24535061 2.27964279 2.71206190 8.863992062920e-04 3.022297057615e-03 5.001272963373e-04 1.361848558612e-04 6.642699850475e-01
19 50 4 1.80071743 1.85739028 2.24535061 2.27964279 2.71206190 1.207743932513e-03 3.375735167283e-03 4.866501148009e-04 1.350358392731e-04 6.294342588281e-01
19 51 4 1.80071743 1.85739028 2.24535061 2.27964279 2.71206190 1.394996107593e-03 3.817460423039e-03 6.388271129244e-04 1.342239189860e-04 5.827949800212e-01
19 52 4 1.80071743 1.85739028 2.24535061 2.27964279 2.71206190 1.481598959391e-03 4.179856083916e-03 9.458365390309e-04 1.338388793765e-04 5.323487458192e-01
19 53 4 1.80071743 1.85739028 2.24535061 2.27964279 2.71206190 1.664244200022e-03 4.330110867072e-03 1.374279043268e-03 1.339735277294e-04 4.871960281693e-01
19 54 4 1.80071743 1.85739028 2.24535061 2.27964279 2.71206190 1.997632490691e-03 4.246581974449e-03 1.903152508743e-03 1.347216990816e-04 4.560212940310e-01
19 55 4 1.80071743 1.85739028 2.24535061 2.27964279 2.71206190 2.271475906800e-03 4.039494105414e-03 2.490959429327e-03 1.361760581814e-04 4.456215854032e-01
19 56 4 1.80071743 1.85739028 2.24535061 2.27964279 2.71206190 2.280532173535e-03 3.900003885046e-03 3.023556025714e-03 1.384257540962e-04 4.597394663973e-01
19 57 4 1.80071743 1.85739028 2.24535061 2.27964279 2.71206190 2.114416939392e-03 4.000185381005e-03 3.341698982336e-03 1.415539904198e-04 4.983968619713e-01
19 58 4 1.80071743 1.85739028 2.24535061 2.27964279 2.71206190 2.035257665879e-03 4.395675230008e-03 3.358705798149e-03 1.456355796837e-04 5.578339612314e-01
19 59 4 1.80071743 1.85739028 2.24535061 2.27964279 2.71206190 2.102917850889e-03 4.985466579395e-03 3.150781596702e-03 1.507345542228e-04 6.310521166275e-01
19 60 4 1.80071743 1.85739028 2.24535061 2.27964279 2.71206190 2.088869196495e-03 5.555882848382e-03 2.906719840110e-03 1.569019072301e-04 7.088624755844e-01
19 61 4 1.80071743 1.85739028 2.24535061 2.27964279 2.71206190 1.808626122687e-03 5.890923109194e-03 2.776792289135e-03 1.641735369427e-04 7.812697626749e-01
19 62 4 1.80071743 1.85739028 2.24535061 2.27964279 2.71206190 1.391208403595e-03 5.892621068936e-03 2.780972305673e-03 1.725684637931e-04 8.389824397779e-01
19 63 4 1.80071743 1.85739028 2.24535061 2.27964279 2.71206190 1.098962593582e-03 5.644933098952e-03 2.864995815522e-03 1.820873849753e-04 8.748370074897e-01
21 0 4 1.62545800 1.53777422 1.78971219 1.99492679 2.12788782 4.238250671409e-03 3.089372509799e-03 1.050345764133e-03 1.701950217447e-03 3.194343665876e-01
21 1 4 1.62545800 1.53777422 1.78971219 1.99492679 2.12788782 4.688379228846e-03 2.752573502864e-03 1.159548868347e-03 1.786079008282e-03 3.381125797236e-01
21 2 4 1.62545800 1.53777422 1.78971219 1.99492679 2.12788782 4.692935779426e-03 2.600969168533e-03 1.226411974306e-03 1.787923727428e-03 3.449798276584e-01
21 3 4 1.62545800 1.53777422 1.78971219 1.99492679 2.12788782 5.026753862920e-03 2.640334291780e-03 1.231355878052e-03 1.746692151719e-03 3.385267975418e-01
21 4 4 1.62545800 1.53777422 1.78971219 1.99492679 2.12788782 5.931847122646e-03 2.805962394536e-03 1.171626826855e-03 1.746300635084e-03 3.195076203482e-01
21 5 4 1.62545800 1.53777422 1.78971219 1.99492679 2.12788782 6.768860760518e-03 2.989575893268e-03 1.059785105912e-03 1.818819941247e-03 2.906382372084e-01
21 6 4 1.62545800 1.53777422 1.78971219 1.99492679 2.12788782 7.225978088737e-03 3.081879074825e-03 9.188119686731e-04 1.903037276174e-03 2.559978300752e-01
21 7 4 1.62545800 1.53777422 1.78971219 1.99492679 2.12788782 7.722466646669e-03 3.013979037285e-03 7.751621924945e-04 1.890271955061e-03 2.202563816191e-01
21 8 4 1.62545800 1.53777422 1.78971219 1.99492679 2.12788782 8.338706453057e-03 2.781886019053e-03 6.516076616177e-04 1.716343115693e-03 1.878712369781e-01
21 9 4 1.62545800 1.53777422 1.78971219 1.99492679 2.12788782 8.491113889135e-03 2.445363240572e-03 5.617348465998e-04 1.422697618799e-03 1.623889931798e-01
21 10 4 1.62545800 1.53777422 1.78971219 1.99492679 2.12788782 8.076107809005e-03 2.102573867549e-03 5.074572494950e-04 1.136724116740e-03 1.459594175732e-01
21 11 4 1.62545800 1.53777422 1.78971219 1.99492679 2.12788782 7.876681011247e-03 1.851198420288e-03 4.800244465794e-04 9.862462712063e-04 1.391226276607e-01
21 12 4 1.62545800 1.53777422 1.78971219 1.99492679 2.12788782 8.316645101524e-03 1.751430088680e-03 4.640114557173e-04 1.013551191181e-03 1.408789457604e-01
21 13 4 1.62545800 1.53777422 1.78971219 1.99492679 2.12788782 8.738623672120e-03 1.804859416515e-03 4.429506685844e-04 1.152239746274e-03 1.490024335950e-01
21 14 4 1.62545800 1.53777422 1.78971219 1.99492679 2.12788782 8.478161902911e-03 1.956553133409e-03 4.048612196439e-04 1.280425816528e-03 1.605222790243e-01
21 15 4 1.62545800 1.53777422 1.78971219 1.99492679 2.12788782 7.825074996794e-03 2.118451902172e-03 3.460450334908e-04 1.306974448251e-03 1.722761555909e-01
21 16 4 1.62545800 1.53777422 1.78971219 1.99492679 2.12788782 7.318744264565e-03 2.204203945246e-03 2.721028182750e-04 1.226636426714e-03 1.814380124262e-01
21 17 4 1.62545800 1.53777422 1.78971219 1.99492679 2.12788782 6.844691437733e-03 2.161712272851e-03 1.959867593076e-04 1.107999981463e-03 1.859376161916e-01
21 18 4 1.62545800 1.53777422 1.78971219 1.99492679 2.12788782 6.114835861264e-03 1.991233118407e-03 1.337848374870e-04 1.030497258732e-03 1.847160091273e-01
21 19 4 1.62545800 1.53777422 1.78971219 1.99492679 2.12788782 5.416878049428e-03 1.742925083792e-03 9.956835229569e-05 1.022499937161e-03 1.777938201863e-01
21 20 4 1.62545800 1.53777422 1.78971219 1.99492679 2.12788782 5.136101352506e-03 1.495767828006e-03 1.008573683569e-04 1.046619591671e-03 1.661618272625e-01
21 21 4 1.62545800 1.53777422 1.78971219 1.99492679 2.12788782 4.977089247509e-03 1.326627881858e-03 1.360259388501e-04 1.038563684775e-03 1.515300254136e-01
21 22 4 1.62545800 1.53777422 1.78971219 1.99492679 2.12788782 4.386530929031e-03 1.281466033142e-03 1.943706907408e-04 9.646919957512e-04 1.359891530516e-01
21 23 4 1.62545800 1.53777422 1.78971219 1.99492679 2.12788782 3.448861907467e-03 1.359287737447e-03 2.587907462865e-04 8.516988006016e-04 1.216456814170e-01
21 24 4 1.62545800 1.53777422 1.78971219 1.99492679 2.12788782 2.704224799009e-03 1.514224623172e-03 3.102989108311e-04 7.662554164074e-04 1.102881687028e-01
21 25 4 1.62545800 1.53777422 1.78971219 1.99492679 2.12788782 2.303857420020e-03 1.674227665740e-03 3.330999352110e-04 7.622497985837e-04 1.031316378006e-01
21 26 4 1.62545800 1.53777422 1.78971219 1.99492679 2.12788782 1.965553017975e-03 1.768846009017e-03 3.188482651717e-04 8.376229012201e-04 1.006701805679e-01
21 27 4 1.62545800 1.53777422 1.78971219 1.99492679 2.12788782 1.598982729590e-03 1.755563897730e-03 2.689481617776e-04 9.342274802583e-04 1.026494939461e-01
21 28 4 1.62545800 1.53777422 1.78971219 1.99492679 2.12788782 1.369774140029e-03 1.635082058249e-03 1.942987741375e-04 9.805322171030e-04 1.081533741432e-01
21 29 4 1.62545800 1.53777422 1.78971219 1.99492679 2.12788782 1.233882262613e-03 1.450245768580e-03 1.125634573192e-04 9.444563382987e-04 1.157835056413e-01
21 30 4 1.62545800 1.53777422 1.78971219 1.99492679 2.12788782 9.782360499520e-04 1.269375390921e-03 4.367996322700e-05 8.563976323233e-04 1.239015016047e-01
21 31 4 1.62545800 1.53777422 1.78971219 1.99492679 2.12788782 6.963799465980e-04 1.160365294947e-03 4.769636494894e-06 7.853462173688e-04 1.308965811857e-01
21 32 4 1.62545800 1.53777422 1.78971219 1.99492679 2.12788782 7.065289911125e-04 1.165143565951e-03 5.747592151961e-06 7.863058159274e-04 1.354413591690e-01
21 33 4 1.62545800 1.53777422 1.78971219 1.99492679 2.12788782 1.000346153066e-03 1.283859685684e-03 4.675416110604e-05 8.586671721600e-04 1.367014160834e-01
21 34 4 1.62545800 1.53777422 1.78971219 1.99492679 2.12788782 1.256119214725e-03 1.474616509190e-03 1.180691031238e-04 9.468927341208e-04 1.344708727156e-01
21 35 4 1.62545800 1.53777422 1.78971219 1.99492679 2.12788782 1.395039845137e-03 1.668939368830e-03 2.025459672992e-04 9.831062366391e-04 1.292153503114e-01
21 36 4 1.62545800 1.53777422 1.78971219 1.99492679 2.12788782 1.639355564497e-03 1.797438091488e-03 2.799647099692e-04 9.395430082552e-04 1.220147301944e-01
21 37 4 1.62545800 1.53777422 1.78971219 1.99492679 2.12788782 2.025546724091e-03 1.816287606504e-03 3.322024456236e-04 8.509974218950e-04 1.144102979275e-01
21 38 4 1.62545800 1.53777422 1.78971219 1.99492679 2.12788782 2.385319013957e-03 1.724635137053e-03 3.478924232833e-04 7.896548833799e-04 1.081733100374e-01
21 39 4 1.62545800 1.53777422 1.78971219 1.99492679 2.12788782 2.823398479714e-03 1.566126903869e-03 3.253475848557e-04 8.108158664125e-04 1.050236593185e-01
21 40 4 1.62545800 1.53777422 1.78971219 1.99492679 2.12788782 3.624585854593e-03 1.413456082444e-03 2.729546168414e-04 9.108590183351e-04 1.063367506374e-01
21 41 4 1.62545800 1.53777422 1.78971219 1.99492679 2.12788782 4.608405776754e-03 1.341190653363e-03 2.069005247620e-04 1.030374018581e-03 1.128823302772e-01
21 42 4 1.62545800 1.53777422 1.78971219 1.99492679 2.12788782 5.213394671694e-03 1.396816872755e-03 1.468129938409e-04 1.101022641255e-03 1.246392517452e-01
21 43 4 1.62545800 1.53777422 1.78971219 1.99492679 2.12788782 5.383599913176e-03 1.581079799885e-03 1.104853320200e-04 1.100029782997e-03 1.407238082203e-01
21 44 4 1.62545800 1.53777422 1.78971219 1.99492679 2.12788782 5.712802049750e-03 1.845670340093e-03 1.091449287241e-04 1.068549187415e-03 1.594559331597e-01
21 45 4 1.62545800 1.53777422 1.78971219 1.99492679 2.12788782 6.484527814397e-03 2.110000994365e-03 1.446113452115e-04 1.077138070294e-03 1.785680819702e-01
21 46 4 1.62545800 1.53777422 1.78971219 1.99492679 2.12788782 7.271347838135e-03 2.291462149060e-03 2.091850501831e-04 1.163838072292e-03 1.955381712610e-01
21 47 4 1.62545800 1.53777422 1.78971219 1.99492679 2.12788782 7.784745506630e-03 2.337959689169e-03 2.883350348306e-04 1.294904312771e-03 2.080040769593e-01
21 48 4 1.62545800 1.53777422 1.78971219 1.99492679 2.12788782 8.340856824754e-03 2.250017855685e-03 3.654265546133e-04 1.383761166314e-03 2.141972352460e-01
21 49 4 1.62545800 1.53777422 1.78971219 1.99492679 2.12788782 9.037580487761e-03 2.083154886026e-03 4.270937514890e-04 1.358800195758e-03 2.133212905464e-01
21 50 4 1.62545800 1.53777422 1.78971219 1.99492679 2.12788782 9.291113098196e-03 1.928558015416e-03 4.676187303382e-04 1.229159103617e-03 2.058020623936e-01
21 51 4 1.62545800 1.53777422 1.78971219 1.99492679 2.12788782 8.832082953842e-03 1.878617003319e-03 4.909233570934e-04 1.093788695434e-03 1.933491196659e-01
21 52 4 1.62545800 1.53777422 1.78971219 1.99492679 2.12788782 8.399124364333e-03 1.990269773572e-03 5.094617372676e-04 1.079514465213e-03 1.787962221739e-01
21 53 4 1.62545800 1.53777422 1.78971219 1.99492679 2.12788782 8.656885687510e-03 2.260667051847e-03 5.402306017633e-04 1.249609769823e-03 1.657243549601e-01
21 54 4 1.62545800 1.53777422 1.78971219 1.99492679 2.12788782 9.101837148431e-03 2.625470257781e-03 5.990158970887e-04 1.551717745736e-03 1.579112014195e-01
21 55 4 1.62545800 1.53777422 1.78971219 1.99492679 2.12788782 8.910769072230e-03 2.981538296911e-03 6.945879616699e-04 1.848287680451e-03 1.586873834530e-01
21 56 4 1.62545800 1.53777422 1.78971219 1.99492679 2.12788782 8.240169185297e-03 3.226070751661e-03 8.246515990903e-04 2.010591957316e-03 1.703052396305e-01
21 57 4 1.62545800 1.53777422 1.78971219 1.99492679 2.12788782 7.713046102463e-03 3.297325235230e-03 9.749081271165e-04 2.006384877419e-03 1.934343206652e-01
21 58 4 1.62545800 1.53777422 1.78971219 1.99492679 2.12788782 7.214322917528e-03 3.200757329811e-03 1.121718945255e-03 1.913446560582e-03 2.268859181923e-01
21 59 4 1.62545800 1.53777422 1.78971219 1.99492679 2.12788782 6.308683103088e-03 3.009603235346e-03 1.237830193620e-03 1.848311117446e-03 2.676372118475e-01
21 60 4 1.62545800 1.53777422 1.78971219 1.99492679 2.12788782 5.362274976188e-03 2.838706431049e-03 1.299732054474e-03 1.868151075783e-03 3.111782605087e-01
21 61 4 1.62545800 1.53777422 1.78971219 1.99492679 2.12788782 5.037084537210e-03 2.801002286926e-03 1.294743386355e-03 1.928125643417e-03 3.521495811282e-01
21 62 4 1.62545800 1.53777422 1.78971219 1.99492679 2.12788782 5.024649427231e-03 2.963271259505e-03 1.225963035880e-03 1.933246113180e-03 3.851839765377e-01
21 63 4 1.62545800 1.53777422 1.78971219 1.99492679 2.12788782 4.507351101510e-03 3.318557581216e-03 1.113777308619e-03 1.844343392887e-03 4.058234458272e-01
22 0 4 3.03924050 2.45156746 3.61923393 4.49822032 9.85299739 1.748728060663e-01 7.393526492893e-05 4.049999618616e-04 4.106315149131e-02 2.670637956499e+00
22 1 4 3.03924050 2.45156746 3.61923393 4.49822032 9.85299739 1.731832373088e-01 7.183282575591e-05 3.980582746446e-04 4.066189437179e-02 3.304664062547e+00
22 2 4 3.03924050 2.45156746 3.61923393 4.49822032 9.85299739 1.695270245441e-01 6.976195016806e-05 3.908647603638e-04 4.055960701567e-02 3.766912830894e+00
22 3 4 3.03924050 2.45156746 3.61923393 4.49822032 9.85299739 1.614146712967e-01 6.772560336814e-05 3.834568493867e-04 4.026173629894e-02 3.997424080298e+00
22 4 4 3.03924050 2.45156746 3.61923393 4.49822032 9.85299739 1.500401605543e-01 6.572679400159e-05 3.758724519794e-04 3.975483348176e-02 3.962707889161e+00
22 5 4 3.03924050 2.45156746 3.61923393 4.49822032 9.85299739 1.390015714711e-01 6.376855976520e-05 3.681498030617e-04 3.942666247138e-02 3.661821798928e+00
22 6 4 3.03924050 2.45156746 3.61923393 4.49822032 9.85299739 1.307274460505e-01 6.185395313650e-05 3.603273066568e-04 3.977959105486e-02 3.129988288254e+00
22 7 4 3.03924050 2.45156746 3.61923393 4.49822032 9.85299739 1.243448047720e-01 5.998602726851e-05 3.524433805796e-04 4.110441847995e-02 2.437691741307e+00
22 8 4 3.03924050 2.45156746 3.61923393 4.49822032 9.85299739 1.170846383295e-01 5.816782209358e-05 3.445363019126e-04 4.328983552780e-02 1.683821452352e+00
22 9 4 3.03924050 2.45156746 3.61923393 4.49822032 9.85299739 1.076041397250e-01 5.640235067953e-05 3.366440538120e-04 4.585767857906e-02 9.827263723518e-01
22 10 4 3.03924050 2.45156746 3.61923393 4.49822032 9.85299739 9.760947341810e-02 5.469258587996e-05 3.288041741845e-04 4.818829339223e-02 4.466557747198e-01
22 11 4 3.03924050 2.45156746 3.61923393 4.49822032 9.85299739 8.990375896184e-02 5.304144731987e-05 3.210536067676e-04 4.980336461126e-02 1.665075820074e-01
22 12 4 3.03924050 2.45156746 3.61923393 4.49822032 9.85299739 8.491240775440e-02 5.145178875617e-05 3.134285551394e-04 5.055425529377e-02 1.946550665116e-01
22 13 4 3.03924050 2.45156746 3.61923393 4.49822032 9.85299739 7.980558260874e-02 4.992638585188e-05 3.059643401718e-04 5.062601726254e-02 5.335934108868e-01
22 14 4 3.03924050 2.45156746 3.61923393 4.49822032 9.85299739 7.174625428470e-02 4.846792440084e-05 2.986952614310e-04 5.037137761359e-02 1.133195309024e+00
22 15 4 3.03924050 2.45156746 3.61923393 4.49822032 9.85299739 6.175730613703e-02 4.707898903879e-05 2.916544630144e-04 5.007702712371e-02 1.897688565473e+00
22 16 4 3.03924050 2.45156746 3.61923393 4.49822032 9.85299739 5.422372642560e-02 4.576205247475e-05 2.848738042973e-04 4.979167419956e-02 2.701455009235e+00
22 17 4 3.03924050 2.45156746 3.61923393 4.49822032 9.85299739 5.190270654917e-02 4.451946527521e-05 2.783837360469e-04 4.930247392629e-02 3.410869163452e+00
22 18 4 3.03924050 2.45156746 3.61923393 4.49822032 9.85299739 5.224779418143e-02 4.335344623170e-05 2.722131823400e-04 4.826175120498e-02 3.908080611877e+00
22 19 4 3.03924050 2.45156746 3.61923393 4.49822032 9.85299739 4.998074994847e-02 4.226607334061e-05 2.663894287026e-04 4.638690069959e-02 4.112188354827e+00
22 20 4 3.03924050 2.45156746 3.61923393 4.49822032 9.85299739 4.324597674994e-02 4.125927542228e-05 2.609380168665e-04 4.362349098754e-02 3.993746760451e+00
22 21 4 3.03924050 2.45156746 3.61923393 4.49822032 9.85299739 3.575794043293e-02 4.033482440410e-05 2.558826465146e-04 4.018821979410e-02 3.579855352864e+00
22 22 4 3.03924050 2.45156746 3.61923393 4.49822032 9.85299739 3.206445240911e-02 3.949432829088e-05 2.512450843627e-04 3.647611087309e-02 2.948921242812e+00
22 23 4 3.03924050 2.45156746 3.61923393 4.49822032 9.85299739 3.188545664379e-02 3.873922484299e-05 2.470450808978e-04 3.288734921554e-02 2.216152403079e+00
22 24 4 3.03924050 2.45156746 3.61923393 4.49822032 9.85299739 3.082312829572e-02 3.807077598130e-05 2.433002950696e-04 2.966693192916e-02 1.512548909831e+00
22 25 4 3.03924050 2.45156746 3.61923393 4.49822032 9.85299739 2.641116706905e-02 3.749006293517e-05 2.400262271981e-04 2.683801763967e-02 9.612940117382e-01
22 26 4 3.03924050 2.45156746 3.61923393 4.49822032 9.85299739 2.137759988228e-02 3.699798214789e-05 2.372361603370e-04 2.425708082417e-02 6.558280651825e-01
22 27 4 3.03924050 2.45156746 3.61923393 4.49822032 9.85299739 1.976293650028e-02 3.659524195159e-05 2.349411102980e-04 2.175487662936e-02 6.434904243818e-01
22 28 4 3.03924050 2.45156746 3.61923393 4.49822032 9.85299739 2.123839177048e-02 3.628236002118e-05 2.331497845135e-04 1.928464667089e-02 9.175517372284e-01
22 29 4 3.03924050 2.45156746 3.61923393 4.49822032 9.85299739 2.145748965067e-02 3.605966161493e-05 2.318685498811e-04 1.699813735312e-02 1.418948511093e+00
22 30 4 3.03924050 2.45156746 3.61923393 4.49822032 9.85299739 1.805049874496e-02 3.592727860649e-05 2.311014097048e-04 1.520939762454e-02 2.047343679563e+00
22 31 4 3.03924050 2.45156746 3.61923393 4.49822032 9.85299739 1.408156777314e-02 3.588514931108e-05 2.308499898121e-04 1.426483326190e-02 2.679547712614e+00
22 32 4 3.03924050 2.45156746 3.61923393 4.49822032 9.85299739 1.413512896728e-02 3.593301910628e-05 2.311135338956e-04 1.438596340680e-02 3.192088554280e+00
22 33 4 3.03924050 2.45156746 3.61923393 4.49822032 9.85299739 1.822475954180e-02 3.607044184518e-05 2.318889080947e-04 1.556514705143e-02 3.483999898102e+00
22 34 4 3.03924050 2.45156746 3.61923393 4.49822032 9.85299739 2.175666634200e-02 3.629678205755e-05 2.331706148000e-04 1.756778705705e-02 3.495814414201e+00
22 35 4 3.03924050 2.45156746 3.61923393 4.49822032 9.85299739 2.161764867187e-02 3.661121793228e-05 2.349508156299e-04 2.004067188727e-02 3.221324047382e+00
22 36 4 3.03924050 2.45156746 3.61923393 4.49822032 9.85299739 2.017459758461e-02 3.701274507185e-05 2.372193634964e-04 2.267198402446e-02 2.709835266077e+00
22 37 4 3.03924050 2.45156746 3.61923393 4.49822032 9.85299739 2.184982786651e-02 3.750018100764e-05 2.399638436469e-04 2.532131401478e-02 2.058245143013e+00
22 38 4 3.03924050 2.45156746 3.61923393 4.49822032 9.85299739 2.703366924322e-02 3.807217046209e-05 2.431696235322e-04 2.805214538220e-02 1.394056466359e+00
22 39 4 3.03924050 2.45156746 3.61923393 4.49822032 9.85299739 3.164364442190e-02 3.872719134202e-05 2.468199113255e-04 3.104876870255e-02 8.521425772181e-01
22 40 4 3.03924050 2.45156746 3.61923393 4.49822032 9.85299739 3.286055769954e-02 3.946356144479e-05 2.508958228813e-04 3.446028961344e-02 5.493550487420e-01
22 41 4 3.03924050 2.45156746 3.61923393 4.49822032 9.85299739 3.313826873609e-02 4.027944585710e-05 2.553764568970e-04 3.825521754520e-02 5.616676543531e-01
22 42 4 3.03924050 2.45156746 3.61923393 4.49822032 9.85299739 3.695761617137e-02 4.117286502389e-05 2.602389780082e-04 4.216852058610e-02 9.082947870278e-01
22 43 4 3.03924050 2.45156746 3.61923393 4.49822032 9.85299739 4.465392848207e-02 4.214170346300e-05 2.654587075226e-04 4.577731961851e-02 1.546088771470e+00
22 44 4 3.03924050 2.45156746 3.61923393 4.49822032 9.85299739 5.161627108287e-02 4.318371909907e-05 2.710092214682e-04 4.867320330963e-02 2.375664443462e+00
22 45 4 3.03924050 2.45156746 3.61923393 4.49822032 9.85299739 5.402314126822e-02 4.429655318829e-05 2.768624556093e-04 5.064380190381e-02 3.258446793040e+00
22 46 4 3.03924050 2.45156746 3.61923393 4.49822032 9.85299739 5.373035946494e-02 4.547774080385e-05 2.829888170535e-04 5.176492921862e-02 4.041632031192e+00
22 47 4 3.03924050 2.45156746 3.61923393 4.49822032 9.85299739 5.615763709303e-02 4.672472185003e-05 2.893573020562e-04 5.234695941981e-02 4.586366794284e+00
22 48 4 3.03924050 2.45156746 3.61923393 4.49822032 9.85299739 6.399372595305e-02 4.803485257130e-05 2.959356196007e-04 5.275603442513e-02 4.793677955181e+00
22 49 4 3.03924050 2.45156746 3.61923393 4.49822032 9.85299739 7.445799038209e-02 4.940541752118e-05 3.026903203179e-04 5.320219517124e-02 4.623040026743e+00
22 50 4 3.03924050 2.45156746 3.61923393 4.49822032 9.85299739 8.297358428033e-02 5.083364195400e-05 3.095869302857e-04 5.361204905168e-02 4.099915139237e+00
22 51 4 3.03924050 2.45156746 3.61923393 4.49822032 9.85299739 8.834202919896e-02 5.231670460152e-05 3.165900892333e-04 5.366477045490e-02 3.310852366012e+00
22 52 4 3.03924050 2.45156746 3.61923393 4.49822032 9.85299739 9.342701516014e-02 5.385175079469e-05 3.236636926616e-04 5.298342759941e-02 2.387298028207e+00
22 53 4 3.03924050 2.45156746 3.61923393 4.49822032 9.85299739 1.012613381967e-01 5.543590589010e-05 3.307710373735e-04 5.138395081630e-02 1.481566228009e+00
22 54 4 3.03924050 2.45156746 3.61923393 4.49822032 9.85299739 1.115695341525e-01 5.706628895906e-05 3.378749698995e-04 4.904243245818e-02 7.399213213463e-01
22 55 4 3.03924050 2.45156746 3.61923393 4.49822032 9.85299739 1.214722412535e-01 5.874002669666e-05 3.449380372929e-04 4.647603186784e-02 2.780916760834e-01
22 56 4 3.03924050 2.45156746 3.61923393 4.49822032 9.85299739 1.290617779422e-01 6.045426750706e-05 3.519226397590e-04 4.433059953250e-02 1.637074681425e-01
22 57 4 3.03924050 2.45156746 3.61923393 4.49822032 9.85299739 1.356096582905e-01 6.220619572051e-05 3.587911845796e-04 4.307872853692e-02 4.083753745751e-01
22 58 4 3.03924050 2.45156746 3.61923393 4.49822032 9.85299739 1.440182518752e-01 6.399304589705e-05 3.655062407875e-04 4.279280854925e-02 9.698497903555e-01
22 59 4 3.03924050 2.45156746 3.61923393 4.49822032 9.85299739 1.552859765300e-01 6.581211717124e-05 3.720306940445e-04 4.312928569245e-02 1.762623378565e+00
22 60 4 3.03924050 2.45156746 3.61923393 4.49822032 9.85299739 1.668962654246e-01 6.766078759171e-05 3.783279011749e-04 4.355110935405e-02 2.673775705186e+00
22 61 4 3.03924050 2.45156746 3.61923393 4.49822032 9.85299739 1.750520681060e-01 6.953652840948e-05 3.843618438093e-04 4.368104711878e-02 3.580419060832e+00
22 62 4 3.03924050 2.45156746 3.61923393 4.49822032 9.85299739 1.785337440993e-01 7.143691826812e-05 3.900972805973e-04 4.359429169227e-02 4.365597887009e+00
22 63 4 3.03924050 2.45156746 3.61923393 4.49822032 9.85299739 1.800525885405e-01 7.335965724963e-05 3.954998974506e-04 4.387727305969e-02 4.930758946111e+00
25 0 4 2.48662611 2.11284120 2.82224806 3.49791488 4.54182834 2.795641397092e-03 2.378195302599e-05 5.800635229022e-05 1.284882150182e-03 3.378076250632e+00
25 1 4 2.48662611 2.11284120 2.82224806 3.49791488 4.54182834 3.124214401458e-03 2.933423165211e-05 6.612226575815e-05 1.198139663433e-03 3.686753542006e+00
25 2 4 2.48662611 2.11284120 2.82224806 3.49791488 4.54182834 3.610930647519e-03 3.514935861921e-05 7.427354971440e-05 1.083737601327e-03 3.865560994006e+00
25 3 4 2.48662611 2.11284120 2.82224806 3.49791488 4.54182834 3.977485805424e-03 4.113505432158e-05 8.236072388823e-05 9.663344804207e-04 3.878590993452e+00
25 4 4 2.48662611 2.11284120 2.82224806 3.49791488 4.54182834 3.989740942769e-03 4.720538809022e-05 9.029514923663e-05 8.645982098982e-04 3.719966213040e+00
25 5 4 2.48662611 2.11284120 2.82224806 3.49791488 4.54182834 3.640148709250e-03 5.328144755622e-05 9.799921283970e-05 7.868101472494e-04 3.412290066747e+00
25 6 4 2.48662611 2.11284120 2.82224806 3.49791488 4.54182834 3.122053555705e-03 5.929187412197e-05 1.054063805136e-04 7.301669785164e-04 3.000569929142e+00
25 7 4 2.48662611 2.11284120 2.82224806 3.49791488 4.54182834 2.649205743538e-03 6.517326239476e-05 1.124611211870e-04 6.836644785434e-04 2.543023317623e+00
25 8 4 2.48662611 2.11284120 2.82224806 3.49791488 4.54182834 2.331504510851e-03 7.087042330569e-05 1.191187082925e-04 6.333317043719e-04 2.100568135910e+00
25 9 4 2.48662611 2.11284120 2.82224806 3.49791488 4.54182834 2.211186317352e-03 7.633651247177e-05 1.253449045640e-04 5.679438460878e-04 1.726844520539e+00
25 10 4 2.48662611 2.11284120 2.82224806 3.49791488 4.54182834 2.338295512284e-03 8.153302713686e-05 1.311155376816e-04 4.833422283174e-04 1.460345352858e+00
25 11 4 2.48662611 2.11284120 2.82224806 3.49791488 4.54182834 2.726313260729e-03 8.642967672755e-05 1.364159751807e-04 3.840799992907e-04 1.319725500660e+00
25 12 4 2.48662611 2.11284120 2.82224806 3.49791488 4.54182834 3.227616649443e-03 9.100413366401e-05 1.412405079038e-04 2.820586208558e-04 1.302729030492e+00
25 13 4 2.48662611 2.11284120 2.82224806 3.49791488 4.54182834 3.526246049959e-03 9.524167255350e-05 1.455916520470e-04 1.927968938151e-04 1.388539884761e+00
25 14 4 2.48662611 2.11284120 2.82224806 3.49791488 4.54182834 3.336596982896e-03 9.913470724975e-05 1.494793805051e-04 1.306723082335e-04 1.542831408788e+00
25 15 4 2.48662611 2.11284120 2.82224806 3.49791488 4.54182834 2.649060206253e-03 1.026822364698e-04 1.529202947652e-04 1.046988698676e-04 1.724438933056e+00
25 16 4 2.48662611 2.11284120 2.82224806 3.49791488 4.54182834 1.781838794819e-03 1.058892097068e-04 1.559367490179e-04 1.161256505958e-04 1.892442487798e+00
25 17 4 2.48662611 2.11284120 2.82224806 3.49791488 4.54182834 1.175628738058e-03 1.087658260533e-04 1.585559384614e-04 1.584847129196e-04 2.012518234279e+00
25 18 4 2.48662611 2.11284120 2.82224806 3.49791488 4.54182834 1.101073366899e-03 1.113267792428e-04 1.608089639490e-04 2.199188325199e-04 2.061658304796e+00
25 19 4 2.48662611 2.11284120 2.82224806 3.49791488 4.54182834 1.507242140899e-03 1.135904627268e-04 1.627298851880e-04 2.869344399881e-04 2.030708563231e+00
25 20 4 2.48662611 2.11284120 2.82224806 3.49791488 4.54182834 2.102138362358e-03 1.155781489155e-04 1.643547746276e-04 3.483516350363e-04 1.924563228720e+00
25 21 4 2.48662611 2.11284120 2.82224806 3.49791488 4.54182834 2.571717122277e-03 1.173131568340e-04 1.657207839841e-04 3.982472075327e-04 1.760219742973e+00
25 22 4 2.48662611 2.11284120 2.82224806 3.49791488 4.54182834 2.756921564345e-03 1.188200223713e-04 1.668652350438e-04 4.370679982969e-04 1.563186260502e+00
25 23 4 2.48662611 2.11284120 2.82224806 3.49791488 4.54182834 2.668816844109e-03 1.201236850323e-04 1.678247459552e-04 4.706887610585e-04 1.362916872804e+00
25 24 4 2.48662611 2.11284120 2.82224806 3.49791488 4.54182834 2.378721684859e-03 1.212487046540e-04 1.686344036929e-04 5.078096460171e-04 1.188016058974e+00
25 25 4 2.48662611 2.11284120 2.82224806 3.49791488 4.54182834 1.938520527961e-03 1.222185209142e-04 1.693269927285e-04 5.565531545956e-04 1.061912027999e+00
25 26 4 2.48662611 2.11284120 2.82224806 3.49791488 4.54182834 1.435151772396e-03 1.230547676586e-04 1.699322892114e-04 6.213093496553e-04 9.995700106472e-01
25 27 4 2.48662611 2.11284120 2.82224806 3.49791488 4.54182834 1.091492164535e-03 1.237766531134e-04 1.704764291285e-04 7.007590635757e-04 1.005629941364e+00
25 28 4 2.48662611 2.11284120 2.82224806 3.49791488 4.54182834 1.213712710518e-03 1.244004159414e-04 1.709813580016e-04 7.876323388987e-04 1.074138798404e+00
25 29 4 2.48662611 2.11284120 2.82224806 3.49791488 4.54182834 1.932953060899e-03 1.249388658636e-04 1.714643686964e-04 8.702509491089e-04 1.189833876339e+00
25 30 4 2.48662611 2.11284120 2.82224806 3.49791488 4.54182834 2.971384412922e-03 1.254010162145e-04 1.719377328648e-04 9.354034884051e-04 1.330741800556e+00
25 31 4 2.48662611 2.11284120 2.82224806 3.49791488 4.54182834 3.732824798562e-03 1.257918143499e-04 1.724084304422e-04 9.717408312383e-04 1.471705249451e+00
25 32 4 2.48662611 2.11284120 2.82224806 3.49791488 4.54182834 3.725634667484e-03 1.261119742994e-04 1.728779804721e-04 9.727471185947e-04 1.588345484470e+00
25 33 4 2.48662611 2.11284120 2.82224806 3.49791488 4.54182834 2.957928218005e-03 1.263579144687e-04 1.733423753531e-04 9.384641614714e-04 1.660919817960e+00
25 34 4 2.48662611 2.11284120 2.82224806 3.49791488 4.54182834 1.929187900225e-03 1.265218015740e-04 1.737921194050e-04 8.754887005787e-04 1.677541869633e+00
25 35 4 2.48662611 2.11284120 2.82224806 3.49791488 4.54182834 1.228065416989e-03 1.265917003514e-04 1.742123714396e-04 7.952326177955e-04 1.636299256280e+00
25 36 4 2.48662611 2.11284120 2.82224806 3.49791488 4.54182834 1.119965257309e-03 1.265518269464e-04 1.745831898187e-04 7.109143965731e-04 1.545925911503e+00
25 37 4 2.48662611 2.11284120 2.82224806 3.49791488 4.54182834 1.471228087923e-03 1.263829022815e-04 1.748798772872e-04 6.341102999269e-04 1.424858274719e+00
25 38 4 2.48662611 2.11284120 2.82224806 3.49791488 4.54182834 1.984788209823e-03 1.260626001325e-04 1.750734217028e-04 5.718359859240e-04 1.298714103856e+00
25 39 4 2.48662611 2.11284120 2.82224806 3.49791488 4.54182834 2.446158861594e-03 1.255660831517e-04 1.751310276549e-04 5.250054661101e-04 1.196460336488e+00
25 40 4 2.48662611 2.11284120 2.82224806 3.49791488 4.54182834 2.764610272817e-03 1.248666186612e-04 1.750167328800e-04 4.887444028776e-04 1.145755272794e+00
25 41 4 2.48662611 2.11284120 2.82224806 3.49791488 4.54182834 2.873860309336e-03 1.239362647366e-04 1.746921023583e-04 4.545079649019e-04 1.168127406028e+00
25 42 4 2.48662611 2.11284120 2.82224806 3.49791488 4.54182834 2.689442151510e-03 1.227466159167e-04 1.741169920180e-04 4.134110326992e-04 1.274753612186e+00
25 43 4 2.48662611 2.11284120 2.82224806 3.49791488 4.54182834 2.199501916715e-03 1.212695968294e-04 1.732503730957e-04 3.597792446590e-04 1.463592672486e+00
25 44 4 2.48662611 2.11284120 2.82224806 3.49791488 4.54182834 1.577774397934e-03 1.194782911299e-04 1.720512074067e-04 2.938048011579e-04 1.718497719397e+00
25 45 4 2.48662611 2.11284120 2.82224806 3.49791488 4.54182834 1.162181253652e-03 1.173477924214e-04 1.704793630820e-04 2.224023699192e-04 2.010673684634e+00
25 46 4 2.48662611 2.11284120 2.82224806 3.49791488 4.54182834 1.263509775442e-03 1.148560632715e-04 1.684965597293e-04 1.578712333481e-04 2.302487432802e+00
25 47 4 2.48662611 2.11284120 2.82224806 3.49791488 4.54182834 1.930632284104e-03 1.119847880719e-04 1.660673314886e-04 1.146451913557e-04 2.553227423203e+00
25 48 4 2.48662611 2.11284120 2.82224806 3.49791488 4.54182834 2.866295581019e-03 1.087202053080e-04 1.631599960731e-04 1.050503070960e-04 2.726014147312e+00
25 49 4 2.48662611 2.11284120 2.82224806 3.49791488 4.54182834 3.595777247421e-03 1.050539048203e-04 1.597476176291e-04 1.353822257475e-04 2.794758858869e+00
25 50 4 2.48662611 2.11284120 2.82224806 3.49791488 4.54182834 3.785757685589e-03 1.009835758514e-04 1.558089511111e-04 2.036089131672e-04 2.749927413514e+00
25 51 4 2.48662611 2.11284120 2.82224806 3.49791488 4.54182834 3.459630556182e-03 9.651369207783e-05 1.513293558510e-04 2.995670565090e-04 2.601938273886e+00
25 52 4 2.48662611 2.11284120 2.82224806 3.49791488 4.54182834 2.929017636515e-03 9.165612042472e-05 1.463016661118e-04 4.077575342468e-04 2.381323755838e+00
25 53 4 2.48662611 2.11284120 2.82224806 3.49791488 4.54182834 2.524583884051e-03 8.643064124793e-05 1.407270066491e-04 5.119835818126e-04 2.135282850794e+00
25 54 4 2.48662611 2.11284120 2.82224806 3.49791488 4.54182834 2.393071739829e-03 8.086536843113e-05 1.346155416602e-04 6.003962393997e-04 1.920880423882e+00
25 55 4 2.48662611 2.11284120 2.82224806 3.49791488 4.54182834 2.518655135785e-03 7.499705908133e-05 1.279871459808e-04 6.692618887995e-04 1.795794978009e+00
25 56 4 2.48662611 2.11284120 2.82224806 3.49791488 4.54182834 2.855409330706e-03 6.887130379710e-05 1.208719879842e-04 7.240694277018e-04 1.808062701723e+00
25 57 4 2.48662611 2.11284120 2.82224806 3.49791488 4.54182834 3.361173611918e-03 6.254258991902e-05 1.133110143496e-04 7.773954086232e-04 1.986593182923e+00
25 58 4 2.48662611 2.11284120 2.82224806 3.49791488 4.54182834 3.910580696202e-03 5.607423173419e-05 1.053563276825e-04 8.440138232408e-04 2.334257120893e+00
25 59 4 2.48662611 2.11284120 2.82224806 3.49791488 4.54182834 4.267437009242e-03 4.953816327942e-05 9.707144889437e-05 9.347298611638e-04 2.825035159287e+00
25 60 4 2.48662611 2.11284120 2.82224806 3.49791488 4.54182834 4.230998211448e-03 4.301459115081e-05 8.853145726169e-05 1.050986284759e-03 3.406098980367e+00
25 61 4 2.48662611 2.11284120 2.82224806 3.49791488 4.54182834 3.825690146585e-03 3.659150656110e-05 7.982300218593e-05 1.182205105328e-03 4.004862724559e+00
25 62 4 2.48662611 2.11284120 2.82224806 3.49791488 4.54182834 3.311812709017e-03 3.036405776914e-05 7.104418185831e-05 1.307060342952e-03 4.540135306676e+00
25 63 4 2.48662611 2.11284120 2.82224806 3.49791488 4.54182834 2.980164456866e-03 2.443378591489e-05 6.230428527743e-05 1.398636988824e-03 4.935687836749e+00
28 0 4 3.03317764 2.87827537 4.21854665 3.31739834 6.20158911 4.442421633553e-01 3.783944633619e+00 7.167296529238e+01 2.370468529447e+00 2.080831879734e+02
28 1 4 3.03317764 2.87827537 4.21854665 3.31739834 6.20158911 3.571347711998e-01 3.936383772674e+00 6.466199691026e+01 2.274128054119e+00 1.931043167327e+02
28 2 4 3.03317764 2.87827537 4.21854665 3.31739834 6.20158911 2.659277470382e-01 4.084742360354e+00 5.768278772316e+01 2.170200229349e+00 1.810258111914e+02
28 3 4 3.03317764 2.87827537 4.21854665 3.31739834 6.20158911 1.814973691165e-01 4.227487617208e+00 5.138778665923e+01 2.071218553934e+00 1.732443408160e+02
28 4 4 3.03317764 2.87827537 4.21854665 3.31739834 6.20158911 1.147568020005e-01 4.363373176226e+00 4.632695881683e+01 1.983752444251e+00 1.705557960223e+02
28 5 4 3.03317764 2.87827537 4.21854665 3.31739834 6.20158911 7.144285459532e-02 4.491378968180e+00 4.286222718165e+01 1.907716663925e+00 1.730573005334e+02
28 6 4 3.03317764 2.87827537 4.21854665 3.31739834 6.20158911 5.351459561965e-02 4.610546613069e+00 4.111268569667e+01 1.838343738028e+00 1.801557387996e+02
28 7 4 3.03317764 2.87827537 4.21854665 3.31739834 6.20158911 6.091753617687e-02 4.719849041937e+00 4.094673470518e+01 1.769411110875e+00 1.906824752685e+02
28 8 4 3.03317764 2.87827537 4.21854665 3.31739834 6.20158911 9.113745768869e-02 4.818208749838e+00 4.202367670843e+01 1.696174262932e+00 2.030902417696e+02
28 9 4 3.03317764 2.87827537 4.21854665 3.31739834 6.20158911 1.383720345017e-01 4.904704830969e+00 4.387186333747e+01 1.617018173782e+00 2.156901395579e+02
28 10 4 3.03317764 2.87827537 4.21854665 3.31739834 6.20158911 1.930513718591e-01 4.978916904637e+00 4.598012799298e+01 1.533624986668e+00 2.268814936415e+02
28 11 4 3.03317764 2.87827537 4.21854665 3.31739834 6.20158911 2.453142995684e-01 5.041281913185e+00 4.787838001064e+01 1.450029885606e+00 2.353366419128e+02
28 12 4 3.03317764 2.87827537 4.21854665 3.31739834 6.20158911 2.914717018236e-01 5.093316443625e+00 4.919156283795e+01 1.371134164503e+00 2.401218830450e+02
28 13 4 3.03317764 2.87827537 4.21854665 3.31739834 6.20158911 3.319555723739e-01 5.137592328778e+00 4.966400555039e+01 1.301169812467e+00 2.407558497968e+02
28 14 4 3.03317764 2.87827537 4.21854665 3.31739834 6.20158911 3.610957509236e-01 5.177434302666e+00 4.916208827679e+01 1.242470256269e+00 2.372190351559e+02
28 15 4 3.03317764 2.87827537 4.21854665 3.31739834 6.20158911 3.682885297342e-01 5.216405988385e+00 4.766730944393e+01 1.194817381935e+00 2.299292868333e+02
28 16 4 3.03317764 2.87827537 4.21854665 3.31739834 6.20158911 3.524906861227e-01 5.257729216030e+00 4.526847241312e+01 1.155570999958e+00 2.196903920903e+02
28 17 4 3.03317764 2.87827537 4.21854665 3.31739834 6.20158911 3.244774767491e-01 5.303813170061e+00 4.215404111866e+01 1.120632754083e+00 2.076115931563e+02
28 18 4 3.03317764 2.87827537 4.21854665 3.31739834 6.20158911 2.912034750602e-01 5.356042299678e+00 3.859897069357e+01 1.086006987863e+00 1.949925814095e+02
28 19 4 3.03317764 2.87827537 4.21854665 3.31739834 6.20158911 2.496290668664e-01 5.414893647488e+00 3.493872300401e+01 1.049399405532e+00 1.831748597578e+02
28 20 4 3.03317764 2.87827537 4.21854665 3.31739834 6.20158911 1.990845109189e-01 5.480350443099e+00 3.152771193272e+01 1.011146024463e+00 1.733739663779e+02
28 21 4 3.03317764 2.87827537 4.21854665 3.31739834 6.20158911 1.477777455979e-01 5.552482680163e+00 2.868747605938e+01 9.739539716669e-01 1.665207673336e+02
28 22 4 3.03317764 2.87827537 4.21854665 3.31739834 6.20158911 1.037627262335e-01 5.632007238191e+00 2.665683223393e+01 9.414466599577e-01 1.631457471198e+02
28 23 4 3.03317764 2.87827537 4.21854665 3.31739834 6.20158911 6.914816405909e-02 5.720637907015e+00 2.555808503276e+01 9.161138830124e-01 1.633332606019e+02
28 24 4 3.03317764 2.87827537 4.21854665 3.31739834 6.20158911 4.473014146515e-02 5.821090129320e+00 2.538874316075e+01 8.976467150830e-01 1.667543909439e+02
28 25 4 3.03317764 2.87827537 4.21854665 3.31739834 6.20158911 3.242553518892e-02 5.936700443417e+00 2.603916704879e+01 8.825474506764e-01 1.727643213154e+02
28 26 4 3.03317764 2.87827537 4.21854665 3.31739834 6.20158911 3.290548013312e-02 6.070729358433e+00 2.732741150551e+01 8.653421058912e-01 1.805323119224e+02
28 27 4 3.03317764 2.87827537 4.21854665 3.31739834 6.20158911 4.558725556562e-02 6.225508666374e+00 2.903752134976e+01 8.409420167656e-01 1.891668725186e+02
28 28 4 3.03317764 2.87827537 4.21854665 3.31739834 6.20158911 6.857377419606e-02 6.401645329184e+00 3.094886811056e+01 8.070919456559e-01 1.978075854104e+02
28 29 4 3.03317764 2.87827537 4.21854665 3.31739834 6.20158911 9.660134218234e-02 6.597490949009e+00 3.285085473721e+01 7.657271189967e-01 2.056740693685e+02
28 30 4 3.03317764 2.87827537 4.21854665 3.31739834 6.20158911 1.246621034901e-01 6.809029461401e+00 3.454596967683e+01 7.225228013699e-01 2.120832501051e+02
28 31 4 3.03317764 2.87827537 4.21854665 3.31739834 6.20158911 1.541100042655e-01 7.030240185038e+00 3.585043238338e+01 6.847499558110e-01 2.164593312168e+02
28 32 4 3.03317764 2.87827537 4.21854665 3.31739834 6.20158911 1.872519535471e-01 7.253881900213e+00 3.660248986563e+01 6.583519935066e-01 2.183609384052e+02
28 33 4 3.03317764 2.87827537 4.21854665 3.31739834 6.20158911 2.169891611804e-01 7.472542823327e+00 3.668343396080e+01 6.455400905357e-01 2.175369443354e+02
28 34 4 3.03317764 2.87827537 4.21854665 3.31739834 6.20158911 2.320986499194e-01 7.679735245762e+00 3.604807527653e+01 6.439781856303e-01 2.140023182471e+02
28 35 4 3.03317764 2.87827537 4.21854665 3.31739834 6.20158911 2.314267122142e-01 7.870798479624e+00 3.475385155133e+01 6.478988985720e-01 2.081070949751e+02
28 36 4 3.03317764 2.87827537 4.21854665 3.31739834 6.20158911 2.220197116001e-01 8.043414454632e+00 3.297480545860e+01 6.506077557288e-01 2.005637514668e+02
28 37 4 3.03317764 2.87827537 4.21854665 3.31739834 6.20158911 2.055612468441e-01 8.197628835249e+00 3.099008408377e+01 6.472178871637e-01 1.924052180448e+02
28 38 4 3.03317764 2.87827537 4.21854665 3.31739834 6.20158911 1.782669344938e-01 8.335387130042e+00 2.914517229699e+01 6.363993416327e-01 1.848655760057e+02
28 39 4 3.03317764 2.87827537 4.21854665 3.31739834 6.20158911 1.421558901533e-01 8.459712250246e+00 2.779409836615e+01 6.204401257495e-01 1.792007969626e+02
28 40 4 3.03317764 2.87827537 4.21854665 3.31739834 6.20158911 1.058721011472e-01 8.573737782252e+00 2.723788399110e+01 6.037352080573e-01 1.764877134064e+02
28 41 4 3.03317764 2.87827537 4.21854665 3.31739834 6.20158911 7.615612408069e-02 8.679845807563e+00 2.767541699171e+01 5.905377197621e-01 1.774474766852e+02
28 42 4 3.03317764 2.87827537 4.21854665 3.31739834 6.20158911 5.619889913026e-02 8.779127816868e+00 2.917742735708e+01 5.830808435346e-01 1.823320162460e+02
28 43 4 3.03317764 2.87827537 4.21854665 3.31739834 6.20158911 4.930240664460e-02 8.871297436937e+00 3.168511531642e+01 5.809028270758e-01 1.908920463999e+02
28 44 4 3.03317764 2.87827537 4.21854665 3.31739834 6.20158911 5.861662789767e-02 8.955056782886e+00 3.502669402240e+01 5.815558902835e-01 2.024215858152e+02
28 45 4 3.03317764 2.87827537 4.21854665 3.31739834 6.20158911 8.640709571750e-02 9.028788985459e+00 3.894160269860e+01 5.822046339948e-01 2.158564493062e+02
28 46 4 3.03317764 2.87827537 4.21854665 3.31739834 6.20158911 1.346048794025e-01 9.091355507231e+00 4.310474163843e+01 5.812562793618e-01 2.298989967659e+02
28 47 4 3.03317764 2.87827537 4.21854665 3.31739834 6.20158911 2.004925323568e-01 9.142747549873e+00 4.714972920766e+01 5.792573281428e-01 2.431485160925e+02
28 48 4 3.03317764 2.87827537 4.21854665 3.31739834 6.20158911 2.736617875627e-01 9.184387154423e+00 5.069649680025e+01 5.787325918551e-01 2.542298271695e+02
28 49 4 3.03317764 2.87827537 4.21854665 3.31739834 6.20158911 3.446396643894e-01 9.218983239464e+00 5.339018209671e+01 5.831619861895e-01 2.619231269909e+02
28 50 4 3.03317764 2.87827537 4.21854665 3.31739834 6.20158911 4.125444429126e-01 9.249987618287e+00 5.495346979337e+01 5.956225616867e-01 2.652989129541e+02
28 51 4 3.03317764 2.87827537 4.21854665 3.31739834 6.20158911 4.759962416756e-01 9.280821509431e+00 5.524526555617e+01 6.176541455552e-01 2.638520208250e+02
28 52 4 3.03317764 2.87827537 4.21854665 3.31739834 6.20158911 5.229054609869e-01 9.314112771044e+00 5.430983500271e+01 6.487088521256e-01 2.576139380286e+02
28 53 4 3.03317764 2.87827537 4.21854665 3.31739834 6.20158911 5.394149494082e-01 9.351174058291e+00 5.239763861142e+01 6.862880504941e-01 2.472118385360e+02
28 54 4 3.03317764 2.87827537 4.21854665 3.31739834 6.20158911 5.237874277715e-01 9.391865101180e+00 4.994477666273e+01 7.266873639328e-01 2.338441930817e+02
28 55 4 3.03317764 2.87827537 4.21854665 3.31739834 6.20158911 4.838264070318e-01 9.434848284882e+00 4.751059403700e+01 7.661728255337e-01 2.191585666992e+02
28 56 4 3.03317764 2.87827537 4.21854665 3.31739834 6.20158911 4.268573990881e-01 9.478113415533e+00 4.568715094173e+01 8.023221928120e-01 2.050423159336e+02
28 57 4 3.03317764 2.87827537 4.21854665 3.31739834 6.20158911 3.586175874451e-01 9.519563896279e+00 4.500340776368e+01 8.351314231089e-01 1.933614111486e+02
28 58 4 3.03317764 2.87827537 4.21854665 3.31739834 6.20158911 2.862730858494e-01 9.557454480924e+00 4.584689860503e+01 8.673731455092e-01 1.856966179987e+02
28 59 4 3.03317764 2.87827537 4.21854665 3.31739834 6.20158911 2.178173863761e-01 9.590552260115e+00 4.841679710447e+01 9.037691868066e-01 1.831247706670e+02
28 60 4 3.03317764 2.87827537 4.21854665 3.31739834 6.20158911 1.616421812310e-01 9.618026915700e+00 5.270946610516e+01 9.489340535902e-01 1.860779982249e+02
28 61 4 3.03317764 2.87827537 4.21854665 3.31739834 6.20158911 1.270486250701e-01 9.639210054094e+00 5.852749807567e+01 1.004692199592e+00 1.942932420185e+02
28 62 4 3.03317764 2.87827537 4.21854665 3.31739834 6.20158911 1.221510320783e-01 9.653439644158e+00 6.550071868350e+01 1.067952024524e+00 2.068471313751e+02
28 63 4 3.03317764 2.87827537 4.21854665 3.31739834 6.20158911 1.519398696547e-01 9.660186226792e+00 7.311296456059e+01 1.130413817564e+00 2.222626738446e+02
