# environment=00147 local_bs=1 gain_scale=9.006320014581e-13
# ue subcarrier serving_bs phi0 phi1 phi2 phi3 phi4 gain0 gain1 gain2 gain3 gain4
1 0 1 4.46010538 7.62931450 0.95373138 1.02933419 0.91843750 1.077437999965e+02 7.067320393583e+02 3.476594003903e-01 2.916044594737e-01 2.377026254777e-01
1 1 1 4.46010538 7.62931450 0.95373138 1.02933419 0.91843750 1.039210611417e+02 6.835748228532e+02 3.439992095503e-01 3.573867310372e-01 2.299953830814e-01
1 2 1 4.46010538 7.62931450 0.95373138 1.02933419 0.91843750 1.003725222408e+02 6.613872470258e+02 3.253823161989e-01 4.185562924907e-01 2.193431116812e-01
1 3 1 4.46010538 7.62931450 0.95373138 1.02933419 0.91843750 9.698068836299e+01 6.400482903299e+02 2.973418007162e-01 4.480871160423e-01 2.091966619751e-01
1 4 1 4.46010538 7.62931450 0.95373138 1.02933419 0.91843750 9.354267213240e+01 6.194857308310e+02 2.684999597644e-01 4.377517387999e-01 2.006312257619e-01
1 5 1 4.46010538 7.62931450 0.95373138 1.02933419 0.91843750 9.027623025775e+01 5.998472185852e+02 2.369796734264e-01 3.865104489861e-01 1.927613026629e-01
1 6 1 4.46010538 7.62931450 0.95373138 1.02933419 0.91843750 8.699143046036e+01 5.804491639906e+02 2.077277766436e-01 3.080183512535e-01 1.873064025919e-01
1 7 1 4.46010538 7.62931450 0.95373138 1.02933419 0.91843750 8.396976259500e+01 5.616016909191e+02 1.832477632913e-01 2.361716109403e-01 1.779292603375e-01
1 8 1 4.46010538 7.62931450 0.95373138 1.02933419 0.91843750 8.113856117554e+01 5.433720548642e+02 1.647409841818e-01 1.967345902719e-01 1.725980636248e-01
1 9 1 4.46010538 7.62931450 0.95373138 1.02933419 0.91843750 7.853896918021e+01 5.268296925166e+02 1.553877127699e-01 2.002039558659e-01 1.690361154890e-01
1 10 1 4.46010538 7.62931450 0.95373138 1.02933419 0.91843750 7.613297531614e+01 5.108507648786e+02 1.557377161085e-01 2.385348528584e-01 1.633491987261e-01
1 11 1 4.46010538 7.62931450 0.95373138 1.02933419 0.91843750 7.383921659101e+01 4.952327894275e+02 1.624062526559e-01 2.844773258299e-01 1.587132587545e-01
1 12 1 4.46010538 7.62931450 0.95373138 1.02933419 0.91843750 7.160672582070e+01 4.800598215366e+02 1.708513618656e-01 3.155981753273e-01 1.550033976741e-01
1 13 1 4.46010538 7.62931450 0.95373138 1.02933419 0.91843750 6.938381932928e+01 4.659829791768e+02 1.823357425347e-01 3.195346153185e-01 1.517181276445e-01
1 14 1 4.46010538 7.62931450 0.95373138 1.02933419 0.91843750 6.730945111816e+01 4.527516505173e+02 1.921283428878e-01 2.910246478575e-01 1.493417359188e-01
1 15 1 4.46010538 7.62931450 0.95373138 1.02933419 0.91843750 6.532594625694e+01 4.402683339977e+02 1.982821596721e-01 2.388468631701e-01 1.436564801338e-01
1 16 1 4.46010538 7.62931450 0.95373138 1.02933419 0.91843750 6.357977749872e+01 4.285632664806e+02 2.011987626596e-01 1.853239464597e-01 1.411593456186e-01
1 17 1 4.46010538 7.62931450 0.95373138 1.02933419 0.91843750 6.191831322530e+01 4.178348486005e+02 1.957095101968e-01 1.508242412985e-01 1.387517204549e-01
1 18 1 4.46010538 7.62931450 0.95373138 1.02933419 0.91843750 6.039983007176e+01 4.073440329552e+02 1.818718379758e-01 1.439025518725e-01 1.341493729711e-01
1 19 1 4.46010538 7.62931450 0.95373138 1.02933419 0.91843750 5.895353721496e+01 3.976079400632e+02 1.636335351404e-01 1.662424028292e-01 1.303099929948e-01
1 20 1 4.46010538 7.62931450 0.95373138 1.02933419 0.91843750 5.750260810968e+01 3.889378304331e+02 1.451493994771e-01 2.038775421701e-01 1.267296149483e-01
1 21 1 4.46010538 7.62931450 0.95373138 1.02933419 0.91843750 5.616958738294e+01 3.814267206475e+02 1.271079887261e-01 2.339852670718e-01 1.233832659316e-01
1 22 1 4.46010538 7.62931450 0.95373138 1.02933419 0.91843750 5.487829432476e+01 3.744099209825e+02 1.131614607571e-01 2.451146843627e-01 1.203803127281e-01
1 23 1 4.46010538 7.62931450 0.95373138 1.02933419 0.91843750 5.382867055058e+01 3.677851202788e+02 1.050921645610e-01 2.335130854554e-01 1.151292965765e-01
1 24 1 4.46010538 7.62931450 0.95373138 1.02933419 0.91843750 5.291706490604e+01 3.621269448643e+02 1.002255683356e-01 2.019068605952e-01 1.129997602424e-01
1 25 1 4.46010538 7.62931450 0.95373138 1.02933419 0.91843750 5.215984024178e+01 3.573743012586e+02 1.019043195445e-01 1.612275106169e-01 1.108216686002e-01
1 26 1 4.46010538 7.62931450 0.95373138 1.02933419 0.91843750 5.154291166462e+01 3.533899198048e+02 1.097298209821e-01 1.288920348167e-01 1.074301895930e-01
1 27 1 4.46010538 7.62931450 0.95373138 1.02933419 0.91843750 5.100649843657e+01 3.502528331427e+02 1.199298602564e-01 1.186128541007e-01 1.054573914350e-01
1 28 1 4.46010538 7.62931450 0.95373138 1.02933419 0.91843750 5.057803964305e+01 3.479790923064e+02 1.306595526213e-01 1.342471775751e-01 1.041209205141e-01
1 29 1 4.46010538 7.62931450 0.95373138 1.02933419 0.91843750 5.023910995921e+01 3.463314250806e+02 1.411204124117e-01 1.672424074568e-01 1.035758040167e-01
1 30 1 4.46010538 7.62931450 0.95373138 1.02933419 0.91843750 5.008139350141e+01 3.451933337778e+02 1.486082213065e-01 1.991431836742e-01 1.034709201542e-01
1 31 1 4.46010538 7.62931450 0.95373138 1.02933419 0.91843750 5.008961807951e+01 3.449558128988e+02 1.519209421501e-01 2.187737459955e-01 1.021229658361e-01
1 32 1 4.46010538 7.62931450 0.95373138 1.02933419 0.91843750 5.033471490555e+01 3.460016963193e+02 1.543256584946e-01 2.218871173538e-01 1.040934934714e-01
1 33 1 4.46010538 7.62931450 0.95373138 1.02933419 0.91843750 5.066176538956e+01 3.476664865387e+02 1.518598581038e-01 2.027768680304e-01 1.055761983971e-01
1 34 1 4.46010538 7.62931450 0.95373138 1.02933419 0.91843750 5.113143066868e+01 3.499429534478e+02 1.431044702596e-01 1.674238308284e-01 1.061766422122e-01
1 35 1 4.46010538 7.62931450 0.95373138 1.02933419 0.91843750 5.169260703845e+01 3.527412718027e+02 1.321515615409e-01 1.347841542377e-01 1.082463584690e-01
1 36 1 4.46010538 7.62931450 0.95373138 1.02933419 0.91843750 5.228949664090e+01 3.565967849588e+02 1.200354195495e-01 1.223766496122e-01 1.105658740384e-01
1 37 1 4.46010538 7.62931450 0.95373138 1.02933419 0.91843750 5.304911192875e+01 3.612489529455e+02 1.090731233318e-01 1.346110842586e-01 1.133840964094e-01
1 38 1 4.46010538 7.62931450 0.95373138 1.02933419 0.91843750 5.387072796686e+01 3.667525498199e+02 1.029015675817e-01 1.669618626470e-01 1.159035488908e-01
1 39 1 4.46010538 7.62931450 0.95373138 1.02933419 0.91843750 5.492279284285e+01 3.730893276343e+02 1.034910194418e-01 2.079256564168e-01 1.170378002546e-01
1 40 1 4.46010538 7.62931450 0.95373138 1.02933419 0.91843750 5.609238449380e+01 3.802199628176e+02 1.082471422869e-01 2.415224340323e-01 1.214171255963e-01
1 41 1 4.46010538 7.62931450 0.95373138 1.02933419 0.91843750 5.735858943772e+01 3.877473279072e+02 1.194039480398e-01 2.571113202574e-01 1.241856797439e-01
1 42 1 4.46010538 7.62931450 0.95373138 1.02933419 0.91843750 5.869816426597e+01 3.960874060666e+02 1.377605274952e-01 2.461041921000e-01 1.258748166275e-01
1 43 1 4.46010538 7.62931450 0.95373138 1.02933419 0.91843750 6.007814495992e+01 4.053250556058e+02 1.577994654003e-01 2.114588744156e-01 1.291112899219e-01
1 44 1 4.46010538 7.62931450 0.95373138 1.02933419 0.91843750 6.155312756980e+01 4.158843570322e+02 1.785701796727e-01 1.739454754131e-01 1.322960365994e-01
1 45 1 4.46010538 7.62931450 0.95373138 1.02933419 0.91843750 6.309743614317e+01 4.268533732333e+02 1.963847847346e-01 1.541423861823e-01 1.360304384602e-01
1 46 1 4.46010538 7.62931450 0.95373138 1.02933419 0.91843750 6.484139766153e+01 4.383234739262e+02 2.070084811656e-01 1.619846182158e-01 1.391960593573e-01
1 47 1 4.46010538 7.62931450 0.95373138 1.02933419 0.91843750 6.673458985528e+01 4.504269722684e+02 2.101712497972e-01 1.987388860189e-01 1.415576506498e-01
1 48 1 4.46010538 7.62931450 0.95373138 1.02933419 0.91843750 6.886194100789e+01 4.635722165856e+02 2.094375852834e-01 2.552744455306e-01 1.481607650298e-01
1 49 1 4.46010538 7.62931450 0.95373138 1.02933419 0.91843750 7.104956817251e+01 4.776209238099e+02 2.044539611366e-01 3.086167219969e-01 1.525720890573e-01
1 50 1 4.46010538 7.62931450 0.95373138 1.02933419 0.91843750 7.335626252679e+01 4.924182052828e+02 1.932097958693e-01 3.382497314757e-01 1.567554122387e-01
1 51 1 4.46010538 7.62931450 0.95373138 1.02933419 0.91843750 7.574963647125e+01 5.079819711797e+02 1.814701549933e-01 3.370924821357e-01 1.634856259684e-01
1 52 1 4.46010538 7.62931450 0.95373138 1.02933419 0.91843750 7.822326896070e+01 5.242490756136e+02 1.695682074514e-01 3.024479404177e-01 1.704241742631e-01
1 53 1 4.46010538 7.62931450 0.95373138 1.02933419 0.91843750 8.094628542054e+01 5.407369473908e+02 1.614001743002e-01 2.512554483631e-01 1.783574354388e-01
1 54 1 4.46010538 7.62931450 0.95373138 1.02933419 0.91843750 8.376498711580e+01 5.581427661581e+02 1.635083352447e-01 2.146087606766e-01 1.853917388926e-01
1 55 1 4.46010538 7.62931450 0.95373138 1.02933419 0.91843750 8.693556213649e+01 5.768080241402e+02 1.757150801488e-01 2.154100646365e-01 1.923185968789e-01
1 56 1 4.46010538 7.62931450 0.95373138 1.02933419 0.91843750 9.020103135425e+01 5.964880323824e+02 1.967851373690e-01 2.591207805558e-01 2.042003949098e-01
1 57 1 4.46010538 7.62931450 0.95373138 1.02933419 0.91843750 9.356002086094e+01 6.163581692748e+02 2.257476305996e-01 3.329790448938e-01 2.118707265880e-01
1 58 1 4.46010538 7.62931450 0.95373138 1.02933419 0.91843750 9.697092132107e+01 6.363349731865e+02 2.623141267595e-01 4.113805826208e-01 2.195287890325e-01
1 59 1 4.46010538 7.62931450 0.95373138 1.02933419 0.91843750 1.003407088887e+02 6.576326806272e+02 2.996292166445e-01 4.666459677361e-01 2.297047645017e-01
1 60 1 4.46010538 7.62931450 0.95373138 1.02933419 0.91843750 1.038540185341e+02 6.797463363975e+02 3.357074188923e-01 4.815239567665e-01 2.389669161626e-01
1 61 1 4.46010538 7.62931450 0.95373138 1.02933419 0.91843750 1.074507885760e+02 7.026200254450e+02 3.633174145697e-01 4.453781240934e-01 2.484500452853e-01
1 62 1 4.46010538 7.62931450 0.95373138 1.02933419 0.91843750 1.112661612167e+02 7.261426501085e+02 3.723246532058e-01 3.711196050405e-01 2.555430217657e-01
1 63 1 4.46010538 7.62931450 0.95373138 1.02933419 0.91843750 1.151958339444e+02 7.505956343422e+02 3.673082294801e-01 3.093721873263e-01 2.628644949456e-01
2 0 1 1.58590596 2.69227043 1.25883848 1.74672371 1.04191617 2.053250548469e+00 1.611474402534e+01 1.025900635488e+00 3.013254575501e+00 4.026579266163e-01
2 1 1 1.58590596 2.69227043 1.25883848 1.74672371 1.04191617 1.990626054402e+00 1.560401814383e+01 8.339755933724e-01 2.686228496434e+00 3.890191233878e-01
2 2 1 1.58590596 2.69227043 1.25883848 1.74672371 1.04191617 1.915252237387e+00 1.504357725492e+01 6.412428180869e-01 3.034625338078e+00 3.731396033488e-01
2 3 1 1.58590596 2.69227043 1.25883848 1.74672371 1.04191617 1.834195529255e+00 1.447616948559e+01 6.428430852645e-01 2.803567433846e+00 3.550649070501e-01
2 4 1 1.58590596 2.69227043 1.25883848 1.74672371 1.04191617 1.778456364917e+00 1.398378172400e+01 7.782493197604e-01 2.352073604201e+00 3.389710817842e-01
2 5 1 1.58590596 2.69227043 1.25883848 1.74672371 1.04191617 1.715845587967e+00 1.347849055301e+01 8.391780500876e-01 2.591794289181e+00 3.270921621011e-01
2 6 1 1.58590596 2.69227043 1.25883848 1.74672371 1.04191617 1.643144638460e+00 1.306354938875e+01 7.302918414582e-01 2.599361070334e+00 3.143739041942e-01
2 7 1 1.58590596 2.69227043 1.25883848 1.74672371 1.04191617 1.600737863856e+00 1.256733630755e+01 5.641579101724e-01 2.141856788028e+00 3.021939690187e-01
2 8 1 1.58590596 2.69227043 1.25883848 1.74672371 1.04191617 1.541031528569e+00 1.212013474334e+01 5.130066388436e-01 2.233215769968e+00 2.958546814817e-01
2 9 1 1.58590596 2.69227043 1.25883848 1.74672371 1.04191617 1.487920177443e+00 1.171321114970e+01 6.104465208656e-01 2.393941933370e+00 2.886353826846e-01
2 10 1 1.58590596 2.69227043 1.25883848 1.74672371 1.04191617 1.444228833234e+00 1.134247217111e+01 7.050638857573e-01 2.000836449968e+00 2.770247358259e-01
2 11 1 1.58590596 2.69227043 1.25883848 1.74672371 1.04191617 1.397562309670e+00 1.094670465898e+01 6.538910549350e-01 1.952111410753e+00 2.647069209593e-01
2 12 1 1.58590596 2.69227043 1.25883848 1.74672371 1.04191617 1.350523039418e+00 1.059357360220e+01 4.986797182130e-01 2.177793136104e+00 2.579011873721e-01
2 13 1 1.58590596 2.69227043 1.25883848 1.74672371 1.04191617 1.310136301744e+00 1.021461586665e+01 4.156871848425e-01 1.877767803978e+00 2.509120384668e-01
2 14 1 1.58590596 2.69227043 1.25883848 1.74672371 1.04191617 1.271706400006e+00 9.933318841693e+00 4.758647995463e-01 1.693020165830e+00 2.436979672687e-01
2 15 1 1.58590596 2.69227043 1.25883848 1.74672371 1.04191617 1.228985528967e+00 9.632645754391e+00 5.727609502144e-01 1.935355782474e+00 2.347285585624e-01
2 16 1 1.58590596 2.69227043 1.25883848 1.74672371 1.04191617 1.194734785296e+00 9.336226843919e+00 5.672641638128e-01 1.773902382909e+00 2.242790240913e-01
2 17 1 1.58590596 2.69227043 1.25883848 1.74672371 1.04191617 1.160528686007e+00 9.064123781913e+00 4.613320573484e-01 1.500849354441e+00 2.135374239784e-01
2 18 1 1.58590596 2.69227043 1.25883848 1.74672371 1.04191617 1.125479426192e+00 8.812424159449e+00 3.709389593292e-01 1.702536446917e+00 2.083885332556e-01
2 19 1 1.58590596 2.69227043 1.25883848 1.74672371 1.04191617 1.094266579278e+00 8.603607301973e+00 3.860767219228e-01 1.686555835187e+00 2.059092790372e-01
2 20 1 1.58590596 2.69227043 1.25883848 1.74672371 1.04191617 1.066588079339e+00 8.401374645162e+00 4.690547770598e-01 1.405592054880e+00 2.012900020101e-01
2 21 1 1.58590596 2.69227043 1.25883848 1.74672371 1.04191617 1.037311409087e+00 8.188951629101e+00 5.030446216340e-01 1.528956597116e+00 1.963576688694e-01
2 22 1 1.58590596 2.69227043 1.25883848 1.74672371 1.04191617 1.014339104321e+00 8.017313515321e+00 4.325119020973e-01 1.618023250870e+00 1.937162005483e-01
2 23 1 1.58590596 2.69227043 1.25883848 1.74672371 1.04191617 9.895705013136e-01 7.870836452902e+00 3.340430876520e-01 1.361064586528e+00 1.907819155029e-01
2 24 1 1.58590596 2.69227043 1.25883848 1.74672371 1.04191617 9.750930026885e-01 7.755853075080e+00 3.248302650809e-01 1.391976320684e+00 1.860830973288e-01
2 25 1 1.58590596 2.69227043 1.25883848 1.74672371 1.04191617 9.524657752818e-01 7.630274015961e+00 4.058165952927e-01 1.554762512019e+00 1.827988461353e-01
2 26 1 1.58590596 2.69227043 1.25883848 1.74672371 1.04191617 9.420547694967e-01 7.521935299126e+00 4.666844825355e-01 1.346264904250e+00 1.807541605635e-01
2 27 1 1.58590596 2.69227043 1.25883848 1.74672371 1.04191617 9.322531820296e-01 7.444277422442e+00 4.256381925182e-01 1.274789114594e+00 1.784326687757e-01
2 28 1 1.58590596 2.69227043 1.25883848 1.74672371 1.04191617 9.196502193924e-01 7.407706985052e+00 3.354421163104e-01 1.475275924513e+00 1.768535936585e-01
2 29 1 1.58590596 2.69227043 1.25883848 1.74672371 1.04191617 9.174744364325e-01 7.361246077502e+00 3.003856078415e-01 1.369125866386e+00 1.750291184996e-01
2 30 1 1.58590596 2.69227043 1.25883848 1.74672371 1.04191617 9.185771461229e-01 7.344717728164e+00 3.576292838266e-01 1.219731985454e+00 1.720154353854e-01
2 31 1 1.58590596 2.69227043 1.25883848 1.74672371 1.04191617 9.117279238179e-01 7.315040534027e+00 4.329161756439e-01 1.413737694012e+00 1.702460626003e-01
2 32 1 1.58590596 2.69227043 1.25883848 1.74672371 1.04191617 9.231201651731e-01 7.365671804202e+00 4.370319644991e-01 1.426580296458e+00 1.742032324787e-01
2 33 1 1.58590596 2.69227043 1.25883848 1.74672371 1.04191617 9.281449430167e-01 7.399538824483e+00 3.622402916006e-01 1.238780968099e+00 1.784686124517e-01
2 34 1 1.58590596 2.69227043 1.25883848 1.74672371 1.04191617 9.336416744401e-01 7.452290727876e+00 3.049742566114e-01 1.399919495773e+00 1.804578117832e-01
2 35 1 1.58590596 2.69227043 1.25883848 1.74672371 1.04191617 9.494501855455e-01 7.519622207545e+00 3.447294859411e-01 1.514269337972e+00 1.808461163922e-01
2 36 1 1.58590596 2.69227043 1.25883848 1.74672371 1.04191617 9.642939419880e-01 7.603033190588e+00 4.417043007954e-01 1.306403377595e+00 1.834132372959e-01
2 37 1 1.58590596 2.69227043 1.25883848 1.74672371 1.04191617 9.771497636085e-01 7.737314026195e+00 4.755477978818e-01 1.396589705114e+00 1.852922168459e-01
2 38 1 1.58590596 2.69227043 1.25883848 1.74672371 1.04191617 9.988617632008e-01 7.874037000720e+00 4.075678417918e-01 1.608283607364e+00 1.887040516060e-01
2 39 1 1.58590596 2.69227043 1.25883848 1.74672371 1.04191617 1.021706435808e+00 8.005663857159e+00 3.313011909017e-01 1.420005741659e+00 1.927370342093e-01
2 40 1 1.58590596 2.69227043 1.25883848 1.74672371 1.04191617 1.040789236857e+00 8.171751255993e+00 3.532078905844e-01 1.400922675074e+00 1.962096111849e-01
2 41 1 1.58590596 2.69227043 1.25883848 1.74672371 1.04191617 1.067654769232e+00 8.369244488800e+00 4.580742103802e-01 1.687946766540e+00 1.987404855611e-01
2 42 1 1.58590596 2.69227043 1.25883848 1.74672371 1.04191617 1.095300675876e+00 8.581306341688e+00 5.317877492033e-01 1.582341422122e+00 2.042725167773e-01
2 43 1 1.58590596 2.69227043 1.25883848 1.74672371 1.04191617 1.122183657982e+00 8.819227226871e+00 4.974266051168e-01 1.471203367515e+00 2.104852008064e-01
2 44 1 1.58590596 2.69227043 1.25883848 1.74672371 1.04191617 1.151757896872e+00 9.031556352526e+00 4.064702301521e-01 1.787017390604e+00 2.151707296538e-01
2 45 1 1.58590596 2.69227043 1.25883848 1.74672371 1.04191617 1.187164112163e+00 9.295881246329e+00 3.861481038317e-01 1.795898149105e+00 2.224827214092e-01
2 46 1 1.58590596 2.69227043 1.25883848 1.74672371 1.04191617 1.219084089278e+00 9.609751439265e+00 4.876175442262e-01 1.614613070888e+00 2.343865949292e-01
2 47 1 1.58590596 2.69227043 1.25883848 1.74672371 1.04191617 1.256877500953e+00 9.897380732140e+00 6.072879492534e-01 1.913473117532e+00 2.450396562933e-01
2 48 1 1.58590596 2.69227043 1.25883848 1.74672371 1.04191617 1.293128475055e+00 1.022763124283e+01 6.064455481665e-01 2.058260756965e+00 2.515379789562e-01
2 49 1 1.58590596 2.69227043 1.25883848 1.74672371 1.04191617 1.340399299771e+00 1.052790959199e+01 4.978984626025e-01 1.806590913889e+00 2.572795404359e-01
2 50 1 1.58590596 2.69227043 1.25883848 1.74672371 1.04191617 1.376225464136e+00 1.091263423619e+01 4.467840260928e-01 2.015909035828e+00 2.641644796309e-01
2 51 1 1.58590596 2.69227043 1.25883848 1.74672371 1.04191617 1.427402816665e+00 1.130484977829e+01 5.498894664016e-01 2.314842776371e+00 2.720474793874e-01
2 52 1 1.58590596 2.69227043 1.25883848 1.74672371 1.04191617 1.480618637509e+00 1.169226224196e+01 7.092034047449e-01 2.061828883263e+00 2.843570958963e-01
2 53 1 1.58590596 2.69227043 1.25883848 1.74672371 1.04191617 1.528139246524e+00 1.208658457579e+01 7.485140296783e-01 2.117606366136e+00 2.960348045324e-01
2 54 1 1.58590596 2.69227043 1.25883848 1.74672371 1.04191617 1.585437482372e+00 1.251224587128e+01 6.432066313884e-01 2.541657431155e+00 3.040973628364e-01
2 55 1 1.58590596 2.69227043 1.25883848 1.74672371 1.04191617 1.655125457048e+00 1.299580026922e+01 5.400231296859e-01 2.391511948032e+00 3.112059939279e-01
2 56 1 1.58590596 2.69227043 1.25883848 1.74672371 1.04191617 1.704796365731e+00 1.347206456232e+01 6.017952270819e-01 2.293562920131e+00 3.266984403269e-01
2 57 1 1.58590596 2.69227043 1.25883848 1.74672371 1.04191617 1.779335388510e+00 1.394658429475e+01 7.936990616275e-01 2.800496285852e+00 3.419776500376e-01
2 58 1 1.58590596 2.69227043 1.25883848 1.74672371 1.04191617 1.852685952126e+00 1.442606758274e+01 9.192748821177e-01 2.800498121829e+00 3.563978447451e-01
2 59 1 1.58590596 2.69227043 1.25883848 1.74672371 1.04191617 1.918039660647e+00 1.497888722486e+01 8.364684203463e-01 2.540792934596e+00 3.710266047405e-01
2 60 1 1.58590596 2.69227043 1.25883848 1.74672371 1.04191617 1.997343371532e+00 1.552718070616e+01 6.797133027430e-01 3.060942444807e+00 3.890866521772e-01
2 61 1 1.58590596 2.69227043 1.25883848 1.74672371 1.04191617 2.082828974654e+00 1.612196092008e+01 6.906959555826e-01 3.265848498369e+00 4.012085216106e-01
2 62 1 1.58590596 2.69227043 1.25883848 1.74672371 1.04191617 2.152520312275e+00 1.663607102266e+01 9.118387403483e-01 2.848307101226e+00 4.123586731323e-01
2 63 1 1.58590596 2.69227043 1.25883848 1.74672371 1.04191617 2.239710481999e+00 1.725576480886e+01 1.095533742734e+00 3.236122440455e+00 4.234616986581e-01
5 0 1 2.26330933 2.75631734 1.58543087 1.78027540 1.39013400 8.203330236686e+00 1.955786031318e+01 1.654439274320e+00 3.604508452187e+00 1.551894254981e+00
5 1 1 2.26330933 2.75631734 1.58543087 1.78027540 1.39013400 7.933957529553e+00 1.701553300185e+01 1.666849023624e+00 2.874942398887e+00 1.549854333220e+00
5 2 1 2.26330933 2.75631734 1.58543087 1.78027540 1.39013400 7.657382320824e+00 1.468611117345e+01 1.931868128036e+00 2.618154096233e+00 1.484993169923e+00
5 3 1 2.26330933 2.75631734 1.58543087 1.78027540 1.39013400 7.398438734985e+00 1.407945870703e+01 2.172360335002e+00 3.023890171701e+00 1.362740232119e+00
5 4 1 2.26330933 2.75631734 1.58543087 1.78027540 1.39013400 7.143603688224e+00 1.505165142672e+01 2.183416958375e+00 3.246578532961e+00 1.218195428782e+00
5 5 1 2.26330933 2.75631734 1.58543087 1.78027540 1.39013400 6.931993991003e+00 1.623173407984e+01 1.911167543927e+00 2.796608988299e+00 1.072303908242e+00
5 6 1 2.26330933 2.75631734 1.58543087 1.78027540 1.39013400 6.670204527792e+00 1.610135188846e+01 1.533931803422e+00 2.271990044999e+00 9.179611424376e-01
5 7 1 2.26330933 2.75631734 1.58543087 1.78027540 1.39013400 6.455541638401e+00 1.444420497847e+01 1.293519112530e+00 2.355601754012e+00 7.836693892929e-01
5 8 1 2.26330933 2.75631734 1.58543087 1.78027540 1.39013400 6.254478455768e+00 1.237149312023e+01 1.309290351685e+00 2.723099537568e+00 6.994933763535e-01
5 9 1 2.26330933 2.75631734 1.58543087 1.78027540 1.39013400 6.040973104876e+00 1.122087167861e+01 1.512641251012e+00 2.654296591593e+00 6.611512606901e-01
5 10 1 2.26330933 2.75631734 1.58543087 1.78027540 1.39013400 5.830815294598e+00 1.159693965388e+01 1.698725105032e+00 2.147473876710e+00 6.652373803959e-01
5 11 1 2.26330933 2.75631734 1.58543087 1.78027540 1.39013400 5.646074204154e+00 1.262740195111e+01 1.692334567896e+00 1.880655000863e+00 6.988726915528e-01
5 12 1 2.26330933 2.75631734 1.58543087 1.78027540 1.39013400 5.470867389728e+00 1.309203073018e+01 1.468650804167e+00 2.118344406893e+00 7.534501768695e-01
5 13 1 2.26330933 2.75631734 1.58543087 1.78027540 1.39013400 5.274255862038e+00 1.228262440875e+01 1.188120648317e+00 2.349246294477e+00 8.238147365846e-01
5 14 1 2.26330933 2.75631734 1.58543087 1.78027540 1.39013400 5.111474869510e+00 1.063239178544e+01 1.013286769961e+00 2.111682529217e+00 8.779383180713e-01
5 15 1 2.26330933 2.75631734 1.58543087 1.78027540 1.39013400 4.958075700743e+00 9.336497223412e+00 1.037536222475e+00 1.703103639391e+00 9.077199159057e-01
5 16 1 2.26330933 2.75631734 1.58543087 1.78027540 1.39013400 4.797135349718e+00 9.175594109784e+00 1.213718398726e+00 1.678868494157e+00 9.118708360703e-01
5 17 1 2.26330933 2.75631734 1.58543087 1.78027540 1.39013400 4.648940887947e+00 9.949088117898e+00 1.370701979396e+00 1.976241079433e+00 8.802501066664e-01
5 18 1 2.26330933 2.75631734 1.58543087 1.78027540 1.39013400 4.516012208275e+00 1.072188737197e+01 1.354049635288e+00 2.022323463875e+00 8.210463541586e-01
5 19 1 2.26330933 2.75631734 1.58543087 1.78027540 1.39013400 4.396391196270e+00 1.056657606366e+01 1.167846979455e+00 1.676830230990e+00 7.443215542109e-01
5 20 1 2.26330933 2.75631734 1.58543087 1.78027540 1.39013400 4.272264266359e+00 9.476277531348e+00 9.458571484720e-01 1.420921713532e+00 6.549548449991e-01
5 21 1 2.26330933 2.75631734 1.58543087 1.78027540 1.39013400 4.164527555056e+00 8.236149467325e+00 8.287066817858e-01 1.579354631431e+00 5.700127718336e-01
5 22 1 2.26330933 2.75631734 1.58543087 1.78027540 1.39013400 4.075771587110e+00 7.720419668996e+00 8.797531880091e-01 1.820370140716e+00 4.970480574552e-01
5 23 1 2.26330933 2.75631734 1.58543087 1.78027540 1.39013400 3.991268651476e+00 8.203809643118e+00 1.039455757317e+00 1.705940794195e+00 4.473202336130e-01
5 24 1 2.26330933 2.75631734 1.58543087 1.78027540 1.39013400 3.905376248354e+00 9.069230923388e+00 1.164029527532e+00 1.387603135222e+00 4.327173230661e-01
5 25 1 2.26330933 2.75631734 1.58543087 1.78027540 1.39013400 3.850200360037e+00 9.448286467098e+00 1.151974601327e+00 1.340099420208e+00 4.408255644011e-01
5 26 1 2.26330933 2.75631734 1.58543087 1.78027540 1.39013400 3.805140550117e+00 8.901484809827e+00 1.006772584975e+00 1.594569677692e+00 4.708099278722e-01
5 27 1 2.26330933 2.75631734 1.58543087 1.78027540 1.39013400 3.752335514167e+00 7.867631195769e+00 8.269073804316e-01 1.704295535059e+00 5.226152075955e-01
5 28 1 2.26330933 2.75631734 1.58543087 1.78027540 1.39013400 3.724278560621e+00 7.138908320711e+00 7.471034060071e-01 1.479817986095e+00 5.851316123410e-01
5 29 1 2.26330933 2.75631734 1.58543087 1.78027540 1.39013400 3.712425663032e+00 7.321960730994e+00 8.175091080454e-01 1.263294411436e+00 6.433288732034e-01
5 30 1 2.26330933 2.75631734 1.58543087 1.78027540 1.39013400 3.704677464093e+00 8.205073201336e+00 9.760246843350e-01 1.365793399245e+00 6.849103248869e-01
5 31 1 2.26330933 2.75631734 1.58543087 1.78027540 1.39013400 3.695451057444e+00 8.963129732394e+00 1.098817828690e+00 1.614754313576e+00 7.027623245128e-01
5 32 1 2.26330933 2.75631734 1.58543087 1.78027540 1.39013400 3.726059286873e+00 8.994412452624e+00 1.107201408279e+00 1.628370899818e+00 7.095438549011e-01
5 33 1 2.26330933 2.75631734 1.58543087 1.78027540 1.39013400 3.745785985304e+00 8.218428230631e+00 9.825119131921e-01 1.379401029985e+00 6.899258387833e-01
5 34 1 2.26330933 2.75631734 1.58543087 1.78027540 1.39013400 3.778262301381e+00 7.383811319447e+00 8.179061245799e-01 1.279053482935e+00 6.432992629851e-01
5 35 1 2.26330933 2.75631734 1.58543087 1.78027540 1.39013400 3.824633801318e+00 7.281491644588e+00 7.545670475358e-01 1.527405966322e+00 5.846947314790e-01
5 36 1 2.26330933 2.75631734 1.58543087 1.78027540 1.39013400 3.882838655978e+00 8.059530648093e+00 8.522540891456e-01 1.760015940712e+00 5.283402998570e-01
5 37 1 2.26330933 2.75631734 1.58543087 1.78027540 1.39013400 3.954097820161e+00 9.174704279280e+00 1.045965557944e+00 1.614867164629e+00 4.821324159588e-01
5 38 1 2.26330933 2.75631734 1.58543087 1.78027540 1.39013400 4.015222686763e+00 9.743507896324e+00 1.199117864071e+00 1.356554551349e+00 4.534664747067e-01
5 39 1 2.26330933 2.75631734 1.58543087 1.78027540 1.39013400 4.111941473714e+00 9.345257438457e+00 1.208541870758e+00 1.444912215865e+00 4.432311310755e-01
5 40 1 2.26330933 2.75631734 1.58543087 1.78027540 1.39013400 4.202999264367e+00 8.485375013519e+00 1.068174062718e+00 1.788623264329e+00 4.697254662213e-01
5 41 1 2.26330933 2.75631734 1.58543087 1.78027540 1.39013400 4.303938087406e+00 8.046400630498e+00 9.047342748861e-01 1.889224620154e+00 5.277779630669e-01
5 42 1 2.26330933 2.75631734 1.58543087 1.78027540 1.39013400 4.407210604594e+00 8.636359550223e+00 8.643557148795e-01 1.643065816659e+00 6.044813114452e-01
5 43 1 2.26330933 2.75631734 1.58543087 1.78027540 1.39013400 4.536538617217e+00 9.995603197074e+00 1.005540058018e+00 1.509630839022e+00 6.968421636211e-01
5 44 1 2.26330933 2.75631734 1.58543087 1.78027540 1.39013400 4.667367396143e+00 1.114503994054e+01 1.255216128104e+00 1.800209842988e+00 7.904204697719e-01
5 45 1 2.26330933 2.75631734 1.58543087 1.78027540 1.39013400 4.780431828372e+00 1.127765577815e+01 1.444061488082e+00 2.140584664553e+00 8.738643875020e-01
5 46 1 2.26330933 2.75631734 1.58543087 1.78027540 1.39013400 4.941059816001e+00 1.048009231035e+01 1.436565041715e+00 2.066917903040e+00 9.374240062523e-01
5 47 1 2.26330933 2.75631734 1.58543087 1.78027540 1.39013400 5.090623990968e+00 9.698638648130e+00 1.268768720828e+00 1.765916126511e+00 9.665012007839e-01
5 48 1 2.26330933 2.75631734 1.58543087 1.78027540 1.39013400 5.238909090500e+00 9.907906948352e+00 1.097912714898e+00 1.811250088715e+00 9.614343719818e-01
5 49 1 2.26330933 2.75631734 1.58543087 1.78027540 1.39013400 5.407080844586e+00 1.138630053309e+01 1.081184737087e+00 2.249561293031e+00 9.284992971839e-01
5 50 1 2.26330933 2.75631734 1.58543087 1.78027540 1.39013400 5.588465691090e+00 1.310983566747e+01 1.273091828916e+00 2.501119120707e+00 8.633396535746e-01
5 51 1 2.26330933 2.75631734 1.58543087 1.78027540 1.39013400 5.773312002691e+00 1.395228146183e+01 1.593830865973e+00 2.260271304919e+00 7.993830095586e-01
5 52 1 2.26330933 2.75631734 1.58543087 1.78027540 1.39013400 5.946030933165e+00 1.345480357968e+01 1.826235567605e+00 2.020595026650e+00 7.433097258478e-01
5 53 1 2.26330933 2.75631734 1.58543087 1.78027540 1.39013400 6.166547918195e+00 1.229275283239e+01 1.812724339153e+00 2.326392440633e+00 7.054304609710e-01
5 54 1 2.26330933 2.75631734 1.58543087 1.78027540 1.39013400 6.375221062181e+00 1.201119718780e+01 1.599333559340e+00 2.868283244595e+00 7.037758544192e-01
5 55 1 2.26330933 2.75631734 1.58543087 1.78027540 1.39013400 6.594741187141e+00 1.327560750711e+01 1.379810564841e+00 2.903648937119e+00 7.551077188070e-01
5 56 1 2.26330933 2.75631734 1.58543087 1.78027540 1.39013400 6.822681454037e+00 1.552462803584e+01 1.381239774972e+00 2.482551660485e+00 8.564149367375e-01
5 57 1 2.26330933 2.75631734 1.58543087 1.78027540 1.39013400 7.076890172014e+00 1.727731858470e+01 1.667469684314e+00 2.426740925534e+00 1.000205913779e+00
5 58 1 2.26330933 2.75631734 1.58543087 1.78027540 1.39013400 7.341424650972e+00 1.732394233995e+01 2.091921610175e+00 3.014117937619e+00 1.149859059231e+00
5 59 1 2.26330933 2.75631734 1.58543087 1.78027540 1.39013400 7.585902277777e+00 1.602673312596e+01 2.364871779189e+00 3.479322858388e+00 1.319538710423e+00
5 60 1 2.26330933 2.75631734 1.58543087 1.78027540 1.39013400 7.888126046111e+00 1.503367612269e+01 2.324595092924e+00 3.219353347432e+00 1.483961926404e+00
5 61 1 2.26330933 2.75631734 1.58543087 1.78027540 1.39013400 8.191418523089e+00 1.576102709958e+01 2.021054979476e+00 2.817696152901e+00 1.600196645843e+00
5 62 1 2.26330933 2.75631734 1.58543087 1.78027540 1.39013400 8.490087187527e+00 1.828927463208e+01 1.736691174832e+00 3.126427843585e+00 1.651232436944e+00
5 63 1 2.26330933 2.75631734 1.58543087 1.78027540 1.39013400 8.797716412539e+00 2.101699066736e+01 1.790868340328e+00 3.904535867452e+00 1.645077282910e+00
14 0 1 1.66036954 2.59738640 1.41043557 1.95672039 1.15143144 2.459857401394e+00 1.408301261301e+01 1.557490476222e+00 4.412933329885e+00 5.941760852002e-01
14 1 1 1.66036954 2.59738640 1.41043557 1.95672039 1.15143144 2.365077307404e+00 1.355214794954e+01 1.311657650045e+00 4.419966881189e+00 5.698999996070e-01
14 2 1 1.66036954 2.59738640 1.41043557 1.95672039 1.15143144 2.287911111014e+00 1.306747271395e+01 1.025294661943e+00 4.796081794662e+00 5.486638917111e-01
14 3 1 1.66036954 2.59738640 1.41043557 1.95672039 1.15143144 2.202167603747e+00 1.263914026612e+01 1.002871500607e+00 4.128736377532e+00 5.319655491828e-01
14 4 1 1.66036954 2.59738640 1.41043557 1.95672039 1.15143144 2.123689004814e+00 1.220307789365e+01 1.206479506705e+00 3.820036150727e+00 5.075820178583e-01
14 5 1 1.66036954 2.59738640 1.41043557 1.95672039 1.15143144 2.049923726040e+00 1.177091159272e+01 1.318174711076e+00 4.228356618227e+00 4.859092081766e-01
14 6 1 1.66036954 2.59738640 1.41043557 1.95672039 1.15143144 1.982022010423e+00 1.133895021591e+01 1.154599310792e+00 3.839207906277e+00 4.691406186018e-01
14 7 1 1.66036954 2.59738640 1.41043557 1.95672039 1.15143144 1.917366472387e+00 1.091926167195e+01 8.934319333415e-01 3.323029665416e+00 4.512753719716e-01
14 8 1 1.66036954 2.59738640 1.41043557 1.95672039 1.15143144 1.845306113644e+00 1.059188370512e+01 8.056115665959e-01 3.665177959447e+00 4.321640179701e-01
14 9 1 1.66036954 2.59738640 1.41043557 1.95672039 1.15143144 1.790652407420e+00 1.021840315021e+01 9.360088310356e-01 3.593848422224e+00 4.214275684291e-01
14 10 1 1.66036954 2.59738640 1.41043557 1.95672039 1.15143144 1.737634672975e+00 9.862689690884e+00 1.071300273891e+00 3.009891044567e+00 4.140287672257e-01
14 11 1 1.66036954 2.59738640 1.41043557 1.95672039 1.15143144 1.668545759258e+00 9.526736151057e+00 1.016725034273e+00 3.173940716109e+00 4.005332254414e-01
14 12 1 1.66036954 2.59738640 1.41043557 1.95672039 1.15143144 1.626200922908e+00 9.196141722104e+00 8.072579623074e-01 3.350665084604e+00 3.848740267373e-01
14 13 1 1.66036954 2.59738640 1.41043557 1.95672039 1.15143144 1.574819321051e+00 8.931754923698e+00 6.722681906511e-01 2.832410024924e+00 3.695077163654e-01
14 14 1 1.66036954 2.59738640 1.41043557 1.95672039 1.15143144 1.519815710147e+00 8.659961065491e+00 7.394969839814e-01 2.750905145174e+00 3.563021142000e-01
14 15 1 1.66036954 2.59738640 1.41043557 1.95672039 1.15143144 1.474083166119e+00 8.364384651560e+00 8.798790039682e-01 3.036466470569e+00 3.463785419134e-01
14 16 1 1.66036954 2.59738640 1.41043557 1.95672039 1.15143144 1.435070511150e+00 8.127329058385e+00 8.779990515741e-01 2.679380930603e+00 3.372989720594e-01
14 17 1 1.66036954 2.59738640 1.41043557 1.95672039 1.15143144 1.385774951217e+00 7.873154020204e+00 7.200131712878e-01 2.414508278853e+00 3.227330904402e-01
14 18 1 1.66036954 2.59738640 1.41043557 1.95672039 1.15143144 1.346693384476e+00 7.696067011273e+00 5.865511898380e-01 2.705113988440e+00 3.091331204411e-01
14 19 1 1.66036954 2.59738640 1.41043557 1.95672039 1.15143144 1.312271661443e+00 7.493382321643e+00 6.113032701003e-01 2.548601473187e+00 3.029392968162e-01
14 20 1 1.66036954 2.59738640 1.41043557 1.95672039 1.15143144 1.275948450654e+00 7.296936743029e+00 7.317529648357e-01 2.201845877431e+00 2.983419903140e-01
14 21 1 1.66036954 2.59738640 1.41043557 1.95672039 1.15143144 1.238846479533e+00 7.120320463143e+00 7.792492284628e-01 2.434214613421e+00 2.920363949671e-01
14 22 1 1.66036954 2.59738640 1.41043557 1.95672039 1.15143144 1.215970788504e+00 6.981571230936e+00 6.793054511430e-01 2.475263226497e+00 2.872961275327e-01
14 23 1 1.66036954 2.59738640 1.41043557 1.95672039 1.15143144 1.184850772240e+00 6.855413445800e+00 5.347377587258e-01 2.108045961293e+00 2.839213668677e-01
14 24 1 1.66036954 2.59738640 1.41043557 1.95672039 1.15143144 1.164628255155e+00 6.748673600298e+00 5.132181298945e-01 2.210178814950e+00 2.776251352687e-01
14 25 1 1.66036954 2.59738640 1.41043557 1.95672039 1.15143144 1.141539995283e+00 6.633940622656e+00 6.267597484777e-01 2.404482689515e+00 2.719453579711e-01
14 26 1 1.66036954 2.59738640 1.41043557 1.95672039 1.15143144 1.128888860108e+00 6.537985132331e+00 7.192109087616e-01 2.091113617076e+00 2.680368145095e-01
14 27 1 1.66036954 2.59738640 1.41043557 1.95672039 1.15143144 1.115516933819e+00 6.484278883112e+00 6.633039531822e-01 2.024375184295e+00 2.645370895699e-01
14 28 1 1.66036954 2.59738640 1.41043557 1.95672039 1.15143144 1.101735267947e+00 6.445327352127e+00 5.317797224698e-01 2.293025804258e+00 2.623890499219e-01
14 29 1 1.66036954 2.59738640 1.41043557 1.95672039 1.15143144 1.099953521306e+00 6.404370098120e+00 4.798993878744e-01 2.126409425046e+00 2.605286901183e-01
14 30 1 1.66036954 2.59738640 1.41043557 1.95672039 1.15143144 1.100074585832e+00 6.389200942028e+00 5.625318600988e-01 1.931078910879e+00 2.566503397691e-01
14 31 1 1.66036954 2.59738640 1.41043557 1.95672039 1.15143144 1.092497857821e+00 6.360371484638e+00 6.715206910722e-01 2.201259536158e+00 2.540289872577e-01
14 32 1 1.66036954 2.59738640 1.41043557 1.95672039 1.15143144 1.105660064067e+00 6.407783451728e+00 6.772473807240e-01 2.219257977648e+00 2.593426727889e-01
14 33 1 1.66036954 2.59738640 1.41043557 1.95672039 1.15143144 1.112122913641e+00 6.439813323521e+00 5.686396106031e-01 1.957937870930e+00 2.649598580473e-01
14 34 1 1.66036954 2.59738640 1.41043557 1.95672039 1.15143144 1.118947967854e+00 6.484232228340e+00 4.861525067454e-01 2.170040964024e+00 2.672600156258e-01
14 35 1 1.66036954 2.59738640 1.41043557 1.95672039 1.15143144 1.135888584446e+00 6.545779732253e+00 5.452165646002e-01 2.351522897605e+00 2.681333286346e-01
14 36 1 1.66036954 2.59738640 1.41043557 1.95672039 1.15143144 1.155547599846e+00 6.610192426342e+00 6.845781494798e-01 2.071999232262e+00 2.724890964348e-01
14 37 1 1.66036954 2.59738640 1.41043557 1.95672039 1.15143144 1.171251002689e+00 6.726437606687e+00 7.303478753445e-01 2.159563108953e+00 2.759646028392e-01
14 38 1 1.66036954 2.59738640 1.41043557 1.95672039 1.15143144 1.195437118330e+00 6.856071925849e+00 6.339794096431e-01 2.476880576767e+00 2.814341118086e-01
14 39 1 1.66036954 2.59738640 1.41043557 1.95672039 1.15143144 1.223169838867e+00 6.973820451783e+00 5.305988265046e-01 2.254237838597e+00 2.865809203224e-01
14 40 1 1.66036954 2.59738640 1.41043557 1.95672039 1.15143144 1.249053483945e+00 7.115494634033e+00 5.658873289754e-01 2.176207024578e+00 2.905851650495e-01
14 41 1 1.66036954 2.59738640 1.41043557 1.95672039 1.15143144 1.278320616183e+00 7.269865788318e+00 7.169055424621e-01 2.590027672212e+00 2.949959841921e-01
14 42 1 1.66036954 2.59738640 1.41043557 1.95672039 1.15143144 1.311161441363e+00 7.466272737711e+00 8.231945073540e-01 2.526424357918e+00 3.034145824740e-01
14 43 1 1.66036954 2.59738640 1.41043557 1.95672039 1.15143144 1.347648410002e+00 7.677959365797e+00 7.694356773200e-01 2.306284859662e+00 3.112793705866e-01
14 44 1 1.66036954 2.59738640 1.41043557 1.95672039 1.15143144 1.383101093001e+00 7.878431416300e+00 6.325905698152e-01 2.721558040696e+00 3.204005666999e-01
14 45 1 1.66036954 2.59738640 1.41043557 1.95672039 1.15143144 1.419593423900e+00 8.093673642581e+00 6.106409031925e-01 2.874943731166e+00 3.354728011017e-01
14 46 1 1.66036954 2.59738640 1.41043557 1.95672039 1.15143144 1.466561039126e+00 8.342564214564e+00 7.721700850414e-01 2.574380164236e+00 3.505868117874e-01
14 47 1 1.66036954 2.59738640 1.41043557 1.95672039 1.15143144 1.509495754314e+00 8.621492417336e+00 9.457688834448e-01 2.865731060142e+00 3.589828601247e-01
14 48 1 1.66036954 2.59738640 1.41043557 1.95672039 1.15143144 1.547687560863e+00 8.903766124624e+00 9.356293593937e-01 3.225600556369e+00 3.676558954432e-01
14 49 1 1.66036954 2.59738640 1.41043557 1.95672039 1.15143144 1.608000828233e+00 9.205775836034e+00 7.848569298998e-01 2.918400336410e+00 3.814583483336e-01
14 50 1 1.66036954 2.59738640 1.41043557 1.95672039 1.15143144 1.655826794266e+00 9.473736424474e+00 7.212096764105e-01 3.011595071931e+00 3.966803455102e-01
14 51 1 1.66036954 2.59738640 1.41043557 1.95672039 1.15143144 1.707380169016e+00 9.828335946032e+00 8.643710148397e-01 3.547455016530e+00 4.098887670357e-01
14 52 1 1.66036954 2.59738640 1.41043557 1.95672039 1.15143144 1.770934501163e+00 1.018708392784e+01 1.083413983260e+00 3.346334195297e+00 4.224788702697e-01
14 53 1 1.66036954 2.59738640 1.41043557 1.95672039 1.15143144 1.837165842028e+00 1.055120541580e+01 1.143090518167e+00 3.219479195309e+00 4.309697875222e-01
14 54 1 1.66036954 2.59738640 1.41043557 1.95672039 1.15143144 1.893218498284e+00 1.092716703239e+01 9.951665220601e-01 3.872977797878e+00 4.455250846639e-01
14 55 1 1.66036954 2.59738640 1.41043557 1.95672039 1.15143144 1.970663645723e+00 1.128023304950e+01 8.568262612423e-01 3.925248551838e+00 4.676373942236e-01
14 56 1 1.66036954 2.59738640 1.41043557 1.95672039 1.15143144 2.045546237847e+00 1.171093450285e+01 9.736546318059e-01 3.571471294918e+00 4.910447870849e-01
14 57 1 1.66036954 2.59738640 1.41043557 1.95672039 1.15143144 2.121179846080e+00 1.217157744682e+01 1.266697135653e+00 4.181135282934e+00 5.073979199052e-01
14 58 1 1.66036954 2.59738640 1.41043557 1.95672039 1.15143144 2.202937693640e+00 1.259532524530e+01 1.417295426602e+00 4.569692658353e+00 5.300810619658e-01
14 59 1 1.66036954 2.59738640 1.41043557 1.95672039 1.15143144 2.296127787162e+00 1.306924300044e+01 1.265172744221e+00 4.068934676275e+00 5.525494509102e-01
14 60 1 1.66036954 2.59738640 1.41043557 1.95672039 1.15143144 2.379281551132e+00 1.348811860888e+01 1.054739037073e+00 4.431472657020e+00 5.703727738697e-01
14 61 1 1.66036954 2.59738640 1.41043557 1.95672039 1.15143144 2.479759646232e+00 1.401851825334e+01 1.103046746766e+00 5.120473422768e+00 5.876291645263e-01
14 62 1 1.66036954 2.59738640 1.41043557 1.95672039 1.15143144 2.565641647920e+00 1.454193504787e+01 1.428157231085e+00 4.677281712849e+00 6.125865028138e-01
14 63 1 1.66036954 2.59738640 1.41043557 1.95672039 1.15143144 2.680703767008e+00 1.508346749940e+01 1.691405579311e+00 4.705173022995e+00 6.344561764485e-01
23 0 1 2.20726596 5.81622773 1.12938987 1.37360822 1.00091847 7.496992680968e+00 2.793208281872e+02 4.187807352326e-01 1.235087069994e+00 4.363948731755e-01
23 1 1 2.20726596 5.81622773 1.12938987 1.37360822 1.00091847 7.192765788394e+00 2.701335248806e+02 4.815910430172e-01 1.352787042620e+00 4.050604660335e-01
23 2 1 2.20726596 5.81622773 1.12938987 1.37360822 1.00091847 6.960226846519e+00 2.613069347409e+02 5.790585354877e-01 1.117438226670e+00 3.705359066913e-01
23 3 1 2.20726596 5.81622773 1.12938987 1.37360822 1.00091847 6.707963107148e+00 2.525398945905e+02 6.189501018960e-01 8.871721541930e-01 3.292816910812e-01
23 4 1 2.20726596 5.81622773 1.12938987 1.37360822 1.00091847 6.472102325304e+00 2.440587975778e+02 5.657270345229e-01 9.821029539559e-01 2.859847449300e-01
23 5 1 2.20726596 5.81622773 1.12938987 1.37360822 1.00091847 6.249700677147e+00 2.358239558122e+02 4.578640305536e-01 1.150533256629e+00 2.482560559559e-01
23 6 1 2.20726596 5.81622773 1.12938987 1.37360822 1.00091847 5.998986308877e+00 2.281444186073e+02 3.575588098537e-01 1.036110070252e+00 2.197990738028e-01
23 7 1 2.20726596 5.81622773 1.12938987 1.37360822 1.00091847 5.784764619566e+00 2.207446712592e+02 3.269213990356e-01 7.888531276369e-01 1.998548152647e-01
23 8 1 2.20726596 5.81622773 1.12938987 1.37360822 1.00091847 5.582830438069e+00 2.135134358923e+02 3.713169341600e-01 7.717992709739e-01 1.926835107116e-01
23 9 1 2.20726596 5.81622773 1.12938987 1.37360822 1.00091847 5.398017828268e+00 2.063329416941e+02 4.413050379953e-01 9.406906961940e-01 1.923614518566e-01
23 10 1 2.20726596 5.81622773 1.12938987 1.37360822 1.00091847 5.235528666014e+00 1.999206049673e+02 4.729278505312e-01 9.464251602983e-01 1.988692432985e-01
23 11 1 2.20726596 5.81622773 1.12938987 1.37360822 1.00091847 5.089241114680e+00 1.938060483237e+02 4.405890563910e-01 7.454240691268e-01 2.149837973778e-01
23 12 1 2.20726596 5.81622773 1.12938987 1.37360822 1.00091847 4.922929421840e+00 1.877051767368e+02 3.620728501345e-01 6.463528340428e-01 2.332172625914e-01
23 13 1 2.20726596 5.81622773 1.12938987 1.37360822 1.00091847 4.772344169051e+00 1.818993460404e+02 2.847818728357e-01 7.680261951913e-01 2.475845018438e-01
23 14 1 2.20726596 5.81622773 1.12938987 1.37360822 1.00091847 4.613562290627e+00 1.766595309902e+02 2.545725783126e-01 8.474354236906e-01 2.549403032494e-01
23 15 1 2.20726596 5.81622773 1.12938987 1.37360822 1.00091847 4.468397360956e+00 1.715932816120e+02 2.870102721064e-01 7.182757175169e-01 2.532479572775e-01
23 16 1 2.20726596 5.81622773 1.12938987 1.37360822 1.00091847 4.338676720500e+00 1.669607713311e+02 3.430937285349e-01 5.681865190134e-01 2.422230708680e-01
23 17 1 2.20726596 5.81622773 1.12938987 1.37360822 1.00091847 4.222899975934e+00 1.624096879230e+02 3.751704782228e-01 6.112876996471e-01 2.301236354893e-01
23 18 1 2.20726596 5.81622773 1.12938987 1.37360822 1.00091847 4.114577700282e+00 1.582225192558e+02 3.557548773883e-01 7.248675200000e-01 2.120481910287e-01
23 19 1 2.20726596 5.81622773 1.12938987 1.37360822 1.00091847 4.017018800643e+00 1.544875316672e+02 2.950581151402e-01 6.815952700789e-01 1.900051764161e-01
23 20 1 2.20726596 5.81622773 1.12938987 1.37360822 1.00091847 3.903100913072e+00 1.511564969869e+02 2.324187552220e-01 5.326292727218e-01 1.670720537911e-01
23 21 1 2.20726596 5.81622773 1.12938987 1.37360822 1.00091847 3.801822341204e+00 1.478255768466e+02 2.082977569759e-01 5.084969985124e-01 1.468471433451e-01
23 22 1 2.20726596 5.81622773 1.12938987 1.37360822 1.00091847 3.712058642207e+00 1.448933993492e+02 2.359803272364e-01 6.250372651110e-01 1.301388024381e-01
23 23 1 2.20726596 5.81622773 1.12938987 1.37360822 1.00091847 3.613831551822e+00 1.424110842787e+02 2.846110863050e-01 6.599859495521e-01 1.217602970168e-01
23 24 1 2.20726596 5.81622773 1.12938987 1.37360822 1.00091847 3.562716121099e+00 1.403043166426e+02 3.149430983358e-01 5.387315859641e-01 1.192480906179e-01
23 25 1 2.20726596 5.81622773 1.12938987 1.37360822 1.00091847 3.504845087649e+00 1.382498882859e+02 3.049538606242e-01 4.597441829757e-01 1.225053471604e-01
23 26 1 2.20726596 5.81622773 1.12938987 1.37360822 1.00091847 3.462964899180e+00 1.366687552278e+02 2.599880807870e-01 5.425144764611e-01 1.336924041091e-01
23 27 1 2.20726596 5.81622773 1.12938987 1.37360822 1.00091847 3.427594899400e+00 1.353263357548e+02 2.092373172492e-01 6.247469568763e-01 1.482357929838e-01
23 28 1 2.20726596 5.81622773 1.12938987 1.37360822 1.00091847 3.393224926256e+00 1.344245207459e+02 1.891652581013e-01 5.540518916297e-01 1.627744585066e-01
23 29 1 2.20726596 5.81622773 1.12938987 1.37360822 1.00091847 3.363860576127e+00 1.338238304701e+02 2.113672677111e-01 4.473090954375e-01 1.752792258807e-01
23 30 1 2.20726596 5.81622773 1.12938987 1.37360822 1.00091847 3.354809528539e+00 1.334330173613e+02 2.581311668776e-01 4.766479073130e-01 1.841419645238e-01
23 31 1 2.20726596 5.81622773 1.12938987 1.37360822 1.00091847 3.347270157842e+00 1.332602123270e+02 2.941603388314e-01 5.868358024592e-01 1.878677269754e-01
23 32 1 2.20726596 5.81622773 1.12938987 1.37360822 1.00091847 3.380132725253e+00 1.337391110164e+02 2.975285891500e-01 5.932880521926e-01 1.906802408728e-01
23 33 1 2.20726596 5.81622773 1.12938987 1.37360822 1.00091847 3.404112842031e+00 1.343525348389e+02 2.618912780738e-01 4.831876048641e-01 1.874170964954e-01
23 34 1 2.20726596 5.81622773 1.12938987 1.37360822 1.00091847 3.442483358088e+00 1.352237625067e+02 2.128457598000e-01 4.547472008145e-01 1.772319810167e-01
23 35 1 2.20726596 5.81622773 1.12938987 1.37360822 1.00091847 3.488541310858e+00 1.363690290190e+02 1.901291806037e-01 5.733465466903e-01 1.630499832355e-01
23 36 1 2.20726596 5.81622773 1.12938987 1.37360822 1.00091847 3.528582383134e+00 1.380324736010e+02 2.135319210114e-01 6.467994971121e-01 1.478046909965e-01
23 37 1 2.20726596 5.81622773 1.12938987 1.37360822 1.00091847 3.575663220069e+00 1.398847056420e+02 2.690260192010e-01 5.526569392377e-01 1.339474496797e-01
23 38 1 2.20726596 5.81622773 1.12938987 1.37360822 1.00091847 3.641785534767e+00 1.421152308857e+02 3.191200570758e-01 4.692444446534e-01 1.264733843043e-01
23 39 1 2.20726596 5.81622773 1.12938987 1.37360822 1.00091847 3.719833632488e+00 1.445308735641e+02 3.308187045857e-01 5.582989876847e-01 1.241986385518e-01
23 40 1 2.20726596 5.81622773 1.12938987 1.37360822 1.00091847 3.805992384376e+00 1.473339124025e+02 2.947391952057e-01 6.829139438600e-01 1.269478669809e-01
23 41 1 2.20726596 5.81622773 1.12938987 1.37360822 1.00091847 3.910386533437e+00 1.504714837183e+02 2.401898890341e-01 6.447186615726e-01 1.383666879806e-01
23 42 1 2.20726596 5.81622773 1.12938987 1.37360822 1.00091847 4.001397654382e+00 1.541077739077e+02 2.161367117489e-01 5.280512412255e-01 1.560593676447e-01
23 43 1 2.20726596 5.81622773 1.12938987 1.37360822 1.00091847 4.103028474925e+00 1.576394839244e+02 2.473862785455e-01 5.626316740320e-01 1.773060548029e-01
23 44 1 2.20726596 5.81622773 1.12938987 1.37360822 1.00091847 4.197309887043e+00 1.616982272043e+02 3.157028053140e-01 7.305866896330e-01 2.015294055643e-01
23 45 1 2.20726596 5.81622773 1.12938987 1.37360822 1.00091847 4.301443027934e+00 1.661692370100e+02 3.809918796924e-01 7.757825719090e-01 2.248350848654e-01
23 46 1 2.20726596 5.81622773 1.12938987 1.37360822 1.00091847 4.429686448500e+00 1.709316040497e+02 3.991650187621e-01 6.487871613695e-01 2.449342779238e-01
23 47 1 2.20726596 5.81622773 1.12938987 1.37360822 1.00091847 4.567814248935e+00 1.757970088785e+02 3.618040563397e-01 6.038874627027e-01 2.631079613878e-01
23 48 1 2.20726596 5.81622773 1.12938987 1.37360822 1.00091847 4.713871014241e+00 1.811820893979e+02 2.989564126688e-01 7.726257470522e-01 2.730324147591e-01
23 49 1 2.20726596 5.81622773 1.12938987 1.37360822 1.00091847 4.890024646913e+00 1.866788794538e+02 2.701264472460e-01 9.067311485079e-01 2.696206774722e-01
23 50 1 2.20726596 5.81622773 1.12938987 1.37360822 1.00091847 5.034396306073e+00 1.927747397034e+02 3.056795079898e-01 8.031409651872e-01 2.588208651670e-01
23 51 1 2.20726596 5.81622773 1.12938987 1.37360822 1.00091847 5.197725644451e+00 1.990060066789e+02 3.912035941748e-01 6.759548878167e-01 2.427556683804e-01
23 52 1 2.20726596 5.81622773 1.12938987 1.37360822 1.00091847 5.377101850620e+00 2.055341671969e+02 4.794259935558e-01 8.012334033219e-01 2.260401949251e-01
23 53 1 2.20726596 5.81622773 1.12938987 1.37360822 1.00091847 5.547594258563e+00 2.121576151417e+02 5.128029799761e-01 1.022279516514e+00 2.147684008286e-01
23 54 1 2.20726596 5.81622773 1.12938987 1.37360822 1.00091847 5.777193377926e+00 2.195840332473e+02 4.685242087885e-01 1.000521234067e+00 2.074801457313e-01
23 55 1 2.20726596 5.81622773 1.12938987 1.37360822 1.00091847 5.999832922425e+00 2.270621275439e+02 3.872258412939e-01 8.222798816897e-01 2.043790127016e-01
23 56 1 2.20726596 5.81622773 1.12938987 1.37360822 1.00091847 6.251896690899e+00 2.347142334986e+02 3.445248236802e-01 8.631687256624e-01 2.134687549494e-01
23 57 1 2.20726596 5.81622773 1.12938987 1.37360822 1.00091847 6.500890737514e+00 2.426258815917e+02 3.884516277497e-01 1.137126877391e+00 2.361620442348e-01
23 58 1 2.20726596 5.81622773 1.12938987 1.37360822 1.00091847 6.741095952832e+00 2.512525980472e+02 5.026725146026e-01 1.236851316099e+00 2.685804882220e-01
23 59 1 2.20726596 5.81622773 1.12938987 1.37360822 1.00091847 6.979021501234e+00 2.597480277844e+02 6.212445903665e-01 1.038402029816e+00 3.128382710752e-01
23 60 1 2.20726596 5.81622773 1.12938987 1.37360822 1.00091847 7.248447862133e+00 2.689353643328e+02 6.665577573694e-01 9.495654077464e-01 3.583035839553e-01
23 61 1 2.20726596 5.81622773 1.12938987 1.37360822 1.00091847 7.497426536638e+00 2.779772996536e+02 6.050544130940e-01 1.204248026653e+00 4.023207870499e-01
23 62 1 2.20726596 5.81622773 1.12938987 1.37360822 1.00091847 7.817555135761e+00 2.874755012026e+02 5.020612497082e-01 1.433336904571e+00 4.424910653143e-01
23 63 1 2.20726596 5.81622773 1.12938987 1.37360822 1.00091847 8.114394960592e+00 2.974323808707e+02 4.484332457798e-01 1.302422914599e+00 4.717922362365e-01
