# environment=00138 local_bs=0 gain_scale=2.388634828339e-13
# ue subcarrier serving_bs phi0 phi1 phi2 phi3 phi4 gain0 gain1 gain2 gain3 gain4
5 0 0 5.53395918 0.70366253 0.85879865 1.33311465 1.81829057 1.194087059517e+03 5.157199333737e-01 6.197205707320e-01 5.247924440845e+00 1.566792733295e+01
5 1 0 5.53395918 0.70366253 0.85879865 1.33311465 1.81829057 1.135505983918e+03 6.422210577234e-01 6.461314837164e-01 4.620061520179e+00 1.540611780454e+01
5 2 0 5.53395918 0.70366253 0.85879865 1.33311465 1.81829057 1.073563361974e+03 6.544844688150e-01 5.566075380377e-01 3.805550683942e+00 1.511476443331e+01
5 3 0 5.53395918 0.70366253 0.85879865 1.33311465 1.81829057 1.003328550531e+03 5.310433935114e-01 4.104555932998e-01 2.973263085599e+00 1.471424700761e+01
5 4 0 5.53395918 0.70366253 0.85879865 1.33311465 1.81829057 9.304189029654e+02 3.488744186558e-01 3.123171388891e-01 2.453500732553e+00 1.427975368607e+01
5 5 0 5.53395918 0.70366253 0.85879865 1.33311465 1.81829057 8.559212754629e+02 2.175123722814e-01 3.287244130489e-01 2.329622543474e+00 1.355751652258e+01
5 6 0 5.53395918 0.70366253 0.85879865 1.33311465 1.81829057 7.825740569363e+02 1.904717858402e-01 4.550573415131e-01 2.543895931986e+00 1.279081630604e+01
5 7 0 5.53395918 0.70366253 0.85879865 1.33311465 1.81829057 7.115343555759e+02 2.394397897916e-01 6.144295495195e-01 2.942939927611e+00 1.201643115243e+01
5 8 0 5.53395918 0.70366253 0.85879865 1.33311465 1.81829057 6.454406789626e+02 2.927149444176e-01 7.101381233511e-01 3.398343128019e+00 1.121541075938e+01
5 9 0 5.53395918 0.70366253 0.85879865 1.33311465 1.81829057 5.846770671992e+02 2.967103029792e-01 6.861516998935e-01 3.709976961622e+00 1.038551174552e+01
5 10 0 5.53395918 0.70366253 0.85879865 1.33311465 1.81829057 5.309542968489e+02 2.464746412739e-01 5.640152941235e-01 3.713146246120e+00 9.625063097371e+00
5 11 0 5.53395918 0.70366253 0.85879865 1.33311465 1.81829057 4.852637512202e+02 1.664284144912e-01 4.129651684299e-01 3.435227735385e+00 8.844635948930e+00
5 12 0 5.53395918 0.70366253 0.85879865 1.33311465 1.81829057 4.474766697585e+02 9.643585866033e-02 3.344647340903e-01 2.933422296022e+00 8.098305356965e+00
5 13 0 5.53395918 0.70366253 0.85879865 1.33311465 1.81829057 4.170418582479e+02 6.963434009291e-02 3.889712292036e-01 2.386840934118e+00 7.440380416510e+00
5 14 0 5.53395918 0.70366253 0.85879865 1.33311465 1.81829057 3.941721005666e+02 9.084576260630e-02 5.388549889237e-01 1.913137664568e+00 6.896705932605e+00
5 15 0 5.53395918 0.70366253 0.85879865 1.33311465 1.81829057 3.787185738126e+02 1.363952246082e-01 6.863732721832e-01 1.652310973881e+00 6.488768912441e+00
5 16 0 5.53395918 0.70366253 0.85879865 1.33311465 1.81829057 3.720675290776e+02 1.717121039698e-01 7.485231470116e-01 1.635343614935e+00 6.143350896077e+00
5 17 0 5.53395918 0.70366253 0.85879865 1.33311465 1.81829057 3.719616002972e+02 1.730069224353e-01 6.896747227105e-01 1.865099076170e+00 5.869561150256e+00
5 18 0 5.53395918 0.70366253 0.85879865 1.33311465 1.81829057 3.776529843192e+02 1.436202691667e-01 5.362492619226e-01 2.181062551428e+00 5.708978425860e+00
5 19 0 5.53395918 0.70366253 0.85879865 1.33311465 1.81829057 3.875155675103e+02 1.033895784316e-01 3.877937726696e-01 2.475469220045e+00 5.611390281242e+00
5 20 0 5.53395918 0.70366253 0.85879865 1.33311465 1.81829057 4.014226448607e+02 7.970108559335e-02 3.367883149534e-01 2.641917724795e+00 5.671658874186e+00
5 21 0 5.53395918 0.70366253 0.85879865 1.33311465 1.81829057 4.168450822540e+02 9.356658063854e-02 4.093338272243e-01 2.619919605025e+00 5.734577852509e+00
5 22 0 5.53395918 0.70366253 0.85879865 1.33311465 1.81829057 4.363628468664e+02 1.445141155300e-01 5.526435738852e-01 2.395192703192e+00 5.918980518920e+00
5 23 0 5.53395918 0.70366253 0.85879865 1.33311465 1.81829057 4.555638761412e+02 2.076038023764e-01 6.776419790317e-01 2.064753728625e+00 6.059045998375e+00
5 24 0 5.53395918 0.70366253 0.85879865 1.33311465 1.81829057 4.758439097253e+02 2.457255469320e-01 7.051393570780e-01 1.700010443851e+00 6.259035862900e+00
5 25 0 5.53395918 0.70366253 0.85879865 1.33311465 1.81829057 4.944443971272e+02 2.316288085004e-01 6.192314804668e-01 1.410026564703e+00 6.416341995413e+00
5 26 0 5.53395918 0.70366253 0.85879865 1.33311465 1.81829057 5.136468175741e+02 1.772586054976e-01 4.706087268178e-01 1.277143796647e+00 6.742122220834e+00
5 27 0 5.53395918 0.70366253 0.85879865 1.33311465 1.81829057 5.292722010538e+02 1.241016606533e-01 3.459384253031e-01 1.344894245035e+00 6.878745910678e+00
5 28 0 5.53395918 0.70366253 0.85879865 1.33311465 1.81829057 5.430468046499e+02 1.127484503945e-01 3.260946083292e-01 1.583388193062e+00 7.095383707607e+00
5 29 0 5.53395918 0.70366253 0.85879865 1.33311465 1.81829057 5.525749950997e+02 1.547218037669e-01 4.205526524293e-01 1.883350900839e+00 7.206897805671e+00
5 30 0 5.53395918 0.70366253 0.85879865 1.33311465 1.81829057 5.606723026193e+02 2.254127012643e-01 5.662670120645e-01 2.153896280940e+00 7.352622494041e+00
5 31 0 5.53395918 0.70366253 0.85879865 1.33311465 1.81829057 5.623714537108e+02 2.813079880420e-01 6.780252680353e-01 2.284998442914e+00 7.277180720584e+00
5 32 0 5.53395918 0.70366253 0.85879865 1.33311465 1.81829057 5.653452128036e+02 2.886310454682e-01 6.985130609669e-01 2.334797436146e+00 7.440270148954e+00
5 33 0 5.53395918 0.70366253 0.85879865 1.33311465 1.81829057 5.625145947858e+02 2.393231666658e-01 6.068171331364e-01 2.165243686614e+00 7.362765096475e+00
5 34 0 5.53395918 0.70366253 0.85879865 1.33311465 1.81829057 5.560311501921e+02 1.657846802582e-01 4.564011438586e-01 1.888059531414e+00 7.278696960916e+00
5 35 0 5.53395918 0.70366253 0.85879865 1.33311465 1.81829057 5.462241670048e+02 1.214128577775e-01 3.533783739816e-01 1.559640758027e+00 7.131044119754e+00
5 36 0 5.53395918 0.70366253 0.85879865 1.33311465 1.81829057 5.333496975087e+02 1.371050657603e-01 3.710192671029e-01 1.350862454628e+00 7.002159140642e+00
5 37 0 5.53395918 0.70366253 0.85879865 1.33311465 1.81829057 5.171337446043e+02 1.972275049930e-01 5.010212525019e-01 1.312471708123e+00 6.762021641393e+00
5 38 0 5.53395918 0.70366253 0.85879865 1.33311465 1.81829057 5.005908612980e+02 2.527115133178e-01 6.698404757763e-01 1.484206715723e+00 6.603333465921e+00
5 39 0 5.53395918 0.70366253 0.85879865 1.33311465 1.81829057 4.820341957776e+02 2.595253091572e-01 7.814318350738e-01 1.779415226799e+00 6.408335633946e+00
5 40 0 5.53395918 0.70366253 0.85879865 1.33311465 1.81829057 4.632408556624e+02 2.133669698277e-01 7.631695731258e-01 2.192063763353e+00 6.244533432874e+00
5 41 0 5.53395918 0.70366253 0.85879865 1.33311465 1.81829057 4.440106178726e+02 1.434540916848e-01 6.282275353347e-01 2.551871490516e+00 6.034011020202e+00
5 42 0 5.53395918 0.70366253 0.85879865 1.33311465 1.81829057 4.270008882466e+02 8.875693395777e-02 4.600966985790e-01 2.782859520301e+00 5.924880398928e+00
5 43 0 5.53395918 0.70366253 0.85879865 1.33311465 1.81829057 4.114782627115e+02 7.647613238931e-02 3.690200049331e-01 2.784384231502e+00 5.841518956589e+00
5 44 0 5.53395918 0.70366253 0.85879865 1.33311465 1.81829057 3.986238063284e+02 1.040944157437e-01 4.170331290279e-01 2.583367425864e+00 5.900000957986e+00
5 45 0 5.53395918 0.70366253 0.85879865 1.33311465 1.81829057 3.898782961920e+02 1.457611994895e-01 5.746376576678e-01 2.236749771447e+00 5.996905463100e+00
5 46 0 5.53395918 0.70366253 0.85879865 1.33311465 1.81829057 3.867582985902e+02 1.702424801318e-01 7.407251833077e-01 1.896859813634e+00 6.195031200740e+00
5 47 0 5.53395918 0.70366253 0.85879865 1.33311465 1.81829057 3.900147485829e+02 1.587092964712e-01 8.179350720427e-01 1.699413821406e+00 6.488001664100e+00
5 48 0 5.53395918 0.70366253 0.85879865 1.33311465 1.81829057 4.017115156139e+02 1.201008055165e-01 7.591633776532e-01 1.773743899803e+00 6.904016276942e+00
5 49 0 5.53395918 0.70366253 0.85879865 1.33311465 1.81829057 4.201694121733e+02 8.393264723632e-02 5.877758482757e-01 2.103695168522e+00 7.360150417223e+00
5 50 0 5.53395918 0.70366253 0.85879865 1.33311465 1.81829057 4.463761165247e+02 7.855287680420e-02 4.151248604291e-01 2.622876670692e+00 8.090511249907e+00
5 51 0 5.53395918 0.70366253 0.85879865 1.33311465 1.81829057 4.803415588606e+02 1.201090247789e-01 3.535227276024e-01 3.232291777207e+00 8.789972391622e+00
5 52 0 5.53395918 0.70366253 0.85879865 1.33311465 1.81829057 5.234612655669e+02 2.019657450844e-01 4.333986664197e-01 3.728248964122e+00 9.595494290368e+00
5 53 0 5.53395918 0.70366253 0.85879865 1.33311465 1.81829057 5.751097863480e+02 2.961837914366e-01 5.952822117460e-01 3.982674416967e+00 1.039786261120e+01
5 54 0 5.53395918 0.70366253 0.85879865 1.33311465 1.81829057 6.356669266549e+02 3.590570241029e-01 7.464357587944e-01 3.898168193810e+00 1.133515669640e+01
5 55 0 5.53395918 0.70366253 0.85879865 1.33311465 1.81829057 7.013403585899e+02 3.511375598289e-01 7.875427208242e-01 3.535911150151e+00 1.215477425921e+01
5 56 0 5.53395918 0.70366253 0.85879865 1.33311465 1.81829057 7.736003905379e+02 2.819362887722e-01 6.850246977504e-01 3.066623973029e+00 1.316179655273e+01
5 57 0 5.53395918 0.70366253 0.85879865 1.33311465 1.81829057 8.491523439375e+02 2.235354555640e-01 5.044553413380e-01 2.656239126551e+00 1.396513114286e+01
5 58 0 5.53395918 0.70366253 0.85879865 1.33311465 1.81829057 9.271367315552e+02 2.526166791583e-01 3.575123865918e-01 2.475378729745e+00 1.478001757230e+01
5 59 0 5.53395918 0.70366253 0.85879865 1.33311465 1.81829057 1.004089516562e+03 3.902478695171e-01 3.319612030386e-01 2.722647030584e+00 1.536401830724e+01
5 60 0 5.53395918 0.70366253 0.85879865 1.33311465 1.81829057 1.080683069625e+03 5.718172794532e-01 4.351597070723e-01 3.345012841680e+00 1.586956572056e+01
5 61 0 5.53395918 0.70366253 0.85879865 1.33311465 1.81829057 1.150859968858e+03 6.927640872576e-01 5.924736839738e-01 4.167631073731e+00 1.626401521261e+01
5 62 0 5.53395918 0.70366253 0.85879865 1.33311465 1.81829057 1.217454800513e+03 6.825783750594e-01 6.968989061926e-01 4.971900092330e+00 1.667474655939e+01
5 63 0 5.53395918 0.70366253 0.85879865 1.33311465 1.81829057 1.278384201058e+03 5.498048331938e-01 6.926560506766e-01 5.574042543495e+00 1.672438860432e+01
12 0 0 1.19042700 0.97733687 1.63117622 0.92043134 0.87790242 2.137489283002e-01 5.564506040792e-04 6.522045907466e-03 4.723054927457e-05 6.221644527276e-04
12 1 0 1.19042700 0.97733687 1.63117622 0.92043134 0.87790242 2.213025648598e-01 6.374622987076e-04 6.504508523411e-03 5.027228075482e-05 5.043650842069e-04
12 2 0 1.19042700 0.97733687 1.63117622 0.92043134 0.87790242 2.285327630336e-01 4.868647338964e-04 5.849048330228e-03 5.311556087955e-05 3.607909295114e-04
12 3 0 1.19042700 0.97733687 1.63117622 0.92043134 0.87790242 2.351407720129e-01 4.978402290290e-04 5.564065261345e-03 5.564144143641e-05 2.582907974743e-04
12 4 0 1.19042700 0.97733687 1.63117622 0.92043134 0.87790242 2.409305844410e-01 4.641516588321e-04 5.272030685904e-03 5.775216097864e-05 2.489488049239e-04
12 5 0 1.19042700 0.97733687 1.63117622 0.92043134 0.87790242 2.458242551305e-01 3.713249984564e-04 4.715278597982e-03 5.937185722305e-05 3.456731823526e-04
12 6 0 1.19042700 0.97733687 1.63117622 0.92043134 0.87790242 2.498626525282e-01 4.142324668745e-04 4.709637999240e-03 6.044659516458e-05 5.163751397027e-04
12 7 0 1.19042700 0.97733687 1.63117622 0.92043134 0.87790242 2.531921103159e-01 3.081292226203e-04 4.021528638246e-03 6.094376690957e-05 6.984881272085e-04
12 8 0 1.19042700 0.97733687 1.63117622 0.92043134 0.87790242 2.560391471804e-01 3.222911905276e-04 4.119772698076e-03 6.085093523092e-05 8.263466493353e-04
12 9 0 1.19042700 0.97733687 1.63117622 0.92043134 0.87790242 2.586767824520e-01 2.865834081118e-04 3.495192054289e-03 6.017420547795e-05 8.586358834977e-04
12 10 0 1.19042700 0.97733687 1.63117622 0.92043134 0.87790242 2.613868334753e-01 2.326938248175e-04 3.511765850376e-03 5.893621947800e-05 7.938569411718e-04
12 11 0 1.19042700 0.97733687 1.63117622 0.92043134 0.87790242 2.644228513179e-01 2.554047839776e-04 3.100243569799e-03 5.717387032769e-05 6.677952668967e-04
12 12 0 1.19042700 0.97733687 1.63117622 0.92043134 0.87790242 2.679780316268e-01 1.842110462771e-04 2.931244631155e-03 5.493583849590e-05 5.352824856241e-04
12 13 0 1.19042700 0.97733687 1.63117622 0.92043134 0.87790242 2.721616026858e-01 1.968720029292e-04 2.776882271416e-03 5.228004758806e-05 4.452704396644e-04
12 14 0 1.19042700 0.97733687 1.63117622 0.92043134 0.87790242 2.769859821211e-01 1.687508054555e-04 2.430796821464e-03 4.927113270050e-05 4.205332119877e-04
12 15 0 1.19042700 0.97733687 1.63117622 0.92043134 0.87790242 2.823655864930e-01 1.361687073022e-04 2.471704023414e-03 4.597800588871e-05 4.504888679998e-04
12 16 0 1.19042700 0.97733687 1.63117622 0.92043134 0.87790242 2.881267659836e-01 1.522586750862e-04 2.043548922877e-03 4.247159232909e-05 4.992996871281e-04
12 17 0 1.19042700 0.97733687 1.63117622 0.92043134 0.87790242 2.940270964385e-01 1.016659028035e-04 2.158093650899e-03 3.882279779346e-05 5.245914907948e-04
12 18 0 1.19042700 0.97733687 1.63117622 0.92043134 0.87790242 2.997813319745e-01 1.177046185780e-04 1.771286335718e-03 3.510075365273e-05 4.978299646372e-04
12 19 0 1.19042700 0.97733687 1.63117622 0.92043134 0.87790242 3.050907883338e-01 9.298861286168e-05 1.839960736299e-03 3.137137038437e-05 4.172805555998e-04
12 20 0 1.19042700 0.97733687 1.63117622 0.92043134 0.87790242 3.096728150311e-01 7.770387492836e-05 1.588942405974e-03 2.769621509373e-05 3.082956859954e-04
12 21 0 1.19042700 0.97733687 1.63117622 0.92043134 0.87790242 3.132872907870e-01 8.861212808956e-05 1.541510824090e-03 2.413171347108e-05 2.114919730642e-04
12 22 0 1.19042700 0.97733687 1.63117622 0.92043134 0.87790242 3.157576632992e-01 5.255395447291e-05 1.459256716303e-03 2.072866246582e-05 1.645719300638e-04
12 23 0 1.19042700 0.97733687 1.63117622 0.92043134 0.87790242 3.169848431844e-01 7.301445140010e-05 1.291344190329e-03 1.753202728050e-05 1.859499785331e-04
12 24 0 1.19042700 0.97733687 1.63117622 0.92043134 0.87790242 3.169531346854e-01 4.720151976351e-05 1.348616421108e-03 1.458098551877e-05 2.671390576958e-04
12 25 0 1.19042700 0.97733687 1.63117622 0.92043134 0.87790242 3.157282320351e-01 4.946946309471e-05 1.109229233523e-03 1.190917282359e-05 3.767869754871e-04
12 26 0 1.19042700 0.97733687 1.63117622 0.92043134 0.87790242 3.134480419743e-01 5.061369374681e-05 1.237312468721e-03 9.545078382958e-06 4.741979754452e-04
12 27 0 1.19042700 0.97733687 1.63117622 0.92043134 0.87790242 3.103076524826e-01 3.083240950247e-05 1.000110469807e-03 7.512535422912e-06 5.262863209586e-04
12 28 0 1.19042700 0.97733687 1.63117622 0.92043134 0.87790242 3.065401310992e-01 5.017279636216e-05 1.122005566976e-03 5.831251306263e-06 5.207195483368e-04
12 29 0 1.19042700 0.97733687 1.63117622 0.92043134 0.87790242 3.023950085134e-01 2.522484816326e-05 9.553327410827e-04 4.517324058358e-06 4.698672960223e-04
12 30 0 1.19042700 0.97733687 1.63117622 0.92043134 0.87790242 2.981163109066e-01 4.208101917611e-05 1.012178618314e-03 3.583696889171e-06 4.041808242420e-04
12 31 0 1.19042700 0.97733687 1.63117622 0.92043134 0.87790242 2.939218852309e-01 3.128289333668e-05 9.581015077733e-04 3.040509318510e-06 3.580762695509e-04
12 32 0 1.19042700 0.97733687 1.63117622 0.92043134 0.87790242 2.899855532541e-01 3.096256289273e-05 9.240982391075e-04 2.895312494019e-06 3.544649707177e-04
12 33 0 1.19042700 0.97733687 1.63117622 0.92043134 0.87790242 2.864233635254e-01 4.194604804167e-05 9.896784972250e-04 3.153126801704e-06 3.945559861479e-04
12 34 0 1.19042700 0.97733687 1.63117622 0.92043134 0.87790242 2.832849046298e-01 2.476843680464e-05 8.752698341167e-04 3.816331429233e-06 4.572926610683e-04
12 35 0 1.19042700 0.97733687 1.63117622 0.92043134 0.87790242 2.805503059703e-01 4.945878218845e-05 1.034145420534e-03 4.884387635961e-06 5.087134683214e-04
12 36 0 1.19042700 0.97733687 1.63117622 0.92043134 0.87790242 2.781331840628e-01 3.031166432684e-05 8.805849469237e-04 6.353409572245e-06 5.173052181002e-04
12 37 0 1.19042700 0.97733687 1.63117622 0.92043134 0.87790242 2.758893920471e-01 4.962855850610e-05 1.081463520194e-03 8.215608034383e-06 4.687794261843e-04
12 38 0 1.19042700 0.97733687 1.63117622 0.92043134 0.87790242 2.736310028648e-01 4.878366351809e-05 9.496939726659e-04 1.045864302029e-05 3.737795977368e-04
12 39 0 1.19042700 0.97733687 1.63117622 0.92043134 0.87790242 2.711445191506e-01 4.635231887949e-05 1.129728974049e-03 1.306492988246e-05 2.648714472992e-04
12 40 0 1.19042700 0.97733687 1.63117622 0.92043134 0.87790242 2.682118866326e-01 7.230221832693e-05 1.084653836336e-03 1.601095083443e-05 1.836875931039e-04
12 41 0 1.19042700 0.97733687 1.63117622 0.92043134 0.87790242 2.646325372669e-01 5.207328077469e-05 1.187254300225e-03 1.926662820153e-05 1.634430565369e-04
12 42 0 1.19042700 0.97733687 1.63117622 0.92043134 0.87790242 2.602444556680e-01 8.825445125183e-05 1.277874871065e-03 2.279481785344e-05 2.143255006992e-04
12 43 0 1.19042700 0.97733687 1.63117622 0.92043134 0.87790242 2.549421986875e-01 7.789845259884e-05 1.273629305177e-03 2.655098054468e-05 3.183771203434e-04
12 44 0 1.19042700 0.97733687 1.63117622 0.92043134 0.87790242 2.486899424427e-01 9.328557817222e-05 1.512059722031e-03 3.048308536131e-05 4.366123766006e-04
12 45 0 1.19042700 0.97733687 1.63117622 0.92043134 0.87790242 2.415280007880e-01 1.191166065075e-04 1.417467422593e-03 3.453179317322e-05 5.257773995170e-04
12 46 0 1.19042700 0.97733687 1.63117622 0.92043134 0.87790242 2.335718414008e-01 1.030059078116e-04 1.764629324936e-03 3.863095907892e-05 5.576441407667e-04
12 47 0 1.19042700 0.97733687 1.63117622 0.92043134 0.87790242 2.250033745613e-01 1.551844852792e-04 1.648770428696e-03 4.270848156871e-05 5.321474594184e-04
12 48 0 1.19042700 0.97733687 1.63117622 0.92043134 0.87790242 2.160551289608e-01 1.395863161472e-04 2.017644478331e-03 4.668751288118e-05 4.779585852731e-04
12 49 0 1.19042700 0.97733687 1.63117622 0.92043134 0.87790242 2.069887596835e-01 1.729686611326e-04 1.986609901578e-03 5.048803023818e-05 4.394891633610e-04
12 50 0 1.19042700 0.97733687 1.63117622 0.92043134 0.87790242 1.980700476388e-01 2.037102128092e-04 2.270447810416e-03 5.402875183594e-05 4.555785441552e-04
12 51 0 1.19042700 0.97733687 1.63117622 0.92043134 0.87790242 1.895430454036e-01 1.900053374426e-04 2.427096017425e-03 5.722936522316e-05 5.393861687360e-04
12 52 0 1.19042700 0.97733687 1.63117622 0.92043134 0.87790242 1.816062225440e-01 2.658637789595e-04 2.548249068098e-03 6.001301962565e-05 6.691349686789e-04
12 53 0 1.19042700 0.97733687 1.63117622 0.92043134 0.87790242 1.743933213095e-01 2.421381289438e-04 2.939465016153e-03 6.230901851284e-05 7.949436113714e-04
12 54 0 1.19042700 0.97733687 1.63117622 0.92043134 0.87790242 1.679611535994e-01 2.992886025805e-04 2.898989072556e-03 6.405563486885e-05 8.597671194778e-04
12 55 0 1.19042700 0.97733687 1.63117622 0.92043134 0.87790242 1.622858020126e-01 3.383082101858e-04 3.476413550105e-03 6.520295982581e-05 8.256339000125e-04
12 56 0 1.19042700 0.97733687 1.63117622 0.92043134 0.87790242 1.572677232707e-01 3.224473332867e-04 3.375346078703e-03 6.571568608973e-05 6.931966184735e-04
12 57 0 1.19042700 0.97733687 1.63117622 0.92043134 0.87790242 1.527452128583e-01 4.374704907163e-04 3.997711546749e-03 6.557572140926e-05 5.048956868393e-04
12 58 0 1.19042700 0.97733687 1.63117622 0.92043134 0.87790242 1.485147095507e-01 3.901747756621e-04 4.007614310664e-03 6.478452460037e-05 3.290929313483e-04
12 59 0 1.19042700 0.97733687 1.63117622 0.92043134 0.87790242 1.443556250225e-01 4.916999713173e-04 4.496752693486e-03 6.336505761799e-05 2.313528365706e-04
12 60 0 1.19042700 0.97733687 1.63117622 0.92043134 0.87790242 1.400568788303e-01 5.265231957658e-04 4.781479916283e-03 6.136325202924e-05 2.455378265940e-04
12 61 0 1.19042700 0.97733687 1.63117622 0.92043134 0.87790242 1.354421642282e-01 5.159463149113e-04 5.014116184153e-03 5.884889702089e-05 3.582662736548e-04
12 62 0 1.19042700 0.97733687 1.63117622 0.92043134 0.87790242 1.303911779422e-01 6.782968222965e-04 5.636181974988e-03 5.591586867102e-05 5.147432511092e-04
12 63 0 1.19042700 0.97733687 1.63117622 0.92043134 0.87790242 1.248545796683e-01 5.897083215019e-04 5.625744893054e-03 5.268163639523e-05 6.442408821275e-04
16 0 0 1.39377526 0.78527163 1.15636608 0.86413708 0.90585870 3.760273042651e+00 2.671019670467e-04 2.775013225077e-04 7.232489775324e-01 8.870455761571e-01
16 1 0 1.39377526 0.78527163 1.15636608 0.86413708 0.90585870 3.413830468522e+00 2.563639637124e-04 3.431880511114e-04 7.181219499808e-01 8.950108044409e-01
16 2 0 1.39377526 0.78527163 1.15636608 0.86413708 0.90585870 3.114559449896e+00 1.474273616737e-04 2.089658644285e-04 6.235352186048e-01 8.990726651477e-01
16 3 0 1.39377526 0.78527163 1.15636608 0.86413708 0.90585870 2.862176439026e+00 2.824329409577e-04 1.829168048664e-04 4.925602585991e-01 8.934415295526e-01
16 4 0 1.39377526 0.78527163 1.15636608 0.86413708 0.90585870 2.639483847391e+00 2.062253035314e-04 2.077947451717e-04 4.088451604199e-01 8.781375537780e-01
16 5 0 1.39377526 0.78527163 1.15636608 0.86413708 0.90585870 2.442662239330e+00 2.179469261644e-04 2.519797912308e-04 4.234604316254e-01 8.587177950243e-01
16 6 0 1.39377526 0.78527163 1.15636608 0.86413708 0.90585870 2.297433386783e+00 1.537359076363e-04 1.960250830841e-04 5.211275636408e-01 8.403947405503e-01
16 7 0 1.39377526 0.78527163 1.15636608 0.86413708 0.90585870 2.226931532977e+00 2.470846005392e-04 1.241095097918e-04 6.411505134560e-01 8.221777530489e-01
16 8 0 1.39377526 0.78527163 1.15636608 0.86413708 0.90585870 2.215450200290e+00 2.136549504869e-04 2.274258129547e-04 7.160893864563e-01 7.969822932936e-01
16 9 0 1.39377526 0.78527163 1.15636608 0.86413708 0.90585870 2.221752445454e+00 1.545616752157e-04 2.376517373771e-04 7.032948077723e-01 7.577860348499e-01
16 10 0 1.39377526 0.78527163 1.15636608 0.86413708 0.90585870 2.223174417008e+00 1.904643831736e-04 1.710006779373e-04 6.080277300987e-01 7.040769340812e-01
16 11 0 1.39377526 0.78527163 1.15636608 0.86413708 0.90585870 2.231438419714e+00 1.882481329965e-04 1.753126403183e-04 4.824042394749e-01 6.428510394111e-01
16 12 0 1.39377526 0.78527163 1.15636608 0.86413708 0.90585870 2.266231422712e+00 2.057552900939e-04 2.047819313511e-04 3.914860397555e-01 5.837302008122e-01
16 13 0 1.39377526 0.78527163 1.15636608 0.86413708 0.90585870 2.326740997412e+00 1.248745188555e-04 3.346176979566e-04 3.715049728593e-01 5.328370536609e-01
16 14 0 1.39377526 0.78527163 1.15636608 0.86413708 0.90585870 2.392692448961e+00 1.854705344852e-04 1.545351914219e-04 4.097917021101e-01 4.904418006672e-01
16 15 0 1.39377526 0.78527163 1.15636608 0.86413708 0.90585870 2.444819253371e+00 1.797038863617e-04 2.569516433694e-04 4.563884369898e-01 4.535622874432e-01
16 16 0 1.39377526 0.78527163 1.15636608 0.86413708 0.90585870 2.480127877694e+00 1.521436023824e-04 2.514116062782e-04 4.598422682834e-01 4.205276122149e-01
16 17 0 1.39377526 0.78527163 1.15636608 0.86413708 0.90585870 2.512037977523e+00 1.311608431224e-04 3.553301989782e-04 4.021014204430e-01 3.933123001885e-01
16 18 0 1.39377526 0.78527163 1.15636608 0.86413708 0.90585870 2.558734759739e+00 1.526080934757e-04 2.281404558534e-04 3.071253262064e-01 3.756890788858e-01
16 19 0 1.39377526 0.78527163 1.15636608 0.86413708 0.90585870 2.627424771432e+00 1.769244398866e-04 2.813671710106e-04 2.235010867179e-01 3.689588979677e-01
16 20 0 1.39377526 0.78527163 1.15636608 0.86413708 0.90585870 2.705410809308e+00 1.138304506386e-04 3.787679602644e-04 1.958836412056e-01 3.693369885488e-01
16 21 0 1.39377526 0.78527163 1.15636608 0.86413708 0.90585870 2.766649218957e+00 1.255217351169e-04 3.459038971400e-04 2.367138234129e-01 3.699821505201e-01
16 22 0 1.39377526 0.78527163 1.15636608 0.86413708 0.90585870 2.790592032088e+00 1.515235506378e-04 2.861833927208e-04 3.163612307633e-01 3.665729666561e-01
16 23 0 1.39377526 0.78527163 1.15636608 0.86413708 0.90585870 2.779640010162e+00 1.343170301745e-04 3.470220866598e-04 3.854563836536e-01 3.615210478842e-01
16 24 0 1.39377526 0.78527163 1.15636608 0.86413708 0.90585870 2.761614589684e+00 1.110864158283e-04 4.210675220606e-04 4.093682608423e-01 3.622547419065e-01
16 25 0 1.39377526 0.78527163 1.15636608 0.86413708 0.90585870 2.771211736176e+00 1.046839984141e-04 3.991643268288e-04 3.842309030563e-01 3.741351267068e-01
16 26 0 1.39377526 0.78527163 1.15636608 0.86413708 0.90585870 2.818499627173e+00 1.672109417738e-04 2.859196700927e-04 3.335924195892e-01 3.941802716905e-01
16 27 0 1.39377526 0.78527163 1.15636608 0.86413708 0.90585870 2.871437829621e+00 9.667108118953e-05 4.604674198847e-04 2.954076281370e-01 4.120594197298e-01
16 28 0 1.39377526 0.78527163 1.15636608 0.86413708 0.90585870 2.880116285503e+00 1.098393500910e-04 4.244033772788e-04 2.980451779984e-01 4.184830114375e-01
16 29 0 1.39377526 0.78527163 1.15636608 0.86413708 0.90585870 2.831280404705e+00 1.088399690890e-04 4.067909997582e-04 3.389318356846e-01 4.136926517795e-01
16 30 0 1.39377526 0.78527163 1.15636608 0.86413708 0.90585870 2.775644229582e+00 1.468911882079e-04 3.303135032325e-04 3.898328883470e-01 4.077774021824e-01
16 31 0 1.39377526 0.78527163 1.15636608 0.86413708 0.90585870 2.785477813983e+00 9.725871417029e-05 4.805190991380e-04 4.192563068064e-01 4.117677805162e-01
16 32 0 1.39377526 0.78527163 1.15636608 0.86413708 0.90585870 2.878711102004e+00 9.735101673230e-05 4.832818986485e-04 4.054241551854e-01 4.273470765000e-01
16 33 0 1.39377526 0.78527163 1.15636608 0.86413708 0.90585870 2.994721311973e+00 1.468512123324e-04 3.358823302739e-04 3.439268216169e-01 4.447890823139e-01
16 34 0 1.39377526 0.78527163 1.15636608 0.86413708 0.90585870 3.053408849717e+00 1.095242670864e-04 4.161703647706e-04 2.591919847090e-01 4.512565258573e-01
16 35 0 1.39377526 0.78527163 1.15636608 0.86413708 0.90585870 3.032373148836e+00 1.100982320281e-04 4.393223407285e-04 1.978183516692e-01 4.419053806007e-01
16 36 0 1.39377526 0.78527163 1.15636608 0.86413708 0.90585870 2.978434507090e+00 9.734046482108e-05 4.793009241616e-04 1.949877051898e-01 4.237023535731e-01
16 37 0 1.39377526 0.78527163 1.15636608 0.86413708 0.90585870 2.949734074978e+00 1.680207935065e-04 3.043846365326e-04 2.484724369662e-01 4.088482852212e-01
16 38 0 1.39377526 0.78527163 1.15636608 0.86413708 0.90585870 2.958812385701e+00 1.059790157220e-04 4.224940521845e-04 3.241114250761e-01 4.043034061018e-01
16 39 0 1.39377526 0.78527163 1.15636608 0.86413708 0.90585870 2.971414230566e+00 1.117331629121e-04 4.522810721069e-04 3.778577742887e-01 4.069723240534e-01
16 40 0 1.39377526 0.78527163 1.15636608 0.86413708 0.90585870 2.947353473311e+00 1.360227086073e-04 3.746288541119e-04 3.806167052019e-01 4.082111765869e-01
16 41 0 1.39377526 0.78527163 1.15636608 0.86413708 0.90585870 2.875507018455e+00 1.532790266655e-04 3.152407492816e-04 3.404288042761e-01 4.026708037859e-01
16 42 0 1.39377526 0.78527163 1.15636608 0.86413708 0.90585870 2.776771922474e+00 1.275515703902e-04 3.789331719562e-04 3.013993390189e-01 3.932670065725e-01
16 43 0 1.39377526 0.78527163 1.15636608 0.86413708 0.90585870 2.683040836845e+00 1.153439185690e-04 4.176922448044e-04 3.108561870182e-01 3.885168119868e-01
16 44 0 1.39377526 0.78527163 1.15636608 0.86413708 0.90585870 2.613415102847e+00 1.797925446837e-04 3.134488653478e-04 3.846488576360e-01 3.955750775768e-01
16 45 0 1.39377526 0.78527163 1.15636608 0.86413708 0.90585870 2.564120108951e+00 1.562152316979e-04 2.588154263804e-04 4.982054991900e-01 4.154286007317e-01
16 46 0 1.39377526 0.78527163 1.15636608 0.86413708 0.90585870 2.516573309826e+00 1.334242206571e-04 3.967504549221e-04 5.996651404529e-01 4.438426674570e-01
16 47 0 1.39377526 0.78527163 1.15636608 0.86413708 0.90585870 2.454665995952e+00 1.559331948504e-04 2.837317725396e-04 6.367248476808e-01 4.762718762082e-01
16 48 0 1.39377526 0.78527163 1.15636608 0.86413708 0.90585870 2.377323224359e+00 1.831699325568e-04 2.901525130693e-04 5.901676470914e-01 5.118983373117e-01
16 49 0 1.39377526 0.78527163 1.15636608 0.86413708 0.90585870 2.299629087948e+00 1.922076756285e-04 1.793071416761e-04 4.905604273822e-01 5.532830078310e-01
16 50 0 1.39377526 0.78527163 1.15636608 0.86413708 0.90585870 2.243683368995e+00 1.268963962885e-04 3.748629917005e-04 4.003070973138e-01 6.021760358292e-01
16 51 0 1.39377526 0.78527163 1.15636608 0.86413708 0.90585870 2.222856500220e+00 2.132542760498e-04 2.276108717725e-04 3.750415905050e-01 6.554653681672e-01
16 52 0 1.39377526 0.78527163 1.15636608 0.86413708 0.90585870 2.229957407871e+00 1.934367767774e-04 1.990107091479e-04 4.304669848231e-01 7.053716792212e-01
16 53 0 1.39377526 0.78527163 1.15636608 0.86413708 0.90585870 2.246357013687e+00 1.988925142023e-04 1.914194946088e-04 5.324956173663e-01 7.444917001990e-01
16 54 0 1.39377526 0.78527163 1.15636608 0.86413708 0.90585870 2.270885705639e+00 1.582716161250e-04 2.620611055270e-04 6.183612145351e-01 7.717124517947e-01
16 55 0 1.39377526 0.78527163 1.15636608 0.86413708 0.90585870 2.333953114319e+00 2.242669131184e-04 2.415752015142e-04 6.359258028010e-01 7.934496414936e-01
16 56 0 1.39377526 0.78527163 1.15636608 0.86413708 0.90585870 2.468996214540e+00 2.579100159608e-04 1.342546517617e-04 5.756037041881e-01 8.182828141724e-01
16 57 0 1.39377526 0.78527163 1.15636608 0.86413708 0.90585870 2.670965187153e+00 1.608354588501e-04 2.081852341848e-04 4.823198169576e-01 8.492451294030e-01
16 58 0 1.39377526 0.78527163 1.15636608 0.86413708 0.90585870 2.899698051403e+00 2.275989422748e-04 2.622591695315e-04 4.388334532424e-01 8.808236599593e-01
16 59 0 1.39377526 0.78527163 1.15636608 0.86413708 0.90585870 3.128236697659e+00 2.188574042256e-04 2.089604471187e-04 5.116887728927e-01 9.036867167579e-01
16 60 0 1.39377526 0.78527163 1.15636608 0.86413708 0.90585870 3.370016212181e+00 2.989678248607e-04 1.863025307079e-04 6.940136062281e-01 9.127403482998e-01
16 61 0 1.39377526 0.78527163 1.15636608 0.86413708 0.90585870 3.649952089755e+00 1.546202152345e-04 2.078299436191e-04 9.055762389196e-01 9.108831695878e-01
16 62 0 1.39377526 0.78527163 1.15636608 0.86413708 0.90585870 3.968892075227e+00 2.745597354819e-04 3.456009716807e-04 1.047501877004e+00 9.053423145247e-01
16 63 0 1.39377526 0.78527163 1.15636608 0.86413708 0.90585870 4.313848454915e+00 2.855607993289e-04 2.721705409883e-04 1.056906285761e+00 9.009562546936e-01
24 0 0 2.47987303 0.84206079 1.01956193 1.75667732 1.82808703 6.855810512729e+01 1.123681501179e+00 6.263343267440e-01 1.187003293128e+01 1.356397672401e+01
24 1 0 2.47987303 0.84206079 1.01956193 1.75667732 1.82808703 6.649997446458e+01 7.516157008145e-01 8.771161032674e-01 1.301841918962e+01 1.301392249472e+01
24 2 0 2.47987303 0.84206079 1.01956193 1.75667732 1.82808703 6.373731696049e+01 8.616104208215e-01 7.658427364102e-01 1.184203085210e+01 1.249734215431e+01
24 3 0 2.47987303 0.84206079 1.01956193 1.75667732 1.82808703 6.057038795161e+01 1.113063092227e+00 5.553116739293e-01 9.481494728363e+00 1.223637813892e+01
24 4 0 2.47987303 0.84206079 1.01956193 1.75667732 1.82808703 5.661015060964e+01 8.357450510948e-01 7.505675683515e-01 8.642391628039e+00 1.172373560359e+01
24 5 0 2.47987303 0.84206079 1.01956193 1.75667732 1.82808703 5.236164510521e+01 6.139777549060e-01 9.893531380825e-01 9.857086828953e+00 1.136598178293e+01
24 6 0 2.47987303 0.84206079 1.01956193 1.75667732 1.82808703 4.755680506439e+01 8.092433229802e-01 8.206003185030e-01 1.078458433753e+01 1.102276715447e+01
24 7 0 2.47987303 0.84206079 1.01956193 1.75667732 1.82808703 4.274633234137e+01 7.877163782031e-01 6.943804492826e-01 9.937720025590e+00 1.063963301912e+01
24 8 0 2.47987303 0.84206079 1.01956193 1.75667732 1.82808703 3.796362003549e+01 4.959088042548e-01 9.840306661874e-01 7.990429146668e+00 1.026904609377e+01
24 9 0 2.47987303 0.84206079 1.01956193 1.75667732 1.82808703 3.326228195963e+01 4.627414311442e-01 1.142312522085e+00 7.201430196468e+00 9.909347063702e+00
24 10 0 2.47987303 0.84206079 1.01956193 1.75667732 1.82808703 2.900767394553e+01 5.571443401655e-01 8.898114642911e-01 8.122191384183e+00 9.570736033921e+00
24 11 0 2.47987303 0.84206079 1.01956193 1.75667732 1.82808703 2.511232313298e+01 4.186236636862e-01 8.690059913454e-01 9.086457677296e+00 9.160215612005e+00
24 12 0 2.47987303 0.84206079 1.01956193 1.75667732 1.82808703 2.185427481064e+01 2.591909384323e-01 1.242653008972e+00 8.329242756945e+00 8.836231114602e+00
24 13 0 2.47987303 0.84206079 1.01956193 1.75667732 1.82808703 1.916433813192e+01 3.047361251668e-01 1.276176076675e+00 6.792269112751e+00 8.579576742292e+00
24 14 0 2.47987303 0.84206079 1.01956193 1.75667732 1.82808703 1.716889206479e+01 3.206811482194e-01 9.437166528077e-01 6.075365717964e+00 8.232902686906e+00
24 15 0 2.47987303 0.84206079 1.01956193 1.75667732 1.82808703 1.554714253427e+01 1.982231061496e-01 1.012212787534e+00 6.817747554723e+00 7.942965960165e+00
24 16 0 2.47987303 0.84206079 1.01956193 1.75667732 1.82808703 1.466764482720e+01 1.765467412689e-01 1.367006692024e+00 7.630798429531e+00 7.762498457497e+00
24 17 0 2.47987303 0.84206079 1.01956193 1.75667732 1.82808703 1.424476872644e+01 2.580743680320e-01 1.271580921938e+00 7.216303338182e+00 7.540531628775e+00
24 18 0 2.47987303 0.84206079 1.01956193 1.75667732 1.82808703 1.460682948147e+01 2.244738097233e-01 9.417244643780e-01 5.867541421753e+00 7.327222683921e+00
24 19 0 2.47987303 0.84206079 1.01956193 1.75667732 1.82808703 1.536498409592e+01 1.563164929414e-01 1.057922025287e+00 5.231791350307e+00 7.149666216683e+00
24 20 0 2.47987303 0.84206079 1.01956193 1.75667732 1.82808703 1.646299614721e+01 2.322738599908e-01 1.319374562292e+00 5.841208688181e+00 7.041724078416e+00
24 21 0 2.47987303 0.84206079 1.01956193 1.75667732 1.82808703 1.793225125658e+01 3.026477730498e-01 1.119761338284e+00 6.698779783363e+00 6.853189373944e+00
24 22 0 2.47987303 0.84206079 1.01956193 1.75667732 1.82808703 1.927789470277e+01 2.332212307546e-01 8.606884690238e-01 6.394426336883e+00 6.754298530686e+00
24 23 0 2.47987303 0.84206079 1.01956193 1.75667732 1.82808703 2.104271589049e+01 2.467810766380e-01 1.067354919384e+00 5.257958856058e+00 6.582823245780e+00
24 24 0 2.47987303 0.84206079 1.01956193 1.75667732 1.82808703 2.271451884297e+01 3.993341258979e-01 1.244476400347e+00 4.683416896720e+00 6.478120276905e+00
24 25 0 2.47987303 0.84206079 1.01956193 1.75667732 1.82808703 2.469172409039e+01 3.972551742286e-01 9.614354231659e-01 5.271487570816e+00 6.361761130070e+00
24 26 0 2.47987303 0.84206079 1.01956193 1.75667732 1.82808703 2.626166196894e+01 2.959286602997e-01 7.973328857370e-01 6.109344656733e+00 6.289738581131e+00
24 27 0 2.47987303 0.84206079 1.01956193 1.75667732 1.82808703 2.771048736019e+01 3.907801167412e-01 1.075910710309e+00 5.942274339905e+00 6.139002989094e+00
24 28 0 2.47987303 0.84206079 1.01956193 1.75667732 1.82808703 2.912683126957e+01 4.959682129126e-01 1.176205460519e+00 4.971168400856e+00 6.090677967102e+00
24 29 0 2.47987303 0.84206079 1.01956193 1.75667732 1.82808703 2.993598576476e+01 3.779990156332e-01 8.847226627136e-01 4.454647242602e+00 6.085268737467e+00
24 30 0 2.47987303 0.84206079 1.01956193 1.75667732 1.82808703 3.056099185112e+01 3.257348518920e-01 8.299025649528e-01 5.039572280695e+00 6.075490885442e+00
24 31 0 2.47987303 0.84206079 1.01956193 1.75667732 1.82808703 3.053869495580e+01 4.813272653155e-01 1.140074084601e+00 5.851256858051e+00 5.975194106596e+00
24 32 0 2.47987303 0.84206079 1.01956193 1.75667732 1.82808703 3.102772374816e+01 4.948210725890e-01 1.175160163994e+00 5.929925880524e+00 6.123933735657e+00
24 33 0 2.47987303 0.84206079 1.01956193 1.75667732 1.82808703 3.082821951123e+01 3.458930352435e-01 8.975455466694e-01 5.047179731521e+00 6.152880597065e+00
24 34 0 2.47987303 0.84206079 1.01956193 1.75667732 1.82808703 3.014533568061e+01 4.068794591740e-01 9.760081942129e-01 4.490497428932e+00 6.206398681412e+00
24 35 0 2.47987303 0.84206079 1.01956193 1.75667732 1.82808703 2.911779959156e+01 5.383241555777e-01 1.317204662889e+00 5.070933831433e+00 6.239892749142e+00
24 36 0 2.47987303 0.84206079 1.01956193 1.75667732 1.82808703 2.767338899405e+01 4.062894079448e-01 1.224347524410e+00 6.141244398531e+00 6.411841811310e+00
24 37 0 2.47987303 0.84206079 1.01956193 1.75667732 1.82808703 2.648180274961e+01 2.892065642178e-01 9.328950967608e-01 6.246772404292e+00 6.494637471417e+00
24 38 0 2.47987303 0.84206079 1.01956193 1.75667732 1.82808703 2.459532627330e+01 3.919434813846e-01 1.135746067504e+00 5.412074106994e+00 6.570083399787e+00
24 39 0 2.47987303 0.84206079 1.01956193 1.75667732 1.82808703 2.299974243447e+01 3.809475819891e-01 1.453977297662e+00 4.821622315611e+00 6.680923977233e+00
24 40 0 2.47987303 0.84206079 1.01956193 1.75667732 1.82808703 2.131472623892e+01 2.247136418655e-01 1.232610010895e+00 5.526676265226e+00 6.860818172280e+00
24 41 0 2.47987303 0.84206079 1.01956193 1.75667732 1.82808703 1.970416614366e+01 2.320853235326e-01 9.621088254477e-01 6.700438409861e+00 6.933674327152e+00
24 42 0 2.47987303 0.84206079 1.01956193 1.75667732 1.82808703 1.819557611126e+01 3.100576273416e-01 1.221074057602e+00 6.990472510471e+00 7.141273675959e+00
24 43 0 2.47987303 0.84206079 1.01956193 1.75667732 1.82808703 1.666626468661e+01 2.308334402567e-01 1.445992514234e+00 6.106931761984e+00 7.266127695992e+00
24 44 0 2.47987303 0.84206079 1.01956193 1.75667732 1.82808703 1.570408616012e+01 1.636034376217e-01 1.142553808966e+00 5.517040326490e+00 7.484149467216e+00
24 45 0 2.47987303 0.84206079 1.01956193 1.75667732 1.82808703 1.504516196674e+01 2.444060136640e-01 9.423347486721e-01 6.225094575438e+00 7.736164434474e+00
24 46 0 2.47987303 0.84206079 1.01956193 1.75667732 1.82808703 1.514774392393e+01 2.645245410299e-01 1.232397480434e+00 7.663189508391e+00 7.983408063984e+00
24 47 0 2.47987303 0.84206079 1.01956193 1.75667732 1.82808703 1.563880822335e+01 1.848241953213e-01 1.305502623595e+00 8.106601469200e+00 8.228160414597e+00
24 48 0 2.47987303 0.84206079 1.01956193 1.75667732 1.82808703 1.688981506140e+01 2.276915771819e-01 9.264197174962e-01 7.236836076910e+00 8.557249602783e+00
24 49 0 2.47987303 0.84206079 1.01956193 1.75667732 1.82808703 1.850239572433e+01 3.527053713237e-01 8.526463428104e-01 6.435159625613e+00 8.914311233838e+00
24 50 0 2.47987303 0.84206079 1.01956193 1.75667732 1.82808703 2.088878808691e+01 3.412833305531e-01 1.164737379048e+00 7.233340449060e+00 9.229822868596e+00
24 51 0 2.47987303 0.84206079 1.01956193 1.75667732 1.82808703 2.398784418750e+01 3.026291242295e-01 1.107496180145e+00 9.020686893182e+00 9.498563672049e+00
24 52 0 2.47987303 0.84206079 1.01956193 1.75667732 1.82808703 2.772516788147e+01 4.685569575998e-01 7.454805676805e-01 9.699016485446e+00 9.917260265035e+00
24 53 0 2.47987303 0.84206079 1.01956193 1.75667732 1.82808703 3.212572628127e+01 6.194255126626e-01 7.961940391891e-01 8.622573786286e+00 1.025361342006e+01
24 54 0 2.47987303 0.84206079 1.01956193 1.75667732 1.82808703 3.664667723566e+01 5.110176248241e-01 1.078154887057e+00 7.681667346148e+00 1.052288089539e+01
24 55 0 2.47987303 0.84206079 1.01956193 1.75667732 1.82808703 4.174447285508e+01 5.428310558828e-01 9.437139147170e-01 8.610269008735e+00 1.091753117682e+01
24 56 0 2.47987303 0.84206079 1.01956193 1.75667732 1.82808703 4.674623170140e+01 8.635342898465e-01 6.657967169153e-01 1.068452219824e+01 1.129867924570e+01
24 57 0 2.47987303 0.84206079 1.01956193 1.75667732 1.82808703 5.185229794574e+01 8.718101869658e-01 8.181265698738e-01 1.163945187974e+01 1.164515787380e+01
24 58 0 2.47987303 0.84206079 1.01956193 1.75667732 1.82808703 5.676434052180e+01 6.583793810046e-01 1.030724567900e+00 1.047086877503e+01 1.207350653119e+01
24 59 0 2.47987303 0.84206079 1.01956193 1.75667732 1.82808703 6.130808760353e+01 9.081529137811e-01 8.115711016148e-01 9.192933478116e+00 1.253851725515e+01
24 60 0 2.47987303 0.84206079 1.01956193 1.75667732 1.82808703 6.527340434829e+01 1.192225681319e+00 6.481035229464e-01 1.023311953989e+01 1.300718596354e+01
24 61 0 2.47987303 0.84206079 1.01956193 1.75667732 1.82808703 6.867452151967e+01 9.125438551650e-01 9.196121879201e-01 1.279778933395e+01 1.347692686858e+01
24 62 0 2.47987303 0.84206079 1.01956193 1.75667732 1.82808703 7.148192364195e+01 8.047984275251e-01 1.040128741084e+00 1.394409290842e+01 1.410397663881e+01
24 63 0 2.47987303 0.84206079 1.01956193 1.75667732 1.82808703 7.266221442243e+01 1.204311333643e+00 7.497326492178e-01 1.264850775291e+01 1.468427871738e+01
