# environment=00138 local_bs=1 gain_scale=2.388634828339e-13
# ue subcarrier serving_bs phi0 phi1 phi2 phi3 phi4 gain0 gain1 gain2 gain3 gain4
0 0 1 0.67564337 1.89615110 1.14402830 1.15038880 0.75786749 5.935624587697e-01 1.085420977678e+01 1.633748755378e+00 2.471536253611e+00 5.599423744320e-01
0 1 1 0.67564337 1.89615110 1.14402830 1.15038880 0.75786749 4.250654515693e-01 1.335940869025e+01 1.524755929012e+00 1.814974616840e+00 3.963465475404e-01
0 2 1 0.67564337 1.89615110 1.14402830 1.15038880 0.75786749 3.315456028740e-01 1.593479196469e+01 1.661473598876e+00 2.098789297112e+00 2.986053254369e-01
0 3 1 0.67564337 1.89615110 1.14402830 1.15038880 0.75786749 4.152260783419e-01 1.811028773560e+01 1.924524008725e+00 2.278747779846e+00 4.640621397834e-01
0 4 1 0.67564337 1.89615110 1.14402830 1.15038880 0.75786749 4.774991549544e-01 1.950405852268e+01 1.908463601212e+00 1.689944577684e+00 4.274865147011e-01
0 5 1 0.67564337 1.89615110 1.14402830 1.15038880 0.75786749 3.758833602907e-01 2.062177477309e+01 2.232814926190e+00 1.766121055331e+00 2.599026876299e-01
0 6 1 0.67564337 1.89615110 1.14402830 1.15038880 0.75786749 2.351522443727e-01 2.180477459314e+01 2.291646985339e+00 2.066280328965e+00 3.433193921991e-01
0 7 1 0.67564337 1.89615110 1.14402830 1.15038880 0.75786749 2.167037137187e-01 2.264413729694e+01 2.063349356598e+00 1.595026159291e+00 4.222421759872e-01
0 8 1 0.67564337 1.89615110 1.14402830 1.15038880 0.75786749 2.677544259368e-01 2.234854058639e+01 2.166511789598e+00 1.494466606348e+00 2.883992195161e-01
0 9 1 0.67564337 1.89615110 1.14402830 1.15038880 0.75786749 2.465981756473e-01 2.096910797096e+01 1.874706075246e+00 1.848185930142e+00 2.484174507132e-01
0 10 1 0.67564337 1.89615110 1.14402830 1.15038880 0.75786749 1.543653171424e-01 1.924093161176e+01 1.664511793073e+00 1.515423028777e+00 3.571704956088e-01
0 11 1 0.67564337 1.89615110 1.14402830 1.15038880 0.75786749 9.920770246149e-02 1.739744804130e+01 1.605813376506e+00 1.282966373234e+00 3.212505384228e-01
0 12 1 0.67564337 1.89615110 1.14402830 1.15038880 0.75786749 1.093116169958e-01 1.560255058120e+01 1.298480161050e+00 1.634934084061e+00 2.104405694219e-01
0 13 1 0.67564337 1.89615110 1.14402830 1.15038880 0.75786749 1.190754292826e-01 1.328328385865e+01 1.366239564776e+00 1.437613236099e+00 2.639359626159e-01
0 14 1 0.67564337 1.89615110 1.14402830 1.15038880 0.75786749 9.039590836853e-02 1.078504095286e+01 1.485859657163e+00 1.139766825039e+00 3.166135589215e-01
0 15 1 0.67564337 1.89615110 1.14402830 1.15038880 0.75786749 5.578954078644e-02 8.399329007005e+00 1.367765267452e+00 1.413810890401e+00 2.301712426119e-01
0 16 1 0.67564337 1.89615110 1.14402830 1.15038880 0.75786749 5.581895805596e-02 6.577735415419e+00 1.636651709090e+00 1.382324127016e+00 1.998515581117e-01
0 17 1 0.67564337 1.89615110 1.14402830 1.15038880 0.75786749 7.965546798785e-02 5.110177984480e+00 1.751131491925e+00 1.035562468296e+00 2.692106606950e-01
0 18 1 0.67564337 1.89615110 1.14402830 1.15038880 0.75786749 9.330261943192e-02 4.076569273252e+00 1.679701703832e+00 1.225613684839e+00 2.611770717187e-01
0 19 1 0.67564337 1.89615110 1.14402830 1.15038880 0.75786749 8.152316725659e-02 3.314678631440e+00 1.888452383934e+00 1.317508018399e+00 1.832971639575e-01
0 20 1 0.67564337 1.89615110 1.14402830 1.15038880 0.75786749 6.980965483660e-02 3.021028473816e+00 1.699375023828e+00 9.867468566508e-01 1.987134488623e-01
0 21 1 0.67564337 1.89615110 1.14402830 1.15038880 0.75786749 9.460334371115e-02 3.236017520608e+00 1.600774473904e+00 1.057783446842e+00 2.581493750948e-01
0 22 1 0.67564337 1.89615110 1.14402830 1.15038880 0.75786749 1.391244611950e-01 3.977919804537e+00 1.603981483351e+00 1.265637224645e+00 2.042709494596e-01
0 23 1 0.67564337 1.89615110 1.14402830 1.15038880 0.75786749 1.494188142432e-01 5.079298851513e+00 1.264638422104e+00 9.608447996244e-01 1.546788954688e-01
0 24 1 0.67564337 1.89615110 1.14402830 1.15038880 0.75786749 1.232703577001e-01 6.366644138784e+00 1.252816202525e+00 9.427457663679e-01 2.246837295075e-01
0 25 1 0.67564337 1.89615110 1.14402830 1.15038880 0.75786749 1.295003164809e-01 7.525335207671e+00 1.249925570222e+00 1.202307941602e+00 2.335882619923e-01
0 26 1 0.67564337 1.89615110 1.14402830 1.15038880 0.75786749 1.939897200418e-01 8.793095971212e+00 1.074536860071e+00 9.626873813133e-01 1.557188570801e-01
0 27 1 0.67564337 1.89615110 1.14402830 1.15038880 0.75786749 2.401455258671e-01 1.016811154452e+01 1.254237815670e+00 8.788379649553e-01 1.767802834891e-01
0 28 1 0.67564337 1.89615110 1.14402830 1.15038880 0.75786749 2.058271749143e-01 1.166179145903e+01 1.341482348991e+00 1.122983378119e+00 2.362078390805e-01
0 29 1 0.67564337 1.89615110 1.14402830 1.15038880 0.75786749 1.521504042684e-01 1.271552813536e+01 1.360193513293e+00 1.004183246527e+00 1.854784919107e-01
0 30 1 0.67564337 1.89615110 1.14402830 1.15038880 0.75786749 1.757631994910e-01 1.325644003438e+01 1.631574299838e+00 8.498077873274e-01 1.431240250365e-01
0 31 1 0.67564337 1.89615110 1.14402830 1.15038880 0.75786749 2.433988952867e-01 1.321409557394e+01 1.547664143415e+00 1.049027459155e+00 2.129538629935e-01
0 32 1 0.67564337 1.89615110 1.14402830 1.15038880 0.75786749 2.521241304020e-01 1.332536471632e+01 1.602723955202e+00 1.084197150164e+00 2.231694485852e-01
0 33 1 0.67564337 1.89615110 1.14402830 1.15038880 0.75786749 1.883287259649e-01 1.320254538957e+01 1.747381477748e+00 8.358592479292e-01 1.471351815697e-01
0 34 1 0.67564337 1.89615110 1.14402830 1.15038880 0.75786749 1.594023425764e-01 1.271677625156e+01 1.452080139948e+00 1.025760087152e+00 1.834314637733e-01
0 35 1 0.67564337 1.89615110 1.14402830 1.15038880 0.75786749 2.078899138688e-01 1.153767113280e+01 1.446967741797e+00 1.153800896776e+00 2.462781569367e-01
0 36 1 0.67564337 1.89615110 1.14402830 1.15038880 0.75786749 2.403273657776e-01 1.006606154978e+01 1.381558636412e+00 8.749113997951e-01 1.817998509112e-01
0 37 1 0.67564337 1.89615110 1.14402830 1.15038880 0.75786749 1.893947685172e-01 8.659988874557e+00 1.166157416524e+00 1.018948821331e+00 1.594099837918e-01
0 38 1 0.67564337 1.89615110 1.14402830 1.15038880 0.75786749 1.197179904477e-01 7.448161668605e+00 1.288317184963e+00 1.228063347407e+00 2.382025862159e-01
0 39 1 0.67564337 1.89615110 1.14402830 1.15038880 0.75786749 1.172313377084e-01 6.269590308906e+00 1.255958350773e+00 9.616022480003e-01 2.276110825127e-01
0 40 1 0.67564337 1.89615110 1.14402830 1.15038880 0.75786749 1.530063666277e-01 4.996819992549e+00 1.272115233735e+00 1.024734006314e+00 1.644705294397e-01
0 41 1 0.67564337 1.89615110 1.14402830 1.15038880 0.75786749 1.474343950017e-01 3.950253081775e+00 1.619965579719e+00 1.308554443631e+00 2.156642814587e-01
0 42 1 0.67564337 1.89615110 1.14402830 1.15038880 0.75786749 9.942377432339e-02 3.275938443068e+00 1.623184208704e+00 1.097517341140e+00 2.696241646248e-01
0 43 1 0.67564337 1.89615110 1.14402830 1.15038880 0.75786749 7.027608838013e-02 3.168919811137e+00 1.768499162173e+00 1.049222602352e+00 2.109164794306e-01
0 44 1 0.67564337 1.89615110 1.14402830 1.15038880 0.75786749 8.237134344502e-02 3.577461412449e+00 2.061935755242e+00 1.392940908665e+00 1.968847196119e-01
0 45 1 0.67564337 1.89615110 1.14402830 1.15038880 0.75786749 9.515180532917e-02 4.450021401761e+00 1.876754685436e+00 1.283523422524e+00 2.791814750981e-01
0 46 1 0.67564337 1.89615110 1.14402830 1.15038880 0.75786749 8.028056238614e-02 5.735169568306e+00 1.972175402417e+00 1.103090926973e+00 2.777913506384e-01
0 47 1 0.67564337 1.89615110 1.14402830 1.15038880 0.75786749 5.486067049327e-02 7.381632445382e+00 1.902979669490e+00 1.476274887088e+00 2.069789327709e-01
0 48 1 0.67564337 1.89615110 1.14402830 1.15038880 0.75786749 6.269622518661e-02 9.424028635383e+00 1.617096360146e+00 1.505716387220e+00 2.543418276929e-01
0 49 1 0.67564337 1.89615110 1.14402830 1.15038880 0.75786749 1.038968900384e-01 1.193451992023e+01 1.685415381045e+00 1.196267075751e+00 3.356432809750e-01
0 50 1 0.67564337 1.89615110 1.14402830 1.15038880 0.75786749 1.338865585893e-01 1.464705103596e+01 1.477213421117e+00 1.570073673928e+00 2.743012307293e-01
0 51 1 0.67564337 1.89615110 1.14402830 1.15038880 0.75786749 1.216048033932e-01 1.702956376937e+01 1.402716038740e+00 1.729491571798e+00 2.342668277024e-01
0 52 1 0.67564337 1.89615110 1.14402830 1.15038880 0.75786749 1.129571409883e-01 1.902859804197e+01 1.716486636474e+00 1.367407970320e+00 3.543665838201e-01
0 53 1 0.67564337 1.89615110 1.14402830 1.15038880 0.75786749 1.750674188775e-01 2.081545889357e+01 1.714053561409e+00 1.642311827936e+00 3.785498295545e-01
0 54 1 0.67564337 1.89615110 1.14402830 1.15038880 0.75786749 2.733061629531e-01 2.251555644156e+01 1.921240993305e+00 1.972047782287e+00 2.572200015395e-01
0 55 1 0.67564337 1.89615110 1.14402830 1.15038880 0.75786749 2.929323599928e-01 2.390380509365e+01 2.307185889348e+00 1.600357680468e+00 3.176404471255e-01
0 56 1 0.67564337 1.89615110 1.14402830 1.15038880 0.75786749 2.379910966814e-01 2.397899077494e+01 2.293115043693e+00 1.713053895098e+00 4.561275849183e-01
0 57 1 0.67564337 1.89615110 1.14402830 1.15038880 0.75786749 2.601525171337e-01 2.310307145802e+01 2.577101338770e+00 2.228528207995e+00 3.498471409498e-01
0 58 1 0.67564337 1.89615110 1.14402830 1.15038880 0.75786749 4.171352633731e-01 2.164689416216e+01 2.523463815666e+00 1.879635353430e+00 2.837800273996e-01
0 59 1 0.67564337 1.89615110 1.14402830 1.15038880 0.75786749 5.288645963941e-01 2.033277107053e+01 2.237303350281e+00 1.822188891770e+00 4.778127448726e-01
0 60 1 0.67564337 1.89615110 1.14402830 1.15038880 0.75786749 4.533900412339e-01 1.861634239420e+01 2.324203774687e+00 2.454231924064e+00 4.930311644307e-01
0 61 1 0.67564337 1.89615110 1.14402830 1.15038880 0.75786749 3.535165802499e-01 1.645799212539e+01 1.961665319482e+00 2.228606940745e+00 3.165309787898e-01
0 62 1 0.67564337 1.89615110 1.14402830 1.15038880 0.75786749 4.538605697188e-01 1.368104527924e+01 1.741093572521e+00 1.964889674849e+00 4.368289867871e-01
0 63 1 0.67564337 1.89615110 1.14402830 1.15038880 0.75786749 6.379478090733e-01 1.115546962232e+01 1.839166161712e+00 2.645327212698e+00 5.978763761454e-01
1 0 1 0.84857125 1.77732916 1.38341523 1.52878478 0.93858142 1.345499138417e+00 9.541876507239e+00 2.929473834369e+00 7.084208838409e+00 1.102513863138e+00
1 1 1 0.84857125 1.77732916 1.38341523 1.52878478 0.93858142 1.130576079933e+00 8.742191430330e+00 3.256753144035e+00 5.955135623601e+00 7.777968137729e-01
1 2 1 0.84857125 1.77732916 1.38341523 1.52878478 0.93858142 9.269466636696e-01 8.069099759542e+00 3.046660258934e+00 6.831291727016e+00 1.025084664151e+00
1 3 1 0.84857125 1.77732916 1.38341523 1.52878478 0.93858142 1.079041868198e+00 6.991367369931e+00 3.080839933523e+00 5.909354255345e+00 9.662581860050e-01
1 4 1 0.84857125 1.77732916 1.38341523 1.52878478 0.93858142 1.063075523614e+00 6.688271630660e+00 3.278631549635e+00 5.616343032304e+00 6.766639364666e-01
1 5 1 0.84857125 1.77732916 1.38341523 1.52878478 0.93858142 7.508515983083e-01 7.496591638713e+00 3.076262324191e+00 6.151248137065e+00 9.535412463691e-01
1 6 1 0.84857125 1.77732916 1.38341523 1.52878478 0.93858142 6.765531992904e-01 8.507307391057e+00 3.426780612716e+00 4.998435665818e+00 8.648795175577e-01
1 7 1 0.84857125 1.77732916 1.38341523 1.52878478 0.93858142 7.717596704433e-01 9.185310644666e+00 3.106048673576e+00 5.410102507248e+00 6.131837899151e-01
1 8 1 0.84857125 1.77732916 1.38341523 1.52878478 0.93858142 5.997802398488e-01 1.054917173764e+01 3.318126700112e+00 5.288242825846e+00 8.645948624655e-01
1 9 1 0.84857125 1.77732916 1.38341523 1.52878478 0.93858142 3.991397209446e-01 1.227437864340e+01 3.394890798586e+00 4.445361233685e+00 7.548357311210e-01
1 10 1 0.84857125 1.77732916 1.38341523 1.52878478 0.93858142 4.441091612293e-01 1.300024247715e+01 3.285248016314e+00 5.136692916445e+00 5.700650698681e-01
1 11 1 0.84857125 1.77732916 1.38341523 1.52878478 0.93858142 4.270603435106e-01 1.335937029640e+01 3.623363044200e+00 4.410751724728e+00 7.575895792763e-01
1 12 1 0.84857125 1.77732916 1.38341523 1.52878478 0.93858142 2.499022469682e-01 1.407814683045e+01 3.219747807409e+00 4.229509319904e+00 6.412395520092e-01
1 13 1 0.84857125 1.77732916 1.38341523 1.52878478 0.93858142 2.088225730126e-01 1.370077983021e+01 3.534068502191e+00 4.642782540515e+00 5.390442626285e-01
1 14 1 0.84857125 1.77732916 1.38341523 1.52878478 0.93858142 2.599712568102e-01 1.248667363015e+01 3.417409430472e+00 3.768857875534e+00 6.904790892985e-01
1 15 1 0.84857125 1.77732916 1.38341523 1.52878478 0.93858142 1.805591951566e-01 1.143807301302e+01 3.390497629939e+00 4.126791126338e+00 5.563500679654e-01
1 16 1 0.84857125 1.77732916 1.38341523 1.52878478 0.93858142 1.261108501407e-01 9.870958290309e+00 3.602578890819e+00 4.015566047340e+00 5.153733425288e-01
1 17 1 0.84857125 1.77732916 1.38341523 1.52878478 0.93858142 2.065427271835e-01 7.717478863370e+00 3.193702031793e+00 3.441014160031e+00 6.374155107569e-01
1 18 1 0.84857125 1.77732916 1.38341523 1.52878478 0.93858142 2.173289432269e-01 5.929213000415e+00 3.566733589283e+00 3.946818172305e+00 4.901589726676e-01
1 19 1 0.84857125 1.77732916 1.38341523 1.52878478 0.93858142 1.577418075072e-01 4.557928565242e+00 3.310942568919e+00 3.454688907194e+00 4.877246079674e-01
1 20 1 0.84857125 1.77732916 1.38341523 1.52878478 0.93858142 2.247851070882e-01 3.129744330651e+00 3.405262468127e+00 3.323303508342e+00 5.745101857995e-01
1 21 1 0.84857125 1.77732916 1.38341523 1.52878478 0.93858142 3.046675854532e-01 2.226898309586e+00 3.510459387761e+00 3.682077079733e+00 4.294913308233e-01
1 22 1 0.84857125 1.77732916 1.38341523 1.52878478 0.93858142 2.508250218240e-01 2.077448718274e+00 3.233559964016e+00 3.037393260476e+00 4.800713124830e-01
1 23 1 0.84857125 1.77732916 1.38341523 1.52878478 0.93858142 2.644174442806e-01 2.380967522921e+00 3.613701332928e+00 3.348433643628e+00 5.313916517201e-01
1 24 1 0.84857125 1.77732916 1.38341523 1.52878478 0.93858142 4.039744242132e-01 2.998048936915e+00 3.251766190428e+00 3.308149069693e+00 3.871207253130e-01
1 25 1 0.84857125 1.77732916 1.38341523 1.52878478 0.93858142 4.266146118952e-01 4.092972822510e+00 3.442927421884e+00 2.881477135351e+00 4.880642541965e-01
1 26 1 0.84857125 1.77732916 1.38341523 1.52878478 0.93858142 3.687676198379e-01 5.788292609855e+00 3.378824711065e+00 3.345434143807e+00 5.088826728608e-01
1 27 1 0.84857125 1.77732916 1.38341523 1.52878478 0.93858142 4.584052701375e-01 7.347485734510e+00 3.254069405718e+00 2.977112554385e+00 3.638586836115e-01
1 28 1 0.84857125 1.77732916 1.38341523 1.52878478 0.93858142 5.530865397528e-01 8.462623618201e+00 3.586578098390e+00 2.931268707363e+00 4.747684873104e-01
1 29 1 0.84857125 1.77732916 1.38341523 1.52878478 0.93858142 4.668614746400e-01 9.975175142192e+00 3.203432981396e+00 3.270165894468e+00 4.933962210576e-01
1 30 1 0.84857125 1.77732916 1.38341523 1.52878478 0.93858142 4.255214069654e-01 1.119306539957e+01 3.478260341099e+00 2.790392614147e+00 3.531176497766e-01
1 31 1 0.84857125 1.77732916 1.38341523 1.52878478 0.93858142 5.390953420303e-01 1.112250729291e+01 3.269534416794e+00 3.088843974230e+00 4.693356294745e-01
1 32 1 0.84857125 1.77732916 1.38341523 1.52878478 0.93858142 5.592748276236e-01 1.122811166554e+01 3.341127249649e+00 3.157793993559e+00 4.866940344549e-01
1 33 1 0.84857125 1.77732916 1.38341523 1.52878478 0.93858142 4.497180426445e-01 1.119013389979e+01 3.620165043863e+00 2.774680511139e+00 3.590631178516e-01
1 34 1 0.84857125 1.77732916 1.38341523 1.52878478 0.93858142 4.794711281458e-01 9.923595426001e+00 3.301067674599e+00 3.320266621100e+00 4.989794596368e-01
1 35 1 0.84857125 1.77732916 1.38341523 1.52878478 0.93858142 5.667547257503e-01 8.410720128774e+00 3.661805484308e+00 2.996243112641e+00 4.869957733236e-01
1 36 1 0.84857125 1.77732916 1.38341523 1.52878478 0.93858142 4.618984792491e-01 7.226932617512e+00 3.340389955528e+00 3.028083034853e+00 3.727210803436e-01
1 37 1 0.84857125 1.77732916 1.38341523 1.52878478 0.93858142 3.469736356485e-01 5.661702229479e+00 3.546366361621e+00 3.443823971403e+00 5.301881325556e-01
1 38 1 0.84857125 1.77732916 1.38341523 1.52878478 0.93858142 4.029433950625e-01 3.967158263553e+00 3.655200426403e+00 2.982420301641e+00 4.909717134638e-01
1 39 1 0.84857125 1.77732916 1.38341523 1.52878478 0.93858142 4.007513661980e-01 2.904034000011e+00 3.422396413731e+00 3.410596337652e+00 3.959512124924e-01
1 40 1 0.84857125 1.77732916 1.38341523 1.52878478 0.93858142 2.694205508576e-01 2.401211027740e+00 3.793380574164e+00 3.505070635347e+00 5.593355885601e-01
1 41 1 0.84857125 1.77732916 1.38341523 1.52878478 0.93858142 2.587039576310e-01 2.151750047540e+00 3.409857563123e+00 3.161755549779e+00 5.016848679930e-01
1 42 1 0.84857125 1.77732916 1.38341523 1.52878478 0.93858142 3.221814562436e-01 2.371259082824e+00 3.728941255891e+00 3.854700310758e+00 4.555274610170e-01
1 43 1 0.84857125 1.77732916 1.38341523 1.52878478 0.93858142 2.364631923270e-01 3.443937424385e+00 3.648441809264e+00 3.507327346297e+00 6.062347795133e-01
1 44 1 0.84857125 1.77732916 1.38341523 1.52878478 0.93858142 1.529612815681e-01 5.010438515140e+00 3.547573093460e+00 3.624513982222e+00 5.177492905915e-01
1 45 1 0.84857125 1.77732916 1.38341523 1.52878478 0.93858142 2.127086513137e-01 6.661327837845e+00 3.863884866339e+00 4.190283122171e+00 5.313356695307e-01
1 46 1 0.84857125 1.77732916 1.38341523 1.52878478 0.93858142 2.119084941527e-01 8.574060441925e+00 3.524787748110e+00 3.631918763561e+00 6.658030980848e-01
1 47 1 0.84857125 1.77732916 1.38341523 1.52878478 0.93858142 1.301054232948e-01 1.087785739335e+01 3.927032049283e+00 4.277275297827e+00 5.329810620077e-01
1 48 1 0.84857125 1.77732916 1.38341523 1.52878478 0.93858142 2.019442270428e-01 1.246092386538e+01 3.635041167140e+00 4.389162002253e+00 5.968372473853e-01
1 49 1 0.84857125 1.77732916 1.38341523 1.52878478 0.93858142 2.989022115847e-01 1.349325405776e+01 3.662854554686e+00 4.009071896207e+00 7.402724718083e-01
1 50 1 0.84857125 1.77732916 1.38341523 1.52878478 0.93858142 2.397215826995e-01 1.478394732948e+01 3.805450050577e+00 4.970425055997e+00 5.645248169053e-01
1 51 1 0.84857125 1.77732916 1.38341523 1.52878478 0.93858142 2.774256827251e-01 1.503145859345e+01 3.515687041563e+00 4.500169868373e+00 6.921671133511e-01
1 52 1 0.84857125 1.77732916 1.38341523 1.52878478 0.93858142 4.762918238688e-01 1.420431863449e+01 3.873716596622e+00 4.733084424490e+00 8.241897247699e-01
1 53 1 0.84857125 1.77732916 1.38341523 1.52878478 0.93858142 4.889952802379e-01 1.377822100530e+01 3.427662862252e+00 5.492377900196e+00 6.170218927446e-01
1 54 1 0.84857125 1.77732916 1.38341523 1.52878478 0.93858142 4.342022412499e-01 1.291113406053e+01 3.592055653459e+00 4.751849356813e+00 8.156930405469e-01
1 55 1 0.84857125 1.77732916 1.38341523 1.52878478 0.93858142 6.644556070638e-01 1.090652461815e+01 3.547266222485e+00 5.688936527330e+00 9.035362855850e-01
1 56 1 0.84857125 1.77732916 1.38341523 1.52878478 0.93858142 8.603745107334e-01 9.384123771045e+00 3.394404126660e+00 5.784232812823e+00 6.608003423882e-01
1 57 1 0.84857125 1.77732916 1.38341523 1.52878478 0.93858142 7.541714381022e-01 8.703311684588e+00 3.690432219784e+00 5.354135107891e+00 9.317734151377e-01
1 58 1 0.84857125 1.77732916 1.38341523 1.52878478 0.93858142 8.306737110534e-01 7.826238650137e+00 3.209494272649e+00 6.626434365011e+00 9.975613584542e-01
1 59 1 0.84857125 1.77732916 1.38341523 1.52878478 0.93858142 1.168231877497e+00 7.001815509212e+00 3.477709254752e+00 5.993909906218e+00 7.215927346972e-01
1 60 1 0.84857125 1.77732916 1.38341523 1.52878478 0.93858142 1.178538097580e+00 7.477665062062e+00 3.269557246353e+00 6.346779680389e+00 1.060012550545e+00
1 61 1 0.84857125 1.77732916 1.38341523 1.52878478 0.93858142 9.832623983416e-01 8.795099896653e+00 3.243092091369e+00 7.340064753168e+00 1.113237957852e+00
1 62 1 0.84857125 1.77732916 1.38341523 1.52878478 0.93858142 1.200459422881e+00 9.456768142333e+00 3.372778500879e+00 6.358532092456e+00 8.307989014833e-01
1 63 1 0.84857125 1.77732916 1.38341523 1.52878478 0.93858142 1.446222977107e+00 1.043946516454e+01 2.922382759895e+00 7.612466356100e+00 1.198136557021e+00
4 0 1 0.70909995 1.52277379 1.04306342 1.33022737 0.82498765 4.565216559478e-01 1.388406953893e+00 1.349151299755e+00 3.871321944859e+00 6.449619554125e-01
4 1 1 0.70909995 1.52277379 1.04306342 1.33022737 0.82498765 5.121010917649e-01 2.600336288876e+00 1.560726352553e+00 4.087232600873e+00 6.533370822916e-01
4 2 1 0.70909995 1.52277379 1.04306342 1.33022737 0.82498765 6.432953931010e-01 4.386703938967e+00 1.406493717862e+00 3.269317380319e+00 4.405989063252e-01
4 3 1 0.70909995 1.52277379 1.04306342 1.33022737 0.82498765 4.725915683037e-01 6.075701024486e+00 1.329214525320e+00 3.818162686114e+00 6.168651442825e-01
4 4 1 0.70909995 1.52277379 1.04306342 1.33022737 0.82498765 3.242330617466e-01 7.445259124441e+00 1.220992243344e+00 3.313065765519e+00 5.334494760855e-01
4 5 1 0.70909995 1.52277379 1.04306342 1.33022737 0.82498765 4.228078804019e-01 9.413635734314e+00 9.469311485484e-01 3.115283114143e+00 3.993861110813e-01
4 6 1 0.70909995 1.52277379 1.04306342 1.33022737 0.82498765 4.303388943414e-01 1.131927278723e+01 1.060659525508e+00 3.467414109250e+00 5.821019172821e-01
4 7 1 0.70909995 1.52277379 1.04306342 1.33022737 0.82498765 2.655816766204e-01 1.210804824730e+01 9.700165709014e-01 2.728255445231e+00 4.329523534133e-01
4 8 1 0.70909995 1.52277379 1.04306342 1.33022737 0.82498765 2.097178763380e-01 1.232219885700e+01 1.147310797281e+00 3.114857771481e+00 3.917658089393e-01
4 9 1 0.70909995 1.52277379 1.04306342 1.33022737 0.82498765 2.565406115615e-01 1.270635362345e+01 1.266661941298e+00 2.853259931325e+00 5.340203569479e-01
4 10 1 0.70909995 1.52277379 1.04306342 1.33022737 0.82498765 1.999674778810e-01 1.257257236889e+01 1.243172881892e+00 2.534519510660e+00 3.610720121025e-01
4 11 1 0.70909995 1.52277379 1.04306342 1.33022737 0.82498765 1.117295294145e-01 1.140847751599e+01 1.492480248948e+00 2.917718007640e+00 3.787499608409e-01
4 12 1 0.70909995 1.52277379 1.04306342 1.33022737 0.82498765 1.211408633797e-01 1.008447602757e+01 1.277782206534e+00 2.318479458021e+00 4.701518640690e-01
4 13 1 0.70909995 1.52277379 1.04306342 1.33022737 0.82498765 1.398527516673e-01 8.885536883581e+00 1.343591459458e+00 2.541929736921e+00 2.993768634475e-01
4 14 1 0.70909995 1.52277379 1.04306342 1.33022737 0.82498765 9.751732865746e-02 7.273794615353e+00 1.118378903196e+00 2.484775995753e+00 3.729438327593e-01
4 15 1 0.70909995 1.52277379 1.04306342 1.33022737 0.82498765 7.121032626541e-02 5.441043386572e+00 9.905288910284e-01 2.083570969971e+00 4.019051626486e-01
4 16 1 0.70909995 1.52277379 1.04306342 1.33022737 0.82498765 9.307998696438e-02 3.902927565975e+00 1.034074093161e+00 2.480317023723e+00 2.697820358466e-01
4 17 1 0.70909995 1.52277379 1.04306342 1.33022737 0.82498765 1.008104626004e-01 2.729586727375e+00 8.622959597938e-01 2.020939060611e+00 3.707075124094e-01
4 18 1 0.70909995 1.52277379 1.04306342 1.33022737 0.82498765 8.080573967938e-02 1.608047368319e+00 1.068315465355e+00 2.110906688360e+00 3.412100360713e-01
4 19 1 0.70909995 1.52277379 1.04306342 1.33022737 0.82498765 8.768878186479e-02 8.181944180515e-01 1.051826583187e+00 2.197647214406e+00 2.545933339384e-01
4 20 1 0.70909995 1.52277379 1.04306342 1.33022737 0.82498765 1.362873727546e-01 4.617997864273e-01 1.175825945104e+00 1.787225381922e+00 3.567304946674e-01
4 21 1 0.70909995 1.52277379 1.04306342 1.33022737 0.82498765 1.513506706857e-01 5.119085633371e-01 1.290773857048e+00 2.141900297721e+00 2.865969802723e-01
4 22 1 0.70909995 1.52277379 1.04306342 1.33022737 0.82498765 1.202800806201e-01 8.777419589017e-01 1.142385749701e+00 1.837412167144e+00 2.444425446395e-01
4 23 1 0.70909995 1.52277379 1.04306342 1.33022737 0.82498765 1.488338119576e-01 1.455194259597e+00 1.267829088541e+00 1.812740344083e+00 3.462081739242e-01
4 24 1 0.70909995 1.52277379 1.04306342 1.33022737 0.82498765 2.155262156199e-01 2.197614416927e+00 1.015796019815e+00 2.006914500861e+00 2.462890425145e-01
4 25 1 0.70909995 1.52277379 1.04306342 1.33022737 0.82498765 2.009658676935e-01 3.316266212086e+00 1.026647279816e+00 1.630668112305e+00 2.540153990090e-01
4 26 1 0.70909995 1.52277379 1.04306342 1.33022737 0.82498765 1.697946359556e-01 4.494234410769e+00 9.076253884686e-01 1.907367187710e+00 3.335547989969e-01
4 27 1 0.70909995 1.52277379 1.04306342 1.33022737 0.82498765 2.390904452849e-01 5.348357331034e+00 8.261257937795e-01 1.768453314862e+00 2.218527968878e-01
4 28 1 0.70909995 1.52277379 1.04306342 1.33022737 0.82498765 2.896860123497e-01 6.198760563214e+00 1.000935332320e+00 1.649090985859e+00 2.669682151379e-01
4 29 1 0.70909995 1.52277379 1.04306342 1.33022737 0.82498765 2.203429047213e-01 7.198408723380e+00 9.180220906408e-01 1.911275986978e+00 3.065444571481e-01
4 30 1 0.70909995 1.52277379 1.04306342 1.33022737 0.82498765 1.964249981040e-01 7.826650895810e+00 1.138059354992e+00 1.603986403081e+00 2.126963475763e-01
4 31 1 0.70909995 1.52277379 1.04306342 1.33022737 0.82498765 2.780963842661e-01 7.715231471777e+00 1.118570899455e+00 1.781453399582e+00 2.779899984289e-01
4 32 1 0.70909995 1.52277379 1.04306342 1.33022737 0.82498765 2.891105472514e-01 7.784691164195e+00 1.175034453606e+00 1.829344512901e+00 2.917804414877e-01
4 33 1 0.70909995 1.52277379 1.04306342 1.33022737 0.82498765 2.079675915638e-01 7.784016456906e+00 1.271234541544e+00 1.584823663824e+00 2.133238777946e-01
4 34 1 0.70909995 1.52277379 1.04306342 1.33022737 0.82498765 2.260144101436e-01 7.145519757168e+00 1.044645264551e+00 1.956178159599e+00 3.103867977067e-01
4 35 1 0.70909995 1.52277379 1.04306342 1.33022737 0.82498765 2.952655818025e-01 6.077818988389e+00 1.122679301186e+00 1.668634393406e+00 2.753681702086e-01
4 36 1 0.70909995 1.52277379 1.04306342 1.33022737 0.82498765 2.378053431840e-01 5.193375499599e+00 8.967585935971e-01 1.807833973136e+00 2.291680900119e-01
4 37 1 0.70909995 1.52277379 1.04306342 1.33022737 0.82498765 1.595955601492e-01 4.364207563343e+00 9.501308845879e-01 1.973470887575e+00 3.391500720105e-01
4 38 1 0.70909995 1.52277379 1.04306342 1.33022737 0.82498765 1.961867246043e-01 3.180546355153e+00 9.939072937741e-01 1.662683945603e+00 2.543841179398e-01
4 39 1 0.70909995 1.52277379 1.04306342 1.33022737 0.82498765 2.206462856928e-01 2.085617286954e+00 9.396328603622e-01 2.104781880630e+00 2.604096758768e-01
4 40 1 0.70909995 1.52277379 1.04306342 1.33022737 0.82498765 1.522174235025e-01 1.321453055844e+00 1.224257452939e+00 1.860259116418e+00 3.593034567490e-01
4 41 1 0.70909995 1.52277379 1.04306342 1.33022737 0.82498765 1.202818534929e-01 7.934397589637e-01 1.155624680522e+00 1.942978658966e+00 2.542269703514e-01
4 42 1 0.70909995 1.52277379 1.04306342 1.33022737 0.82498765 1.512357444554e-01 5.044618097512e-01 1.380862563509e+00 2.232332871773e+00 3.052600339304e-01
4 43 1 0.70909995 1.52277379 1.04306342 1.33022737 0.82498765 1.360559301190e-01 5.497530131292e-01 1.343822595543e+00 1.875538645758e+00 3.846367832898e-01
4 44 1 0.70909995 1.52277379 1.04306342 1.33022737 0.82498765 8.488001409680e-02 1.001351585318e+00 1.246738620119e+00 2.342627126254e+00 2.646824025026e-01
4 45 1 0.70909995 1.52277379 1.04306342 1.33022737 0.82498765 8.277289746787e-02 1.897679991569e+00 1.316479226749e+00 2.199538806688e+00 3.595170333234e-01
4 46 1 0.70909995 1.52277379 1.04306342 1.33022737 0.82498765 1.148390898436e-01 3.144491952634e+00 1.035671510394e+00 2.174432495627e+00 3.949006493780e-01
4 47 1 0.70909995 1.52277379 1.04306342 1.33022737 0.82498765 1.006215487008e-01 4.491765921927e+00 1.139273192489e+00 2.617764564917e+00 2.819686823634e-01
4 48 1 0.70909995 1.52277379 1.04306342 1.33022737 0.82498765 7.344417909476e-02 6.146953921549e+00 1.012782038044e+00 2.220293415556e+00 4.265327855198e-01
4 49 1 0.70909995 1.52277379 1.04306342 1.33022737 0.82498765 1.060143033827e-01 8.123571863974e+00 1.092932335330e+00 2.658415276444e+00 3.955095938621e-01
4 50 1 0.70909995 1.52277379 1.04306342 1.33022737 0.82498765 1.478512385680e-01 9.792813694149e+00 1.316780049876e+00 2.705902934334e+00 3.316168330918e-01
4 51 1 0.70909995 1.52277379 1.04306342 1.33022737 0.82498765 1.252470944730e-01 1.093186050838e+01 1.254806944311e+00 2.485136365748e+00 5.007596506495e-01
4 52 1 0.70909995 1.52277379 1.04306342 1.33022737 0.82498765 1.318473743520e-01 1.232212148612e+01 1.570155740604e+00 3.134192245854e+00 4.046707901329e-01
4 53 1 0.70909995 1.52277379 1.04306342 1.33022737 0.82498765 2.401172176891e-01 1.353304786829e+01 1.452281487891e+00 2.687823248268e+00 3.951513452616e-01
4 54 1 0.70909995 1.52277379 1.04306342 1.33022737 0.82498765 2.944676885293e-01 1.361333356136e+01 1.553071782547e+00 3.086831026613e+00 5.674456931982e-01
4 55 1 0.70909995 1.52277379 1.04306342 1.33022737 0.82498765 2.375509414201e-01 1.295907412832e+01 1.438644498103e+00 3.323126005751e+00 4.049461957229e-01
4 56 1 0.70909995 1.52277379 1.04306342 1.33022737 0.82498765 2.969002722937e-01 1.261257884976e+01 1.181972715055e+00 2.930568963008e+00 4.782509364342e-01
4 57 1 0.70909995 1.52277379 1.04306342 1.33022737 0.82498765 4.650341263342e-01 1.171222250149e+01 1.231872354034e+00 3.722315294968e+00 6.190511455693e-01
4 58 1 0.70909995 1.52277379 1.04306342 1.33022737 0.82498765 4.428037647426e-01 9.585689523688e+00 1.021044850916e+00 3.333759530293e+00 4.267644736402e-01
4 59 1 0.70909995 1.52277379 1.04306342 1.33022737 0.82498765 3.524163226369e-01 7.531396599396e+00 1.211853470905e+00 3.571799524422e+00 5.902768677049e-01
4 60 1 0.70909995 1.52277379 1.04306342 1.33022737 0.82498765 5.341748873015e-01 6.000654294453e+00 1.254543073041e+00 4.088725792700e+00 6.630175748105e-01
4 61 1 0.70909995 1.52277379 1.04306342 1.33022737 0.82498765 6.984558404988e-01 4.263249079500e+00 1.347328991380e+00 3.497548900597e+00 4.741049534133e-01
4 62 1 0.70909995 1.52277379 1.04306342 1.33022737 0.82498765 5.486896549187e-01 2.456810756632e+00 1.646016808176e+00 4.412319369635e+00 7.014223042103e-01
4 63 1 0.70909995 1.52277379 1.04306342 1.33022737 0.82498765 4.975572497937e-01 1.303852858835e+00 1.532227530132e+00 4.117930799580e+00 6.835255776065e-01
6 0 1 0.62847174 3.53292089 1.40066805 0.92710477 0.66574206 3.472656183423e-01 2.172059562421e+02 3.663258348763e+00 8.777900536098e-01 3.122654602056e-01
6 1 1 0.62847174 3.53292089 1.40066805 0.92710477 0.66574206 2.366447536488e-01 2.238225805542e+02 3.623879109242e+00 1.133647692269e+00 2.095546419734e-01
6 2 1 0.62847174 3.53292089 1.40066805 0.92710477 0.66574206 1.877083106359e-01 2.267801381836e+02 3.684171181289e+00 1.175978465429e+00 1.541067955161e-01
6 3 1 0.62847174 3.53292089 1.40066805 0.92710477 0.66574206 2.126182041432e-01 2.267733472674e+02 3.837080224541e+00 9.602752845238e-01 1.782378463733e-01
6 4 1 0.62847174 3.53292089 1.40066805 0.92710477 0.66574206 2.812401726233e-01 2.230855731253e+02 4.011240995890e+00 6.518473830364e-01 2.405416613536e-01
6 5 1 0.62847174 3.53292089 1.40066805 0.92710477 0.66574206 3.416606599709e-01 2.166414874990e+02 4.165907932394e+00 5.519958210814e-01 2.863975851043e-01
6 6 1 0.62847174 3.53292089 1.40066805 0.92710477 0.66574206 3.545550097319e-01 2.068371256535e+02 4.304325494277e+00 7.120936062763e-01 2.778112458581e-01
6 7 1 0.62847174 3.53292089 1.40066805 0.92710477 0.66574206 3.083243900646e-01 1.940880949455e+02 4.416558485151e+00 9.243574666927e-01 2.125327192069e-01
6 8 1 0.62847174 3.53292089 1.40066805 0.92710477 0.66574206 2.294150449349e-01 1.783714527550e+02 4.473572181029e+00 9.437782446058e-01 1.393341390981e-01
6 9 1 0.62847174 3.53292089 1.40066805 0.92710477 0.66574206 1.546493559445e-01 1.614904662730e+02 4.454074199896e+00 7.441545668749e-01 1.211486356985e-01
6 10 1 0.62847174 3.53292089 1.40066805 0.92710477 0.66574206 1.059487194649e-01 1.434104066098e+02 4.351372203232e+00 5.050836034919e-01 1.641050469088e-01
6 11 1 0.62847174 3.53292089 1.40066805 0.92710477 0.66574206 8.443872097904e-02 1.250077255345e+02 4.197534128008e+00 4.620786327187e-01 2.150084824225e-01
6 12 1 0.62847174 3.53292089 1.40066805 0.92710477 0.66574206 7.705017625962e-02 1.071390998247e+02 4.024833440653e+00 5.895638663304e-01 2.307501707853e-01
6 13 1 0.62847174 3.53292089 1.40066805 0.92710477 0.66574206 7.399911610441e-02 9.041329556357e+01 3.790392162108e+00 7.520909000003e-01 1.959891911168e-01
6 14 1 0.62847174 3.53292089 1.40066805 0.92710477 0.66574206 6.891835110094e-02 7.638697758674e+01 3.489743204880e+00 7.605368257689e-01 1.351919309924e-01
6 15 1 0.62847174 3.53292089 1.40066805 0.92710477 0.66574206 6.116350971850e-02 6.461414839360e+01 3.208394029787e+00 5.907687616597e-01 9.553350124335e-02
6 16 1 0.62847174 3.53292089 1.40066805 0.92710477 0.66574206 5.262593239881e-02 5.598707529249e+01 2.939956530346e+00 4.045031007348e-01 1.085249705815e-01
6 17 1 0.62847174 3.53292089 1.40066805 0.92710477 0.66574206 4.550797868230e-02 5.024166518539e+01 2.635782832571e+00 3.831003375730e-01 1.568544102582e-01
6 18 1 0.62847174 3.53292089 1.40066805 0.92710477 0.66574206 4.312015919667e-02 4.793617206420e+01 2.373742994164e+00 4.961892991438e-01 1.925392460767e-01
6 19 1 0.62847174 3.53292089 1.40066805 0.92710477 0.66574206 4.783004547115e-02 4.864068062293e+01 2.204555346409e+00 6.341101676570e-01 1.831997102521e-01
6 20 1 0.62847174 3.53292089 1.40066805 0.92710477 0.66574206 6.290445899856e-02 5.200280051452e+01 2.073151508373e+00 6.391492967195e-01 1.348835046423e-01
6 21 1 0.62847174 3.53292089 1.40066805 0.92710477 0.66574206 8.610146104620e-02 5.778495842998e+01 1.988227438292e+00 4.934191931338e-01 8.799223597021e-02
6 22 1 0.62847174 3.53292089 1.40066805 0.92710477 0.66574206 1.105184480085e-01 6.541683638160e+01 1.987670683695e+00 3.392036772558e-01 7.989802498364e-02
6 23 1 0.62847174 3.53292089 1.40066805 0.92710477 0.66574206 1.259430380898e-01 7.465957257232e+01 2.028817649312e+00 3.275047515632e-01 1.111588424869e-01
6 24 1 0.62847174 3.53292089 1.40066805 0.92710477 0.66574206 1.244640962421e-01 8.460419299768e+01 2.096891491743e+00 4.447458561684e-01 1.511637435316e-01
6 25 1 0.62847174 3.53292089 1.40066805 0.92710477 0.66574206 1.083949693961e-01 9.472974175059e+01 2.227965670308e+00 5.620031338406e-01 1.673360181282e-01
6 26 1 0.62847174 3.53292089 1.40066805 0.92710477 0.66574206 8.882806302629e-02 1.042036186228e+02 2.375131277522e+00 5.662133770255e-01 1.422051781967e-01
6 27 1 0.62847174 3.53292089 1.40066805 0.92710477 0.66574206 8.419070555390e-02 1.131802087665e+02 2.485966338570e+00 4.398375418676e-01 9.797155735303e-02
6 28 1 0.62847174 3.53292089 1.40066805 0.92710477 0.66574206 1.057546307541e-01 1.206749337300e+02 2.620330838808e+00 3.046891580920e-01 7.471936404035e-02
6 29 1 0.62847174 3.53292089 1.40066805 0.92710477 0.66574206 1.504693109619e-01 1.265802317093e+02 2.770988202488e+00 3.146564299763e-01 8.807303868202e-02
6 30 1 0.62847174 3.53292089 1.40066805 0.92710477 0.66574206 2.023352226858e-01 1.305425923721e+02 2.833125782073e+00 4.333510612771e-01 1.186349694024e-01
6 31 1 0.62847174 3.53292089 1.40066805 0.92710477 0.66574206 2.386150282987e-01 1.322249934866e+02 2.860780817919e+00 5.257378261431e-01 1.443692982725e-01
6 32 1 0.62847174 3.53292089 1.40066805 0.92710477 0.66574206 2.435624577616e-01 1.326500314117e+02 2.943047409567e+00 5.459949771871e-01 1.519509687087e-01
6 33 1 0.62847174 3.53292089 1.40066805 0.92710477 0.66574206 2.121887940750e-01 1.304352399133e+02 2.963270889555e+00 4.343060030503e-01 1.270094453947e-01
6 34 1 0.62847174 3.53292089 1.40066805 0.92710477 0.66574206 1.584001801640e-01 1.265836636742e+02 2.867000453180e+00 3.042683615843e-01 8.624441123429e-02
6 35 1 0.62847174 3.53292089 1.40066805 0.92710477 0.66574206 1.082577022241e-01 1.204258047152e+02 2.781693750322e+00 3.217083355767e-01 7.313362356967e-02
6 36 1 0.62847174 3.53292089 1.40066805 0.92710477 0.66574206 8.241356744277e-02 1.130147793390e+02 2.706600328469e+00 4.623252951828e-01 1.051882750580e-01
6 37 1 0.62847174 3.53292089 1.40066805 0.92710477 0.66574206 8.627481540872e-02 1.042026094587e+02 2.553708202378e+00 5.746418532719e-01 1.509061635755e-01
6 38 1 0.62847174 3.53292089 1.40066805 0.92710477 0.66574206 1.061995911720e-01 9.466078987622e+01 2.390231641267e+00 5.769750706068e-01 1.712877245457e-01
6 39 1 0.62847174 3.53292089 1.40066805 0.92710477 0.66574206 1.240128851171e-01 8.434041683561e+01 2.288880233831e+00 4.489136760893e-01 1.520875674242e-01
6 40 1 0.62847174 3.53292089 1.40066805 0.92710477 0.66574206 1.261290002633e-01 7.456406084701e+01 2.200017387158e+00 3.362382629710e-01 1.097903721074e-01
6 41 1 0.62847174 3.53292089 1.40066805 0.92710477 0.66574206 1.102474979944e-01 6.565724558547e+01 2.123328374991e+00 3.656820844081e-01 8.141514876401e-02
6 42 1 0.62847174 3.53292089 1.40066805 0.92710477 0.66574206 8.556485364199e-02 5.827624619003e+01 2.123659897476e+00 5.344236132111e-01 9.894992910700e-02
6 43 1 0.62847174 3.53292089 1.40066805 0.92710477 0.66574206 6.254695263465e-02 5.308252168407e+01 2.182928105157e+00 6.680870689297e-01 1.516924086071e-01
6 44 1 0.62847174 3.53292089 1.40066805 0.92710477 0.66574206 4.899984799153e-02 5.010210899589e+01 2.280976873088e+00 6.602185560341e-01 1.961316735542e-01
6 45 1 0.62847174 3.53292089 1.40066805 0.92710477 0.66574206 4.491273284859e-02 5.044141330361e+01 2.474043850260e+00 5.201885062156e-01 1.985014460929e-01
6 46 1 0.62847174 3.53292089 1.40066805 0.92710477 0.66574206 4.819514116558e-02 5.393475811044e+01 2.729449452709e+00 3.934476906767e-01 1.568463768783e-01
6 47 1 0.62847174 3.53292089 1.40066805 0.92710477 0.66574206 5.673619988983e-02 6.069772154517e+01 2.968117361177e+00 4.376412397647e-01 1.113164569655e-01
6 48 1 0.62847174 3.53292089 1.40066805 0.92710477 0.66574206 6.778140169427e-02 7.082889886805e+01 3.255306014604e+00 6.491013617973e-01 1.044317680007e-01
6 49 1 0.62847174 3.53292089 1.40066805 0.92710477 0.66574206 7.847994938903e-02 8.378987412906e+01 3.621133851497e+00 8.148574640159e-01 1.475003870989e-01
6 50 1 0.62847174 3.53292089 1.40066805 0.92710477 0.66574206 8.368300071504e-02 9.990258279835e+01 3.947864485642e+00 7.998712288755e-01 2.104937274618e-01
6 51 1 0.62847174 3.53292089 1.40066805 0.92710477 0.66574206 8.390418978452e-02 1.179487562902e+02 4.225490099661e+00 6.270426372975e-01 2.491541791516e-01
6 52 1 0.62847174 3.53292089 1.40066805 0.92710477 0.66574206 8.761898605201e-02 1.372433058553e+02 4.533021354708e+00 4.765090085812e-01 2.321626991988e-01
6 53 1 0.62847174 3.53292089 1.40066805 0.92710477 0.66574206 1.142015734617e-01 1.566056782005e+02 4.808044898254e+00 5.536906514673e-01 1.715304649405e-01
6 54 1 0.62847174 3.53292089 1.40066805 0.92710477 0.66574206 1.782208466839e-01 1.761307864911e+02 4.953191161603e+00 8.133866188134e-01 1.293783739435e-01
6 55 1 0.62847174 3.53292089 1.40066805 0.92710477 0.66574206 2.699353406253e-01 1.937967089794e+02 4.998218325661e+00 1.015605530997e+00 1.533442889739e-01
6 56 1 0.62847174 3.53292089 1.40066805 0.92710477 0.66574206 3.564876473277e-01 2.099640230700e+02 4.998512323071e+00 9.764296774632e-01 2.253365621508e-01
6 57 1 0.62847174 3.53292089 1.40066805 0.92710477 0.66574206 3.958803682227e-01 2.220979510675e+02 4.937005754408e+00 7.529493550866e-01 2.927655705217e-01
6 58 1 0.62847174 3.53292089 1.40066805 0.92710477 0.66574206 3.710862924731e-01 2.318273999372e+02 4.790032153724e+00 5.936400739623e-01 3.122272602386e-01
6 59 1 0.62847174 3.53292089 1.40066805 0.92710477 0.66574206 2.974943058144e-01 2.380352440591e+02 4.590266044545e+00 7.234125845291e-01 2.628220497722e-01
6 60 1 0.62847174 3.53292089 1.40066805 0.92710477 0.66574206 2.209209552718e-01 2.406835312591e+02 4.391927639982e+00 1.021803600595e+00 1.859334886123e-01
6 61 1 0.62847174 3.53292089 1.40066805 0.92710477 0.66574206 1.986151058074e-01 2.396239828792e+02 4.238745312834e+00 1.262315980694e+00 1.629641271101e-01
6 62 1 0.62847174 3.53292089 1.40066805 0.92710477 0.66574206 2.578234430187e-01 2.349623924647e+02 4.147746367032e+00 1.208199338635e+00 2.354095084329e-01
6 63 1 0.62847174 3.53292089 1.40066805 0.92710477 0.66574206 3.805823354818e-01 2.276668943854e+02 4.115136293412e+00 9.230200057604e-01 3.453859337276e-01
9 0 1 2.06785396 0.52896919 0.64600165 0.78414104 1.05451371 5.927923102843e-03 8.067402120273e-02 1.568426561877e-02 5.727965302502e-04 6.055229299858e-04
9 1 1 2.06785396 0.52896919 0.64600165 0.78414104 1.05451371 5.647129743081e-03 7.421660077425e-02 1.541012473539e-02 6.398356660946e-04 3.378776608428e-04
9 2 1 2.06785396 0.52896919 0.64600165 0.78414104 1.05451371 7.125488084167e-03 6.821238001530e-02 1.485284063161e-02 5.902363772542e-04 6.954351988632e-04
9 3 1 2.06785396 0.52896919 0.64600165 0.78414104 1.05451371 5.061871698768e-03 6.269223879322e-02 1.416860818789e-02 4.847047443402e-04 5.758820148223e-04
9 4 1 2.06785396 0.52896919 0.64600165 0.78414104 1.05451371 4.981452667247e-03 5.769259346516e-02 1.331872069157e-02 2.754807401662e-04 3.615168209328e-04
9 5 1 2.06785396 0.52896919 0.64600165 0.78414104 1.05451371 6.088008102663e-03 5.324572928396e-02 1.234789263555e-02 3.709019878391e-04 5.227290237872e-04
9 6 1 2.06785396 0.52896919 0.64600165 0.78414104 1.05451371 4.848050445399e-03 4.936673184218e-02 1.139669498914e-02 4.623735246575e-04 4.631135430411e-04
9 7 1 2.06785396 0.52896919 0.64600165 0.78414104 1.05451371 4.622896863486e-03 4.604521809987e-02 1.041683322749e-02 6.579809862746e-04 3.734731858589e-04
9 8 1 2.06785396 0.52896919 0.64600165 0.78414104 1.05451371 4.895563108733e-03 4.324681526114e-02 9.527127369974e-03 6.051377007469e-04 4.277700566125e-04
9 9 1 2.06785396 0.52896919 0.64600165 0.78414104 1.05451371 4.445704516602e-03 4.092361335224e-02 8.782090726579e-03 3.928588970523e-04 4.677312469189e-04
9 10 1 2.06785396 0.52896919 0.64600165 0.78414104 1.05451371 4.455928329567e-03 3.902795800696e-02 8.152225724270e-03 2.231728726842e-04 3.494493190050e-04
9 11 1 2.06785396 0.52896919 0.64600165 0.78414104 1.05451371 4.146945262155e-03 3.752253807515e-02 7.744626012874e-03 2.216722469327e-04 2.865640929187e-04
9 12 1 2.06785396 0.52896919 0.64600165 0.78414104 1.05451371 3.808986771687e-03 3.638225022427e-02 7.508225888610e-03 4.017607794983e-04 4.252083369773e-04
9 13 1 2.06785396 0.52896919 0.64600165 0.78414104 1.05451371 4.473694787854e-03 3.558809804323e-02 7.430765018788e-03 4.585946465265e-04 4.563297388867e-04
9 14 1 2.06785396 0.52896919 0.64600165 0.78414104 1.05451371 3.459543289321e-03 3.511763296230e-02 7.533340681166e-03 4.734832543389e-04 3.036949992949e-04
9 15 1 2.06785396 0.52896919 0.64600165 0.78414104 1.05451371 3.382882685953e-03 3.493790703299e-02 7.699383174523e-03 3.430711566500e-04 1.950075873010e-04
9 16 1 2.06785396 0.52896919 0.64600165 0.78414104 1.05451371 4.455843836839e-03 3.500501322918e-02 7.935172973368e-03 2.253122128569e-04 4.303893849008e-04
9 17 1 2.06785396 0.52896919 0.64600165 0.78414104 1.05451371 2.906169467791e-03 3.527032516063e-02 8.184125129022e-03 2.168704941140e-04 4.960396719448e-04
9 18 1 2.06785396 0.52896919 0.64600165 0.78414104 1.05451371 3.177490943446e-03 3.568981404980e-02 8.356605792649e-03 3.078207312734e-04 1.543151691175e-04
9 19 1 2.06785396 0.52896919 0.64600165 0.78414104 1.05451371 3.625837505533e-03 3.623131192118e-02 8.489070919219e-03 2.505503264785e-04 2.681191688709e-04
9 20 1 2.06785396 0.52896919 0.64600165 0.78414104 1.05451371 3.269141184292e-03 3.687595759398e-02 8.504641359742e-03 3.153413640832e-04 3.943105680056e-04
9 21 1 2.06785396 0.52896919 0.64600165 0.78414104 1.05451371 2.781510859301e-03 3.761337548719e-02 8.397220725241e-03 2.694668188169e-04 2.155435871589e-04
9 22 1 2.06785396 0.52896919 0.64600165 0.78414104 1.05451371 2.720503072090e-03 3.843350088647e-02 8.212410645406e-03 2.879672556670e-04 3.509295614784e-04
9 23 1 2.06785396 0.52896919 0.64600165 0.78414104 1.05451371 3.954281397135e-03 3.931959085048e-02 7.892098373569e-03 2.713684536847e-04 2.163003456172e-04
9 24 1 2.06785396 0.52896919 0.64600165 0.78414104 1.05451371 2.259672390912e-03 4.024609365226e-02 7.499941535298e-03 2.563198169282e-04 1.840801263061e-04
9 25 1 2.06785396 0.52896919 0.64600165 0.78414104 1.05451371 2.934069445380e-03 4.118228879198e-02 7.059767135355e-03 1.502544277165e-04 4.708765366249e-04
9 26 1 2.06785396 0.52896919 0.64600165 0.78414104 1.05451371 2.915706988692e-03 4.209949908862e-02 6.556326313281e-03 1.829743885129e-04 2.243742896285e-04
9 27 1 2.06785396 0.52896919 0.64600165 0.78414104 1.05451371 2.850026073365e-03 4.297785289168e-02 6.082067101627e-03 2.297115374105e-04 2.132535581818e-04
9 28 1 2.06785396 0.52896919 0.64600165 0.78414104 1.05451371 3.137380167702e-03 4.380892674052e-02 5.633565492092e-03 3.643594585605e-04 2.125156282219e-04
9 29 1 2.06785396 0.52896919 0.64600165 0.78414104 1.05451371 1.672140670592e-03 4.459286076449e-02 5.243869798007e-03 2.963951001202e-04 2.223429449789e-04
9 30 1 2.06785396 0.52896919 0.64600165 0.78414104 1.05451371 4.628736601304e-03 4.533148400412e-02 4.981993230769e-03 2.705732546842e-04 5.900167845321e-04
9 31 1 2.06785396 0.52896919 0.64600165 0.78414104 1.05451371 2.294548178589e-03 4.602108506155e-02 4.819335632730e-03 1.384489270806e-04 1.903998986211e-04
9 32 1 2.06785396 0.52896919 0.64600165 0.78414104 1.05451371 2.348610499079e-03 4.664865668841e-02 4.805652612261e-03 1.249520191082e-04 1.960943067034e-04
9 33 1 2.06785396 0.52896919 0.64600165 0.78414104 1.05451371 4.627522927411e-03 4.719365613227e-02 4.938952469449e-03 2.556113412872e-04 5.882628417740e-04
9 34 1 2.06785396 0.52896919 0.64600165 0.78414104 1.05451371 1.696179397964e-03 4.763448192902e-02 5.175745401469e-03 2.840271484452e-04 2.220337751374e-04
9 35 1 2.06785396 0.52896919 0.64600165 0.78414104 1.05451371 3.200204926774e-03 4.795642800214e-02 5.546390449821e-03 3.692025030991e-04 2.189832241212e-04
9 36 1 2.06785396 0.52896919 0.64600165 0.78414104 1.05451371 2.900012282972e-03 4.815709728449e-02 5.979605433839e-03 2.365314842236e-04 2.136099212227e-04
9 37 1 2.06785396 0.52896919 0.64600165 0.78414104 1.05451371 3.019867360401e-03 4.824657022436e-02 6.450690577010e-03 1.863827312374e-04 2.332017472762e-04
9 38 1 2.06785396 0.52896919 0.64600165 0.78414104 1.05451371 3.000494762424e-03 4.824239477680e-02 6.958490656605e-03 1.391741954181e-04 4.792591792121e-04
9 39 1 2.06785396 0.52896919 0.64600165 0.78414104 1.05451371 2.379277124192e-03 4.816228457238e-02 7.410088190708e-03 2.415554294012e-04 1.912237632402e-04
9 40 1 2.06785396 0.52896919 0.64600165 0.78414104 1.05451371 4.085147722907e-03 4.801878834963e-02 7.824361340534e-03 2.572316413795e-04 2.248481512932e-04
9 41 1 2.06785396 0.52896919 0.64600165 0.78414104 1.05451371 2.854991929426e-03 4.781932194974e-02 8.165389543857e-03 2.788439199951e-04 3.591625376371e-04
9 42 1 2.06785396 0.52896919 0.64600165 0.78414104 1.05451371 2.927148666348e-03 4.757218094003e-02 8.370837580819e-03 2.584065857664e-04 2.281708583568e-04
9 43 1 2.06785396 0.52896919 0.64600165 0.78414104 1.05451371 3.429536815422e-03 4.729586669008e-02 8.495596338291e-03 3.050806409144e-04 4.126442594957e-04
9 44 1 2.06785396 0.52896919 0.64600165 0.78414104 1.05451371 3.841173264901e-03 4.702702180581e-02 8.482771310727e-03 2.407559095072e-04 2.811815871405e-04
9 45 1 2.06785396 0.52896919 0.64600165 0.78414104 1.05451371 3.361273997839e-03 4.682268569572e-02 8.346262191435e-03 2.981074658251e-04 1.611927021348e-04
9 46 1 2.06785396 0.52896919 0.64600165 0.78414104 1.05451371 3.097761108833e-03 4.675538863512e-02 8.157618058684e-03 2.073169662783e-04 5.248322900305e-04
9 47 1 2.06785396 0.52896919 0.64600165 0.78414104 1.05451371 4.711932271180e-03 4.690340757340e-02 7.879721335432e-03 2.024879378373e-04 4.585993359603e-04
9 48 1 2.06785396 0.52896919 0.64600165 0.78414104 1.05451371 3.631913154637e-03 4.734124122045e-02 7.613576449916e-03 3.158914464161e-04 2.046522427725e-04
9 49 1 2.06785396 0.52896919 0.64600165 0.78414104 1.05451371 3.684434422872e-03 4.813539146456e-02 7.408377333884e-03 4.480568359925e-04 3.224148887561e-04
9 50 1 2.06785396 0.52896919 0.64600165 0.78414104 1.05451371 4.766259956703e-03 4.934763085515e-02 7.265815393097e-03 4.491393300167e-04 4.858727573562e-04
9 51 1 2.06785396 0.52896919 0.64600165 0.78414104 1.05451371 4.104328335193e-03 5.104352505288e-02 7.305638930530e-03 3.953480333041e-04 4.502784706712e-04
9 52 1 2.06785396 0.52896919 0.64600165 0.78414104 1.05451371 4.427796935791e-03 5.330049548535e-02 7.498639398128e-03 2.138481494210e-04 3.046635588253e-04
9 53 1 2.06785396 0.52896919 0.64600165 0.78414104 1.05451371 4.783179122914e-03 5.620926750343e-02 7.869437721431e-03 1.929048559719e-04 3.730948995008e-04
9 54 1 2.06785396 0.52896919 0.64600165 0.78414104 1.05451371 4.770024945993e-03 5.986569509462e-02 8.461945368373e-03 3.574226603381e-04 4.972360609365e-04
9 55 1 2.06785396 0.52896919 0.64600165 0.78414104 1.05451371 5.257596145494e-03 6.435518382245e-02 9.170789400593e-03 5.707190868981e-04 4.562214382650e-04
9 56 1 2.06785396 0.52896919 0.64600165 0.78414104 1.05451371 4.971224563036e-03 6.973638593394e-02 1.003769474418e-02 6.425148843286e-04 3.963623426117e-04
9 57 1 2.06785396 0.52896919 0.64600165 0.78414104 1.05451371 5.188107862579e-03 7.603183789352e-02 1.099453657951e-02 4.479907665973e-04 4.949203327282e-04
9 58 1 2.06785396 0.52896919 0.64600165 0.78414104 1.05451371 6.569793855990e-03 8.322985107689e-02 1.193522469948e-02 3.557205993834e-04 5.561119783950e-04
9 59 1 2.06785396 0.52896919 0.64600165 0.78414104 1.05451371 5.337900587165e-03 9.129583016199e-02 1.290579749206e-02 2.426568291323e-04 3.835118879664e-04
9 60 1 2.06785396 0.52896919 0.64600165 0.78414104 1.05451371 5.430246587111e-03 1.001856458080e-01 1.374898504703e-02 4.492660395471e-04 6.168595704422e-04
9 61 1 2.06785396 0.52896919 0.64600165 0.78414104 1.05451371 7.680692285417e-03 1.098520631796e-01 1.443578319010e-02 5.515607724303e-04 7.400282931673e-04
9 62 1 2.06785396 0.52896919 0.64600165 0.78414104 1.05451371 6.037515358789e-03 1.202388566149e-01 1.498506710547e-02 6.085221798481e-04 3.603129652012e-04
9 63 1 2.06785396 0.52896919 0.64600165 0.78414104 1.05451371 6.373198885676e-03 1.312644729389e-01 1.523770967060e-02 5.443715819677e-04 6.417798935687e-04
13 0 1 0.81117716 2.71544118 2.15176487 1.15970682 0.82062481 1.059026876728e+00 5.977096722635e+01 1.892364091157e+01 2.123833557606e+00 6.472648902277e-01
13 1 1 0.81117716 2.71544118 2.15176487 1.15970682 0.82062481 1.072246793730e+00 6.393984445496e+01 1.905296965159e+01 2.730542155987e+00 4.238026446776e-01
13 2 1 0.81117716 2.71544118 2.15176487 1.15970682 0.82062481 7.917693728869e-01 6.669353204267e+01 1.909458391830e+01 2.363748313207e+00 4.337691177468e-01
13 3 1 0.81117716 2.71544118 2.15176487 1.15970682 0.82062481 6.673095763576e-01 6.916255848788e+01 1.915163941746e+01 1.719190107442e+00 6.272950738227e-01
13 4 1 0.81117716 2.71544118 2.15176487 1.15970682 0.82062481 9.403300127986e-01 7.141864679021e+01 1.928072293471e+01 1.682349261826e+00 6.649238974015e-01
13 5 1 0.81117716 2.71544118 2.15176487 1.15970682 0.82062481 1.188063293932e+00 7.327708099086e+01 1.932692007923e+01 2.200309573331e+00 4.800589516569e-01
13 6 1 0.81117716 2.71544118 2.15176487 1.15970682 0.82062481 9.691212993013e-01 7.225265952407e+01 1.925226096350e+01 2.202522185034e+00 3.325400137196e-01
13 7 1 0.81117716 2.71544118 2.15176487 1.15970682 0.82062481 5.265798771528e-01 6.928136670533e+01 1.923124254867e+01 1.604517984041e+00 4.238777042109e-01
13 8 1 0.81117716 2.71544118 2.15176487 1.15970682 0.82062481 3.658967507510e-01 6.612513787884e+01 1.945428030827e+01 1.376825012684e+00 5.607642525416e-01
13 9 1 0.81117716 2.71544118 2.15176487 1.15970682 0.82062481 4.702821682892e-01 6.278483619359e+01 1.962048884980e+01 1.728628736585e+00 5.077125549965e-01
13 10 1 0.81117716 2.71544118 2.15176487 1.15970682 0.82062481 4.790641945126e-01 5.906727375734e+01 1.954192374356e+01 1.986421477870e+00 3.327269351950e-01
13 11 1 0.81117716 2.71544118 2.15176487 1.15970682 0.82062481 3.134946370923e-01 5.341717311366e+01 1.943106166716e+01 1.529733247823e+00 2.933601271455e-01
13 12 1 0.81117716 2.71544118 2.15176487 1.15970682 0.82062481 1.791731163600e-01 4.713025994470e+01 1.953175373183e+01 1.177697819440e+00 4.091970474557e-01
13 13 1 0.81117716 2.71544118 2.15176487 1.15970682 0.82062481 1.520643278228e-01 4.188408962838e+01 1.974958104113e+01 1.363959405813e+00 4.744813374238e-01
13 14 1 0.81117716 2.71544118 2.15176487 1.15970682 0.82062481 1.423363170945e-01 3.699637290606e+01 1.963681707252e+01 1.716581892317e+00 3.777317666043e-01
13 15 1 0.81117716 2.71544118 2.15176487 1.15970682 0.82062481 1.438204748758e-01 3.243152659935e+01 1.932923275785e+01 1.469098980993e+00 2.608858538598e-01
13 16 1 0.81117716 2.71544118 2.15176487 1.15970682 0.82062481 1.886515848372e-01 2.798797264146e+01 1.921415637433e+01 1.073254447611e+00 2.836175425408e-01
13 17 1 0.81117716 2.71544118 2.15176487 1.15970682 0.82062481 2.022625211692e-01 2.469434072895e+01 1.919723236902e+01 1.094065763304e+00 3.899749301396e-01
13 18 1 0.81117716 2.71544118 2.15176487 1.15970682 0.82062481 1.388965666169e-01 2.291984342936e+01 1.908833170579e+01 1.441900307120e+00 3.985492902673e-01
13 19 1 0.81117716 2.71544118 2.15176487 1.15970682 0.82062481 1.252593114903e-01 2.198450308309e+01 1.892469056970e+01 1.419291857677e+00 2.786516165146e-01
13 20 1 0.81117716 2.71544118 2.15176487 1.15970682 0.82062481 2.474236562177e-01 2.176394365949e+01 1.885321054345e+01 1.016870763454e+00 2.069405920719e-01
13 21 1 0.81117716 2.71544118 2.15176487 1.15970682 0.82062481 3.427449470513e-01 2.194455642259e+01 1.882980583412e+01 9.357113364336e-01 2.826172886803e-01
13 22 1 0.81117716 2.71544118 2.15176487 1.15970682 0.82062481 2.579258650294e-01 2.308626761807e+01 1.874588841960e+01 1.201718211208e+00 3.748369040938e-01
13 23 1 0.81117716 2.71544118 2.15176487 1.15970682 0.82062481 1.327241914893e-01 2.515497063594e+01 1.864693479679e+01 1.334863871716e+00 3.257224177965e-01
13 24 1 0.81117716 2.71544118 2.15176487 1.15970682 0.82062481 1.871341191063e-01 2.785895542943e+01 1.865561614560e+01 1.035398734184e+00 2.148848408082e-01
13 25 1 0.81117716 2.71544118 2.15176487 1.15970682 0.82062481 3.564069041815e-01 3.045824412215e+01 1.864049485733e+01 8.518961169333e-01 2.069771526947e-01
13 26 1 0.81117716 2.71544118 2.15176487 1.15970682 0.82062481 4.050417614652e-01 3.238760417362e+01 1.843959658916e+01 1.014296169637e+00 3.016385632094e-01
13 27 1 0.81117716 2.71544118 2.15176487 1.15970682 0.82062481 3.251078797117e-01 3.459540191546e+01 1.833314098178e+01 1.257783026201e+00 3.391749123898e-01
13 28 1 0.81117716 2.71544118 2.15176487 1.15970682 0.82062481 3.125448233095e-01 3.711244882146e+01 1.844648916629e+01 1.086228968755e+00 2.685837186761e-01
13 29 1 0.81117716 2.71544118 2.15176487 1.15970682 0.82062481 4.197179468567e-01 3.910268759865e+01 1.850860172357e+01 8.485702033085e-01 1.931754865519e-01
13 30 1 0.81117716 2.71544118 2.15176487 1.15970682 0.82062481 5.089209401459e-01 4.013757576514e+01 1.833483008525e+01 8.997460933315e-01 2.225143903306e-01
13 31 1 0.81117716 2.71544118 2.15176487 1.15970682 0.82062481 5.256038458651e-01 3.986706360612e+01 1.823598541981e+01 1.160085262096e+00 3.045717374500e-01
13 32 1 0.81117716 2.71544118 2.15176487 1.15970682 0.82062481 5.429157661871e-01 4.021028443953e+01 1.854416462989e+01 1.195441017482e+00 3.178415872881e-01
13 33 1 0.81117716 2.71544118 2.15176487 1.15970682 0.82062481 5.379367444094e-01 4.032328746407e+01 1.883657374581e+01 9.137123278745e-01 2.372230418058e-01
13 34 1 0.81117716 2.71544118 2.15176487 1.15970682 0.82062481 4.325173817167e-01 3.942221671340e+01 1.884581584082e+01 8.340511900948e-01 1.951217964885e-01
13 35 1 0.81117716 2.71544118 2.15176487 1.15970682 0.82062481 3.107816184548e-01 3.739498662874e+01 1.885972443512e+01 1.115221080997e+00 2.684271063064e-01
13 36 1 0.81117716 2.71544118 2.15176487 1.15970682 0.82062481 3.241784438611e-01 3.467381792899e+01 1.905128244000e+01 1.312070058765e+00 3.507355148063e-01
13 37 1 0.81117716 2.71544118 2.15176487 1.15970682 0.82062481 4.099953304213e-01 3.248195641496e+01 1.932899726542e+01 1.036087535764e+00 3.059331557649e-01
13 38 1 0.81117716 2.71544118 2.15176487 1.15970682 0.82062481 3.573839344275e-01 3.041143685002e+01 1.942685487560e+01 8.608579695292e-01 2.096188150167e-01
13 39 1 0.81117716 2.71544118 2.15176487 1.15970682 0.82062481 1.814668935704e-01 2.794157926490e+01 1.945460962519e+01 1.082156074107e+00 2.279135276956e-01
13 40 1 0.81117716 2.71544118 2.15176487 1.15970682 0.82062481 1.278002448250e-01 2.554141602382e+01 1.965451388672e+01 1.422320414747e+00 3.439205903257e-01
13 41 1 0.81117716 2.71544118 2.15176487 1.15970682 0.82062481 2.618043135262e-01 2.345812722568e+01 1.985788171319e+01 1.248111088080e+00 3.792274096092e-01
13 42 1 0.81117716 2.71544118 2.15176487 1.15970682 0.82062481 3.514076159882e-01 2.261546926481e+01 1.996132933543e+01 9.492546140911e-01 2.864722582248e-01
13 43 1 0.81117716 2.71544118 2.15176487 1.15970682 0.82062481 2.501810481977e-01 2.263837320620e+01 2.014471208401e+01 1.096690038561e+00 2.238997665380e-01
13 44 1 0.81117716 2.71544118 2.15176487 1.15970682 0.82062481 1.256240340422e-01 2.327556904153e+01 2.043153448476e+01 1.518772283562e+00 3.046139912308e-01
13 45 1 0.81117716 2.71544118 2.15176487 1.15970682 0.82062481 1.415387423715e-01 2.443607821746e+01 2.058576027866e+01 1.511523896579e+00 4.265736055902e-01
13 46 1 0.81117716 2.71544118 2.15176487 1.15970682 0.82062481 2.079964174308e-01 2.663568377366e+01 2.065765818101e+01 1.138868690401e+00 4.169370581512e-01
13 47 1 0.81117716 2.71544118 2.15176487 1.15970682 0.82062481 2.009949025646e-01 3.065296925145e+01 2.085336849939e+01 1.149616489886e+00 2.998754137728e-01
13 48 1 0.81117716 2.71544118 2.15176487 1.15970682 0.82062481 1.661929633724e-01 3.546084253639e+01 2.110309169073e+01 1.591281019347e+00 2.676185976029e-01
13 49 1 0.81117716 2.71544118 2.15176487 1.15970682 0.82062481 1.674673453304e-01 4.063189806811e+01 2.114248456823e+01 1.827155830811e+00 4.013370371480e-01
13 50 1 0.81117716 2.71544118 2.15176487 1.15970682 0.82062481 1.661677854324e-01 4.553633389203e+01 2.092266281758e+01 1.425338575666e+00 5.120508153890e-01
13 51 1 0.81117716 2.71544118 2.15176487 1.15970682 0.82062481 1.960628966199e-01 5.111360550911e+01 2.084864487409e+01 1.266254494393e+00 4.369098848846e-01
13 52 1 0.81117716 2.71544118 2.15176487 1.15970682 0.82062481 3.549595178495e-01 5.760698844740e+01 2.101713013917e+01 1.663200176207e+00 3.070207117865e-01
13 53 1 0.81117716 2.71544118 2.15176487 1.15970682 0.82062481 5.311168423840e-01 6.330315214684e+01 2.111585827159e+01 2.126050036245e+00 3.674653223737e-01
13 54 1 0.81117716 2.71544118 2.15176487 1.15970682 0.82062481 5.011273902922e-01 6.781661256928e+01 2.095664409074e+01 1.832315916739e+00 5.563712657917e-01
13 55 1 0.81117716 2.71544118 2.15176487 1.15970682 0.82062481 3.896457096463e-01 7.132994106755e+01 2.074643529562e+01 1.469903283098e+00 6.004790861499e-01
13 56 1 0.81117716 2.71544118 2.15176487 1.15970682 0.82062481 5.984040425311e-01 7.434205154869e+01 2.082366962078e+01 1.738918817289e+00 4.448608885356e-01
13 57 1 0.81117716 2.71544118 2.15176487 1.15970682 0.82062481 1.089338016582e+00 7.755034248976e+01 2.088939287474e+01 2.383550248779e+00 3.648392557175e-01
13 58 1 0.81117716 2.71544118 2.15176487 1.15970682 0.82062481 1.302917904501e+00 7.784481608357e+01 2.072860479224e+01 2.352026841317e+00 5.218359480357e-01
13 59 1 0.81117716 2.71544118 2.15176487 1.15970682 0.82062481 1.014264316212e+00 7.578938642459e+01 2.052899769303e+01 1.778263357317e+00 7.073373274577e-01
13 60 1 0.81117716 2.71544118 2.15176487 1.15970682 0.82062481 7.199301739934e-01 7.236370946431e+01 2.033464677612e+01 1.850965497415e+00 6.486093584757e-01
13 61 1 0.81117716 2.71544118 2.15176487 1.15970682 0.82062481 8.726405840938e-01 6.931390337074e+01 2.014210418039e+01 2.593006000429e+00 4.523839144527e-01
13 62 1 0.81117716 2.71544118 2.15176487 1.15970682 0.82062481 1.177503830175e+00 6.656473219184e+01 1.990861835196e+01 2.910803449164e+00 4.643886271745e-01
13 63 1 0.81117716 2.71544118 2.15176487 1.15970682 0.82062481 1.142186992818e+00 6.218521726188e+01 1.969489266303e+01 2.221444287213e+00 7.248519228417e-01
14 0 1 0.70595290 2.61895301 1.42413341 1.12397444 0.76176347 6.855955647907e-01 1.905053661508e+01 4.826980888858e+00 2.091240317540e+00 3.102658378312e-01
14 1 1 0.70595290 2.61895301 1.42413341 1.12397444 0.76176347 5.014306112391e-01 1.452477756754e+01 4.554657594249e+00 2.344522480156e+00 4.125818594181e-01
14 2 1 0.70595290 2.61895301 1.42413341 1.12397444 0.76176347 5.156510024924e-01 1.496833791949e+01 4.483985426127e+00 1.808380830941e+00 5.270785394098e-01
14 3 1 0.70595290 2.61895301 1.42413341 1.12397444 0.76176347 5.702472758838e-01 2.001312971736e+01 4.747045606481e+00 1.473646934238e+00 4.211180941950e-01
14 4 1 0.70595290 2.61895301 1.42413341 1.12397444 0.76176347 5.454924236338e-01 2.823859739230e+01 4.428513063962e+00 1.910228167094e+00 2.783935914499e-01
14 5 1 0.70595290 2.61895301 1.42413341 1.12397444 0.76176347 5.023114628648e-01 3.870990970665e+01 4.330734824262e+00 2.001104359592e+00 3.239662187930e-01
14 6 1 0.70595290 2.61895301 1.42413341 1.12397444 0.76176347 3.946255362900e-01 4.999899750619e+01 4.605722718845e+00 1.451166480490e+00 4.429749384367e-01
14 7 1 0.70595290 2.61895301 1.42413341 1.12397444 0.76176347 2.082003010922e-01 6.149008661958e+01 4.252345389021e+00 1.339510933532e+00 4.032707773229e-01
14 8 1 0.70595290 2.61895301 1.42413341 1.12397444 0.76176347 1.477389730399e-01 7.184531567951e+01 4.082037568123e+00 1.697065025133e+00 2.571749457016e-01
14 9 1 0.70595290 2.61895301 1.42413341 1.12397444 0.76176347 2.720701536581e-01 7.989199145633e+01 4.322154099969e+00 1.705210592688e+00 2.530818682614e-01
14 10 1 0.70595290 2.61895301 1.42413341 1.12397444 0.76176347 3.284447189506e-01 8.403999617720e+01 4.033076164985e+00 1.179246045646e+00 3.726358430219e-01
14 11 1 0.70595290 2.61895301 1.42413341 1.12397444 0.76176347 2.161890834852e-01 8.379662916130e+01 3.935636533170e+00 1.218614368025e+00 3.641583804800e-01
14 12 1 0.70595290 2.61895301 1.42413341 1.12397444 0.76176347 1.271303054652e-01 8.044319425388e+01 4.124449681500e+00 1.531819324939e+00 2.306622657375e-01
14 13 1 0.70595290 2.61895301 1.42413341 1.12397444 0.76176347 1.362799965110e-01 7.385987029348e+01 3.848638115432e+00 1.411154849236e+00 2.072871415479e-01
14 14 1 0.70595290 2.61895301 1.42413341 1.12397444 0.76176347 1.244843394706e-01 6.549886331786e+01 3.836537764450e+00 1.004453701741e+00 3.073219693742e-01
14 15 1 0.70595290 2.61895301 1.42413341 1.12397444 0.76176347 7.747902048307e-02 5.503734125268e+01 4.043209513285e+00 1.109119228271e+00 3.238587528542e-01
14 16 1 0.70595290 2.61895301 1.42413341 1.12397444 0.76176347 7.070960609646e-02 4.365666702249e+01 3.669921145478e+00 1.381871545888e+00 2.261394655382e-01
14 17 1 0.70595290 2.61895301 1.42413341 1.12397444 0.76176347 6.726952384223e-02 3.221260409465e+01 3.576455847727e+00 1.183007525862e+00 1.813148767647e-01
14 18 1 0.70595290 2.61895301 1.42413341 1.12397444 0.76176347 4.274855213985e-02 2.235720419144e+01 3.816629689999e+00 8.696309783416e-01 2.462008119996e-01
14 19 1 0.70595290 2.61895301 1.42413341 1.12397444 0.76176347 8.260468466472e-02 1.446515712786e+01 3.466104622437e+00 1.043720796842e+00 2.907880057190e-01
14 20 1 0.70595290 2.61895301 1.42413341 1.12397444 0.76176347 1.805050401478e-01 9.217251370366e+00 3.368455617348e+00 1.252943325574e+00 2.233038061933e-01
14 21 1 0.70595290 2.61895301 1.42413341 1.12397444 0.76176347 2.020986245896e-01 6.676310423896e+00 3.641893646054e+00 9.917724871400e-01 1.540448130683e-01
14 22 1 0.70595290 2.61895301 1.42413341 1.12397444 0.76176347 1.426248249498e-01 7.008655196447e+00 3.362194864401e+00 8.019278915387e-01 2.052658846155e-01
14 23 1 0.70595290 2.61895301 1.42413341 1.12397444 0.76176347 1.250935824155e-01 9.870465533097e+00 3.285755548186e+00 9.945007603484e-01 2.658999294358e-01
14 24 1 0.70595290 2.61895301 1.42413341 1.12397444 0.76176347 1.536718756842e-01 1.484202496781e+01 3.546797137527e+00 1.156760359707e+00 2.166995813532e-01
14 25 1 0.70595290 2.61895301 1.42413341 1.12397444 0.76176347 1.689993078803e-01 2.125613212470e+01 3.317668915990e+00 8.576236504357e-01 1.523805667422e-01
14 26 1 0.70595290 2.61895301 1.42413341 1.12397444 0.76176347 1.947735740622e-01 2.902037704408e+01 3.245660272548e+00 7.658059123004e-01 1.804255158909e-01
14 27 1 0.70595290 2.61895301 1.42413341 1.12397444 0.76176347 2.322724645365e-01 3.723858971323e+01 3.444418393228e+00 1.002107321345e+00 2.419116009966e-01
14 28 1 0.70595290 2.61895301 1.42413341 1.12397444 0.76176347 2.047665822075e-01 4.512999601303e+01 3.201300687267e+00 1.056886812928e+00 2.202180331481e-01
14 29 1 0.70595290 2.61895301 1.42413341 1.12397444 0.76176347 1.611821084482e-01 5.122224930560e+01 3.196626017251e+00 7.895856730271e-01 1.549818542692e-01
14 30 1 0.70595290 2.61895301 1.42413341 1.12397444 0.76176347 2.465444255484e-01 5.530182161112e+01 3.410849534318e+00 7.841232429958e-01 1.592844354768e-01
14 31 1 0.70595290 2.61895301 1.42413341 1.12397444 0.76176347 3.913330067553e-01 5.681223329812e+01 3.125838359337e+00 9.977303550880e-01 2.228492763380e-01
14 32 1 0.70595290 2.61895301 1.42413341 1.12397444 0.76176347 3.876295559349e-01 5.701273885188e+01 3.195544346219e+00 1.028891035513e+00 2.336143074715e-01
14 33 1 0.70595290 2.61895301 1.42413341 1.12397444 0.76176347 2.483396527268e-01 5.498319393124e+01 3.533995620632e+00 7.794997083244e-01 1.666245954737e-01
14 34 1 0.70595290 2.61895301 1.42413341 1.12397444 0.76176347 1.783286233479e-01 5.092841799929e+01 3.277169827260e+00 7.913977189666e-01 1.524365663294e-01
14 35 1 0.70595290 2.61895301 1.42413341 1.12397444 0.76176347 2.100041244012e-01 4.444167861396e+01 3.285009275283e+00 1.103655953514e+00 2.257113226021e-01
14 36 1 0.70595290 2.61895301 1.42413341 1.12397444 0.76176347 2.175095072775e-01 3.649359006468e+01 3.610756494546e+00 1.011117612945e+00 2.518336269189e-01
14 37 1 0.70595290 2.61895301 1.42413341 1.12397444 0.76176347 1.904518236840e-01 2.817268724900e+01 3.404944900604e+00 7.747699374143e-01 1.857866379076e-01
14 38 1 0.70595290 2.61895301 1.42413341 1.12397444 0.76176347 1.750734935032e-01 2.053888642472e+01 3.390840996902e+00 9.095610570067e-01 1.541004140814e-01
14 39 1 0.70595290 2.61895301 1.42413341 1.12397444 0.76176347 1.445015356670e-01 1.421404893054e+01 3.679896446628e+00 1.192775192536e+00 2.238443052763e-01
14 40 1 0.70595290 2.61895301 1.42413341 1.12397444 0.76176347 1.115340760537e-01 9.406098479259e+00 3.493075299921e+00 1.020918503736e+00 2.742091578388e-01
14 41 1 0.70595290 2.61895301 1.42413341 1.12397444 0.76176347 1.586851981731e-01 6.961494591393e+00 3.545999325950e+00 8.403746697455e-01 2.144253241205e-01
14 42 1 0.70595290 2.61895301 1.42413341 1.12397444 0.76176347 2.285420094339e-01 7.242482129419e+00 3.867517112712e+00 1.054693516283e+00 1.663771560699e-01
14 43 1 0.70595290 2.61895301 1.42413341 1.12397444 0.76176347 1.831249462161e-01 1.048812908732e+01 3.691322287657e+00 1.313165008534e+00 2.362044206849e-01
14 44 1 0.70595290 2.61895301 1.42413341 1.12397444 0.76176347 7.566695084588e-02 1.658167498484e+01 3.799077749981e+00 1.082104806538e+00 3.088223826373e-01
14 45 1 0.70595290 2.61895301 1.42413341 1.12397444 0.76176347 4.544605303050e-02 2.512765370098e+01 4.142851161383e+00 9.291610288254e-01 2.619451345960e-01
14 46 1 0.70595290 2.61895301 1.42413341 1.12397444 0.76176347 6.876846357559e-02 3.603294202518e+01 3.932502059279e+00 1.273172271394e+00 1.877786334016e-01
14 47 1 0.70595290 2.61895301 1.42413341 1.12397444 0.76176347 6.896901583250e-02 4.835246272358e+01 4.020954818385e+00 1.446752814160e+00 2.435518898032e-01
14 48 1 0.70595290 2.61895301 1.42413341 1.12397444 0.76176347 9.302385460148e-02 6.060861324633e+01 4.377849007622e+00 1.176412294438e+00 3.467592242289e-01
14 49 1 0.70595290 2.61895301 1.42413341 1.12397444 0.76176347 1.455655620814e-01 7.138476909827e+01 4.091372276842e+00 1.072218026451e+00 3.140901718472e-01
14 50 1 0.70595290 2.61895301 1.42413341 1.12397444 0.76176347 1.418953586190e-01 7.998645707812e+01 4.125601901460e+00 1.529770654205e+00 2.175646163041e-01
14 51 1 0.70595290 2.61895301 1.42413341 1.12397444 0.76176347 1.422826776679e-01 8.607079728156e+01 4.552727163658e+00 1.626516505161e+00 2.613074908761e-01
14 52 1 0.70595290 2.61895301 1.42413341 1.12397444 0.76176347 2.617623803945e-01 8.936196702308e+01 4.358243532091e+00 1.276828886732e+00 3.965049410546e-01
14 53 1 0.70595290 2.61895301 1.42413341 1.12397444 0.76176347 3.633998723039e-01 8.912425653304e+01 4.434728756348e+00 1.288981502092e+00 3.880087307587e-01
14 54 1 0.70595290 2.61895301 1.42413341 1.12397444 0.76176347 2.741298781505e-01 8.394049446005e+01 4.795032658275e+00 1.837294495762e+00 2.679220374759e-01
14 55 1 0.70595290 2.61895301 1.42413341 1.12397444 0.76176347 1.667862421954e-01 7.487924159083e+01 4.612144256492e+00 1.802747525397e+00 2.854346915378e-01
14 56 1 0.70595290 2.61895301 1.42413341 1.12397444 0.76176347 2.542483779964e-01 6.302034883676e+01 4.761157354691e+00 1.421189096927e+00 4.318590264742e-01
14 57 1 0.70595290 2.61895301 1.42413341 1.12397444 0.76176347 4.226059242849e-01 5.073123996744e+01 5.053629437977e+00 1.575274252405e+00 4.613037070920e-01
14 58 1 0.70595290 2.61895301 1.42413341 1.12397444 0.76176347 5.248283034213e-01 3.862097398384e+01 4.748630774418e+00 2.171112341453e+00 3.373817224074e-01
14 59 1 0.70595290 2.61895301 1.42413341 1.12397444 0.76176347 6.039121151989e-01 2.821397515805e+01 4.895463151774e+00 2.015022791994e+00 3.038042654527e-01
14 60 1 0.70595290 2.61895301 1.42413341 1.12397444 0.76176347 6.257283226399e-01 1.976365490245e+01 5.248568620083e+00 1.575196199803e+00 4.692890507860e-01
14 61 1 0.70595290 2.61895301 1.42413341 1.12397444 0.76176347 5.290137237563e-01 1.538451204312e+01 4.906875290329e+00 1.966984246539e+00 5.695281591420e-01
14 62 1 0.70595290 2.61895301 1.42413341 1.12397444 0.76176347 5.355411960093e-01 1.585104851348e+01 5.059042872767e+00 2.505061307153e+00 4.292660905681e-01
14 63 1 0.70595290 2.61895301 1.42413341 1.12397444 0.76176347 7.822120119372e-01 2.186816310563e+01 5.451583486128e+00 2.232097144993e+00 3.399284127468e-01
17 0 1 0.87179496 2.12196188 1.85642053 1.32379110 0.89753589 1.221393876542e+00 2.118024199890e+01 9.277324871996e+00 3.658003981557e+00 8.383576609437e-01
17 1 1 0.87179496 2.12196188 1.85642053 1.32379110 0.89753589 1.270949641571e+00 2.220846198818e+01 9.411411796158e+00 4.308841789457e+00 7.664694513708e-01
17 2 1 0.87179496 2.12196188 1.85642053 1.32379110 0.89753589 1.379993806481e+00 2.381649453721e+01 9.512800318383e+00 3.468687415658e+00 7.510943165588e-01
17 3 1 0.87179496 2.12196188 1.85642053 1.32379110 0.89753589 1.144389430224e+00 2.635543043148e+01 9.514710897444e+00 3.003324894007e+00 7.743590261975e-01
17 4 1 0.87179496 2.12196188 1.85642053 1.32379110 0.89753589 7.757103608131e-01 2.754091818671e+01 9.567711892933e+00 3.700799680959e+00 7.413003555241e-01
17 5 1 0.87179496 2.12196188 1.85642053 1.32379110 0.89753589 7.111639685943e-01 2.750413154741e+01 9.781980448146e+00 3.481924329935e+00 6.621311811082e-01
17 6 1 0.87179496 2.12196188 1.85642053 1.32379110 0.89753589 8.721327114875e-01 2.772613806746e+01 1.001987521096e+01 2.606840277754e+00 6.501019312182e-01
17 7 1 0.87179496 2.12196188 1.85642053 1.32379110 0.89753589 8.519543613266e-01 2.818341717398e+01 1.012988525896e+01 3.069055046274e+00 6.736083275124e-01
17 8 1 0.87179496 2.12196188 1.85642053 1.32379110 0.89753589 6.360908742424e-01 2.720467084965e+01 1.013916283041e+01 3.265204826964e+00 6.452068411372e-01
17 9 1 0.87179496 2.12196188 1.85642053 1.32379110 0.89753589 5.648985190122e-01 2.529048107084e+01 1.025068100701e+01 2.553188224208e+00 5.678450955933e-01
17 10 1 0.87179496 2.12196188 1.85642053 1.32379110 0.89753589 6.698512582468e-01 2.394654045484e+01 1.051747960062e+01 2.424922345579e+00 5.436340195675e-01
17 11 1 0.87179496 2.12196188 1.85642053 1.32379110 0.89753589 6.403102183800e-01 2.236467464666e+01 1.069329584393e+01 2.999382491860e+00 5.714682453876e-01
17 12 1 0.87179496 2.12196188 1.85642053 1.32379110 0.89753589 3.999972822512e-01 1.952763762167e+01 1.069637965810e+01 2.494322810787e+00 5.593147618483e-01
17 13 1 0.87179496 2.12196188 1.85642053 1.32379110 0.89753589 2.110234890456e-01 1.694849009776e+01 1.067408252512e+01 2.103214994319e+00 5.006794529853e-01
17 14 1 0.87179496 2.12196188 1.85642053 1.32379110 0.89753589 1.998867368541e-01 1.509483009051e+01 1.071485851960e+01 2.482328197212e+00 4.843975895810e-01
17 15 1 0.87179496 2.12196188 1.85642053 1.32379110 0.89753589 2.015481573467e-01 1.290036622161e+01 1.081457030780e+01 2.537503968193e+00 5.070971175459e-01
17 16 1 0.87179496 2.12196188 1.85642053 1.32379110 0.89753589 1.235993848001e-01 1.080556035079e+01 1.081482085394e+01 1.898164589970e+00 4.861530058370e-01
17 17 1 0.87179496 2.12196188 1.85642053 1.32379110 0.89753589 1.172415404879e-01 9.465032383828e+00 1.069653911257e+01 2.082434939670e+00 4.418732245540e-01
17 18 1 0.87179496 2.12196188 1.85642053 1.32379110 0.89753589 2.518228855351e-01 8.680504928880e+00 1.070454264507e+01 2.365378925982e+00 4.337208597540e-01
17 19 1 0.87179496 2.12196188 1.85642053 1.32379110 0.89753589 3.447776593038e-01 8.006819393923e+00 1.081283841232e+01 1.940808606380e+00 4.491991041145e-01
17 20 1 0.87179496 2.12196188 1.85642053 1.32379110 0.89753589 2.977174609998e-01 7.509853870134e+00 1.082695496213e+01 1.710526104205e+00 4.227421640619e-01
17 21 1 0.87179496 2.12196188 1.85642053 1.32379110 0.89753589 2.601312969029e-01 7.865665866094e+00 1.077083144622e+01 2.175269913807e+00 3.887850736767e-01
17 22 1 0.87179496 2.12196188 1.85642053 1.32379110 0.89753589 3.448111276764e-01 8.613292329811e+00 1.074204376427e+01 1.957427459872e+00 3.889302507509e-01
17 23 1 0.87179496 2.12196188 1.85642053 1.32379110 0.89753589 4.156491577217e-01 9.205615322489e+00 1.080775038078e+01 1.592235448310e+00 4.142569975067e-01
17 24 1 0.87179496 2.12196188 1.85642053 1.32379110 0.89753589 3.471101985700e-01 1.004141179676e+01 1.086646884734e+01 1.851314000956e+00 3.994022703424e-01
17 25 1 0.87179496 2.12196188 1.85642053 1.32379110 0.89753589 2.808870545127e-01 1.139847107297e+01 1.076999802757e+01 2.016391870915e+00 3.662773881126e-01
17 26 1 0.87179496 2.12196188 1.85642053 1.32379110 0.89753589 3.764405493167e-01 1.279200440485e+01 1.065618311386e+01 1.578539638489e+00 3.654678712379e-01
17 27 1 0.87179496 2.12196188 1.85642053 1.32379110 0.89753589 5.282773197919e-01 1.354789439739e+01 1.068657430449e+01 1.631142069803e+00 3.840171815403e-01
17 28 1 0.87179496 2.12196188 1.85642053 1.32379110 0.89753589 5.378568535568e-01 1.419960326238e+01 1.080134867969e+01 1.950566679018e+00 3.772581061144e-01
17 29 1 0.87179496 2.12196188 1.85642053 1.32379110 0.89753589 4.846646168424e-01 1.541057899727e+01 1.082092353783e+01 1.711029832142e+00 3.604780041622e-01
17 30 1 0.87179496 2.12196188 1.85642053 1.32379110 0.89753589 5.722390306482e-01 1.612370282877e+01 1.067185977382e+01 1.491024476812e+00 3.529005946478e-01
17 31 1 0.87179496 2.12196188 1.85642053 1.32379110 0.89753589 7.374089916357e-01 1.573237279389e+01 1.062574152998e+01 1.836150705479e+00 3.584808669206e-01
17 32 1 0.87179496 2.12196188 1.85642053 1.32379110 0.89753589 7.574938114390e-01 1.592263501657e+01 1.083505129067e+01 1.882546134525e+00 3.771214864993e-01
17 33 1 0.87179496 2.12196188 1.85642053 1.32379110 0.89753589 5.991852534105e-01 1.623813684093e+01 1.103387718626e+01 1.499873296815e+00 3.678395904467e-01
17 34 1 0.87179496 2.12196188 1.85642053 1.32379110 0.89753589 4.968130143764e-01 1.549548683076e+01 1.107164100378e+01 1.707371487490e+00 3.614134418824e-01
17 35 1 0.87179496 2.12196188 1.85642053 1.32379110 0.89753589 5.431001175373e-01 1.433567264258e+01 1.102430507931e+01 2.006116438613e+00 3.837824551275e-01
17 36 1 0.87179496 2.12196188 1.85642053 1.32379110 0.89753589 5.321587574879e-01 1.356822807639e+01 1.104510813325e+01 1.678925948404e+00 3.955114195401e-01
17 37 1 0.87179496 2.12196188 1.85642053 1.32379110 0.89753589 3.772807890987e-01 1.279241101302e+01 1.123499813498e+01 1.602759438004e+00 3.708169381230e-01
17 38 1 0.87179496 2.12196188 1.85642053 1.32379110 0.89753589 2.634932957763e-01 1.140080096528e+01 1.137405795191e+01 2.092318214492e+00 3.823291760937e-01
17 39 1 0.87179496 2.12196188 1.85642053 1.32379110 0.89753589 3.301224284405e-01 9.934446896612e+00 1.132128916657e+01 1.926688522450e+00 4.158972164236e-01
17 40 1 0.87179496 2.12196188 1.85642053 1.32379110 0.89753589 4.206693251073e-01 9.283710525813e+00 1.128990828666e+01 1.651269945568e+00 4.199241750127e-01
17 41 1 0.87179496 2.12196188 1.85642053 1.32379110 0.89753589 3.625963293189e-01 8.823175832043e+00 1.138400582331e+01 2.048875730813e+00 3.961927531949e-01
17 42 1 0.87179496 2.12196188 1.85642053 1.32379110 0.89753589 2.700638078229e-01 8.078596223402e+00 1.149744634590e+01 2.283893072624e+00 4.118201846585e-01
17 43 1 0.87179496 2.12196188 1.85642053 1.32379110 0.89753589 3.018078180871e-01 7.856445349938e+00 1.150892966334e+01 1.795031587299e+00 4.628363738017e-01
17 44 1 0.87179496 2.12196188 1.85642053 1.32379110 0.89753589 3.563869660152e-01 8.476317248926e+00 1.146239543398e+01 2.056041050709e+00 4.777302442820e-01
17 45 1 0.87179496 2.12196188 1.85642053 1.32379110 0.89753589 2.576574239388e-01 9.341696192818e+00 1.152984047642e+01 2.490769509425e+00 4.556946974821e-01
17 46 1 0.87179496 2.12196188 1.85642053 1.32379110 0.89753589 1.142576982710e-01 1.030973338030e+01 1.164812592192e+01 2.216129581477e+00 4.686048599351e-01
17 47 1 0.87179496 2.12196188 1.85642053 1.32379110 0.89753589 1.286992477161e-01 1.179273115372e+01 1.165502038847e+01 2.006272075305e+00 5.195208988538e-01
17 48 1 0.87179496 2.12196188 1.85642053 1.32379110 0.89753589 2.284273040956e-01 1.433678742062e+01 1.156229360983e+01 2.713196115913e+00 5.288122566317e-01
17 49 1 0.87179496 2.12196188 1.85642053 1.32379110 0.89753589 2.356961813436e-01 1.662818214518e+01 1.146550217901e+01 2.647881152104e+00 5.166425824005e-01
17 50 1 0.87179496 2.12196188 1.85642053 1.32379110 0.89753589 2.368474026995e-01 1.853912953337e+01 1.146346739135e+01 2.221955053484e+00 5.392057167966e-01
17 51 1 0.87179496 2.12196188 1.85642053 1.32379110 0.89753589 4.365768271770e-01 2.123595689872e+01 1.142132969887e+01 2.696275397598e+00 5.893366521276e-01
17 52 1 0.87179496 2.12196188 1.85642053 1.32379110 0.89753589 7.060347742985e-01 2.407296516543e+01 1.116812561809e+01 3.213173851666e+00 5.981498560988e-01
17 53 1 0.87179496 2.12196188 1.85642053 1.32379110 0.89753589 7.388573821729e-01 2.573151057681e+01 1.091273401788e+01 2.564046933314e+00 5.978446107421e-01
17 54 1 0.87179496 2.12196188 1.85642053 1.32379110 0.89753589 6.192319701274e-01 2.702224255252e+01 1.082819404274e+01 2.756109801852e+00 6.338858658585e-01
17 55 1 0.87179496 2.12196188 1.85642053 1.32379110 0.89753589 7.061650811519e-01 2.894194040782e+01 1.079423828694e+01 3.535091102544e+00 6.962274905819e-01
17 56 1 0.87179496 2.12196188 1.85642053 1.32379110 0.89753589 9.617768272304e-01 3.028004904696e+01 1.065269881743e+01 3.250368349785e+00 7.084376719691e-01
17 57 1 0.87179496 2.12196188 1.85642053 1.32379110 0.89753589 9.930376995043e-01 2.981095457405e+01 1.036776212449e+01 2.791811766252e+00 6.861836932617e-01
17 58 1 0.87179496 2.12196188 1.85642053 1.32379110 0.89753589 7.905047970439e-01 2.911386644397e+01 1.013113057044e+01 3.796806709134e+00 7.173543651156e-01
17 59 1 0.87179496 2.12196188 1.85642053 1.32379110 0.89753589 8.180938139860e-01 2.914953789552e+01 1.005132101122e+01 3.932831985045e+00 7.946624833183e-01
17 60 1 0.87179496 2.12196188 1.85642053 1.32379110 0.89753589 1.208912385606e+00 2.775430827206e+01 9.961324607035e+00 3.198412324343e+00 8.185212533622e-01
17 61 1 0.87179496 2.12196188 1.85642053 1.32379110 0.89753589 1.469009776856e+00 2.473520654401e+01 9.750702015146e+00 3.764684179056e+00 7.962415543730e-01
17 62 1 0.87179496 2.12196188 1.85642053 1.32379110 0.89753589 1.336009280059e+00 2.292493962850e+01 9.466234833616e+00 4.634869383022e+00 8.241308751835e-01
17 63 1 0.87179496 2.12196188 1.85642053 1.32379110 0.89753589 1.285940668494e+00 2.181284328172e+01 9.236067781199e+00 3.874181672228e+00 9.150851037163e-01
25 0 1 0.72864442 3.69538119 1.87652111 1.06292729 0.75290752 4.765137310515e-01 1.788782827507e+02 1.382930157649e+01 1.355328777855e+00 5.162724006153e-01
25 1 1 0.72864442 3.69538119 1.87652111 1.06292729 0.75290752 3.913547935673e-01 1.637246993304e+02 1.373684271725e+01 1.808585021517e+00 3.394871096928e-01
25 2 1 0.72864442 3.69538119 1.87652111 1.06292729 0.75290752 4.449695068664e-01 1.514487441012e+02 1.362977297597e+01 1.924685260664e+00 2.609604745426e-01
25 3 1 0.72864442 3.69538119 1.87652111 1.06292729 0.75290752 6.304482208534e-01 1.440436054209e+02 1.346410474311e+01 1.499119314722e+00 3.390419179576e-01
25 4 1 0.72864442 3.69538119 1.87652111 1.06292729 0.75290752 7.815358534828e-01 1.415064481687e+02 1.328722622033e+01 1.076640043312e+00 4.616432977470e-01
25 5 1 0.72864442 3.69538119 1.87652111 1.06292729 0.75290752 7.378287292341e-01 1.443364888002e+02 1.312897659076e+01 1.144291126689e+00 4.703585907241e-01
25 6 1 0.72864442 3.69538119 1.87652111 1.06292729 0.75290752 5.331165005726e-01 1.498900889803e+02 1.294082957287e+01 1.520950916623e+00 3.408926519950e-01
25 7 1 0.72864442 3.69538119 1.87652111 1.06292729 0.75290752 3.389621122358e-01 1.588135233600e+02 1.276329060169e+01 1.596894462740e+00 2.234575163500e-01
25 8 1 0.72864442 3.69538119 1.87652111 1.06292729 0.75290752 2.653717300216e-01 1.685960370273e+02 1.251001856104e+01 1.233285183025e+00 2.411412370445e-01
25 9 1 0.72864442 3.69538119 1.87652111 1.06292729 0.75290752 2.682141159030e-01 1.788246140201e+02 1.221949164815e+01 8.785354324674e-01 3.514375208123e-01
25 10 1 0.72864442 3.69538119 1.87652111 1.06292729 0.75290752 2.674350597722e-01 1.873888561835e+02 1.206463019030e+01 9.791949116538e-01 3.988780425091e-01
25 11 1 0.72864442 3.69538119 1.87652111 1.06292729 0.75290752 2.403018424867e-01 1.932431297314e+02 1.201151455816e+01 1.289006673049e+00 3.152900013761e-01
25 12 1 0.72864442 3.69538119 1.87652111 1.06292729 0.75290752 1.923098861890e-01 1.939018559493e+02 1.182680354462e+01 1.326616540229e+00 2.034205173468e-01
25 13 1 0.72864442 3.69538119 1.87652111 1.06292729 0.75290752 1.273014671491e-01 1.885059346869e+02 1.158649389152e+01 1.007785596428e+00 1.845062846097e-01
25 14 1 0.72864442 3.69538119 1.87652111 1.06292729 0.75290752 6.718116536755e-02 1.775528863632e+02 1.149282213151e+01 7.426460308428e-01 2.601626425081e-01
25 15 1 0.72864442 3.69538119 1.87652111 1.06292729 0.75290752 5.534173672372e-02 1.609806387203e+02 1.135256880182e+01 8.328458356582e-01 3.267481167710e-01
25 16 1 0.72864442 3.69538119 1.87652111 1.06292729 0.75290752 9.241688891245e-02 1.416239731409e+02 1.106043332893e+01 1.116317390298e+00 2.965760168810e-01
25 17 1 0.72864442 3.69538119 1.87652111 1.06292729 0.75290752 1.317084470664e-01 1.206287539391e+02 1.078153791875e+01 1.119004647853e+00 2.086402498889e-01
25 18 1 0.72864442 3.69538119 1.87652111 1.06292729 0.75290752 1.450861779985e-01 1.004648525679e+02 1.067610177344e+01 8.399559529131e-01 1.542461053311e-01
25 19 1 0.72864442 3.69538119 1.87652111 1.06292729 0.75290752 1.425351699890e-01 8.199753320806e+01 1.056863959524e+01 6.408240094117e-01 1.874887991351e-01
25 20 1 0.72864442 3.69538119 1.87652111 1.06292729 0.75290752 1.332827946632e-01 6.784119338817e+01 1.036087313433e+01 7.415390050748e-01 2.579185976076e-01
25 21 1 0.72864442 3.69538119 1.87652111 1.06292729 0.75290752 1.128216402017e-01 5.823466012496e+01 1.024687756713e+01 9.671469049376e-01 2.716056722815e-01
25 22 1 0.72864442 3.69538119 1.87652111 1.06292729 0.75290752 1.045425830345e-01 5.455908523398e+01 1.016351976359e+01 9.878367197430e-01 2.095083642861e-01
25 23 1 0.72864442 3.69538119 1.87652111 1.06292729 0.75290752 1.434049235982e-01 5.663291738323e+01 1.000302524241e+01 7.337827280878e-01 1.435748495785e-01
25 24 1 0.72864442 3.69538119 1.87652111 1.06292729 0.75290752 2.141994017561e-01 6.433135570261e+01 9.897356889299e+00 5.668200144670e-01 1.497860568906e-01
25 25 1 0.72864442 3.69538119 1.87652111 1.06292729 0.75290752 2.526109611923e-01 7.667773975759e+01 9.909812795424e+00 6.849227756394e-01 2.135535481718e-01
25 26 1 0.72864442 3.69538119 1.87652111 1.06292729 0.75290752 2.244478280181e-01 9.288220960630e+01 9.843726794451e+00 9.061151954913e-01 2.493879056241e-01
25 27 1 0.72864442 3.69538119 1.87652111 1.06292729 0.75290752 1.794073939610e-01 1.102359651692e+02 9.707225015914e+00 8.934768475505e-01 2.184270438606e-01
25 28 1 0.72864442 3.69538119 1.87652111 1.06292729 0.75290752 1.840613397182e-01 1.270174808731e+02 9.685832962995e+00 6.675022773693e-01 1.559371068383e-01
25 29 1 0.72864442 3.69538119 1.87652111 1.06292729 0.75290752 2.483860097913e-01 1.404353574551e+02 9.710453887773e+00 5.490912244159e-01 1.307901056847e-01
25 30 1 0.72864442 3.69538119 1.87652111 1.06292729 0.75290752 3.356147176491e-01 1.501263100991e+02 9.607781922923e+00 6.770439291018e-01 1.705224368796e-01
25 31 1 0.72864442 3.69538119 1.87652111 1.06292729 0.75290752 4.058214665342e-01 1.543793799577e+02 9.528375510036e+00 8.534587700186e-01 2.274228918664e-01
25 32 1 0.72864442 3.69538119 1.87652111 1.06292729 0.75290752 4.259283263359e-01 1.548888981522e+02 9.715474100250e+00 8.843889051884e-01 2.374858807950e-01
25 33 1 0.72864442 3.69538119 1.87652111 1.06292729 0.75290752 3.661832852669e-01 1.499596920934e+02 9.886242099154e+00 6.839304036788e-01 1.823678954399e-01
25 34 1 0.72864442 3.69538119 1.87652111 1.06292729 0.75290752 2.533708344795e-01 1.405082527200e+02 9.881335154522e+00 5.357118040311e-01 1.312338562015e-01
25 35 1 0.72864442 3.69538119 1.87652111 1.06292729 0.75290752 1.748422766689e-01 1.264586226540e+02 9.942469392779e+00 6.914198053772e-01 1.535849419141e-01
25 36 1 0.72864442 3.69538119 1.87652111 1.06292729 0.75290752 1.837500753368e-01 1.097016090907e+02 1.010603625072e+01 9.365871165432e-01 2.253007935775e-01
25 37 1 0.72864442 3.69538119 1.87652111 1.06292729 0.75290752 2.359264020683e-01 9.215412803517e+01 1.020338660903e+01 9.217833728527e-01 2.618170460029e-01
25 38 1 0.72864442 3.69538119 1.87652111 1.06292729 0.75290752 2.465507820804e-01 7.638007058260e+01 1.023359551278e+01 6.948265736422e-01 2.199767468705e-01
25 39 1 0.72864442 3.69538119 1.87652111 1.06292729 0.75290752 1.988676445929e-01 6.449118515791e+01 1.039014147406e+01 5.839559200083e-01 1.520702916061e-01
25 40 1 0.72864442 3.69538119 1.87652111 1.06292729 0.75290752 1.416604170291e-01 5.721989157644e+01 1.061809189419e+01 7.854491146467e-01 1.469895331013e-01
25 41 1 0.72864442 3.69538119 1.87652111 1.06292729 0.75290752 1.121789084951e-01 5.616487002220e+01 1.077111447145e+01 1.030195914014e+00 2.166891717171e-01
25 42 1 0.72864442 3.69538119 1.87652111 1.06292729 0.75290752 1.099090843362e-01 6.133136647221e+01 1.091868507698e+01 1.008429693401e+00 2.906222915753e-01
25 43 1 0.72864442 3.69538119 1.87652111 1.06292729 0.75290752 1.246415183703e-01 7.270910826356e+01 1.115543655838e+01 7.778222138964e-01 2.789924727544e-01
25 44 1 0.72864442 3.69538119 1.87652111 1.06292729 0.75290752 1.518650548300e-01 8.924243393446e+01 1.136044380341e+01 6.656998988152e-01 1.989533020602e-01
25 45 1 0.72864442 3.69538119 1.87652111 1.06292729 0.75290752 1.644409813339e-01 1.093892697723e+02 1.153538055045e+01 9.047309800133e-01 1.603895785437e-01
25 46 1 0.72864442 3.69538119 1.87652111 1.06292729 0.75290752 1.344666247957e-01 1.311268174739e+02 1.183054293547e+01 1.211429996876e+00 2.226712140644e-01
25 47 1 0.72864442 3.69538119 1.87652111 1.06292729 0.75290752 8.388015287573e-02 1.533125223133e+02 1.211752074524e+01 1.162428291952e+00 3.233286628720e-01
25 48 1 0.72864442 3.69538119 1.87652111 1.06292729 0.75290752 6.386268626540e-02 1.739464405948e+02 1.228443215179e+01 8.730123888726e-01 3.443633576291e-01
25 49 1 0.72864442 3.69538119 1.87652111 1.06292729 0.75290752 9.048343699511e-02 1.910683740492e+02 1.239155310775e+01 7.990233298641e-01 2.662700555811e-01
25 50 1 0.72864442 3.69538119 1.87652111 1.06292729 0.75290752 1.387506282720e-01 2.021263244052e+02 1.261939645157e+01 1.088143955446e+00 1.921051292032e-01
25 51 1 0.72864442 3.69538119 1.87652111 1.06292729 0.75290752 2.005599766161e-01 2.069955338929e+02 1.288569050821e+01 1.434816572802e+00 2.241306924227e-01
25 52 1 0.72864442 3.69538119 1.87652111 1.06292729 0.75290752 2.689181272478e-01 2.041485887685e+02 1.303340680359e+01 1.367346787990e+00 3.505896256112e-01
25 53 1 0.72864442 3.69538119 1.87652111 1.06292729 0.75290752 3.013892395757e-01 1.971810564539e+02 1.325982974472e+01 1.024955985460e+00 4.310317233646e-01
25 54 1 0.72864442 3.69538119 1.87652111 1.06292729 0.75290752 2.778625797754e-01 1.869953339028e+02 1.361908347098e+01 9.543912283155e-01 3.681968679796e-01
25 55 1 0.72864442 3.69538119 1.87652111 1.06292729 0.75290752 2.744155090781e-01 1.764251725693e+02 1.392670357802e+01 1.343062089306e+00 2.548486199535e-01
25 56 1 0.72864442 3.69538119 1.87652111 1.06292729 0.75290752 4.018154623644e-01 1.658182094532e+02 1.409391681997e+01 1.714207950861e+00 2.462020923419e-01
25 57 1 0.72864442 3.69538119 1.87652111 1.06292729 0.75290752 6.348464598040e-01 1.574615312870e+02 1.427456751203e+01 1.619211982081e+00 3.762196260678e-01
25 58 1 0.72864442 3.69538119 1.87652111 1.06292729 0.75290752 8.124340206676e-01 1.515060221815e+02 1.447783490534e+01 1.211787930883e+00 4.938656830595e-01
25 59 1 0.72864442 3.69538119 1.87652111 1.06292729 0.75290752 8.130153336541e-01 1.499724454784e+02 1.466037583487e+01 1.159307257658e+00 4.755973984781e-01
25 60 1 0.72864442 3.69538119 1.87652111 1.06292729 0.75290752 6.699527106677e-01 1.539323603174e+02 1.484804001757e+01 1.633183583490e+00 3.572666289825e-01
25 61 1 0.72864442 3.69538119 1.87652111 1.06292729 0.75290752 5.091178298032e-01 1.631055670059e+02 1.502418763153e+01 2.083725589436e+00 2.852683263475e-01
25 62 1 0.72864442 3.69538119 1.87652111 1.06292729 0.75290752 4.229247215337e-01 1.766064723296e+02 1.520946006104e+01 1.915054460444e+00 3.772143795872e-01
25 63 1 0.72864442 3.69538119 1.87652111 1.06292729 0.75290752 4.719709966371e-01 1.928656423877e+02 1.542217604284e+01 1.428826037968e+00 5.625031934532e-01
